	-30	-29	-28	-27	-26	-25	-24	-23	-22	-21	-20	-19	-18	-17	-16	-15	-14	-13	-12	-11	-10	-9	-8	-7	-6	-5	-4	-3	-2	-1	0	1	2
ALA_GCT	8946	8822	8767	9282	9004	8798	9041	8860	8696	8845	8588	8822	8677	8499	8830	8633	8655	8484	8717	8902	8950	9406	8553	8699	8947	8382	8540	9004	9489	7798	10078	6319	6409
ALA_GCC	3239	3420	3186	3270	3243	3086	3366	3281	3200	3184	3170	3229	3241	3154	3397	3233	3317	3298	3416	3514	3367	3594	3382	3423	3451	3364	3423	3855	4369	3380	3394	2264	2396
ALA_GCA	3684	3617	3523	3657	3616	3533	3743	3694	3512	3615	3674	3544	4095	3831	3493	3748	3777	3553	3834	3747	3630	3969	3568	3505	3972	3399	3366	3770	3951	2977	4056	2543	3190
ALA_GCG	482	485	496	449	474	435	460	406	476	430	461	466	677	579	489	458	404	436	520	453	431	500	418	426	464	462	419	472	501	420	505	333	323
ARG_CGT	1733	1749	1621	1748	1826	1640	1721	1708	1706	1801	1799	1693	1756	1828	1615	1877	1807	1642	1808	1849	1674	1699	1701	1705	1663	1918	1661	1679	1607	1509	1526	1471	893
ARG_CGG	189	224	189	201	183	185	223	225	224	229	235	194	353	280	211	196	226	190	230	232	200	218	204	205	217	265	202	220	199	238	223	115	123
ARG_CGC	163	146	152	162	166	157	159	149	143	185	158	160	237	212	130	168	160	151	155	161	145	141	140	156	140	186	189	149	184	148	145	132	114
ARG_CGA	960	848	744	903	830	719	912	843	849	895	857	811	1291	1159	823	1017	1055	838	1017	948	801	906	901	827	923	901	818	934	970	848	841	825	525
ARG_AGA	9182	9025	8878	9217	9074	8751	9321	8963	8911	9429	9176	8946	9470	8799	9288	9649	9144	9087	9661	9387	9084	9466	9808	9354	9562	9426	8723	8359	8959	8422	9148	12095	7924
ARG_AGG	632	606	563	679	625	584	680	589	501	622	628	667	675	651	644	644	693	573	742	668	647	652	667	683	685	618	554	568	686	618	657	525	446
ASN_AAT	10171	10211	9611	10244	9961	9595	10098	9915	9396	10070	10024	9519	9891	9809	9232	10527	10206	9637	9582	9677	9512	9628	9874	9846	10646	10152	9493	10210	9009	9772	11394	13824	9586
ASN_AAC	5076	5052	5048	5251	5258	5203	5141	4968	5198	5303	5097	5047	5416	5008	5104	5309	5255	5128	5214	5069	5153	5332	5189	5296	5409	5442	5254	5554	5070	5331	5948	6976	5383
ASP_GAT	14296	13611	13766	13958	13520	13651	13973	13593	14012	13827	13497	13565	14025	13756	13913	13729	13339	13587	13187	13591	14144	14422	14080	13939	13847	13288	13564	13489	13036	12811	14470	11847	18328
ASP_GAC	4476	4441	4555	4445	4372	4340	4301	4256	4379	4418	4288	4513	4612	4637	4441	4297	4206	4412	4477	4472	4597	4772	4655	4498	4234	4354	4255	4244	4424	4425	4557	3896	6324
CYS_TGT	1957	1879	1827	1831	1896	1868	1898	1789	1820	1966	1919	1819	2005	1892	1753	1845	1711	1828	1804	1794	1935	1804	1862	1824	1926	1868	1822	1796	1916	1832	1760	1675	1051
CYS_TGC	229	241	221	246	226	193	227	210	227	231	192	227	285	248	204	211	233	192	249	198	212	242	226	201	239	243	202	211	241	279	203	253	127
GLN_CAA	11389	11206	10949	11423	11288	10719	11487	11397	11066	11552	11547	10589	10807	11103	11164	11451	11100	11032	11471	11119	11282	11054	11378	11056	11466	12127	11768	12253	11335	10661	10287	12826	11238
GLN_CAG	1734	1724	1693	1700	1726	1568	1581	1688	1598	1667	1664	1734	1830	1783	1613	1672	1692	1671	1683	1767	1567	1632	1793	1781	1791	1903	1743	1852	1691	1611	1654	1684	1585
GLU_GAA	20197	20128	20471	20233	20155	20725	20608	20284	20726	20369	20019	21138	20323	19737	20681	19521	19146	20817	20266	20101	20848	20711	19899	20588	20457	19542	20314	18762	19364	19364	19914	17724	35983
GLU_GAG	3876	4007	3857	3838	3828	3951	3963	3973	3888	4051	3887	4003	3985	3902	3958	3771	4039	3796	3808	3776	3881	3944	3995	3906	4034	3655	3676	3434	3615	3398	3749	3151	6083
GLY_GGT	9281	8788	8932	9340	9056	9113	9188	9147	8966	9075	8973	9154	9232	8987	8897	9389	9679	9010	8871	9140	8674	9253	9305	9081	8607	8855	8660	8803	9627	8373	7525	7456	6239
GLY_GGC	927	900	849	954	917	845	983	939	829	1011	934	863	1079	992	913	867	879	861	893	919	860	921	906	874	923	967	886	926	1091	913	684	825	662
GLY_GGA	3443	3151	3059	3244	3239	3130	3241	3320	3022	3358	3254	3075	3658	3478	3229	3558	3529	3178	3415	3452	3214	3358	3373	3146	3303	3110	2937	3192	3571	2817	2327	3060	3041
GLY_GGG	1435	1484	1276	1388	1292	1351	1431	1452	1295	1465	1451	1292	1572	1512	1333	1409	1420	1404	1349	1444	1291	1495	1474	1422	1419	1375	1300	1379	1594	1421	918	897	1411
HIS_CAT	3436	3211	3204	3196	3220	3178	3255	3149	3062	3461	3398	3079	3316	3191	3045	3469	3356	3229	3275	3268	3090	3173	3209	3197	3345	3372	3218	3657	2984	3065	3182	3924	2584
HIS_CAC	1719	1645	1716	1763	1756	1684	1768	1768	1674	1807	1710	1627	1715	1719	1803	1766	1788	1628	1886	1906	1759	1843	1808	1688	1783	1922	1949	2066	1872	1928	1667	2030	1631
ILE_ATT	9218	9328	8996	9379	9323	9228	9411	9225	9334	9335	9368	8978	9329	9175	9390	9461	9239	9205	9238	9230	8721	9307	9003	8973	9884	9140	9245	9402	8946	9970	11343	9166	8308
ILE_ATC	3271	3229	3302	3423	3394	3338	3439	3433	3248	3440	3306	3361	3437	3305	3509	3641	3370	3336	3392	3606	3247	3523	3315	3305	3409	3374	3337	3490	3343	3741	3911	2904	3395
ILE_ATA	3067	3038	2806	3083	2956	2785	3002	2953	2750	3017	2929	2880	3138	3008	3063	3232	3063	2943	3090	2995	2851	2948	2914	2956	3038	2956	2876	2918	3058	3151	3536	3049	3249
LEU_TTA	8871	8790	8573	9002	8725	8777	8960	8765	8746	8958	8625	8646	8798	8702	8793	9059	8517	8632	8860	8603	8651	9165	8816	8606	8927	9081	8625	9127	9643	10034	8663	9275	7887
LEU_TTG	9678	9575	9432	9500	9301	9372	9739	9492	9504	9612	9171	9377	9290	9180	9290	9652	9337	9021	9306	8936	9669	9377	9205	9154	9492	9786	9408	9573	9543	9922	9397	8555	6386
LEU_CTT	1673	1555	1607	1748	1622	1677	1655	1717	1693	1709	1609	1576	1780	1689	1609	1681	1524	1636	1791	1732	1579	1574	1735	1631	1832	1878	1674	2003	1598	1827	1649	1919	1252
LEU_CTC	390	369	373	397	389	394	380	390	376	392	431	362	392	403	419	386	377	370	413	437	442	405	384	393	347	457	427	456	447	505	353	405	313
LEU_CTA	783	752	714	883	820	750	761	793	742	757	822	796	934	935	765	905	888	745	862	845	709	733	803	701	786	819	827	841	774	897	769	819	707
LYS_AAA	17365	17008	16941	17699	16946	17109	17636	16778	16730	17386	17272	16887	17769	17314	16746	17525	17358	16783	18011	16900	16844	16937	17448	17280	17996	17066	17340	16605	16333	16378	17497	21851	20027
LYS_AAG	7488	7522	7155	7392	7666	7387	7641	7437	7299	7639	7667	7311	7995	7886	7345	7880	7793	7427	8163	7543	7340	7514	7612	7720	7618	7832	6990	7009	6767	6930	7705	9092	7596
PHE_TTT	5569	5535	5144	5574	5465	5173	5503	5412	5384	5661	5519	5207	5006	5126	5226	5613	5456	5200	5382	5265	5137	5279	5503	4900	5110	5611	5091	5701	5547	5914	5229	6166	3985
PHE_TTC	3590	3466	3684	3704	3529	3539	3612	3527	3548	3669	3412	3489	3429	3427	3573	3664	3505	3569	3642	3578	3523	3720	3507	3489	3442	3565	3681	3820	3947	4430	3491	3764	3122
PRO_CCT	2875	2755	2651	2890	2798	2728	2931	2904	2583	2925	2988	2737	3031	2983	2681	3344	3265	2834	3436	3022	2809	2910	2751	2723	2913	2997	3116	3607	2926	3175	2709	3047	1996
PRO_CCC	732	663	667	686	643	632	705	697	604	669	638	711	695	748	683	765	724	713	804	775	698	757	714	711	713	750	705	1085	868	907	846	662	480
PRO_CCA	7583	7365	7504	7562	7497	7562	7644	7618	7626	7632	7481	7449	8045	8079	7409	8737	8288	8286	9164	8221	7864	8298	7601	7864	8298	7961	8615	9806	8020	7829	6746	7083	5923
PRO_CCG	616	621	505	556	549	529	541	578	540	584	527	542	647	651	586	604	607	548	627	586	546	637	527	551	622	596	581	724	512	660	580	600	306
SER_TCT	5617	5371	5615	5604	5376	5776	5567	5478	5517	5559	5681	5513	5447	5523	5422	5262	5373	5584	5578	5494	5301	5647	5226	5152	5473	5351	5609	5966	5607	6046	5361	6073	3766
SER_TCC	2188	2118	2276	2235	2182	2222	2147	2104	2173	2395	2167	2231	2142	2203	2290	2159	2210	2227	2292	2251	2282	2271	2221	2264	2157	2227	2401	2547	2628	2704	2465	2020	1531
SER_TCA	5658	5519	5381	5721	5562	5313	5715	5895	5425	5700	5577	5648	5618	5530	5463	5304	5441	5492	5719	5492	5379	5917	5454	5257	5765	5689	5608	5915	6069	5504	5272	5706	4509
SER_TCG	1242	1239	1300	1352	1268	1123	1296	1336	1297	1244	1343	1212	1338	1386	1217	1307	1250	1212	1340	1284	1287	1296	1242	1202	1380	1201	1320	1383	1336	1159	1198	1314	805
SER_AGT	4048	3923	3608	3924	4050	3531	4034	3880	3835	3980	3902	3928	4046	3929	3778	3852	3916	3554	3948	4057	3833	4012	4312	3986	3993	4043	3827	3709	3652	3623	3829	4841	2475
SER_AGC	989	1116	1013	1064	1049	1043	1144	1037	1074	1119	1137	1055	1023	1070	1035	1015	1145	1064	988	974	1025	1090	980	988	956	1021	1000	959	1010	1094	871	1425	748
SER_CTG	669	638	602	708	694	636	686	710	648	700	639	663	793	743	617	673	665	644	707	682	713	681	696	686	692	719	695	740	620	639	833	610	454
THR_ACT	7349	6966	7194	7240	7073	7210	7229	7026	7108	7279	7207	6993	6919	6822	6902	7193	6942	6793	7352	7055	7048	7139	7095	7156	7487	7045	7096	7585	6846	6818	8834	7317	6378
THR_ACC	3446	3355	3356	3201	3293	3387	3423	3413	3545	3456	3452	3466	3175	3205	3485	3510	3479	3581	3776	3631	3541	3725	3419	3535	3699	3522	3722	3975	4125	3710	4147	2938	3345
THR_ACA	3553	3555	3268	3429	3487	3408	3539	3523	3367	3665	3653	3451	3670	3715	3422	3442	3465	3361	3714	3513	3321	3720	3444	3375	3790	3387	3634	3634	3652	3380	4569	3531	3545
THR_ACG	733	719	712	735	710	642	750	778	724	712	734	737	756	690	653	729	689	653	776	718	726	763	742	742	770	647	730	741	665	698	899	766	521
TRP_TGG	2287	2200	2039	2167	2070	2015	2064	2064	2090	2172	2078	2129	2289	2224	2013	2120	2030	2135	2232	2095	2117	2172	2232	2127	2243	2207	2047	2141	2122	2592	2122	1434	1750
TYR_TAT	4863	4956	4730	4916	4867	4712	4987	4762	4686	4979	4856	4657	4937	4845	4491	4860	4936	4841	4832	4835	4657	4796	4766	4626	4857	5019	4556	5162	4794	5134	4953	6054	3993
TYR_TAC	2952	2769	2961	2932	2825	2731	2890	2860	2714	2953	2841	2763	2899	2741	2640	2790	2823	2976	2782	3030	3027	2897	2829	2676	2772	3054	2903	3147	3150	3346	2631	3826	2558
VAL_GTT	8641	8285	8549	8808	8582	8415	8596	8425	8333	8691	8371	8421	8290	8282	8624	8411	8276	8593	8267	8213	8156	8660	8408	8356	8477	7968	8136	8471	8169	8217	8621	5739	10181
VAL_GTC	2544	2650	2874	2787	2604	2766	2735	2619	2741	2606	2670	2702	2624	2669	2722	2783	2670	2817	2531	2736	2863	2864	2798	2642	2656	2580	2894	2823	2795	2756	2766	1717	3621
VAL_GTA	2001	2017	1894	1928	1917	1996	1999	2023	1916	1972	1986	2019	2015	2023	1905	2052	1995	1868	1965	1890	1888	2071	1901	1915	1993	1905	1779	1807	1909	1814	1977	1323	2416
VAL_GTG	2259	2168	2136	2177	2266	2083	2281	2280	2159	2275	2332	2046	2394	2276	2114	2334	2154	2078	2233	2204	2214	2347	2259	2175	2303	2020	2054	2156	2201	1859	2413	1383	1756
TERM_TAA	231	228	217	186	174	224	181	186	208	180	186	198	396	350	179	185	172	145	130	147	183	141	125	142	130	117	127	118	141	122	97	133	126
TERM_TGA	41	32	24	32	32	29	31	35	28	31	49	33	85	110	37	35	28	34	27	23	37	22	41	33	22	28	27	26	23	14	22	14	15
TERM_TAG	92	61	57	74	40	63	56	56	62	49	72	58	104	140	84	72	58	57	40	41	52	37	36	40	34	38	44	26	28	36	27	44	74
MET_ATG	3873	3923	3709	3965	3844	3840	3957	3967	3803	4055	3810	3861	3827	3865	3869	4090	3826	3909	4022	3736	3709	3837	3809	3814	4081	3712	3780	3818	3575	3832	4948	3836	2964
