	-27	-26	-25	-24	-23	-22	-21	-20	-19	-18	-17	-16	-15	-14	-13	-12	-11	-10	-9	-8	-7	-6	-5	-4	-3	-2	-1	0	1	2	3	4	5
MET-TRP (MW)	33	34	37	44	39	30	20	29	28	31	31	33	37	54	36	32	24	29	37	29	33	41	27	28	37	40	38	53	26	26	38	37	16
TRP-CYS (WC)	43	29	29	39	31	36	28	28	38	37	38	35	31	53	34	51	46	35	43	30	33	49	28	31	33	34	31	36	23	15	25	28	12
PRO-GLY (PG)	527	482	501	561	483	538	475	460	471	595	527	515	795	813	565	718	612	557	590	548	521	565	577	619	708	612	584	466	607	393	418	382	380
GLY-TRP (GW)	136	152	150	140	138	108	124	117	133	156	163	150	146	191	129	136	145	130	126	126	128	142	127	128	139	151	142	90	109	149	138	74	89
HIS-MET (HM)	47	77	54	99	71	67	102	57	43	78	80	65	70	93	46	80	74	46	74	71	49	65	73	61	81	57	78	53	59	38	98	66	54
PRO-ASP (PD)	555	603	584	548	558	554	593	535	630	585	631	565	855	794	681	776	640	604	586	598	569	670	619	719	777	663	620	518	520	349	606	434	629
GLY-CYS (GC)	157	139	145	152	135	157	157	147	139	149	138	147	168	179	139	149	146	129	142	142	160	149	131	115	155	173	128	105	141	99	115	99	77
PRO-TRP (PW)	90	93	91	105	87	97	70	90	93	80	99	98	100	115	100	120	76	85	109	93	118	89	89	89	92	99	81	94	84	89	81	45	62
ALA-CYS (AC)	125	141	115	122	137	113	129	124	133	138	129	139	125	148	120	107	97	125	93	123	135	102	119	107	122	133	97	106	90	114	93	111	76
GLY-GLY (GG)	1415	1341	1307	1432	1395	1285	1335	1394	1330	1324	1441	1298	1536	1629	1356	1410	1538	1273	1270	1492	1252	1244	1343	1202	1237	1545	1181	924	1232	1047	763	904	1150
MET-GLN (MQ)	160	174	142	182	173	154	161	176	138	159	157	160	184	203	192	158	176	143	165	130	173	156	134	155	134	188	155	205	200	132	107	212	166
VAL-CYS (VC)	128	144	129	116	105	128	105	116	154	124	128	150	124	147	131	96	124	122	123	118	129	112	111	118	130	158	111	97	83	150	78	125	66
PHE-GLN (FQ)	431	358	368	393	345	333	399	365	334	352	318	405	404	441	358	389	348	345	379	380	359	345	366	380	392	494	491	364	367	229	269	381	372
GLY-MET (GM)	226	232	208	202	205	216	239	222	218	261	204	203	203	236	214	216	217	206	227	210	194	187	165	163	186	195	169	144	160	150	200	156	133
MET-TYR (MY)	105	112	115	114	125	111	108	108	90	130	92	105	119	127	93	105	95	96	91	150	96	93	98	102	90	93	91	113	106	93	75	282	65
ASP-PRO (DP)	517	518	543	575	535	526	588	557	536	572	603	556	620	679	586	618	635	597	696	683	503	573	541	556	580	665	620	803	534	737	537	478	358
GLY-ASP (GD)	890	892	938	856	877	850	854	881	936	949	861	876	988	1014	945	868	909	899	871	887	965	935	854	981	847	956	788	640	692	676	709	630	997
ARG-MET (RM)	178	174	191	215	231	190	208	185	223	239	205	240	213	233	198	210	201	194	186	211	216	201	218	157	202	168	173	149	209	135	306	184	158
VAL-TRP (VW)	166	137	152	144	128	114	122	145	154	154	140	136	148	149	140	103	126	115	119	123	153	123	138	112	122	142	105	123	88	161	99	65	81
ILE-TRP (IW)	155	144	129	150	116	127	132	119	112	133	133	122	143	160	133	127	143	103	165	165	106	152	155	151	159	178	136	157	136	147	146	108	113
TRP-HIS (WH)	26	22	20	26	35	26	28	19	26	32	32	30	27	29	19	27	27	20	27	23	16	24	26	23	29	16	37	29	13	34	17	20	21
GLY-ARG (GR)	866	834	772	853	830	816	857	791	811	940	846	795	980	904	784	793	825	804	904	788	781	784	831	754	878	869	719	464	516	585	572	654	603
GLY-ALA (GA)	978	894	875	886	932	867	828	876	830	932	935	932	940	993	877	821	894	832	878	932	860	916	924	815	866	930	875	736	843	733	741	578	644
ARG-SER (RS)	836	785	714	841	745	775	808	808	813	850	757	836	786	884	736	817	811	726	739	807	796	814	754	689	760	719	669	716	907	545	899	669	514
GLY-ILE (GI)	852	848	860	917	893	777	951	811	881	849	885	867	862	959	925	923	872	879	917	950	869	854	842	793	822	861	823	658	680	650	788	575	714
HIS-CYS (HC)	63	64	47	50	54	44	76	65	51	64	49	54	86	65	59	60	66	51	55	49	53	43	48	58	94	63	56	52	77	47	52	34	38
ASN-ARG (NR)	625	554	611	556	546	520	598	562	604	645	603	559	709	683	639	561	547	563	694	581	571	590	636	602	606	564	577	634	796	552	615	703	451
HIS-ARG (HR)	259	247	249	291	248	255	313	275	255	281	278	291	303	325	272	307	268	320	291	330	267	262	354	317	337	281	264	259	330	244	310	323	251
PRO-GLU (PE)	976	925	967	953	1030	939	967	984	957	955	955	986	1145	1127	1107	1144	1019	1020	985	936	1052	1054	1053	1109	1264	1050	1053	761	840	528	836	739	1382
PRO-PRO (PP)	826	783	851	814	846	814	850	842	821	904	869	866	1054	996	816	1243	1040	871	1007	873	803	925	784	927	1076	766	981	962	802	757	744	847	711
PRO-CYS (PC)	60	53	33	43	57	33	43	46	62	75	47	48	67	56	43	53	48	34	28	43	58	53	64	74	67	53	69	42	46	40	28	42	31
TYR-ARG (YR)	312	281	254	293	351	304	323	323	310	316	301	311	383	376	350	370	348	343	336	374	274	375	366	330	359	370	373	324	466	305	350	378	303
TRP-GLY (WG)	133	116	104	98	113	94	139	128	124	131	139	144	131	139	138	159	144	126	125	133	120	146	135	104	129	151	147	108	93	79	184	88	84
CYS-PHE (CF)	89	87	92	92	91	106	103	101	118	121	85	104	91	110	81	96	124	112	104	93	97	84	121	112	78	98	124	81	114	78	142	79	75
GLY-SER (GS)	1118	1153	1078	1139	1117	1044	1135	1178	1127	1199	1161	1047	1117	1174	1110	1060	1080	968	1170	1149	1013	1059	1046	1001	1072	1275	1031	961	948	878	904	818	741
TRP-TRP (WW)	50	51	40	45	35	36	42	38	41	45	50	36	48	46	39	53	36	31	29	45	30	55	51	34	50	46	82	47	24	31	50	22	17
ASN-TRP (NW)	155	166	144	146	158	124	145	133	140	145	130	141	152	165	136	165	118	141	163	163	143	156	189	140	152	153	131	176	153	187	151	114	166
HIS-LYS (HK)	338	342	319	352	345	327	401	365	371	324	315	339	387	397	331	404	374	332	374	380	327	353	394	376	391	332	353	300	381	265	379	397	524
PHE-CYS (FC)	91	78	68	79	100	76	108	106	84	115	96	93	105	97	73	97	77	70	73	79	86	118	114	88	86	95	94	76	101	82	87	77	44
PHE-PRO (FP)	379	351	336	342	357	410	383	389	328	327	408	401	385	429	392	383	388	416	464	413	353	332	383	402	432	419	517	495	467	428	371	326	281
CYS-ILE (CI)	158	163	152	153	140	143	181	132	131	190	169	137	165	165	153	157	117	147	171	141	151	184	171	135	141	132	138	139	113	85	285	114	113
LYS-TRP (KW)	227	175	186	181	173	187	167	166	176	181	178	170	176	202	141	178	171	155	198	180	170	165	184	231	167	172	165	198	246	278	203	144	194
MET-GLY (MG)	301	284	261	288	297	242	259	246	287	280	236	263	291	294	255	290	279	295	267	258	259	267	260	252	250	203	267	357	301	174	174	435	191
HIS-THR (HT)	221	213	218	248	213	196	233	192	244	238	191	187	236	242	198	232	214	203	246	199	213	274	240	251	251	198	220	218	248	175	241	191	217
HIS-TYR (HY)	172	159	145	144	172	160	192	159	143	173	176	168	159	177	129	168	142	149	156	148	187	178	137	140	190	158	134	180	191	158	177	200	131
ALA-SER (AS)	1199	1264	1178	1185	1227	1185	1177	1198	1316	1285	1253	1286	1218	1302	1196	1223	1261	1317	1244	1131	1250	1329	1277	1102	1345	1457	1030	1290	817	968	1046	1077	766
LYS-LYS (KK)	3229	3219	3072	3169	3104	3101	3222	3123	2917	3387	3306	3159	3440	3569	3079	3459	3299	2997	3241	3261	3276	3184	3427	3117	3087	2877	2920	3012	3562	3347	3420	5218	3223
ASN-MET (NM)	215	201	227	188	201	194	203	231	217	233	167	181	188	231	204	211	177	235	205	194	224	207	228	199	202	181	216	227	244	236	360	208	163
TYR-ALA (YA)	471	464	451	514	472	426	460	457	388	474	445	470	440	506	481	449	497	435	480	466	414	512	465	455	526	465	523	451	670	381	536	307	384
ARG-ASP (RD)	720	741	697	658	671	690	729	723	734	777	688	759	715	791	680	802	660	721	692	771	726	767	729	635	655	699	627	733	777	550	1169	605	897
