	F0	F1	F2
0	31	36	32
1	1	0	0
2	71	66	67
3	116	132	118
4	26	35	35
5	26	23	31
6	10	8	5
7	13	23	22
8	24	37	23
9	6	5	11
10	33	40	27
11	83	84	69
12	53	39	40
13	777	818	907
14	3	4	4
15	489	517	441
16	0	0	0
17	0	1	0
18	72	74	59
19	28	29	33
20	18	19	18
21	2	1	8
22	0	0	0
23	1	3	3
24	5	3	6
25	12	10	12
26	8	11	8
27	148	161	152
28	4	9	6
29	6	4	3
30	0	1	0
31	20	36	29
32	34	33	34
33	44	38	57
34	3	5	3
35	5	7	9
36	7	11	6
37	110	111	129
38	9	13	8
39	8	13	8
40	5	4	5
41	154	189	189
42	2	2	3
43	43	63	52
44	2	4	11
45	16	13	14
46	6	10	6
47	32	18	13
48	5	4	6
49	91	90	92
50	56	77	45
51	2	2	0
52	147	112	165
53	23	29	34
54	24	21	24
55	7	8	7
56	3	2	0
57	161	163	177
58	89	103	83
59	13	17	4
60	3	4	4
61	0	3	1
62	4	10	8
63	26	12	10
64	15	16	16
65	19	19	24
66	21	11	15
67	209	177	180
68	4	5	7
69	0	2	2
70	0	0	1
71	12	12	12
72	76	96	102
73	7	8	3
74	7	6	10
75	2	2	2
76	74	60	58
77	0	0	0
78	1	4	1
79	34	26	35
80	3	8	2
81	11	8	10
82	45	42	33
83	10	11	10
84	26	20	21
85	233	261	242
86	7	11	3
87	49	43	42
88	161	160	135
89	0	3	1
90	4	7	3
91	74	48	56
92	20	23	16
93	39	32	43
94	53	41	63
95	6	4	8
96	10	7	11
97	51	73	57
98	51	48	30
99	17	12	9
100	4	8	8
101	178	173	130
102	77	60	73
103	65	59	37
104	9	6	5
105	21	21	20
106	37	30	25
107	14	3	4
108	0	2	0
109	9	10	3
110	2	3	4
111	12	8	9
112	0	1	1
113	6	1	2
114	17	40	27
115	0	2	0
116	5	9	6
117	0	1	0
118	8	6	12
119	15	15	23
120	176	161	157
121	7	5	9
122	2	6	2
123	431	366	419
124	42	43	49
125	134	115	130
126	5	9	15
127	21	24	34
128	6	8	7
129	19	24	25
130	0	0	0
131	27	25	14
132	14	8	5
133	29	34	25
134	211	248	187
135	45	39	40
136	1	0	0
137	4	8	10
138	132	133	110
139	6	13	5
140	19	22	12
141	185	170	146
142	10	14	8
143	21	28	15
144	294	276	226
145	70	57	49
146	0	0	1
147	0	0	0
148	2	7	8
149	314	283	220
150	15	11	11
151	26	19	17
152	13	21	22
153	47	46	49
154	168	160	154
155	46	38	30
156	8	5	2
157	1	3	1
158	7	6	7
159	2	2	2
160	9	12	6
161	185	182	146
162	46	57	105
163	2	1	1
164	13	10	16
165	1	0	1
166	2	1	2
167	16	26	17
168	59	58	51
169	26	48	51
170	8	2	5
171	19	20	14
172	18	13	13
173	52	41	43
174	218	192	211
175	0	0	1
176	12	28	19
177	3	8	2
178	0	0	0
179	5	5	6
180	0	0	0
181	2	2	5
182	6	6	6
183	2	7	2
184	0	3	0
185	16	19	19
186	20	14	38
187	22	13	20
188	0	0	0
189	5	7	4
190	8	11	12
191	4	4	1
192	0	1	1
193	113	98	136
194	3	7	4
195	5	1	2
196	2	2	1
197	0	0	0
198	3	5	5
199	18	29	27
200	0	0	0
201	100	91	92
202	0	1	3
203	118	107	97
204	74	71	74
205	8	9	5
206	16	15	13
207	0	0	0
208	29	16	17
209	9	8	12
210	9	6	7
211	4	1	2
212	10	11	6
213	98	63	97
214	114	106	88
215	4	1	0
216	50	36	37
217	0	0	1
218	16	26	24
219	32	34	21
220	11	19	14
221	357	338	381
222	80	64	64
223	16	9	9
224	42	53	45
225	513	457	453
226	6	11	8
227	60	40	61
228	19	22	16
229	12	2	7
230	11	10	15
231	0	0	0
232	24	29	26
233	0	0	0
234	0	0	0
235	26	42	27
236	21	34	22
237	50	46	52
238	8	13	14
239	5	4	5
240	18	13	21
241	17	19	17
242	10	12	9
243	0	0	0
244	3	0	3
245	0	0	0
246	1	0	0
247	44	54	60
248	15	11	10
249	0	0	1
250	11	13	5
251	30	44	38
252	34	19	19
253	7	11	9
254	22	23	12
255	82	85	92
256	0	1	0
257	30	25	14
258	37	64	50
259	24	31	19
260	5	6	4
261	16	11	14
262	27	53	41
263	6	5	3
264	42	26	40
265	8	14	10
266	15	25	19
267	37	50	31
268	10	12	39
269	3	8	6
270	4	2	6
271	1	0	0
272	18	17	19
273	3	6	12
274	6	9	6
275	0	0	1
276	4	4	1
277	128	117	128
278	538	515	509
279	205	207	204
280	2	3	6
281	14	21	16
282	111	117	112
283	70	63	64
284	34	28	31
285	205	248	268
286	78	50	69
287	73	63	98
288	30	22	25
289	84	79	78
290	0	1	2
291	2	2	5
292	23	18	23
293	1	3	1
294	3	4	3
295	202	207	183
296	11	13	9
297	89	111	77
298	105	123	151
299	41	38	44
300	5	5	7
301	29	23	12
302	15	10	11
303	1	1	1
304	64	72	55
305	78	65	48
306	27	25	23
307	12	12	12
308	2	1	3
309	7	2	2
310	38	14	20
311	127	127	102
312	227	271	244
313	974	1091	1110
314	20	35	22
315	8	10	3
316	9	5	9
317	52	77	48
318	6	7	3
319	10	7	10
320	30	25	31
321	19	15	12
322	0	0	0
323	22	19	14
324	5	7	4
325	27	16	20
326	7	4	11
327	143	118	92
328	7	8	8
329	2	1	0
330	18	9	18
331	12	23	22
332	0	0	0
333	3	4	1
334	1	1	1
335	35	32	32
336	16	18	24
337	22	14	18
338	27	44	40
339	1	0	0
340	7	10	5
341	23	38	37
342	9	11	11
343	136	124	93
344	11	10	16
345	13	11	9
346	11	15	10
347	1	1	0
348	28	41	33
349	31	34	33
350	48	47	31
351	1808	1731	2106
352	21	11	16
353	1	2	2
354	2	1	2
355	15	11	14
356	17	13	11
357	89	75	83
358	5	0	4
359	0	0	0
360	0	0	0
361	1	0	5
362	123	125	84
363	2	7	5
364	28	33	39
365	72	33	55
366	0	1	1
367	67	52	49
368	1	3	1
369	6	10	7
370	12	10	15
371	1	1	1
372	2	2	3
373	5	1	9
374	203	213	230
375	0	0	0
376	1	0	1
377	1	5	2
378	0	2	4
379	59	38	37
380	38	31	40
381	2	1	0
382	110	148	123
383	307	293	280
384	0	3	0
385	2	1	0
386	8	9	13
387	72	74	90
388	92	119	90
389	6	9	7
390	122	107	96
391	146	149	202
392	2	3	3
393	62	64	54
394	65	60	87
395	95	119	84
396	0	0	0
397	8	7	6
398	155	117	132
399	538	599	698
400	2	1	0
401	7	5	5
402	143	152	94
403	4	5	1
404	15	23	12
405	16	25	27
406	12	9	6
407	10	6	9
408	488	449	363
409	107	91	97
410	13	12	14
411	101	76	64
412	1	2	2
413	0	0	0
414	11	13	12
415	0	1	1
416	1	4	4
417	15	13	14
418	39	42	45
419	3	2	3
420	4	5	5
421	17	17	11
422	16	17	20
423	13	11	11
424	1	0	1
425	2	2	4
426	4	8	1
427	12	11	17
428	2	7	2
429	41	49	58
430	163	156	174
431	399	448	418
432	22	20	14
433	17	15	18
434	1	2	0
435	12	17	9
436	41	29	19
437	29	46	43
438	0	0	0
439	5	4	6
440	7	13	11
441	1	5	1
442	39	47	34
443	1	0	0
444	0	0	2
445	20	11	17
446	59	70	59
447	83	82	55
448	18	19	20
449	0	0	0
450	36	33	19
451	5	3	2
452	63	63	59
453	2	8	4
454	34	52	43
455	0	0	1
456	20	16	22
457	155	145	143
458	7	4	4
459	7	5	2
460	0	0	1
461	0	0	0
462	83	71	84
463	44	33	36
464	934	873	999
465	21	17	11
466	35	42	52
467	158	149	134
468	1	4	2
469	3	5	4
470	1	7	9
471	136	104	105
472	211	243	190
473	14	15	8
474	0	0	1
475	7	10	12
476	4	1	2
477	34	22	27
478	11	7	10
479	1	2	2
480	0	0	0
481	2	1	0
482	24	34	22
483	5	3	2
484	5	3	9
485	22	26	15
486	52	46	51
487	4	1	1
488	11	34	13
489	46	48	56
490	1	2	0
491	14	13	7
492	60	45	58
493	3	0	2
494	87	93	105
495	42	40	49
496	3	3	1
497	3	2	1
498	16	16	24
499	1	1	0
500	35	22	28
501	9	10	2
502	23	20	32
503	31	26	17
504	15	10	10
505	8	7	9
506	6	4	3
507	145	133	92
508	1	0	0
509	0	0	0
510	26	16	18
511	5	6	4
512	4	4	1
513	15	11	21
514	129	110	122
515	10	11	10
516	2	0	4
517	19	13	16
518	17	18	8
519	8	2	10
520	7	2	9
521	17	19	16
522	0	0	0
523	104	73	109
524	74	76	58
525	8	10	9
526	40	51	40
527	10	9	6
528	4	2	5
529	0	0	0
530	0	0	0
531	1	0	0
532	117	112	115
533	8	5	8
534	75	79	79
535	0	1	2
536	4	4	6
537	35	35	30
538	5	3	8
539	4	9	5
540	8	5	5
541	5	3	2
542	0	0	0
543	1	1	1
544	38	36	57
545	1	4	0
546	3	2	3
547	12	10	19
548	3	1	0
549	35	33	29
550	18	25	24
551	4	3	2
552	38	38	31
553	169	146	151
554	8	9	10
555	14	17	11
556	0	0	0
557	13	17	8
558	6	3	6
559	0	0	0
560	21	21	14
561	13	5	8
562	9	3	5
563	12	14	5
564	5	14	11
565	101	99	114
566	10	8	17
567	9	17	12
568	23	23	27
569	411	365	404
570	16	13	7
571	1	2	0
572	53	81	84
573	0	0	0
574	0	0	0
575	51	75	69
576	3	1	0
577	21	6	6
578	4	5	2
579	0	0	0
580	24	16	11
581	26	20	19
582	0	0	0
583	11	6	11
584	3	3	3
585	75	78	62
586	1	6	1
587	62	40	51
588	11	13	10
589	0	0	0
590	2	4	1
591	4	2	2
592	27	34	26
593	58	41	36
594	48	41	30
595	0	0	0
596	24	26	28
597	929	723	893
598	110	94	131
599	105	85	91
600	14	15	11
601	6	7	7
602	3	3	1
603	31	24	23
604	355	340	319
605	28	28	25
606	130	162	147
607	12	9	13
608	0	1	0
609	1529	1451	1447
610	59	46	67
611	95	125	96
612	0	0	0
613	0	0	1
614	21	25	28
615	6	2	2
616	6	6	8
617	8	8	12
618	28	27	24
619	12	14	14
620	13	10	12
621	11	9	9
622	4	5	6
623	10	8	7
624	16	17	8
625	59	69	62
626	0	2	2
627	32	37	29
628	16	16	15
629	7	13	7
630	17	18	21
631	11	2	20
632	29	43	64
633	0	2	1
634	30	30	28
635	0	0	0
636	1	0	2
637	0	0	0
638	306	341	330
639	31	36	24
640	65	62	49
641	8	6	7
642	141	128	117
643	6	9	6
644	239	198	187
645	4	4	2
646	6	7	7
647	29	39	30
648	15	18	10
649	31	30	33
650	1	0	4
651	0	0	0
652	28	28	23
653	2	0	2
654	76	107	79
655	0	0	0
656	44	37	36
657	4	3	10
658	254	226	198
659	52	46	36
660	99	90	69
661	80	86	84
662	3	2	2
663	0	0	0
664	13	9	10
665	11	11	6
666	28	24	18
667	15	13	28
668	39	27	24
669	6	2	4
670	2	6	2
671	30	31	22
672	9	3	4
673	24	20	20
674	23	19	17
675	0	2	3
676	3	0	0
677	134	126	162
678	1	1	0
679	40	41	22
680	19	12	17
681	68	51	55
682	10	9	8
683	102	81	116
684	11	7	13
685	2	4	2
686	0	0	0
687	27	41	29
688	2	4	2
689	28	30	32
690	0	0	0
691	16	16	12
692	325	310	359
693	6	9	7
694	29	23	26
695	0	0	0
696	42	45	46
697	2	3	0
698	3	9	5
699	12	10	9
700	0	0	0
701	26	25	28
702	15	14	16
703	7	3	0
704	0	0	0
705	17	14	13
706	8	8	12
707	0	0	1
708	17	7	16
709	0	0	0
710	10	16	15
711	23	11	25
712	10	19	9
713	91	88	87
714	87	103	77
715	90	103	96
716	13	11	6
717	12	10	11
718	3	0	3
719	5	2	7
720	10	5	5
721	5	4	4
722	2	1	0
723	163	142	132
724	17	21	24
725	71	60	81
726	12	8	6
727	28	30	18
728	46	44	50
729	6	5	2
730	56	40	45
731	48	48	34
732	99	97	61
733	3	2	3
734	0	2	0
735	92	111	78
736	13	16	20
737	47	36	59
738	9	10	6
739	0	0	0
740	167	131	123
741	3	4	5
742	6	7	6
743	26	23	51
744	455	441	445
745	28	18	24
746	139	123	154
747	65	65	45
748	7	6	6
749	7	1	4
750	1	1	0
751	64	52	56
752	15	19	16
753	124	107	119
754	8	5	2
755	1	3	2
756	161	154	164
757	44	47	58
758	4	2	3
759	3	2	1
760	10	5	10
761	66	91	70
762	332	347	251
763	66	59	61
764	28	22	15
765	74	77	90
766	1	1	4
767	1	4	3
768	1	0	2
769	123	156	124
770	26	27	18
771	578	599	693
772	8	9	14
773	28	32	25
774	15	10	11
775	42	51	35
776	12	16	13
777	2	2	1
778	17	23	13
779	17	15	18
780	38	23	24
781	4	4	6
782	18	16	15
783	171	186	194
784	10	11	13
785	7	8	10
786	0	0	0
787	16	17	11
788	72	55	106
789	40	29	35
790	4	5	4
791	17	11	14
792	40	43	38
793	169	144	138
794	17	20	30
795	3	4	3
796	7	18	14
797	8	5	2
798	4	3	2
799	7	3	3
800	24	26	27
801	17	26	20
802	8	3	8
803	406	407	320
804	42	47	44
805	15	14	27
806	62	50	56
807	1	1	2
808	22	19	9
809	1	1	2
810	14	8	17
811	4	1	5
812	17	23	19
813	100	131	98
814	1	1	3
815	0	0	0
816	1	0	0
817	5	7	3
818	8	10	9
819	182	188	178
820	21	18	21
821	1	2	1
822	5	8	3
823	3	6	7
824	70	70	90
825	17	4	5
826	13	13	9
827	62	44	51
828	19	23	31
829	54	40	35
830	10	6	2
831	54	59	48
832	12	5	12
833	39	46	44
834	48	44	37
835	4	3	3
836	14	12	15
837	110	114	118
838	92	92	54
839	15	21	7
840	13	9	8
841	2	6	7
842	6	11	7
843	4	9	6
844	0	0	0
845	1	1	0
846	88	88	89
847	4	12	9
848	24	17	14
849	0	1	1
850	26	24	15
851	6	0	5
852	5	6	4
853	1	0	1
854	4	8	9
855	9	11	7
856	0	2	3
857	49	41	66
858	15	7	9
859	0	0	0
860	0	1	3
861	7	11	10
862	10	15	12
863	3	3	5
864	47	35	36
865	62	50	52
866	63	58	39
867	9	3	5
868	9	11	6
869	0	0	0
870	0	0	0
871	18	17	25
872	2	2	3
873	59	50	42
874	48	80	60
875	10	14	11
876	3	0	1
877	117	140	154
878	0	0	0
879	26	29	29
880	3	5	5
881	1	0	3
882	37	30	28
883	2	5	1
884	9	8	7
885	0	0	0
886	0	0	0
887	1	1	0
888	6	8	5
889	10	4	6
890	108	104	99
891	87	80	95
892	1	4	3
893	30	26	27
894	0	1	3
895	36	32	37
896	9	1	3
897	0	0	0
898	61	85	52
899	24	29	21
900	11	12	10
901	0	0	0
902	0	6	1
903	7	7	5
904	0	1	1
905	8	11	7
906	15	22	19
907	6	12	11
908	25	22	23
909	0	1	0
910	43	53	50
911	3	5	8
912	17	24	26
913	47	34	41
914	17	20	15
915	4	2	2
916	0	0	0
917	7	8	4
918	28	16	14
919	0	0	0
920	0	0	0
921	3	7	0
922	13	8	12
923	32	29	19
924	1	5	4
925	23	23	10
926	16	13	9
927	55	47	35
928	66	61	51
929	79	69	64
930	16	13	24
931	0	0	0
932	0	0	0
933	20	28	20
934	23	20	19
935	91	70	94
936	19	15	19
937	0	3	3
938	59	72	52
939	8	3	0
940	0	0	0
941	71	63	65
942	0	0	0
943	3	1	1
944	18	19	18
945	22	21	16
946	177	145	150
947	32	32	35
948	68	68	46
949	0	1	0
950	8	9	5
951	403	368	346
952	8	12	16
953	6	5	11
954	0	0	0
955	16	14	10
956	1	1	2
957	0	1	0
958	2	7	4
959	0	1	2
960	90	108	135
961	64	51	38
962	60	58	46
963	230	202	245
964	10	12	6
965	2	1	0
966	18	12	12
967	0	0	0
968	140	140	124
969	42	52	32
970	12	9	6
971	15	22	20
972	181	162	165
973	22	22	16
974	2	1	0
975	0	0	0
976	3	1	0
977	11	7	19
978	57	72	57
979	0	1	0
980	0	0	1
981	0	0	0
982	2	3	1
983	26	27	37
984	971	836	789
985	10	15	8
986	25	34	46
987	107	67	61
988	11	18	16
989	516	510	484
990	129	138	143
991	9	4	11
992	8	4	7
993	0	2	0
994	24	23	36
995	6	4	7
996	7	8	7
997	13	5	7
998	10	12	10
999	2	4	1
1000	4	7	2
1001	127	149	150
1002	11	10	12
1003	0	0	0
1004	16	12	15
1005	6	8	8
1006	68	49	59
1007	0	0	0
1008	11	13	16
1009	159	142	149
1010	25	24	18
1011	4	13	5
1012	31	35	26
1013	3	6	9
1014	4	3	7
1015	13	21	27
1016	308	288	246
1017	16	18	13
1018	347	362	338
1019	0	0	0
1020	13	19	6
1021	197	192	182
1022	5	10	6
1023	0	0	0
1024	44	54	35
1025	70	69	67
1026	1	2	2
1027	177	220	190
1028	29	33	25
1029	8	11	10
1030	13	10	6
1031	5	3	5
1032	15	18	21
1033	44	31	40
1034	4	3	1
1035	3	2	2
1036	6	3	8
1037	9	6	11
1038	6	15	13
1039	11	10	9
1040	82	83	93
1041	39	41	42
1042	86	69	68
1043	5	2	0
1044	9	7	13
1045	4	4	8
1046	0	1	0
1047	2	3	2
1048	10	12	13
1049	0	0	0
1050	13	20	13
1051	34	42	25
1052	2	1	0
1053	28	18	22
1054	0	1	0
1055	51	55	78
1056	168	134	90
1057	15	28	21
1058	26	28	26
1059	0	0	0
1060	519	450	388
1061	12	5	4
1062	1055	1088	881
1063	30	35	26
1064	193	175	188
1065	96	94	114
1066	3	1	1
1067	19	23	17
1068	1	0	0
1069	15	11	7
1070	11	4	8
1071	15	18	11
1072	1	0	0
1073	100	73	97
1074	81	91	97
1075	7	3	5
1076	0	2	2
1077	7	1	0
1078	171	143	155
1079	4	1	4
1080	3	9	2
1081	0	0	0
1082	0	0	0
1083	8	11	8
1084	56	63	83
1085	11	15	12
1086	4	2	6
1087	6	7	11
1088	11	9	16
1089	2	1	2
1090	0	0	0
1091	12	7	10
1092	140	129	121
1093	15	20	11
1094	3	4	2
1095	15	14	7
1096	309	321	234
1097	1	1	7
1098	7	5	6
1099	12	18	13
1100	1	2	1
1101	152	151	173
1102	94	102	116
1103	21	12	18
1104	2	1	2
1105	82	67	69
1106	1	5	5
1107	109	136	134
1108	88	89	62
1109	7	11	6
1110	0	0	0
1111	0	1	1
1112	32	27	10
1113	3	3	1
1114	4	3	2
1115	0	0	0
1116	13	13	14
1117	16	17	16
1118	0	0	0
1119	159	149	135
1120	1	1	1
1121	3	4	1
1122	3	4	1
1123	0	0	0
1124	6	3	1
1125	1	1	0
1126	26	28	31
1127	5	11	2
1128	0	1	0
1129	1	1	2
1130	8	11	13
1131	3	2	2
1132	9	13	7
1133	1	1	0
1134	20	24	20
1135	44	31	47
1136	12	12	10
1137	294	295	214
1138	7	10	3
1139	20	22	22
1140	18	18	14
1141	0	2	1
1142	5	3	5
1143	15	15	13
1144	64	82	87
1145	28	18	39
1146	0	0	0
1147	38	33	45
1148	59	63	43
1149	26	19	22
1150	1	1	2
1151	62	69	61
1152	387	415	504
1153	5	7	4
1154	48	53	48
1155	18	16	16
1156	2	4	7
1157	199	231	223
1158	0	0	1
1159	1	2	1
1160	66	62	55
1161	24	18	19
1162	31	30	23
1163	17	15	14
1164	12	20	27
1165	59	55	43
1166	0	0	1
1167	3	6	5
1168	7	9	10
1169	3	1	3
1170	146	198	165
1171	18	14	13
1172	573	610	637
1173	10	8	9
1174	1	1	12
1175	3	3	2
1176	147	138	132
1177	24	21	19
1178	83	78	84
1179	2	0	1
1180	1	1	0
1181	17	23	12
1182	0	0	0
1183	10	16	15
1184	21	13	22
1185	8	6	8
1186	190	211	202
1187	1026	913	926
1188	4	18	11
1189	6	7	4
1190	3	2	1
1191	3	4	12
1192	24	25	26
1193	47	33	36
1194	0	2	2
1195	0	0	0
1196	2	5	2
1197	0	0	0
1198	3	3	0
1199	1	6	4
1200	1	1	1
1201	3	2	1
1202	1	1	1
1203	0	0	0
1204	27	19	16
1205	155	99	70
1206	26	32	19
1207	68	71	64
1208	6	6	8
1209	93	111	101
1210	206	160	172
1211	128	122	115
1212	13	20	13
1213	0	0	0
1214	0	0	0
1215	194	147	155
1216	24	16	19
1217	35	31	33
1218	45	46	62
1219	0	1	0
1220	39	32	34
1221	0	0	0
1222	2	10	3
1223	12	7	8
1224	28	18	14
1225	2	2	3
1226	8	7	19
1227	19	18	18
1228	2	2	4
1229	9	15	14
1230	0	0	0
1231	268	253	238
1232	14	14	6
1233	23	31	20
1234	13	15	22
1235	37	44	25
1236	13	21	21
1237	42	39	35
1238	17	14	15
1239	13	15	6
1240	11	18	20
1241	3	4	2
1242	156	187	160
1243	1	0	0
1244	0	0	0
1245	0	0	0
1246	1	2	2
1247	97	100	116
1248	6	8	4
1249	4	11	4
1250	7	14	8
1251	22	18	17
1252	22	27	27
1253	17	10	10
1254	8	6	8
1255	40	36	33
1256	1	0	0
1257	2	3	0
1258	5	3	5
1259	800	791	728
1260	3	10	3
1261	14	16	11
1262	6	5	5
1263	2	7	5
1264	3	7	3
1265	203	215	252
1266	30	35	27
1267	34	28	44
1268	1	3	1
1269	437	423	365
1270	17	15	10
1271	5	8	8
1272	2	9	7
1273	35	10	28
1274	2	7	4
1275	203	211	210
1276	6	7	3
1277	0	1	0
1278	174	168	151
1279	23	31	16
1280	50	42	48
1281	8	14	14
1282	0	0	0
1283	94	97	101
1284	8	8	8
1285	34	30	26
1286	10	12	12
1287	11	11	12
1288	39	36	36
1289	62	37	21
1290	15	10	8
1291	1	0	0
1292	10	14	9
1293	44	42	29
1294	2	2	0
1295	1	1	0
1296	7	16	3
1297	0	0	0
1298	0	0	0
1299	0	1	0
1300	8	10	13
1301	16	31	27
1302	8	19	13
1303	106	106	107
1304	18	20	17
1305	8	1	10
1306	159	196	152
1307	6	15	10
1308	42	58	35
1309	513	481	467
1310	14	15	15
1311	31	29	37
1312	20	20	22
1313	0	0	2
1314	1	2	0
1315	3	6	2
1316	20	22	17
1317	24	23	20
1318	35	27	34
1319	106	100	121
1320	33	23	18
1321	859	843	851
1322	0	3	3
1323	358	343	338
1324	493	496	541
1325	20	17	15
1326	2	5	4
1327	5	11	11
1328	9	4	9
1329	376	395	354
1330	33	32	33
1331	46	43	39
1332	20	11	8
1333	18	14	9
1334	32	27	22
1335	18	11	7
1336	17	21	25
1337	24	11	10
1338	26	27	30
1339	26	29	33
1340	37	41	79
1341	28	30	25
1342	4	7	4
1343	3	2	8
1344	12	5	7
1345	133	125	118
1346	8	17	27
1347	7	2	2
1348	1	4	1
1349	0	0	0
1350	1	0	0
1351	2	1	9
1352	10	18	9
1353	12	17	12
1354	101	107	77
1355	0	0	0
1356	55	60	48
1357	463	406	390
1358	9	3	7
1359	6	17	9
1360	5	4	4
1361	3	5	3
1362	38	35	43
1363	236	289	184
1364	5	5	4
1365	11	5	2
1366	22	31	28
1367	0	3	1
1368	48	41	35
1369	9	21	17
1370	104	64	97
1371	47	40	29
1372	14	5	6
1373	0	1	0
1374	3	0	3
1375	85	71	84
1376	1	4	3
1377	2	4	1
1378	23	36	33
1379	61	87	74
1380	0	0	0
1381	8	4	4
1382	24	18	24
1383	19	15	12
1384	21	13	19
1385	31	24	24
1386	26	15	13
1387	90	79	77
1388	3	4	3
1389	45	40	49
1390	303	272	267
1391	11	3	5
1392	162	153	155
1393	2	6	1
1394	11	8	8
1395	0	0	0
1396	63	66	57
1397	2	1	2
1398	41	46	53
1399	9	11	5
1400	2	2	1
1401	10	4	6
1402	6	4	4
1403	0	0	0
1404	0	0	0
1405	28	27	28
1406	7	10	3
1407	12	14	9
1408	7	10	8
1409	8	5	5
1410	2	8	9
1411	1	4	5
1412	1	3	3
1413	33	31	20
1414	0	0	0
1415	1	0	2
1416	4	3	3
1417	58	55	60
1418	136	169	165
1419	13	13	17
1420	52	59	53
1421	10	5	7
1422	1	0	0
1423	0	1	0
1424	1	0	0
1425	1	3	1
1426	9	5	3
1427	17	14	8
1428	0	3	4
1429	12	11	9
1430	110	129	103
1431	11	10	14
1432	25	34	21
1433	0	0	0
1434	2	4	10
1435	18	17	10
1436	0	0	0
1437	0	0	0
1438	0	0	0
1439	0	0	0
1440	20	16	10
1441	2	0	0
1442	6	4	2
1443	18	22	24
1444	31	19	19
1445	66	51	71
1446	17	22	19
1447	1	4	7
1448	12	25	16
1449	0	0	0
1450	0	0	0
1451	0	0	2
1452	22	15	19
1453	3	3	6
1454	40	33	34
1455	176	167	211
1456	40	42	49
1457	0	0	0
1458	11	25	18
1459	2	9	4
1460	21	19	17
1461	0	1	1
1462	6	2	7
1463	101	96	111
1464	18	13	16
1465	35	44	47
1466	3	2	1
1467	29	31	20
1468	4	1	5
1469	13	11	10
1470	4	5	11
1471	24	24	22
1472	38	42	33
1473	14	20	14
1474	3	5	3
1475	23	28	19
1476	17	18	17
1477	45	34	37
1478	357	347	383
1479	18	11	15
1480	35	35	56
1481	65	48	46
1482	40	41	41
1483	26	23	21
1484	20	14	27
1485	2	2	1
1486	1	1	4
1487	0	0	0
1488	41	46	38
1489	288	289	299
1490	8	7	8
1491	0	0	0
1492	12	12	13
1493	3	6	1
1494	14	15	21
1495	0	0	1
1496	49	59	36
1497	21	14	21
1498	0	0	1
1499	9	12	11
1500	14	7	15
1501	33	32	35
1502	473	428	443
1503	20	21	24
1504	1	0	1
1505	120	107	116
1506	0	0	0
1507	0	0	0
1508	41	35	51
1509	65	65	74
1510	11	8	17
1511	46	35	22
1512	2	0	0
1513	6	10	6
1514	5	3	1
1515	35	40	17
1516	7	3	6
1517	3	2	3
1518	362	381	314
1519	0	0	0
1520	41	34	21
1521	11	15	15
1522	11	14	9
1523	89	51	75
1524	2	1	0
1525	6	0	0
1526	3	4	4
1527	115	123	103
1528	61	53	50
1529	3	2	2
1530	52	39	30
1531	59	57	45
1532	26	19	27
1533	27	21	24
1534	8	3	7
1535	89	87	55
1536	19	16	14
1537	0	0	0
1538	11	16	13
1539	50	75	53
1540	77	61	41
1541	80	59	59
1542	1	0	0
1543	0	0	1
1544	81	89	61
1545	394	414	345
1546	0	0	0
1547	30	29	29
1548	0	0	0
1549	0	0	0
1550	148	133	146
1551	180	153	161
1552	52	38	52
1553	9	5	3
1554	21	27	10
1555	28	36	40
1556	67	71	51
1557	0	0	0
1558	0	2	0
1559	9	19	11
1560	25	23	13
1561	25	40	33
1562	20	22	18
1563	24	19	18
1564	2	0	0
1565	21	27	35
1566	106	99	96
1567	11	17	23
1568	0	0	0
1569	43	40	42
1570	39	26	37
1571	0	2	1
1572	58	64	56
1573	54	57	54
1574	2	3	2
1575	10	5	5
1576	10	4	8
1577	49	52	67
1578	41	44	40
1579	14	8	11
1580	294	290	296
1581	14	15	28
1582	0	0	0
1583	29	23	30
1584	132	130	119
1585	23	18	31
1586	10	8	5
1587	0	0	0
1588	807	872	932
1589	0	0	0
1590	0	0	0
1591	0	1	1
1592	5	5	3
1593	2	4	1
1594	1	0	0
1595	7	5	9
1596	4	4	9
1597	6	3	8
1598	10	6	3
1599	0	1	0
1600	16	13	15
1601	16	18	15
1602	2	3	1
1603	40	48	36
1604	87	84	92
1605	15	23	21
1606	23	22	22
1607	2	0	0
1608	122	133	122
1609	84	58	102
1610	0	3	0
1611	0	0	0
1612	2	3	1
1613	8	9	5
1614	6	8	4
1615	32	46	64
1616	9	12	11
1617	0	0	0
1618	21	26	28
1619	12	17	12
1620	3	2	6
1621	20	14	11
1622	0	2	1
1623	0	0	0
1624	2	0	1
1625	87	70	98
1626	13	9	9
1627	0	0	1
1628	5	5	4
1629	640	621	633
1630	17	11	16
1631	22	28	35
1632	75	45	83
1633	20	14	14
1634	17	16	19
1635	8	14	5
1636	5	4	1
1637	17	13	16
1638	34	24	28
1639	5	10	3
1640	59	58	75
1641	21	36	27
1642	859	844	1016
1643	5	5	6
1644	1	1	1
1645	8	2	13
1646	23	19	18
1647	9	4	3
1648	60	74	64
1649	1	0	0
1650	889	855	782
1651	41	27	27
1652	1	2	2
1653	62	56	62
1654	22	16	23
1655	145	160	116
1656	1	5	2
1657	4	4	1
1658	116	136	121
1659	69	66	81
1660	0	0	0
1661	13	5	13
1662	12	13	16
1663	9	4	5
1664	5	17	13
1665	10	4	3
1666	0	0	0
1667	64	87	70
1668	2	2	2
1669	135	147	106
1670	62	75	61
1671	5	4	9
1672	36	19	26
1673	12	8	13
1674	7	5	5
1675	3	4	1
1676	22	23	19
1677	53	47	31
1678	73	73	61
1679	5	11	6
1680	99	107	53
1681	29	22	17
1682	19	17	13
1683	54	78	50
1684	75	85	70
1685	74	67	82
1686	2	4	3
1687	2	0	0
1688	3	9	2
1689	0	1	1
1690	4	4	1
1691	0	0	0
1692	3	0	1
1693	0	0	0
1694	0	0	0
1695	9	3	3
1696	3	5	3
1697	0	0	0
1698	0	0	0
1699	6	4	7
1700	46	32	39
1701	19	18	18
1702	108	133	109
1703	2	4	7
1704	137	139	146
1705	240	211	207
1706	288	332	349
1707	43	33	29
1708	0	0	0
1709	13	12	11
1710	1	5	2
1711	0	0	2
1712	55	46	60
1713	13	13	13
1714	21	26	15
1715	40	36	26
1716	114	92	96
1717	51	48	46
1718	543	546	476
1719	10	2	8
1720	8	3	12
1721	94	77	79
1722	0	0	0
1723	0	1	0
1724	4	7	4
1725	29	19	20
1726	8	4	0
1727	55	46	60
1728	32	37	15
1729	1846	1760	1805
1730	0	0	0
1731	14	10	12
1732	1	2	0
1733	197	183	175
1734	38	41	50
1735	63	79	91
1736	0	4	3
1737	9	5	8
1738	28	22	33
1739	27	34	32
1740	10	9	11
1741	534	500	403
1742	0	0	0
1743	15	10	15
1744	6	3	11
1745	7	4	8
1746	19	19	15
1747	5	10	5
1748	3	4	4
1749	3	9	9
1750	2	7	8
1751	29	27	21
1752	178	202	235
1753	17	18	16
1754	6	5	5
1755	0	2	2
1756	26	23	27
1757	40	31	36
1758	17	12	10
1759	21	24	32
1760	1	2	2
1761	77	63	60
1762	6	10	3
1763	1	1	1
1764	0	0	0
1765	0	0	0
1766	0	1	1
1767	15	29	21
1768	0	0	0
1769	1	0	0
1770	176	156	189
1771	286	245	259
1772	9	5	8
1773	9	19	13
1774	21	10	16
1775	8	5	13
1776	117	151	110
1777	4	6	2
1778	514	529	619
1779	61	56	86
1780	48	36	49
1781	394	379	321
1782	494	450	610
1783	20	18	13
1784	74	78	59
1785	10	11	10
1786	0	0	0
1787	96	119	78
1788	88	71	76
1789	25	27	23
1790	4	8	5
1791	4	6	2
1792	7	1	9
1793	2	0	1
1794	0	3	3
1795	11	24	17
1796	288	284	204
1797	1058	1067	970
1798	19	24	11
1799	6	2	9
1800	2	2	1
1801	12	9	16
1802	5	2	9
1803	83	65	87
1804	4	12	10
1805	745	728	687
1806	2	3	10
1807	61	40	40
1808	14	14	12
1809	95	68	79
1810	5	14	11
1811	0	1	0
1812	15	19	20
1813	3	1	3
1814	14	16	22
1815	12	10	7
1816	6	6	8
1817	19	15	16
1818	11	13	10
1819	1	1	0
1820	3	5	2
1821	7	6	3
1822	245	293	288
1823	159	117	163
1824	37	40	31
1825	1	2	0
1826	12	22	13
1827	7	11	6
1828	104	95	103
1829	5	5	6
1830	1	4	2
1831	6	4	8
1832	18	20	19
1833	5	0	0
1834	51	42	36
1835	143	89	110
1836	9	10	8
1837	75	51	62
1838	83	58	58
1839	2	1	2
1840	3	8	7
1841	41	49	44
1842	36	37	33
1843	66	52	45
1844	47	43	29
1845	4	5	2
1846	0	1	3
1847	89	103	69
1848	19	16	21
1849	2	3	2
1850	1	2	1
1851	236	184	256
1852	21	18	16
1853	3	2	2
1854	369	357	340
1855	21	24	24
1856	0	0	2
1857	4	2	2
1858	55	25	28
1859	0	3	9
1860	3	5	2
1861	82	87	80
1862	15	14	12
1863	5	4	5
1864	2	4	16
1865	6	7	3
1866	149	135	113
1867	2	9	3
1868	299	296	248
1869	4	5	5
1870	190	158	134
1871	14	13	7
1872	79	70	109
1873	12	12	14
1874	30	29	22
1875	3	6	13
1876	6	16	13
1877	126	104	119
1878	23	25	24
1879	19	27	20
1880	5	10	10
1881	288	301	252
1882	62	50	68
1883	11	10	7
1884	5	10	5
1885	63	54	56
1886	108	110	110
1887	10	4	8
1888	2	0	0
1889	16	18	15
1890	14	19	10
1891	6	10	4
1892	2	1	2
1893	1	0	2
1894	58	57	49
1895	0	0	1
1896	77	86	67
1897	60	63	48
1898	11	4	7
1899	5	4	4
1900	2	0	4
1901	6	1	2
1902	3	6	6
1903	5	5	2
1904	1	1	3
1905	13	9	17
1906	34	37	25
1907	16	12	17
1908	8	5	12
1909	0	0	0
1910	0	4	5
1911	7	10	12
1912	99	112	85
1913	74	85	105
1914	27	18	28
1915	0	0	1
1916	13	4	7
1917	0	1	0
1918	72	83	79
1919	3	2	3
1920	60	64	76
1921	0	0	0
1922	38	39	36
1923	71	62	61
1924	18	16	25
1925	3	3	3
1926	44	38	30
1927	14	9	8
1928	52	51	39
1929	6	2	3
1930	0	1	1
1931	4	7	7
1932	31	23	28
1933	7	3	5
1934	68	61	69
1935	77	94	70
1936	4	5	1
1937	0	0	0
1938	0	0	0
1939	316	249	301
1940	3	0	0
1941	119	120	136
1942	39	56	45
1943	2	3	0
1944	2	3	19
1945	9	12	3
1946	7	6	9
1947	18	19	14
1948	2	6	5
1949	3	4	13
1950	5	1	3
1951	8	11	17
1952	59	55	66
1953	0	0	1
1954	0	1	3
1955	0	0	0
1956	42	64	43
1957	0	0	0
1958	9	9	7
1959	0	0	0
1960	269	210	259
1961	28	26	26
1962	48	23	19
1963	19	22	12
1964	13	11	10
1965	7	8	5
1966	2	3	3
1967	0	1	2
1968	0	0	1
1969	92	82	85
1970	124	117	94
1971	4	3	0
1972	2	3	1
1973	3	8	6
1974	12	11	7
1975	2	0	1
1976	13	14	14
1977	115	110	117
1978	28	22	30
1979	150	149	104
1980	0	0	0
1981	35	20	43
1982	87	69	59
1983	10	7	4
1984	7	1	3
1985	6	7	10
1986	9	10	4
1987	5	5	3
1988	0	1	0
1989	1	3	5
1990	5	7	7
1991	24	20	28
1992	181	194	147
1993	0	0	0
1994	0	0	0
1995	57	40	54
1996	78	84	98
1997	13	7	3
1998	31	27	22
1999	23	36	25
2000	10	3	1
2001	1	3	2
2002	9	11	8
2003	20	14	9
2004	23	15	19
2005	14	8	21
2006	8	10	9
2007	215	200	161
2008	2	4	7
2009	15	12	15
2010	31	24	24
2011	0	1	0
2012	72	78	58
2013	7	12	10
2014	26	41	33
2015	5	4	6
2016	8	11	10
2017	1	0	2
2018	0	0	0
2019	6	7	7
2020	2	2	4
2021	0	0	0
2022	21	29	24
2023	9	4	10
2024	49	40	32
2025	14	17	18
2026	91	96	83
2027	37	49	25
2028	109	120	98
2029	80	89	66
2030	17	12	17
2031	307	274	355
2032	41	50	53
2033	5	8	5
2034	6	5	7
2035	9	10	12
2036	4	6	5
2037	6	6	9
2038	34	34	29
2039	17	15	16
2040	26	35	34
2041	70	65	41
2042	37	27	44
2043	22	22	10
2044	4	2	6
2045	6	5	3
2046	0	0	0
2047	9	14	13
2048	49	46	56
2049	263	278	216
2050	1	1	0
2051	1	1	2
2052	33	22	32
2053	62	72	57
2054	71	59	72
2055	0	0	0
2056	1	1	1
2057	10	13	14
2058	19	21	24
2059	35	42	20
2060	111	97	106
2061	14	19	20
2062	7	3	4
2063	0	0	0
2064	0	0	0
2065	22	11	11
2066	23	21	22
2067	654	567	519
2068	1	0	1
2069	0	0	0
2070	1	0	0
2071	1	1	0
2072	5	6	4
2073	23	27	21
2074	3	6	3
2075	29	26	13
2076	0	0	0
2077	14	4	2
2078	0	0	0
2079	6	4	3
2080	22	18	22
2081	40	34	56
2082	9	8	3
2083	2	1	2
2084	96	94	75
2085	10	3	7
2086	8	10	10
2087	165	194	186
2088	2	1	1
2089	111	112	101
2090	223	237	240
2091	37	33	35
2092	0	0	0
2093	235	192	188
2094	5	3	1
2095	0	1	0
2096	7	4	4
2097	3	2	2
2098	0	0	0
2099	3	2	3
2100	4	9	4
2101	4	5	8
2102	7	6	5
2103	43	42	44
2104	0	0	0
2105	7	5	3
2106	0	0	0
2107	225	202	210
2108	2	4	9
2109	2	3	2
2110	0	0	0
2111	71	77	71
2112	0	0	0
2113	21	20	26
2114	6	8	15
2115	2	1	0
2116	11	5	5
2117	27	27	28
2118	3	3	1
2119	0	0	0
2120	0	0	0
2121	0	0	0
2122	516	425	543
2123	23	18	13
2124	1	2	1
2125	0	0	0
2126	2	4	3
2127	0	0	0
2128	348	315	281
2129	0	0	0
2130	2	5	2
2131	200	170	172
2132	22	12	16
2133	96	93	81
2134	1	0	2
2135	0	0	0
2136	48	57	48
2137	14	13	21
2138	62	44	76
2139	49	57	44
2140	16	12	9
2141	0	0	1
2142	265	203	241
2143	7	9	9
2144	34	21	28
2145	25	23	21
2146	295	251	194
2147	0	2	4
2148	40	48	52
2149	2	3	2
2150	14	17	13
2151	3	12	12
2152	0	1	0
2153	3	3	8
2154	42	31	19
2155	92	91	118
2156	97	111	85
2157	11	6	6
2158	0	0	0
2159	1351	1487	1460
2160	2	0	1
2161	22	27	30
2162	31	26	21
2163	6	7	16
2164	56	41	64
2165	0	0	0
2166	3	8	8
2167	6	8	8
2168	5	4	2
2169	71	50	54
2170	15	15	12
2171	0	0	0
2172	0	0	0
2173	3	7	2
2174	6	5	6
2175	76	101	50
2176	11	10	10
2177	4	5	5
2178	0	2	0
2179	3	3	2
2180	0	0	4
2181	9	7	10
2182	10	11	14
2183	1	4	6
2184	1	3	8
2185	67	56	82
2186	2	1	1
2187	210	264	213
2188	7	10	3
2189	92	72	88
2190	2	5	5
2191	0	0	0
2192	40	31	34
2193	0	4	0
2194	1	3	1
2195	67	67	48
2196	5	7	8
2197	7	4	6
2198	17	13	12
2199	5	5	8
2200	1	0	0
2201	128	130	125
2202	5	2	3
2203	2	2	2
2204	3	1	1
2205	29	32	33
2206	0	0	0
2207	0	2	1
2208	36	20	18
2209	2	0	0
2210	600	615	594
2211	0	0	0
2212	0	0	0
2213	18	8	5
2214	16	16	20
2215	30	22	26
2216	39	47	35
2217	10	11	13
2218	23	20	16
2219	34	40	27
2220	458	382	433
2221	19	28	8
2222	10	11	13
2223	5	3	3
2224	2	2	0
2225	14	17	22
2226	39	19	37
2227	17	24	19
2228	13	7	9
2229	7	9	6
2230	19	22	10
2231	6	20	10
2232	1	0	0
2233	0	2	1
2234	3	6	8
2235	12	14	11
2236	1	1	1
2237	28	34	24
2238	84	97	96
2239	56	57	56
2240	5	9	4
2241	9	14	12
2242	44	28	22
2243	0	3	2
2244	13	10	3
2245	135	144	150
2246	10	6	12
2247	43	63	38
2248	40	27	29
2249	12	8	13
2250	12	9	5
2251	12	8	14
2252	22	20	14
2253	0	0	0
2254	0	1	1
2255	1	0	2
2256	11	13	10
2257	1	11	2
2258	0	0	0
2259	0	0	1
2260	25	22	24
2261	0	2	1
2262	5	8	5
2263	22	23	10
2264	6	1	7
2265	1	0	1
2266	79	79	89
2267	30	28	34
2268	33	34	34
2269	10	14	18
2270	11	11	9
2271	8	3	1
2272	180	183	166
2273	0	0	0
2274	12	18	25
2275	0	2	2
2276	27	36	31
2277	105	95	102
2278	1	2	2
2279	0	0	0
2280	21	11	14
2281	158	141	158
2282	40	30	31
2283	36	35	44
2284	7	11	18
2285	2	3	6
2286	18	17	11
2287	0	0	0
2288	4	1	7
2289	3	3	9
2290	0	0	1
2291	32	25	29
2292	7	13	12
2293	54	52	48
2294	24	14	13
2295	20	21	16
2296	3	4	8
2297	78	74	68
2298	12	11	16
2299	166	157	170
2300	18	25	13
2301	97	88	87
2302	0	2	1
2303	19	20	14
2304	0	0	0
2305	0	0	0
2306	9	8	8
2307	10	14	16
2308	32	12	22
2309	9	1	5
2310	23	25	15
2311	45	45	36
2312	0	0	0
2313	18	5	11
2314	6	13	12
2315	2	7	7
2316	44	48	51
2317	4	1	1
2318	286	305	280
2319	3	5	5
2320	81	75	54
2321	1	3	2
2322	32	24	26
2323	2	0	1
2324	23	9	11
2325	737	633	662
2326	4	2	0
2327	6	8	10
2328	1	0	0
2329	76	77	72
2330	21	26	20
2331	25	25	20
2332	8	9	8
2333	13	12	15
2334	256	196	211
2335	6	7	8
2336	0	0	0
2337	49	44	53
2338	31	28	27
2339	21	21	21
2340	8	5	5
2341	0	1	0
2342	5	3	2
2343	7	7	7
2344	52	58	37
2345	0	2	0
2346	1	3	3
2347	177	174	143
2348	34	23	28
2349	33	21	15
2350	51	78	66
2351	119	139	148
2352	0	3	2
2353	3	1	2
2354	718	706	625
2355	49	50	31
2356	53	57	41
2357	0	1	0
2358	137	163	129
2359	0	0	0
2360	0	0	0
2361	9	11	10
2362	9	9	6
2363	8	3	2
2364	0	0	0
2365	11	12	14
2366	0	0	1
2367	1	1	2
2368	0	0	0
2369	54	57	58
2370	188	176	143
2371	19	29	16
2372	80	82	81
2373	39	51	43
2374	42	51	63
2375	6	8	11
2376	0	1	4
2377	8	3	8
2378	47	64	65
2379	31	35	31
2380	32	27	24
2381	8	12	6
2382	66	83	106
2383	6	10	10
2384	3	3	0
2385	5	4	4
2386	0	0	0
2387	67	57	55
2388	0	1	0
2389	0	0	2
2390	137	101	70
2391	67	81	71
2392	40	25	34
2393	5	4	6
2394	14	20	24
2395	1	2	0
2396	1	3	3
2397	1	3	3
2398	6	8	2
2399	9	6	1
2400	97	104	94
2401	35	26	25
2402	175	216	217
2403	8	2	13
2404	1	7	4
2405	0	0	0
2406	3	3	1
2407	3	4	3
2408	22	17	15
2409	12	11	8
2410	1	3	3
2411	19	18	23
2412	6	3	8
2413	125	140	117
2414	49	41	32
2415	7	8	8
2416	46	48	42
2417	785	846	797
2418	48	46	41
2419	4	7	9
2420	28	33	22
2421	26	26	32
2422	3	3	3
2423	22	19	17
2424	30	33	40
2425	15	14	11
2426	22	16	20
2427	20	14	34
2428	9	5	9
2429	378	350	372
2430	10	19	20
2431	103	89	104
2432	10	16	12
2433	9	4	3
2434	15	10	15
2435	4	7	4
2436	2	1	4
2437	17	10	13
2438	5	4	5
2439	4	0	6
2440	62	46	61
2441	0	0	0
2442	991	933	854
2443	17	17	24
2444	17	14	34
2445	2	2	0
2446	2	2	0
2447	0	0	0
2448	8	4	4
2449	51	52	45
2450	14	19	12
2451	2	1	3
2452	3	15	5
2453	0	3	5
2454	1	5	3
2455	29	22	20
2456	5	3	6
2457	80	75	91
2458	43	36	60
2459	27	30	31
2460	25	49	23
2461	204	200	150
2462	23	26	16
2463	0	3	2
2464	0	0	0
2465	85	105	86
2466	5	8	9
2467	2	2	1
2468	9	8	27
2469	18	14	22
2470	5	10	5
2471	72	65	61
2472	0	2	0
2473	58	40	69
2474	11	11	14
2475	1	0	0
2476	56	59	57
2477	4	3	10
2478	13	22	22
2479	0	2	2
2480	37	39	40
2481	2	3	4
2482	130	117	100
2483	16	23	22
2484	1	0	0
2485	12	13	8
2486	234	213	282
2487	56	53	46
2488	35	32	13
2489	92	100	105
2490	76	42	51
2491	1	0	1
2492	23	18	21
2493	69	85	68
2494	5	3	2
2495	9	14	8
2496	37	30	14
2497	11	13	10
2498	81	96	100
2499	2	3	2
2500	27	29	38
2501	0	0	0
2502	7	6	6
2503	12	17	9
2504	8	7	1
2505	23	28	24
2506	18	25	30
2507	61	66	58
2508	85	71	86
2509	5	4	5
2510	0	0	0
2511	25	24	15
2512	69	78	55
2513	8	11	14
2514	0	2	2
2515	81	100	83
2516	71	82	61
2517	94	88	85
2518	7	9	8
2519	37	27	25
2520	61	54	45
2521	84	82	103
2522	4	3	0
2523	70	76	67
2524	9	7	9
2525	6	7	3
2526	0	0	0
2527	1	1	2
2528	7	7	5
2529	8	5	9
2530	0	0	0
2531	6	3	4
2532	163	164	181
2533	117	120	140
2534	0	0	0
2535	140	146	203
2536	11	11	15
2537	292	287	246
2538	0	0	0
2539	0	0	0
2540	3	7	4
2541	2	2	6
2542	5	2	12
2543	205	209	271
2544	8	6	4
2545	79	70	91
2546	3	4	4
2547	187	180	185
2548	336	324	277
2549	9	8	12
2550	33	53	44
2551	145	135	129
2552	0	0	0
2553	15	20	21
2554	17	17	8
2555	103	97	85
2556	14	9	11
2557	0	0	0
2558	73	70	51
2559	0	0	0
2560	105	73	89
2561	14	10	14
2562	1	1	0
2563	4	5	9
2564	46	23	31
2565	1	0	0
2566	2	0	0
2567	499	462	498
2568	0	0	0
2569	31	40	35
2570	34	37	35
2571	32	56	41
2572	46	45	34
2573	32	24	24
2574	5	2	5
2575	1	2	1
2576	4	1	2
2577	412	406	423
2578	25	20	23
2579	209	161	152
2580	23	27	17
2581	1	0	0
2582	4	0	2
2583	6	12	4
2584	3	6	1
2585	29	22	10
2586	1	0	0
2587	5	0	1
2588	148	120	116
2589	10	8	8
2590	3	5	6
2591	5	6	5
2592	12	16	9
2593	70	46	58
2594	0	0	0
2595	20	15	28
2596	17	21	17
2597	8	7	0
2598	50	44	45
2599	7	3	4
2600	2	1	1
2601	0	0	0
2602	78	70	79
2603	2	1	3
2604	193	165	218
2605	0	0	0
2606	0	0	0
2607	3	2	3
2608	6	7	4
2609	87	84	83
2610	22	16	14
2611	2	2	1
2612	2	4	0
2613	0	0	0
2614	1	1	1
2615	2	0	0
2616	8	2	1
2617	3	3	3
2618	15	10	6
2619	0	0	0
2620	22	19	18
2621	24	13	22
2622	131	109	113
2623	5	6	5
2624	0	0	0
2625	0	0	0
2626	0	0	0
2627	0	4	2
2628	0	0	0
2629	9	11	10
2630	24	26	41
2631	5	3	2
2632	2	2	1
2633	5	11	8
2634	4	9	3
2635	11	13	13
2636	45	45	45
2637	4	7	5
2638	1	1	1
2639	3	4	3
2640	0	0	0
2641	47	55	26
2642	2	2	3
2643	27	27	33
2644	12	5	14
2645	3	3	5
2646	7	1	3
2647	1	1	0
2648	0	0	0
2649	65	48	35
2650	115	96	90
2651	8	11	8
2652	11	14	18
2653	10	9	7
2654	26	35	25
2655	6	4	3
2656	4	6	7
2657	52	43	28
2658	32	32	20
2659	11	4	9
2660	2	3	2
2661	6	3	2
2662	12	13	19
2663	4	7	8
2664	47	60	45
2665	80	80	102
2666	1	3	0
2667	22	9	16
2668	2	1	3
2669	8	11	5
2670	3	7	3
2671	7	4	1
2672	2	0	1
2673	0	1	0
2674	12	19	13
2675	20	23	18
2676	0	0	1
2677	10	7	13
2678	4	6	9
2679	19	10	18
2680	0	0	0
2681	0	0	0
2682	25	19	22
2683	0	0	0
2684	0	0	1
2685	0	0	0
2686	0	0	0
2687	2	0	2
2688	127	96	82
2689	20	35	20
2690	22	14	10
2691	20	8	9
2692	1	0	1
2693	23	21	13
2694	6	3	3
2695	40	30	32
2696	6	0	4
2697	13	13	16
2698	8	14	14
2699	36	29	18
2700	0	0	0
2701	12	13	6
2702	34	24	16
2703	5	12	8
2704	9	4	4
2705	1	4	3
2706	21	13	11
2707	16	12	13
2708	1	0	2
2709	34	37	35
2710	10	8	12
2711	59	41	47
2712	29	22	27
2713	46	36	63
2714	4	2	7
2715	30	15	27
2716	0	0	0
2717	1	1	0
2718	3	0	3
2719	9	5	5
2720	8	9	9
2721	0	0	0
2722	79	74	71
2723	9	13	7
2724	232	208	239
2725	93	93	141
2726	0	0	0
2727	36	37	37
2728	5	1	4
2729	27	39	27
2730	101	92	113
2731	0	0	0
2732	1	1	3
2733	4	6	7
2734	0	0	0
2735	0	0	2
2736	0	1	0
2737	20	30	24
2738	21	23	28
2739	4	0	6
2740	14	24	10
2741	5	5	4
2742	55	80	40
2743	100	82	100
2744	0	0	0
2745	6	5	9
2746	0	3	3
2747	10	7	18
2748	0	0	0
2749	15	14	17
2750	68	54	50
2751	11	10	11
2752	7	7	9
2753	12	14	11
2754	12	20	12
2755	14	6	7
2756	261	260	198
2757	0	0	0
2758	0	0	0
2759	19	7	9
2760	45	43	39
2761	0	0	0
2762	31	26	25
2763	504	420	459
2764	45	25	27
2765	18	27	21
2766	21	15	13
2767	7	7	10
2768	17	18	15
2769	835	777	822
2770	0	0	0
2771	10	6	3
2772	65	62	59
2773	4	3	1
2774	9	6	4
2775	5	9	6
2776	29	24	29
2777	0	0	1
2778	2	3	1
2779	560	511	499
2780	267	225	277
2781	20	7	5
2782	10	6	9
2783	0	1	0
2784	5	7	8
2785	0	0	0
2786	6	10	6
2787	3	2	3
2788	131	90	95
2789	29	19	14
2790	8	9	17
2791	4	13	5
2792	6	8	8
2793	645	716	673
2794	97	89	110
2795	474	522	499
2796	1	0	0
2797	111	110	90
2798	0	0	0
2799	27	28	26
2800	11	17	15
2801	304	272	282
2802	26	25	29
2803	7	5	13
2804	25	16	24
2805	4	4	2
2806	52	51	37
2807	784	728	750
2808	24	28	28
2809	255	283	236
2810	17	17	29
2811	31	35	23
2812	5	8	5
2813	10	7	11
2814	5	8	11
2815	2	0	1
2816	5	4	5
2817	7	5	9
2818	0	0	0
2819	4	2	3
2820	196	211	219
2821	20	23	17
2822	27	36	27
2823	0	0	0
2824	31	32	21
2825	72	81	56
2826	206	237	223
2827	15	18	5
2828	1	1	3
2829	10	9	8
2830	1280	1149	1228
2831	222	273	222
2832	221	147	176
2833	0	0	0
2834	165	143	153
2835	37	28	38
2836	8	6	5
2837	23	26	24
2838	13	14	13
2839	3	4	2
2840	336	282	317
2841	39	25	23
2842	1	1	1
2843	1	3	1
2844	124	121	115
2845	18	14	13
2846	967	890	972
2847	8	9	12
2848	5	6	1
2849	1	2	0
2850	83	70	67
2851	20	20	9
2852	11	12	8
2853	45	39	28
2854	13	18	11
2855	11	18	16
2856	27	31	18
2857	14	11	13
2858	124	129	110
2859	5	15	11
2860	0	1	0
2861	7	5	3
2862	11	24	20
2863	6	2	10
2864	0	0	2
2865	6	7	10
2866	0	0	0
2867	23	20	13
2868	0	0	0
2869	0	0	0
2870	0	0	0
2871	518	535	468
2872	0	0	0
2873	31	25	20
2874	226	261	196
2875	63	99	94
2876	12	13	14
2877	109	122	104
2878	15	12	14
2879	0	0	0
2880	3	4	1
2881	9	11	7
2882	23	20	20
2883	9	9	5
2884	22	36	22
2885	18	19	14
2886	13	11	13
2887	0	0	0
2888	3	5	5
2889	11	17	8
2890	65	44	65
2891	47	22	25
2892	6	1	1
2893	5	1	7
2894	20	22	19
2895	13	16	21
2896	16	29	34
2897	4	7	9
2898	16	13	12
2899	39	28	30
2900	53	39	33
2901	0	0	4
2902	17	13	18
2903	54	49	32
2904	120	110	158
2905	41	52	41
2906	280	273	260
2907	0	0	0
2908	10	8	2
2909	23	24	20
2910	44	42	43
2911	22	21	14
2912	5	9	9
2913	83	86	92
2914	15	13	4
2915	21	31	33
2916	7	7	6
2917	20	22	17
2918	8	11	7
2919	7	4	2
2920	0	0	0
2921	4	4	7
2922	4	4	4
2923	43	32	40
2924	0	2	0
2925	31	22	24
2926	6	9	10
2927	73	65	77
2928	5	8	7
2929	13	6	6
2930	5	12	11
2931	11	15	10
2932	92	86	59
2933	89	82	60
2934	14	7	8
2935	89	76	115
2936	2	3	5
2937	0	0	2
2938	28	31	40
2939	47	44	43
2940	80	81	81
2941	29	33	28
2942	2	6	4
2943	3	3	6
2944	18	21	16
2945	16	21	28
2946	87	108	90
2947	2	3	4
2948	33	26	13
2949	7	4	1
2950	1	3	1
2951	218	198	224
2952	0	0	0
2953	10	4	7
2954	4	4	1
2955	0	5	4
2956	5	6	11
2957	11	11	11
2958	3	2	1
2959	0	1	0
2960	6	9	6
2961	5	12	7
2962	52	56	42
2963	29	25	20
2964	54	57	38
2965	3	7	5
2966	29	32	21
2967	0	0	0
2968	5	4	2
2969	2	2	8
2970	7	5	6
2971	21	30	27
2972	48	34	37
2973	83	76	76
2974	0	0	0
2975	29	30	49
2976	28	20	15
2977	37	36	44
2978	18	13	6
2979	0	0	0
2980	1	0	0
2981	4	5	3
2982	5	10	6
2983	43	57	43
2984	73	64	57
2985	3	2	2
2986	0	1	0
2987	392	367	394
2988	0	1	0
2989	31	33	42
2990	3	4	5
2991	45	31	30
2992	6	10	32
2993	0	0	0
2994	17	23	20
2995	27	24	17
2996	11	5	6
2997	4	5	7
2998	130	120	111
2999	8	5	7
3000	828	750	845
3001	6	4	9
3002	7	3	2
3003	1	5	5
3004	26	25	34
3005	0	1	0
3006	2	3	4
3007	14	13	12
3008	15	22	22
3009	49	75	76
3010	3	2	3
3011	8	3	7
3012	30	28	26
3013	79	68	86
3014	0	2	1
3015	32	41	33
3016	47	53	47
3017	0	4	5
3018	6	1	2
3019	17	15	22
3020	43	26	29
3021	0	0	0
3022	41	34	38
3023	59	68	72
3024	134	120	109
3025	6	11	10
3026	25	22	27
3027	63	55	59
3028	842	860	777
3029	66	57	47
3030	0	1	0
3031	1	1	0
3032	2	3	5
3033	2	0	2
3034	12	11	7
3035	18	19	12
3036	12	7	9
3037	38	22	11
3038	139	125	129
3039	82	96	94
3040	11	6	7
3041	59	51	79
3042	6	5	5
3043	98	97	93
3044	4	4	1
3045	11	16	11
3046	14	8	17
3047	70	75	60
3048	9	12	8
3049	13	20	15
3050	449	432	315
3051	4	4	3
3052	0	5	10
3053	0	0	2
3054	51	65	52
3055	45	43	45
3056	6	8	10
3057	81	98	86
3058	19	12	12
3059	27	21	12
3060	26	19	20
3061	22	19	21
3062	40	45	52
3063	4	8	7
3064	15	20	18
3065	20	22	25
3066	6	6	7
3067	50	66	90
3068	100	90	88
3069	0	0	0
3070	11	10	10
3071	84	65	87
3072	2	6	1
3073	18	15	21
3074	22	28	24
3075	11	8	11
3076	5	7	7
3077	0	0	0
3078	6	11	6
3079	14	25	14
3080	5	8	2
3081	4	8	6
3082	14	7	9
3083	10	14	13
3084	25	23	28
3085	0	0	0
3086	4	11	3
3087	138	169	157
3088	29	24	13
3089	58	65	80
3090	19	25	33
3091	14	8	11
3092	243	256	218
3093	9	5	4
3094	1	2	1
3095	42	37	43
3096	0	0	0
3097	0	0	0
3098	13	13	10
3099	3	7	3
3100	0	1	0
3101	2	0	1
3102	61	49	65
3103	18	26	11
3104	92	111	112
3105	8	8	9
3106	9	9	9
3107	0	0	1
3108	12	12	8
3109	1	3	4
3110	69	75	88
3111	2	30	8
3112	10	16	6
3113	0	0	0
3114	11	7	8
3115	389	377	424
3116	26	29	30
3117	0	0	0
3118	42	44	36
3119	29	38	18
3120	9	5	6
3121	23	19	27
3122	11	19	13
3123	2	10	7
3124	1	2	1
3125	108	108	79
3126	6	7	7
3127	21	20	14
3128	59	53	53
3129	11	19	19
3130	36	36	13
3131	0	0	0
3132	0	0	2
3133	1	0	0
3134	18	20	30
3135	48	36	50
3136	0	0	0
3137	6	13	14
3138	12	9	12
3139	247	246	186
3140	2	5	1
3141	0	0	0
3142	142	133	134
3143	9	3	7
3144	32	36	36
3145	2	2	2
3146	54	60	39
3147	36	38	40
3148	2	0	1
3149	1	0	2
3150	15	11	9
3151	1	0	0
3152	11	21	16
3153	45	37	35
3154	9	12	12
3155	1	4	3
3156	22	20	25
3157	6	7	5
3158	17	12	11
3159	0	0	0
3160	0	2	0
3161	9	8	9
3162	0	9	4
3163	19	18	15
3164	27	28	24
3165	49	44	57
3166	5	2	3
3167	6	10	5
3168	33	32	28
3169	10	5	8
3170	0	0	1
3171	20	22	14
3172	0	1	0
3173	1	0	0
3174	12	15	20
3175	106	104	120
3176	15	11	11
3177	0	8	6
3178	7	4	3
3179	1	1	0
3180	21	23	16
3181	2177	2404	2522
3182	0	0	0
3183	0	1	0
3184	0	2	1
3185	4	8	3
3186	60	51	72
3187	33	47	27
3188	364	325	363
3189	2	0	2
3190	100	105	91
3191	1	0	0
3192	8	8	5
3193	5	6	2
3194	2	0	0
3195	3	5	9
3196	28	21	22
3197	9	4	3
3198	0	0	0
3199	172	118	136
3200	16	23	22
3201	2	0	0
3202	3	4	3
3203	5	7	3
3204	3	5	7
3205	48	34	30
3206	2620	2469	2492
3207	23	14	18
3208	198	225	203
3209	130	199	162
3210	38	29	20
3211	1	0	0
3212	0	0	0
3213	28	38	24
3214	18	13	17
3215	28	44	23
3216	2	5	3
3217	2	2	5
3218	145	147	157
3219	193	190	155
3220	28	34	37
3221	9	8	11
3222	209	167	216
3223	4	1	4
3224	0	2	2
3225	311	313	280
3226	21	28	27
3227	5	6	13
3228	187	137	151
3229	158	152	134
3230	3	2	5
3231	19	20	12
3232	19	12	14
3233	90	63	90
3234	12	19	10
3235	4	9	5
3236	2	4	2
3237	21	20	16
3238	177	140	140
3239	408	495	519
3240	35	48	57
3241	0	2	2
3242	857	864	717
3243	2	4	6
3244	8	7	11
3245	20	14	8
3246	49	36	35
3247	0	0	0
3248	17	11	17
3249	2	1	5
3250	8	4	6
3251	1	0	0
3252	0	0	0
3253	33	29	18
3254	16	16	14
3255	15	16	11
3256	39	46	61
3257	16	16	16
3258	5	6	6
3259	15	7	10
3260	1	1	0
3261	12	11	13
3262	21	12	20
3263	0	1	0
3264	79	79	101
3265	0	1	2
3266	140	127	96
3267	3	5	2
3268	7	5	7
3269	20	12	10
3270	2	1	1
3271	40	34	60
3272	180	226	239
3273	1	2	1
3274	2	2	1
3275	8	5	5
3276	1	0	1
3277	4	8	4
3278	9	12	18
3279	18	11	24
3280	5	2	2
3281	2	1	1
3282	55	57	53
3283	9	9	7
3284	0	2	0
3285	0	0	0
3286	2	0	2
3287	0	0	0
3288	0	2	2
3289	0	0	1
3290	0	0	0
3291	6	3	5
3292	45	52	34
3293	517	543	587
3294	24	12	9
3295	45	40	30
3296	15	14	22
3297	67	49	43
3298	10	10	11
3299	1	1	0
3300	7	0	5
3301	5	0	4
3302	145	124	229
3303	166	159	258
3304	19	13	21
3305	10	13	13
3306	4	6	4
3307	106	93	77
3308	14	19	19
3309	3	5	2
3310	4	3	3
3311	15	21	27
3312	4	1	3
3313	95	98	78
3314	9	25	20
3315	9	14	11
3316	36	29	27
3317	59	57	52
3318	11	16	18
3319	35	58	42
3320	0	0	0
3321	3	6	3
3322	0	1	0
3323	15	25	9
3324	70	64	109
3325	0	1	1
3326	4	10	4
3327	11	5	7
3328	22	26	29
3329	0	0	0
3330	7	9	8
3331	0	4	2
3332	16	19	14
3333	1	1	4
3334	10	16	17
3335	4	2	1
3336	9	13	11
3337	1	1	1
3338	18	21	14
3339	3	4	11
3340	71	77	77
3341	257	278	303
3342	27	30	37
3343	0	0	0
3344	593	634	540
3345	7	5	3
3346	20	26	34
3347	12	19	21
3348	286	272	294
3349	10	27	14
3350	25	48	45
3351	7	8	10
3352	13	18	16
3353	0	0	0
3354	351	310	341
3355	3	2	3
3356	37	46	26
3357	120	107	110
3358	96	86	98
3359	2	0	2
3360	0	0	1
3361	13	20	15
3362	48	32	45
3363	9	4	9
3364	5	7	2
3365	24	20	46
3366	129	111	96
3367	11	14	20
3368	0	0	0
3369	164	164	134
3370	60	61	69
3371	16	13	13
3372	9	2	4
3373	47	65	43
3374	1	2	0
3375	16	28	15
3376	115	92	114
3377	6	2	7
3378	0	1	2
3379	199	221	240
3380	14	24	13
3381	81	97	99
3382	62	73	77
3383	30	32	39
3384	2	1	1
3385	0	0	0
3386	31	30	25
3387	2	2	1
3388	0	0	0
3389	9	6	3
3390	20	15	18
3391	2	1	0
3392	7	7	12
3393	64	70	67
3394	12	9	6
3395	34	34	32
3396	0	0	0
3397	344	311	367
3398	26	21	21
3399	0	0	0
3400	0	0	0
3401	0	0	0
3402	0	0	0
3403	0	0	0
3404	0	0	1
3405	10	5	15
3406	3	4	4
3407	1	1	0
3408	72	75	69
3409	82	73	73
3410	0	1	0
3411	24	23	22
3412	109	128	110
3413	6	5	2
3414	1	3	4
3415	0	0	0
3416	11	8	4
3417	0	0	0
3418	6	14	12
3419	1	0	0
3420	14	7	12
3421	19	8	11
3422	27	24	36
3423	10	14	11
3424	0	0	0
3425	26	23	30
3426	31	27	25
3427	17	8	7
3428	136	131	122
3429	1	2	3
3430	0	2	1
3431	161	157	148
3432	5	3	6
3433	28	23	24
3434	31	18	10
3435	11	5	5
3436	3	1	1
3437	57	72	38
3438	2	0	2
3439	6	3	5
3440	22	18	28
3441	152	161	137
3442	0	0	0
3443	10	22	13
3444	0	1	0
3445	21	13	12
3446	23	14	17
3447	0	0	0
3448	2	4	2
3449	0	0	0
3450	0	0	3
3451	0	0	0
3452	0	0	0
3453	11	8	7
3454	257	243	308
3455	7	5	10
3456	27	29	25
3457	7	8	5
3458	1	0	0
3459	109	116	149
3460	9	9	13
3461	18	26	14
3462	13	9	5
3463	0	0	0
3464	0	0	0
3465	23	13	14
3466	3	2	2
3467	1	1	2
3468	100	110	105
3469	2	2	2
3470	16	20	18
3471	0	0	0
3472	5	13	6
3473	16	9	11
3474	3	1	2
3475	3	9	5
3476	30	24	34
3477	37	53	46
3478	6	4	7
3479	38	54	29
3480	0	0	0
3481	38	39	45
3482	2	11	3
3483	65	54	75
3484	0	0	0
3485	43	31	33
3486	17	9	8
3487	23	10	19
3488	240	252	230
3489	3	2	1
3490	111	104	118
3491	0	2	0
3492	415	439	552
3493	19	23	50
3494	82	78	79
3495	231	222	236
3496	30	21	37
3497	1	6	5
3498	5	4	7
3499	2	2	4
3500	252	253	222
3501	6	14	17
3502	13	13	4
3503	1	1	2
3504	1	0	0
3505	3	2	2
3506	13	11	10
3507	47	43	58
3508	4	4	4
3509	194	195	215
3510	8	6	3
3511	44	38	30
3512	117	104	75
3513	8	8	12
3514	11	10	6
3515	2	3	3
3516	29	11	23
3517	2	0	1
3518	14	7	15
3519	26	26	41
3520	35	52	38
3521	30	37	38
3522	6	3	2
3523	4	2	3
3524	9	6	8
3525	51	58	50
3526	0	1	1
3527	180	166	159
3528	46	72	77
3529	17	15	15
3530	12	13	13
3531	2	3	2
3532	0	1	0
3533	2	1	4
3534	4	7	6
3535	2	3	2
3536	2	2	0
3537	16	17	15
3538	37	44	30
3539	86	87	60
3540	0	2	1
3541	9	12	13
3542	39	42	41
3543	0	1	2
3544	14	10	15
3545	28	15	18
3546	145	157	147
3547	192	180	181
3548	0	1	2
3549	24	21	16
3550	35	24	23
3551	52	57	57
3552	53	51	54
3553	8	2	9
3554	0	0	0
3555	7	6	7
3556	7	13	5
3557	53	72	56
3558	32	37	23
3559	2	3	1
3560	58	43	63
3561	2	7	2
3562	541	508	589
3563	47	40	67
3564	6	6	8
3565	8	7	5
3566	9	6	9
3567	85	72	68
3568	5	8	5
3569	9	16	3
3570	0	3	0
3571	51	84	55
3572	4	0	2
3573	17	12	9
3574	23	20	9
3575	15	24	14
3576	11	16	18
3577	45	24	26
3578	53	33	38
3579	120	83	103
3580	2	2	4
3581	68	92	70
3582	13	10	18
3583	0	0	1
3584	21	31	22
3585	0	0	0
3586	74	56	56
3587	28	20	25
3588	201	198	228
3589	0	1	2
3590	25	9	19
3591	7	8	9
3592	100	94	93
3593	32	24	27
3594	90	83	81
3595	71	70	47
3596	34	54	48
3597	3	6	3
3598	2	5	5
3599	90	96	81
3600	12	18	11
3601	50	42	33
3602	5	10	10
3603	6	8	7
3604	25	20	17
3605	0	0	0
3606	116	126	173
3607	0	4	1
3608	0	0	0
3609	0	1	0
3610	4	8	11
3611	15	13	13
3612	2	3	1
3613	3	3	1
3614	5	14	10
3615	8	2	3
3616	25	23	21
3617	0	0	0
3618	1	2	2
3619	16	18	23
3620	35	42	46
3621	2	1	2
3622	7	3	4
3623	3	1	3
3624	15	16	17
3625	32	20	22
3626	3	3	3
3627	2	10	4
3628	146	134	161
3629	11	13	12
3630	0	0	0
3631	12	22	10
3632	26	16	18
3633	65	69	71
3634	24	27	25
3635	455	527	442
3636	4	3	2
3637	0	0	0
3638	0	1	2
3639	15	18	9
3640	32	36	42
3641	0	0	0
3642	213	233	185
3643	0	0	0
3644	16	15	26
3645	3	3	5
3646	119	110	112
3647	3	6	6
3648	21	23	19
3649	0	2	2
3650	19	20	14
3651	0	0	0
3652	0	0	0
3653	19	20	30
3654	18	8	17
3655	0	0	0
3656	6	5	11
3657	0	0	0
3658	3	7	5
3659	33	33	36
3660	17	18	22
3661	94	117	109
3662	58	31	26
3663	2	3	3
3664	4	5	7
3665	6	7	5
3666	8	8	9
3667	14	7	10
3668	14	9	15
3669	139	158	171
3670	6	2	1
3671	1	3	0
3672	662	593	602
3673	0	0	0
3674	0	0	0
3675	706	746	770
3676	72	88	86
3677	27	28	20
3678	168	178	135
3679	130	146	153
3680	0	0	0
3681	0	0	0
3682	0	0	0
3683	29	33	37
3684	15	15	12
3685	2	1	0
3686	78	96	100
3687	13	18	16
3688	2	1	3
3689	181	209	207
3690	4	8	5
3691	58	62	52
3692	28	40	44
3693	6	7	2
3694	0	0	0
3695	22	22	36
3696	51	63	77
3697	20	16	21
3698	40	42	25
3699	81	63	56
3700	1	0	2
3701	42	45	39
3702	3	0	3
3703	29	37	29
3704	10	9	23
3705	0	0	2
3706	0	0	0
3707	0	0	0
3708	0	0	0
3709	7	8	11
3710	4	8	4
3711	2	4	7
3712	1	1	3
3713	0	0	0
3714	0	0	0
3715	6	4	2
3716	0	0	0
3717	3	1	1
3718	0	0	0
3719	6	10	4
3720	0	0	0
3721	12	8	4
3722	112	135	133
3723	4	6	4
3724	116	111	93
3725	18	15	17
3726	103	121	131
3727	148	147	141
3728	37	17	19
3729	78	75	59
3730	14	10	9
3731	6	7	8
3732	0	1	0
3733	2	4	3
3734	311	274	345
3735	73	72	60
3736	5	8	2
3737	12	12	6
3738	15	11	10
3739	89	82	62
3740	20	14	23
3741	4	16	6
3742	12	12	19
3743	6	8	3
3744	34	31	28
3745	33	17	25
3746	17	8	11
3747	9	9	11
3748	27	37	36
3749	21	9	15
3750	12	14	10
3751	1	3	1
3752	168	211	178
3753	4	3	3
3754	27	20	17
3755	2	1	0
3756	55	55	51
3757	9	2	8
3758	8	12	8
3759	15	20	13
3760	356	471	416
3761	1120	944	882
3762	135	165	134
3763	15	21	29
3764	1	1	0
3765	11	8	9
3766	2	2	1
3767	96	131	97
3768	4	7	6
3769	11	10	8
3770	1	2	5
3771	188	184	191
3772	377	399	380
3773	12	14	16
3774	83	89	115
3775	5	6	5
3776	15	11	10
3777	9	11	16
3778	147	146	129
3779	0	1	1
3780	48	52	36
3781	36	30	32
3782	36	49	33
3783	8	13	8
3784	10	8	11
3785	9	9	7
3786	0	0	0
3787	246	235	278
3788	26	25	18
3789	43	33	43
3790	6	2	6
3791	0	0	0
3792	1	0	0
3793	4	4	5
3794	16	8	8
3795	62	63	61
3796	10	8	13
3797	99	106	137
3798	0	0	0
3799	90	71	54
3800	0	1	2
3801	39	28	26
3802	8	4	6
3803	13	14	16
3804	65	63	73
3805	19	24	15
3806	60	61	51
3807	5	4	2
3808	16	15	21
3809	0	0	0
3810	1	4	3
3811	4	7	6
3812	8	12	12
3813	9	14	8
3814	28	23	18
3815	13	16	10
3816	42	35	33
3817	8	15	7
3818	0	0	0
3819	53	34	28
3820	35	50	39
3821	4	8	5
3822	1	0	0
3823	5	5	3
3824	0	0	0
3825	18	15	15
3826	9	9	5
3827	6	12	14
3828	1	0	0
3829	13	9	4
3830	15	23	24
3831	52	58	54
3832	15	9	6
3833	17	17	17
3834	10	11	10
3835	0	0	0
3836	1	3	0
3837	0	0	0
3838	72	91	83
3839	34	31	24
3840	8	15	12
3841	166	180	162
3842	40	30	30
3843	22	21	15
3844	26	31	22
3845	4	6	4
3846	49	63	51
3847	0	5	1
3848	23	30	40
3849	7	7	2
3850	1	2	1
3851	47	56	68
3852	18	17	10
3853	9	4	11
3854	44	34	30
3855	16	20	8
3856	0	1	0
3857	10	9	7
3858	23	16	17
3859	12	7	13
3860	0	0	0
3861	2	2	7
3862	50	25	36
3863	61	55	45
3864	13	9	13
3865	0	0	1
3866	0	0	0
3867	11	3	4
3868	11	5	7
3869	8	10	9
3870	1	4	1
3871	42	33	44
3872	5	6	3
3873	0	0	0
3874	67	40	64
3875	4	0	2
3876	12	12	19
3877	9	14	10
3878	28	32	27
3879	11	13	8
3880	35	24	27
3881	45	53	33
3882	472	491	478
3883	0	0	0
3884	7	5	11
3885	0	0	0
3886	2508	2619	2710
3887	4	8	2
3888	72	45	57
3889	17	30	23
3890	1	0	2
3891	18	22	26
3892	432	461	393
3893	1	0	1
3894	10	7	4
3895	37	36	29
3896	63	98	79
3897	27	32	18
3898	31	31	33
3899	16	10	9
3900	8	2	4
3901	1	0	0
3902	6	15	11
3903	22	28	32
3904	22	23	28
3905	10	14	13
3906	40	48	28
3907	275	322	285
3908	23	13	17
3909	13	12	6
3910	19	26	18
3911	104	112	116
3912	1	0	3
3913	4	4	6
3914	0	2	2
3915	13	13	14
3916	0	5	4
3917	8	10	9
3918	13	6	7
3919	23	14	18
3920	18	23	29
3921	63	72	74
3922	57	63	58
3923	0	0	0
3924	28	30	38
3925	190	190	210
3926	15	9	28
3927	30	31	42
3928	2	12	11
3929	40	37	37
3930	3	4	2
3931	39	49	37
3932	32	23	24
3933	1	0	0
3934	55	37	61
3935	0	0	0
3936	3	2	6
3937	16	23	16
3938	1	0	1
3939	82	91	109
3940	117	110	90
3941	11	12	9
3942	0	0	0
3943	48	65	55
3944	1	1	1
3945	29	18	28
3946	7	3	3
3947	12	12	10
3948	18	29	14
3949	14	13	7
3950	18	7	7
3951	59	35	49
3952	0	1	0
3953	13	9	8
3954	6	2	11
3955	77	74	55
3956	2	0	1
3957	1	4	2
3958	23	23	20
3959	48	53	63
3960	4	4	5
3961	5	11	6
3962	1	1	0
3963	2	1	0
3964	7	5	9
3965	10	7	13
3966	2	1	1
3967	355	324	344
3968	31	45	18
3969	155	116	126
3970	35	36	65
3971	10	18	15
3972	23	19	15
3973	27	14	16
3974	0	0	1
3975	98	100	96
3976	5	10	6
3977	2	2	1
3978	147	162	133
3979	63	76	62
3980	32	34	38
3981	135	114	111
3982	158	148	170
3983	0	0	0
3984	1	5	5
3985	248	242	230
3986	35	52	39
3987	157	161	122
3988	3	0	3
3989	0	0	2
3990	24	18	20
3991	34	28	27
3992	9	6	4
3993	10	7	9
3994	11	8	6
3995	21	22	24
3996	45	53	34
3997	15	22	11
3998	38	44	30
3999	34	24	23
4000	0	0	0
4001	2	1	2
4002	6	2	9
4003	10	15	21
4004	180	176	157
4005	11	12	24
4006	131	83	105
4007	199	347	247
4008	14	15	14
4009	5	3	4
4010	8	6	3
4011	57	52	64
4012	34	33	21
4013	0	1	2
4014	58	55	57
4015	40	40	34
4016	93	105	103
4017	58	63	59
4018	64	96	90
4019	16	16	8
4020	3	3	0
4021	0	1	1
4022	789	675	751
4023	26	26	9
4024	16	17	7
4025	91	65	80
4026	7	8	7
4027	36	44	48
4028	7	7	7
4029	257	266	236
4030	337	292	234
4031	76	59	50
4032	60	48	50
4033	32	44	33
4034	4	4	4
4035	109	90	122
4036	15	12	13
4037	1	1	1
4038	175	158	180
4039	89	67	77
4040	13	14	27
4041	112	109	85
4042	5	1	4
4043	14	13	18
4044	22	27	29
4045	71	60	66
4046	3	2	2
4047	9	3	8
4048	8	12	11
4049	41	71	44
4050	8	7	18
4051	0	0	1
4052	0	1	1
4053	5	2	7
4054	5	12	6
4055	4	0	3
4056	3	4	6
4057	39	42	31
4058	4	2	4
4059	0	0	0
4060	1	16	2
4061	94	77	89
4062	219	202	196
4063	9	5	5
4064	8	23	15
4065	7	2	3
4066	2	2	1
4067	54	67	70
4068	2	0	2
4069	1	2	0
4070	2	5	1
4071	0	6	5
4072	0	0	0
4073	1	0	4
4074	13	15	14
4075	2	1	1
4076	58	60	59
4077	0	0	0
4078	0	0	0
4079	1	2	3
4080	0	0	0
4081	20	21	19
4082	0	0	0
4083	1	3	0
4084	19	16	18
4085	16	22	17
4086	5	2	2
4087	15	19	13
4088	10	8	4
4089	1	2	1
4090	64	55	60
4091	5	4	12
4092	1	4	7
4093	1	2	3
4094	0	0	0
4095	326	398	390
4096	1	0	1
4097	11	8	6
4098	40	40	61
4099	8	3	5
4100	33	52	35
4101	4	4	6
4102	13	6	6
4103	28	23	20
4104	16	9	8
4105	25	22	14
4106	0	0	0
4107	0	0	0
4108	95	81	105
4109	24	16	27
4110	27	33	24
4111	9	3	8
4112	18	26	16
4113	5	8	10
4114	5	7	13
4115	286	269	302
4116	5	4	3
4117	219	238	201
4118	1	1	1
4119	1	1	2
4120	4	5	5
4121	28	26	28
4122	0	1	0
4123	1	1	0
4124	0	0	0
4125	0	0	0
4126	0	0	0
4127	0	0	0
4128	0	0	0
4129	0	0	0
4130	34	31	43
4131	32	27	29
4132	56	73	35
4133	39	47	41
4134	12	11	8
4135	12	20	8
4136	1	4	5
4137	11	19	14
4138	4	10	6
4139	1	1	2
4140	0	0	0
4141	0	0	0
4142	0	0	0
4143	0	0	0
4144	44	44	45
4145	5	5	9
4146	16	12	22
4147	0	3	1
4148	0	0	0
4149	2	2	4
4150	0	0	0
4151	9	6	16
4152	51	62	42
4153	6	7	2
4154	21	17	25
4155	2	0	1
4156	17	14	23
4157	0	1	2
4158	101	116	88
4159	4	0	4
4160	130	143	129
4161	231	210	174
4162	18	8	20
4163	5	1	1
4164	2	2	1
4165	151	133	163
4166	1	5	1
4167	2	5	4
4168	20	15	16
4169	18	18	21
4170	0	0	0
4171	88	71	90
4172	8	7	6
4173	3	7	12
4174	94	105	96
4175	20	16	22
4176	86	90	78
4177	26	13	22
4178	80	70	54
4179	0	3	0
4180	0	2	0
4181	93	91	93
4182	50	49	53
4183	11	22	10
4184	3	1	1
4185	0	1	0
4186	3	4	2
4187	16	13	19
4188	2	5	8
4189	17	7	11
4190	141	118	115
4191	63	44	49
4192	0	0	0
4193	1	2	1
4194	9	15	12
4195	26	37	21
4196	15	9	10
4197	1	1	0
4198	63	56	90
4199	11	15	24
4200	3	6	2
4201	29	19	28
4202	6	2	6
4203	13	10	6
4204	352	344	371
4205	1	0	2
4206	19	10	11
4207	65	50	61
4208	8	19	3
4209	13	10	6
4210	13	13	17
4211	146	171	155
4212	7	8	9
4213	1	3	5
4214	9	4	6
4215	10	18	7
4216	9	14	7
4217	0	0	0
4218	0	0	0
4219	8	7	9
4220	7	8	2
4221	0	2	0
4222	87	87	76
4223	0	0	0
4224	22	31	41
4225	3	2	1
4226	97	91	58
4227	3	2	4
4228	11	9	5
4229	9	10	15
4230	19	16	30
4231	27	23	29
4232	23	19	22
4233	36	19	29
4234	29	18	26
4235	12	19	17
4236	34	24	21
4237	67	57	58
4238	9	11	10
4239	59	53	36
4240	75	73	76
4241	1	0	0
4242	45	52	45
4243	8	7	9
4244	3	0	2
4245	83	58	49
4246	20	23	13
4247	93	92	111
4248	66	107	87
4249	1	0	3
4250	0	0	0
4251	1	8	10
4252	0	2	2
4253	3	1	2
4254	10	5	14
4255	7	20	17
4256	15	17	21
4257	1	0	3
4258	168	170	192
4259	1	0	1
4260	27	21	22
4261	2	0	0
4262	184	212	158
4263	0	1	0
4264	14	6	12
4265	18	41	22
4266	6	6	2
4267	1	1	2
4268	5	3	4
4269	15	17	7
4270	34	43	32
4271	3	5	3
4272	20	36	28
4273	25	26	11
4274	33	34	38
4275	19	26	21
4276	28	16	26
4277	26	32	19
4278	13	9	21
4279	68	73	56
4280	3	3	4
4281	1581	1472	1353
4282	3	4	3
4283	22	11	12
4284	11	16	13
4285	20	35	14
4286	6	12	18
4287	36	53	30
4288	62	70	58
4289	2	1	4
4290	0	0	4
4291	40	31	42
4292	22	26	13
4293	9	6	9
4294	22	14	11
4295	0	2	1
4296	1	3	1
4297	19	15	9
4298	137	183	133
4299	20	30	18
4300	12	15	18
4301	6	12	11
4302	14	25	24
4303	24	21	23
4304	1	1	0
4305	2	1	4
4306	116	84	93
4307	6	2	30
4308	22	28	35
4309	4	6	6
4310	17	21	22
4311	6	13	5
4312	7	2	2
4313	13	11	6
4314	1	0	0
4315	188	145	186
4316	130	125	97
4317	14	11	9
4318	14	19	14
4319	51	45	31
4320	40	49	29
4321	18	23	25
4322	1	0	0
4323	12	13	19
4324	2	3	2
4325	2	1	6
4326	3	3	5
4327	1	0	0
4328	115	95	110
4329	11	5	3
4330	14	15	18
4331	4	3	2
4332	103	118	127
4333	17	13	11
4334	1	1	5
4335	1	4	2
4336	298	315	281
4337	1	2	1
4338	0	5	3
4339	1	0	1
4340	0	2	0
4341	6	7	7
4342	0	0	1
4343	0	2	3
4344	8	6	3
4345	29	42	22
4346	12	7	12
4347	4	1	5
4348	0	0	0
4349	11	12	3
4350	2	6	1
4351	20	20	20
4352	7	21	11
4353	4	0	1
4354	0	0	0
4355	3	2	2
4356	50	56	32
4357	6	7	4
4358	31	46	47
4359	3	1	2
4360	11	10	11
4361	1	3	5
4362	0	0	1
4363	24	20	22
4364	41	22	51
4365	2	1	0
4366	13	14	14
4367	0	0	0
4368	268	279	243
4369	1	1	2
4370	5	4	0
4371	66	48	58
4372	3	2	6
4373	12	9	6
4374	6	5	6
4375	16	4	8
4376	0	0	0
4377	10	11	13
4378	22	13	20
4379	2	5	0
4380	0	0	0
4381	6	6	6
4382	30	20	14
4383	3	1	1
4384	0	6	3
4385	0	0	1
4386	3	6	4
4387	1	0	1
4388	0	0	1
4389	20	50	29
4390	111	117	98
4391	206	255	273
4392	57	47	37
4393	197	175	160
4394	114	92	112
4395	29	24	27
4396	912	785	811
4397	22	21	12
4398	75	112	88
4399	23	17	26
4400	0	0	1
4401	8	7	5
4402	99	82	90
4403	32	29	33
4404	56	54	50
4405	0	0	0
4406	12	12	10
4407	2	0	0
4408	61	61	60
4409	8	12	9
4410	29	27	27
4411	0	8	4
4412	1	0	0
4413	26	32	38
4414	19	38	31
4415	9	4	11
4416	221	258	231
4417	14	25	23
4418	0	0	0
4419	4	1	1
4420	57	66	67
4421	4	3	5
4422	72	71	73
4423	22	23	24
4424	3	7	6
4425	0	0	1
4426	13	17	19
4427	5	5	5
4428	134	132	165
4429	22	24	27
4430	0	1	0
4431	2	1	2
4432	15	9	11
4433	13	10	5
4434	0	0	0
4435	59	54	65
4436	7	9	10
4437	70	83	85
4438	86	119	93
4439	36	37	25
4440	0	0	0
4441	1	5	1
4442	240	242	230
4443	0	0	0
4444	20	20	17
4445	6	6	8
4446	7	13	12
4447	10	2	4
4448	3	6	1
4449	0	5	6
4450	0	1	0
4451	0	1	0
4452	8	14	19
4453	110	89	76
4454	113	90	94
4455	0	1	4
4456	469	416	437
4457	8	5	8
4458	12	10	7
4459	82	84	70
4460	6	7	2
4461	14	15	12
4462	26	30	29
4463	22	14	25
4464	411	397	455
4465	52	53	39
4466	12	16	13
4467	34	35	31
4468	49	54	54
4469	13	8	18
4470	1	2	1
4471	523	497	460
4472	12	6	9
4473	0	0	1
4474	15	13	12
4475	42	68	44
4476	8	7	9
4477	5	5	8
4478	8	10	10
4479	0	0	0
4480	31	27	11
4481	8	6	3
4482	1	4	1
4483	0	0	0
4484	3	7	7
4485	2	1	0
4486	9	19	10
4487	3	1	5
4488	76	69	63
4489	52	72	78
4490	0	0	0
4491	30	26	23
4492	36	40	28
4493	4	9	11
4494	0	0	2
4495	33	25	16
4496	1	1	0
4497	19	19	23
4498	0	0	0
4499	6	6	5
4500	35	34	32
4501	6	5	2
4502	5	2	0
4503	1	0	1
4504	37	39	34
4505	13	15	10
4506	3	1	4
4507	4	3	0
4508	62	59	55
4509	0	0	0
4510	80	78	90
4511	3	1	1
4512	19	14	22
4513	2	4	5
4514	13	10	10
4515	0	0	1
4516	17	8	4
4517	24	22	14
4518	18	19	21
4519	124	114	113
4520	5	5	6
4521	0	0	0
4522	23	16	16
4523	13	10	8
4524	17	12	16
4525	6	9	3
4526	1	6	0
4527	45	54	32
4528	4	3	3
4529	0	0	0
4530	9	16	10
4531	2	0	4
4532	0	0	0
4533	0	0	0
4534	3	3	5
4535	0	0	0
4536	87	99	94
4537	1	5	0
4538	92	79	93
4539	2	6	5
4540	74	63	58
4541	8	12	0
4542	33	29	29
4543	12	7	7
4544	52	55	44
4545	27	30	18
4546	7	13	7
4547	17	17	20
4548	1	1	2
4549	0	0	0
4550	58	72	61
4551	6	3	7
4552	4	6	2
4553	0	0	0
4554	75	87	80
4555	5	5	8
4556	4	6	3
4557	0	1	1
4558	12	19	18
4559	6	4	3
4560	51	56	60
4561	3	6	1
4562	31	20	15
4563	148	115	129
4564	20	20	14
4565	398	342	316
4566	35	23	26
4567	10	12	6
4568	86	66	51
4569	47	31	40
4570	24	18	23
4571	110	87	126
4572	43	40	41
4573	3	1	0
4574	0	0	0
4575	0	0	0
4576	15	9	9
4577	0	3	0
4578	3	1	3
4579	304	329	271
4580	9	3	6
4581	0	0	0
4582	4	5	7
4583	2	0	2
4584	0	0	0
4585	2	1	0
4586	7	3	8
4587	4	2	3
4588	322	337	302
4589	9	18	8
4590	10	7	7
4591	18	12	16
4592	322	341	392
4593	9	14	7
4594	170	188	208
4595	19	16	16
4596	3	0	0
4597	32	31	47
4598	127	122	121
4599	4	14	1
4600	13	17	7
4601	53	57	43
4602	13	12	12
4603	36	26	20
4604	7	5	3
4605	4	6	6
4606	137	150	130
4607	1	2	2
4608	0	0	1
4609	1	1	0
4610	14	10	11
4611	83	83	80
4612	1	2	6
4613	15	3	19
4614	8	6	13
4615	61	62	78
4616	18	26	15
4617	37	27	28
4618	2	1	1
4619	11	13	13
4620	20	18	29
4621	3	4	5
4622	17	18	16
4623	0	0	0
4624	76	64	99
4625	7	17	7
4626	12	2	3
4627	125	124	112
4628	23	37	27
4629	42	35	33
4630	0	0	0
4631	426	428	344
4632	9	18	23
4633	50	46	45
4634	4	1	2
4635	24	26	19
4636	0	1	0
4637	23	36	33
4638	20	16	27
4639	6	8	7
4640	231	233	209
4641	11	10	17
4642	159	162	158
4643	47	57	44
4644	4	4	1
4645	0	2	1
4646	394	319	395
4647	3	7	9
4648	117	106	89
4649	2	2	7
4650	23	22	14
4651	36	24	22
4652	0	0	0
4653	0	2	1
4654	0	4	1
4655	0	0	1
4656	12	11	7
4657	13	11	11
4658	12	11	13
4659	4	4	8
4660	0	0	0
4661	68	61	53
4662	2	1	2
4663	284	275	353
4664	45	28	21
4665	5	6	8
4666	10	6	9
4667	151	134	150
4668	23	36	32
4669	19	17	12
4670	3	2	3
4671	0	2	0
4672	1	2	4
4673	0	0	1
4674	32	31	25
4675	35	33	24
4676	119	138	95
4677	17	27	18
4678	17	12	10
4679	75	45	44
4680	9	8	13
4681	176	132	118
4682	28	43	22
4683	3	4	4
4684	5	7	5
4685	3	3	5
4686	13	19	12
4687	4	5	3
4688	8	6	7
4689	16	15	25
4690	32	20	24
4691	2	3	7
4692	0	0	0
4693	18	12	11
4694	10	11	6
4695	4	5	5
4696	4	11	4
4697	3	5	6
4698	4	3	4
4699	25	33	31
4700	39	55	40
4701	5	4	3
4702	0	0	0
4703	0	1	0
4704	10	6	12
4705	4	4	2
4706	54	44	42
4707	33	25	21
4708	23	25	28
4709	21	23	15
4710	36	40	44
4711	3	2	1
4712	9	6	4
4713	55	42	57
4714	11	15	12
4715	36	31	28
4716	4	6	4
4717	126	100	89
4718	49	52	60
4719	9	10	9
4720	0	0	1
4721	31	19	23
4722	0	0	0
4723	28	21	23
4724	0	0	0
4725	9	14	13
4726	668	680	641
4727	1	3	2
4728	133	130	110
4729	24	19	16
4730	165	154	170
4731	5	1	1
4732	26	20	22
4733	17	16	26
4734	10	6	3
4735	161	195	182
4736	4	0	0
4737	10	8	15
4738	27	28	28
4739	1	1	3
4740	103	92	109
4741	17	8	11
4742	238	202	234
4743	253	273	324
4744	54	59	59
4745	93	76	86
4746	1	1	3
4747	0	0	0
4748	13	12	20
4749	92	81	61
4750	7	11	7
4751	8	22	10
4752	18	17	10
4753	4	8	9
4754	130	120	122
4755	16	16	21
4756	3	8	10
4757	9	13	9
4758	0	1	0
4759	43	30	35
4760	11	27	14
4761	9	8	9
4762	5	4	5
4763	20	16	17
4764	18	10	8
4765	19	15	14
4766	171	180	194
4767	33	33	31
4768	82	78	65
4769	132	131	171
4770	0	0	0
4771	2	1	2
4772	10	9	10
4773	275	289	288
4774	10	9	8
4775	0	2	1
4776	0	0	0
4777	110	109	87
4778	4	7	1
4779	0	0	0
4780	2	0	1
4781	14	17	18
4782	0	0	0
4783	16	22	22
4784	2	4	2
4785	53	47	44
4786	29	19	31
4787	10	7	7
4788	16	5	7
4789	83	83	66
4790	24	27	20
4791	9	1	6
4792	6	8	9
4793	4	0	0
4794	12	16	21
4795	45	41	47
4796	47	69	40
4797	17	13	20
4798	1	0	1
4799	11	11	5
4800	0	1	0
4801	0	1	1
4802	208	209	160
4803	176	178	188
4804	99	81	101
4805	44	46	43
4806	0	1	1
4807	175	141	156
4808	45	45	39
4809	90	86	71
4810	10	15	6
4811	5	7	8
4812	15	15	15
4813	9	8	7
4814	6	6	15
4815	0	2	1
4816	196	187	166
4817	1	0	0
4818	4	2	3
4819	151	141	128
4820	7	7	5
4821	14	15	17
4822	3	2	5
4823	19	29	20
4824	3	4	0
4825	105	105	128
4826	68	46	62
4827	36	40	39
4828	3	1	1
4829	15	15	6
4830	1	1	0
4831	3	4	8
4832	11	8	6
4833	39	33	41
4834	0	0	1
4835	14	11	11
4836	1	2	1
4837	6	6	4
4838	64	58	54
4839	497	538	594
4840	51	47	60
4841	60	57	66
4842	4	5	7
4843	7	12	6
4844	58	39	39
4845	106	125	114
4846	6	7	4
4847	4	3	2
4848	13	10	11
4849	52	69	61
4850	1	0	3
4851	25	23	17
4852	8	10	5
4853	22	16	12
4854	10	9	9
4855	12	17	13
4856	29	25	30
4857	0	1	2
4858	0	0	0
4859	0	0	0
4860	12	15	7
4861	1513	1647	1723
4862	14	21	19
4863	10	9	11
4864	43	30	26
4865	0	0	0
4866	1	3	0
4867	2	2	2
4868	55	67	68
4869	59	77	57
4870	1	7	5
4871	0	0	0
4872	0	1	0
4873	0	2	1
4874	13	15	12
4875	13	10	15
4876	2	1	2
4877	52	71	82
4878	0	0	0
4879	0	0	0
4880	1	0	0
4881	0	0	0
4882	0	0	0
4883	0	0	0
4884	0	0	0
4885	2	1	1
4886	3	5	4
4887	1	3	5
4888	58	51	44
4889	242	253	258
4890	71	74	63
4891	116	100	91
4892	0	0	0
4893	0	2	1
4894	39	47	49
4895	9	3	2
4896	27	35	16
4897	3	4	4
4898	4	3	5
4899	45	43	38
4900	7	11	5
4901	21	20	11
4902	28	16	28
4903	1	0	3
4904	151	223	152
4905	0	0	0
4906	1	1	5
4907	26	27	22
4908	7	2	2
4909	51	40	42
4910	12	10	5
4911	87	78	116
4912	25	27	28
4913	7	7	7
4914	123	124	128
4915	0	0	0
4916	2	5	4
4917	9	5	6
4918	14	14	12
4919	23	27	20
4920	49	52	39
4921	36	31	39
4922	70	63	65
4923	45	50	47
4924	5	8	5
4925	0	1	0
4926	163	180	194
4927	8	5	9
4928	81	77	81
4929	44	55	33
4930	0	0	0
4931	97	95	112
4932	358	333	317
4933	0	0	0
4934	32	30	37
4935	22	14	13
4936	50	44	26
4937	3	3	3
4938	27	22	15
4939	45	33	32
4940	34	12	23
4941	12	11	8
4942	506	435	450
4943	4	1	2
4944	1	2	4
4945	0	1	0
4946	3	3	2
4947	17	10	13
4948	55	33	43
4949	50	48	42
4950	0	2	2
4951	0	0	0
4952	47	54	67
4953	4	4	1
4954	0	0	1
4955	0	0	0
4956	12	16	11
4957	7	4	4
4958	6	6	4
4959	4	2	6
4960	8	9	15
4961	16	18	26
4962	5	8	5
4963	25	24	19
4964	948	897	925
4965	3	8	2
4966	1569	1565	1418
4967	1	1	0
4968	1	0	3
4969	0	1	0
4970	0	0	0
4971	22	30	16
4972	46	34	72
4973	3	1	3
4974	1	2	0
4975	5	14	8
4976	15	16	12
4977	11	7	9
4978	29	19	24
4979	61	53	63
4980	29	31	25
4981	13	4	11
4982	6	8	4
4983	2	4	0
4984	1	1	1
4985	0	1	0
4986	21	38	13
4987	13	8	22
4988	6	7	6
4989	3	0	4
4990	18	12	15
4991	63	68	66
4992	0	0	0
4993	0	0	0
4994	2	7	5
4995	0	1	0
4996	7	4	9
4997	57	54	52
4998	35	44	38
4999	120	122	103
5000	9	10	6
5001	11	14	9
5002	2	1	1
5003	258	277	269
5004	107	102	127
5005	2	1	0
5006	0	0	0
5007	91	85	85
5008	3	0	3
5009	34	30	29
5010	16	18	14
5011	1	2	1
5012	12	15	14
5013	0	2	0
5014	40	43	34
5015	30	27	51
5016	145	149	173
5017	0	1	1
5018	12	11	19
5019	27	26	41
5020	823	829	691
5021	3	1	2
5022	12	15	16
5023	68	56	34
5024	396	383	369
5025	3	2	2
5026	40	22	44
5027	9	11	11
5028	44	33	47
5029	20	35	18
5030	3	3	0
5031	2	3	1
5032	6	13	1
5033	6	10	10
5034	75	82	55
5035	273	260	272
5036	25	23	15
5037	52	71	59
5038	19	22	27
5039	9	5	4
5040	0	0	0
5041	0	0	0
5042	3	4	1
5043	4	13	13
5044	3	5	0
5045	2	0	0
5046	98	187	88
5047	8	9	18
5048	22	31	23
5049	0	0	0
5050	3	2	0
5051	1	3	1
5052	100	56	79
5053	62	66	63
5054	11	20	24
5055	228	261	215
5056	22	13	14
5057	0	0	0
5058	36	46	47
5059	5	2	6
5060	6	5	2
5061	5	7	6
5062	334	453	424
5063	8	7	11
5064	0	0	0
5065	2	4	5
5066	6	1	0
5067	2	4	8
5068	1	3	0
5069	31	21	33
5070	2	1	1
5071	19	15	25
5072	108	104	94
5073	90	111	79
5074	83	81	88
5075	1	1	2
5076	118	127	86
5077	46	60	55
5078	44	42	33
5079	4	6	3
5080	12	10	13
5081	2	4	5
5082	4	1	2
5083	3	6	0
5084	2	9	5
5085	16	13	17
5086	44	49	44
5087	3	3	6
5088	0	0	1
5089	61	78	60
5090	16	21	18
5091	21	27	29
5092	96	82	63
5093	0	2	2
5094	32	24	16
5095	31	51	38
5096	0	0	0
5097	29	35	23
5098	272	283	305
5099	23	18	22
5100	6	4	3
5101	18	15	41
5102	110	101	95
5103	9	16	25
5104	2	1	1
5105	35	34	29
5106	840	801	767
5107	2	2	4
5108	3	3	0
5109	10	6	11
5110	153	133	134
5111	45	33	34
5112	0	0	0
5113	8	7	14
5114	12	12	11
5115	25	24	26
5116	175	200	201
5117	0	0	0
5118	1	1	4
5119	17	13	10
5120	29	28	23
5121	170	141	164
5122	13	5	12
5123	6	12	6
5124	0	1	0
5125	4	1	2
5126	6	4	7
5127	513	482	500
5128	0	0	0
5129	1	1	0
5130	8	11	7
5131	105	110	83
5132	7	9	7
5133	5	1	2
5134	3	4	0
5135	0	0	0
5136	9	8	4
5137	2	6	2
5138	5	2	3
5139	31	41	52
5140	70	80	98
5141	3	3	4
5142	13	13	14
5143	2	6	1
5144	0	0	0
5145	14	9	11
5146	112	99	134
5147	2	2	0
5148	1	0	2
5149	2	1	0
5150	42	46	33
5151	53	52	54
5152	2	4	3
5153	0	0	0
5154	0	0	0
5155	126	114	81
5156	3	4	2
5157	77	60	65
5158	0	0	0
5159	24	13	21
5160	15	38	23
5161	56	33	44
5162	53	42	72
5163	12	14	19
5164	4	7	4
5165	44	51	55
5166	10	10	11
5167	6	10	6
5168	83	72	85
5169	2	5	5
5170	44	38	28
5171	85	96	80
5172	8	15	13
5173	86	91	87
5174	7	2	5
5175	0	0	0
5176	2	1	0
5177	50	34	50
5178	0	0	0
5179	79	63	60
5180	24	29	29
5181	0	0	0
5182	104	118	82
5183	49	66	49
5184	53	34	55
5185	223	219	232
5186	59	53	47
5187	48	46	47
5188	50	35	42
5189	9	10	18
5190	0	0	0
5191	11	9	12
5192	1	1	1
5193	36	31	36
5194	10	7	4
5195	16	18	16
5196	11	16	16
5197	50	41	51
5198	70	64	71
5199	1	0	1
5200	4	4	8
5201	92	72	78
5202	8	8	9
5203	169	163	141
5204	152	176	126
5205	0	0	0
5206	329	327	326
5207	0	0	0
5208	124	112	97
5209	10	4	4
5210	15	12	13
5211	15	15	8
5212	32	33	29
5213	64	52	62
5214	14	10	21
5215	77	76	84
5216	76	71	63
5217	0	0	0
5218	0	0	0
5219	10	8	7
5220	19	21	21
5221	7	6	5
5222	23	31	45
5223	137	122	144
5224	24	24	13
5225	86	78	64
5226	21	28	17
5227	5	8	8
5228	52	60	49
5229	72	70	67
5230	94	75	85
5231	53	32	43
5232	1	5	11
5233	2	3	9
5234	14	17	12
5235	1	1	0
5236	78	94	85
5237	0	0	0
5238	0	0	0
5239	0	0	0
5240	0	0	0
5241	2	0	3
5242	18	10	18
5243	7	10	6
5244	23	21	25
5245	2	1	2
5246	3	7	3
5247	11	23	13
5248	5	7	14
5249	33	17	18
5250	48	42	35
5251	178	194	142
5252	2	4	1
5253	1	1	1
5254	101	93	85
5255	9	8	10
5256	27	34	19
5257	3	5	2
5258	2	12	4
5259	52	36	34
5260	40	32	31
5261	29	33	34
5262	14	12	12
5263	0	0	1
5264	37	36	38
5265	6	7	5
5266	374	386	334
5267	6	3	3
5268	0	0	0
5269	14	13	15
5270	3	0	2
5271	15	11	15
5272	0	1	1
5273	0	0	0
5274	24	24	20
5275	0	0	0
5276	0	0	0
5277	4	3	1
5278	12	4	8
5279	81	73	68
5280	5	7	6
5281	57	49	50
5282	0	0	0
5283	33	52	27
5284	244	300	224
5285	9	6	7
5286	2	1	1
5287	16	8	5
5288	0	1	0
5289	52	43	38
5290	101	123	94
5291	49	67	90
5292	318	281	322
5293	23	24	23
5294	11	15	15
5295	86	89	71
5296	0	0	0
5297	13	9	9
5298	33	36	25
5299	2	1	0
5300	69	75	60
5301	13	8	15
5302	6	7	2
5303	48	35	28
5304	95	86	119
5305	65	57	69
5306	105	89	82
5307	8	10	14
5308	3	16	6
5309	52	54	54
5310	52	56	78
5311	15	19	9
5312	0	0	0
5313	24	25	16
5314	8	5	5
5315	0	0	0
5316	11	13	7
5317	2	0	1
5318	2	0	1
5319	12	11	24
5320	63	63	60
5321	487	445	497
5322	12	19	13
5323	0	7	4
5324	26	46	28
5325	10	20	17
5326	0	0	3
5327	838	910	960
5328	0	1	0
5329	23	15	16
5330	0	2	2
5331	36	40	23
5332	1050	1081	1170
5333	27	22	16
5334	5	2	3
5335	10	15	25
5336	25	19	22
5337	542	518	647
5338	1	0	3
5339	24	18	15
5340	290	266	258
5341	10	14	13
5342	2	2	2
5343	5	6	10
5344	127	98	107
5345	12	7	13
5346	3	2	3
5347	0	1	0
5348	3	3	2
5349	103	125	123
5350	41	37	39
5351	89	84	100
5352	9	4	8
5353	22	26	19
5354	18	26	20
5355	4	3	3
5356	75	74	61
5357	32	33	28
5358	7	4	6
5359	2	1	0
5360	2	0	2
5361	4	1	2
5362	0	0	0
5363	0	0	1
5364	28	31	25
5365	7	7	6
5366	19	12	9
5367	16	18	10
5368	17	13	15
5369	87	108	100
5370	11	16	9
5371	8	6	6
5372	7	6	2
5373	14	23	23
5374	1	3	3
5375	95	90	83
5376	1	6	4
5377	0	5	1
5378	0	1	1
5379	80	55	54
5380	7	8	9
5381	0	0	0
5382	3	4	3
5383	75	61	53
5384	0	0	0
5385	10	12	10
5386	58	53	62
5387	3	6	2
5388	12	17	14
5389	5	3	4
5390	4	4	4
5391	7	12	8
5392	2	1	4
5393	20	22	31
5394	52	34	51
5395	5	3	5
5396	0	0	1
5397	13	13	11
5398	176	170	188
5399	10	12	4
5400	0	0	0
5401	180	166	204
5402	6	6	6
5403	81	73	57
5404	1	3	2
5405	41	33	54
5406	3	0	2
5407	8	8	11
5408	11	5	5
5409	24	32	31
5410	98	83	96
5411	0	0	0
5412	11	12	7
5413	1	4	0
5414	15	20	20
5415	8	3	7
5416	136	116	160
5417	1	0	3
5418	9	7	3
5419	34	14	15
5420	4	4	3
5421	0	0	0
5422	12	12	12
5423	37	40	30
5424	35	12	20
5425	8	9	4
5426	8	11	7
5427	20	24	20
5428	2	5	2
5429	13	8	14
5430	9	6	7
5431	2	5	5
5432	204	171	252
5433	71	58	64
5434	46	30	41
5435	2	2	6
5436	6	9	7
5437	10	6	7
5438	128	157	126
5439	2	3	6
5440	6	7	3
5441	218	254	212
5442	133	107	123
5443	909	875	898
5444	298	315	308
5445	40	32	43
5446	312	372	378
5447	103	115	86
5448	4	3	1
5449	50	54	55
5450	210	176	186
5451	163	173	128
5452	12	14	16
5453	184	195	200
5454	1	2	3
5455	0	1	0
5456	15	9	19
5457	259	246	260
5458	0	0	0
5459	11	5	3
5460	0	0	4
5461	3	5	2
5462	2	5	1
5463	286	224	262
5464	4	10	14
5465	16	13	23
5466	647	575	578
5467	5	3	5
5468	52	55	48
5469	6	1	2
5470	143	168	141
5471	25	23	13
5472	1	0	0
5473	0	0	0
5474	1	1	1
5475	0	0	0
5476	82	101	75
5477	2	7	7
5478	0	2	0
5479	0	0	0
5480	1	4	0
5481	11	16	14
5482	183	158	170
5483	5	2	1
5484	4	10	3
5485	0	1	0
5486	36	36	50
5487	18	28	17
5488	63	94	62
5489	40	48	56
5490	15	15	21
5491	16	16	8
5492	0	0	0
5493	0	0	0
5494	0	1	0
5495	0	0	0
5496	4	4	6
5497	19	16	17
5498	1	1	1
5499	20	24	19
5500	149	145	126
5501	1	1	2
5502	102	92	117
5503	180	214	147
5504	2	2	3
5505	5	10	6
5506	112	116	110
5507	9	19	19
5508	4	6	4
5509	327	335	347
5510	3	3	3
5511	8	5	1
5512	121	132	83
5513	0	2	3
5514	11	22	18
5515	14	11	9
5516	8	6	13
5517	0	0	0
5518	0	0	0
5519	17	11	18
5520	9	7	13
5521	49	46	35
5522	7	3	8
5523	3	5	6
5524	0	4	3
5525	0	0	0
5526	0	0	0
5527	0	0	0
5528	30	37	35
5529	1	2	1
5530	248	226	253
5531	515	517	490
5532	3	7	4
5533	0	0	0
5534	156	107	123
5535	63	51	56
5536	13	11	14
5537	4	4	4
5538	1	2	3
5539	4	6	5
5540	0	0	0
5541	238	169	144
5542	0	0	1
5543	4	1	4
5544	8	6	5
5545	107	78	78
5546	29	24	32
5547	6	4	8
5548	8	16	24
5549	2	0	0
5550	49	47	45
5551	4	4	0
5552	11	11	10
5553	1	0	0
5554	42	49	34
5555	6	5	4
5556	7	12	11
5557	1	1	2
5558	16	13	15
5559	2	2	3
5560	3	2	4
5561	8	11	11
5562	0	0	0
5563	8	9	6
5564	14	13	12
5565	1539	1558	1261
5566	11	15	12
5567	4	7	4
5568	67	54	70
5569	21	21	18
5570	2	5	3
5571	0	0	0
5572	3	7	5
5573	19	15	19
5574	28	21	22
5575	0	2	0
5576	34	37	27
5577	473	443	438
5578	98	112	93
5579	7	6	5
5580	6	6	3
5581	1	1	4
5582	0	0	1
5583	9	11	14
5584	61	69	50
5585	11	9	12
5586	2	0	1
5587	7	5	7
5588	2	4	3
5589	153	113	150
5590	58	50	47
5591	0	1	6
5592	5	8	10
5593	8	9	12
5594	2	4	6
5595	4	5	3
5596	183	182	166
5597	5	6	8
5598	22	11	16
5599	30	12	12
5600	0	0	0
5601	23	24	19
5602	1	4	0
5603	32	36	34
5604	31	36	35
5605	126	107	99
5606	60	49	52
5607	19	19	14
5608	10	9	6
5609	0	0	0
5610	101	73	83
5611	14	19	11
5612	7	11	6
5613	12	10	17
5614	117	125	125
5615	7	8	4
5616	0	0	1
5617	89	82	86
5618	37	29	40
5619	229	203	133
5620	57	42	65
5621	5	6	11
5622	4	6	3
5623	9	7	15
5624	7	8	9
5625	0	0	1
5626	0	0	0
5627	3	1	0
5628	1	0	0
5629	13	11	5
5630	28	27	25
5631	0	0	0
5632	4	2	7
5633	20	27	23
5634	62	55	61
5635	4	3	4
5636	34	25	25
5637	18	17	10
5638	68	33	32
5639	10	12	12
5640	0	0	0
5641	22	23	22
5642	53	51	63
5643	139	122	127
5644	1	3	2
5645	1	1	1
5646	6	7	5
5647	5	6	4
5648	3	8	6
5649	0	1	0
5650	1	4	3
5651	2	4	2
5652	0	0	0
5653	32	56	49
5654	0	0	0
5655	4	2	4
5656	8	9	5
5657	26	18	17
5658	16	17	21
5659	0	0	0
5660	153	149	127
5661	8	1	6
5662	9	15	12
5663	19	11	10
5664	151	130	121
5665	0	3	1
5666	5	6	2
5667	41	39	59
5668	154	108	147
5669	6	3	7
5670	20	22	18
5671	5	1	3
5672	91	96	76
5673	100	86	91
5674	0	4	1
5675	5	3	3
5676	20	28	19
5677	1	1	0
5678	5	11	17
5679	0	0	0
5680	4	5	4
5681	79	89	63
5682	11	13	8
5683	6	4	5
5684	3	8	4
5685	2	4	11
5686	25	21	27
5687	38	38	32
5688	4	2	2
5689	0	0	0
5690	145	117	112
5691	58	51	77
5692	3	6	3
5693	33	24	17
5694	31	18	17
5695	1178	1109	1207
5696	3	2	2
5697	26	31	19
5698	35	24	23
5699	48	44	43
5700	17	13	13
5701	2	3	1
5702	8	7	12
5703	0	0	0
5704	0	0	0
5705	18	17	10
5706	0	0	0
5707	0	1	0
5708	163	134	167
5709	58	79	49
5710	29	18	28
5711	42	43	32
5712	11	8	4
5713	306	279	329
5714	22	28	27
5715	1	2	2
5716	0	0	0
5717	4	2	1
5718	34	25	28
5719	125	111	85
5720	0	0	0
5721	11	8	14
5722	179	158	143
5723	8	4	4
5724	13	8	18
5725	11	13	12
5726	31	31	35
5727	6	4	8
5728	5	5	3
5729	46	51	58
5730	93	116	128
5731	320	326	404
5732	249	244	154
5733	51	49	44
5734	33	36	20
5735	4	7	5
5736	0	1	0
5737	1	2	2
5738	0	0	0
5739	7	15	6
5740	20	16	24
5741	32	33	27
5742	0	0	0
5743	12	12	13
5744	4	4	1
5745	11	9	5
5746	18	15	13
5747	86	81	77
5748	8	8	5
5749	427	426	408
5750	12	16	12
5751	146	144	144
5752	21	25	28
5753	4	5	9
5754	2	0	2
5755	5	5	4
5756	0	0	0
5757	74	81	94
5758	22	32	35
5759	3	1	3
5760	0	0	0
5761	208	209	209
5762	4	4	10
5763	16	14	12
5764	12	26	12
5765	16	19	21
5766	0	0	0
5767	1	0	1
5768	0	1	0
5769	0	2	1
5770	2	2	2
5771	53	63	50
5772	53	37	33
5773	4	5	7
5774	106	77	55
5775	54	62	51
5776	23	28	20
5777	0	0	0
5778	35	25	16
5779	79	53	51
5780	29	9	25
5781	6	9	5
5782	9	4	9
5783	51	43	48
5784	5	4	2
5785	11	6	10
5786	16	16	21
5787	8	12	10
5788	0	0	0
5789	1445	1508	1562
5790	412	481	443
5791	1	4	1
5792	496	383	309
5793	8	14	15
5794	329	224	327
5795	21	27	21
5796	19	15	6
5797	29	24	20
5798	1	3	0
5799	25	13	14
5800	256	263	295
5801	65	75	52
5802	5	0	7
5803	0	0	0
5804	11	8	3
5805	24	31	20
5806	26	15	15
5807	0	0	0
5808	6	9	4
5809	1	0	3
5810	70	95	72
5811	92	78	77
5812	110	119	190
5813	18	25	26
5814	1	1	0
5815	17	21	18
5816	110	122	74
5817	44	52	42
5818	24	22	35
5819	35	29	34
5820	42	31	31
5821	128	91	134
5822	0	1	1
5823	26	27	21
5824	475	437	414
5825	34	34	25
5826	1	0	1
5827	9	3	4
5828	15	15	7
5829	6	4	5
5830	24	43	47
5831	93	90	80
5832	2	6	4
5833	22	16	23
5834	8	16	11
5835	46	62	43
5836	25	15	9
5837	6	14	4
5838	42	39	39
5839	15	31	17
5840	193	192	202
5841	0	0	0
5842	32	35	35
5843	0	3	2
5844	6	1	4
5845	68	56	43
5846	1	2	1
5847	0	0	0
5848	4	5	11
5849	1	0	2
5850	4	2	4
5851	7	7	7
5852	7	8	5
5853	0	0	0
5854	15	23	13
5855	14	18	8
5856	27	40	35
5857	5	1	3
5858	70	71	63
5859	44	46	69
5860	14	26	24
5861	18	23	10
5862	6	7	11
5863	6	3	3
5864	14	18	19
5865	32	28	32
5866	0	1	0
5867	13	7	5
5868	0	0	0
5869	49	50	51
5870	1	2	1
5871	0	0	1
5872	2	7	7
5873	49	31	38
5874	5	3	6
5875	0	1	0
5876	73	75	65
5877	3	0	2
5878	0	2	2
5879	3	0	2
5880	4	2	4
5881	5	2	2
5882	0	0	0
5883	29	34	34
5884	13	19	13
5885	17	12	12
5886	2	1	0
5887	11	25	19
5888	24	25	12
5889	99	103	94
5890	37	30	45
5891	12	8	6
5892	0	0	0
5893	1	1	0
5894	268	270	256
5895	15	18	22
5896	0	0	0
5897	19	16	8
5898	0	1	0
5899	13	11	8
5900	0	0	1
5901	7	2	2
5902	30	35	31
5903	22	26	17
5904	3	3	12
5905	44	23	28
5906	34	41	27
5907	11	9	9
5908	18	15	23
5909	2	1	4
5910	4	6	1
5911	1	0	3
5912	5	8	2
5913	14	16	6
5914	53	70	46
5915	26	32	17
5916	74	91	81
5917	215	201	177
5918	174	155	178
5919	1	1	3
5920	0	0	1
5921	27	27	30
5922	0	0	0
5923	8	10	13
5924	3	2	1
5925	501	471	404
5926	51	64	38
5927	8	11	10
5928	12	11	6
5929	44	34	33
5930	0	1	0
5931	39	32	50
5932	560	579	593
5933	19	10	16
5934	3	0	2
5935	1	4	2
5936	0	0	0
5937	29	30	34
5938	254	230	177
5939	7	4	3
5940	11	14	9
5941	7	7	11
5942	6	3	10
5943	6	4	5
5944	0	0	0
5945	2101	1985	1891
5946	19	23	32
5947	14	13	14
5948	290	295	239
5949	61	51	41
5950	1	2	2
5951	26	14	24
5952	2	1	1
5953	7	8	4
5954	3	7	2
5955	27	25	27
5956	18	9	12
5957	0	1	1
5958	21	17	11
5959	2	0	1
5960	14	14	9
5961	236	184	168
5962	140	160	141
5963	2	5	7
5964	0	1	0
5965	2	2	1
5966	0	0	0
5967	0	0	0
5968	33	35	34
5969	171	133	158
5970	30	40	39
5971	6	9	2
5972	11	26	21
5973	7	7	1
5974	82	70	75
5975	30	35	41
5976	0	0	0
5977	0	0	0
5978	0	0	0
5979	129	126	137
5980	23	35	39
5981	19	20	13
5982	132	131	123
5983	0	0	0
5984	1	4	8
5985	43	31	43
5986	8	14	17
5987	6	20	11
5988	4	4	5
5989	11	14	9
5990	5	13	3
5991	126	91	141
5992	13	3	6
5993	31	21	32
5994	3	3	1
5995	16	12	13
5996	1	3	0
5997	1	1	1
5998	58	63	48
5999	68	85	72
6000	12	7	9
6001	12	12	13
6002	10	10	5
6003	12	11	10
6004	7	4	7
6005	22	28	33
6006	0	0	1
6007	1	2	2
6008	97	87	78
6009	17	22	15
6010	21	24	26
6011	250	312	266
6012	7	9	11
6013	21	29	31
6014	16	7	2
6015	4	4	3
6016	37	30	37
6017	9	10	9
6018	26	24	23
6019	1	2	8
6020	0	0	0
6021	9	5	11
6022	3	10	0
6023	33	23	29
6024	12	2	7
6025	17	14	11
6026	16	21	16
6027	2	6	6
6028	33	34	44
6029	38	55	33
