	ID	Name	position_from_start	position_from_term	actual_count	downsampled_count
0	rna-XM_713957.1	XM_713957.1	0	1203	100.0	20.0
1	rna-XM_713957.1	XM_713957.1	1	1202	26.0	20.0
2	rna-XM_713957.1	XM_713957.1	13	1190	21.0	20.0
3	rna-XM_713957.1	XM_713957.1	20	1183	23.0	20.0
4	rna-XM_713957.1	XM_713957.1	40	1163	39.0	20.0
5	rna-XM_713957.1	XM_713957.1	43	1160	37.0	20.0
6	rna-XM_713957.1	XM_713957.1	47	1156	47.0	20.0
7	rna-XM_713957.1	XM_713957.1	48	1155	29.0	20.0
8	rna-XM_713957.1	XM_713957.1	50	1153	38.0	20.0
9	rna-XM_713957.1	XM_713957.1	53	1150	24.0	20.0
10	rna-XM_713957.1	XM_713957.1	55	1148	33.0	20.0
11	rna-XM_713957.1	XM_713957.1	74	1129	22.0	20.0
12	rna-XM_713957.1	XM_713957.1	77	1126	32.0	20.0
13	rna-XM_713957.1	XM_713957.1	78	1125	24.0	20.0
14	rna-XM_713957.1	XM_713957.1	80	1123	22.0	20.0
15	rna-XM_713957.1	XM_713957.1	92	1111	31.0	20.0
16	rna-XM_713957.1	XM_713957.1	93	1110	33.0	20.0
17	rna-XM_713957.1	XM_713957.1	94	1109	54.0	20.0
18	rna-XM_713954.1	XM_713954.1	91	512	237.0	20.0
19	rna-XM_713954.1	XM_713954.1	127	476	56.0	20.0
20	rna-XM_713954.1	XM_713954.1	369	234	26.0	20.0
21	rna-XM_713900.2	XM_713900.2	1134	1392	22.0	20.0
22	rna-XM_019475060.1	XM_019475060.1	1637	2599	28.0	20.0
23	rna-XM_019475060.1	XM_019475060.1	2611	1625	70.0	20.0
24	rna-XM_713024.2	XM_713024.2	4	452	26.0	20.0
25	rna-XM_713051.1	XM_713051.1	903	624	22.0	20.0
26	rna-XM_019475064.1	XM_019475064.1	14	250	50.0	20.0
27	rna-XM_019475064.1	XM_019475064.1	15	249	22.0	20.0
28	rna-XM_019475064.1	XM_019475064.1	166	98	48.0	20.0
29	rna-XM_019475067.1	XM_019475067.1	339	450	40.0	20.0
30	rna-XM_019475067.1	XM_019475067.1	364	425	57.0	20.0
31	rna-XM_019475067.1	XM_019475067.1	405	384	25.0	20.0
32	rna-XM_019475067.1	XM_019475067.1	412	377	27.0	20.0
33	rna-XM_019475068.1	XM_019475068.1	1861	1199	24.0	20.0
34	rna-XM_707863.2	XM_707863.2	308	3517	78.0	20.0
35	rna-XM_716341.2	XM_716341.2	36	627	63.0	20.0
36	rna-XM_716341.2	XM_716341.2	49	614	29.0	20.0
37	rna-XM_716341.2	XM_716341.2	147	516	163.0	20.0
38	rna-XM_716371.1	XM_716371.1	216	837	51.0	20.0
39	rna-XM_716387.1	XM_716387.1	796	635	42.0	20.0
40	rna-XM_716388.2	XM_716388.2	80	1033	26.0	20.0
41	rna-XM_716397.1	XM_716397.1	141	180	53.0	20.0
42	rna-XM_716397.1	XM_716397.1	163	158	29.0	20.0
43	rna-XM_716399.1	XM_716399.1	353	256	38.0	20.0
44	rna-XM_716399.1	XM_716399.1	428	181	119.0	20.0
45	rna-XM_716399.1	XM_716399.1	475	134	34.0	20.0
46	rna-XM_716399.1	XM_716399.1	517	92	33.0	20.0
47	rna-XM_716399.1	XM_716399.1	522	87	158.0	20.0
48	rna-XM_716399.1	XM_716399.1	539	70	29.0	20.0
49	rna-XM_019475076.1	XM_019475076.1	370	59	47.0	20.0
50	rna-XM_716403.1	XM_716403.1	519	111	21.0	20.0
51	rna-XM_716403.1	XM_716403.1	532	98	30.0	20.0
52	rna-XM_716407.2	XM_716407.2	661	110	24.0	20.0
53	rna-XM_716407.2	XM_716407.2	668	103	26.0	20.0
54	rna-XM_716419.1	XM_716419.1	113	682	21.0	20.0
55	rna-XM_716442.2	XM_716442.2	524	1366	25.0	20.0
56	rna-XM_716442.2	XM_716442.2	529	1361	38.0	20.0
57	rna-XM_716442.2	XM_716442.2	563	1327	30.0	20.0
58	rna-XM_716442.2	XM_716442.2	582	1308	47.0	20.0
59	rna-XM_716442.2	XM_716442.2	626	1264	56.0	20.0
60	rna-XM_716442.2	XM_716442.2	659	1231	22.0	20.0
61	rna-XM_716442.2	XM_716442.2	677	1213	33.0	20.0
62	rna-XM_716442.2	XM_716442.2	1470	420	26.0	20.0
63	rna-XM_716442.2	XM_716442.2	1833	57	46.0	20.0
64	rna-XM_716447.2	XM_716447.2	619	206	122.0	20.0
65	rna-XM_708542.1	XM_708542.1	94	1187	29.0	20.0
66	rna-XM_708542.1	XM_708542.1	122	1159	24.0	20.0
67	rna-XM_708542.1	XM_708542.1	134	1147	22.0	20.0
68	rna-XM_708542.1	XM_708542.1	144	1137	21.0	20.0
69	rna-XM_708542.1	XM_708542.1	168	1113	28.0	20.0
70	rna-XM_708542.1	XM_708542.1	178	1103	830.0	20.0
71	rna-XM_708542.1	XM_708542.1	179	1102	22.0	20.0
72	rna-XM_708542.1	XM_708542.1	194	1087	28.0	20.0
73	rna-XM_708542.1	XM_708542.1	196	1085	23.0	20.0
74	rna-XM_708542.1	XM_708542.1	230	1051	73.0	20.0
75	rna-XM_708542.1	XM_708542.1	245	1036	60.0	20.0
76	rna-XM_708542.1	XM_708542.1	257	1024	44.0	20.0
77	rna-XM_708542.1	XM_708542.1	263	1018	22.0	20.0
78	rna-XM_708542.1	XM_708542.1	266	1015	25.0	20.0
79	rna-XM_708542.1	XM_708542.1	269	1012	32.0	20.0
80	rna-XM_708542.1	XM_708542.1	271	1010	24.0	20.0
81	rna-XM_708542.1	XM_708542.1	272	1009	28.0	20.0
82	rna-XM_708542.1	XM_708542.1	281	1000	31.0	20.0
83	rna-XM_708542.1	XM_708542.1	296	985	21.0	20.0
84	rna-XM_708542.1	XM_708542.1	298	983	25.0	20.0
85	rna-XM_708542.1	XM_708542.1	301	980	33.0	20.0
86	rna-XM_708542.1	XM_708542.1	306	975	24.0	20.0
87	rna-XM_708542.1	XM_708542.1	307	974	27.0	20.0
88	rna-XM_708542.1	XM_708542.1	332	949	78.0	20.0
89	rna-XM_708542.1	XM_708542.1	335	946	22.0	20.0
90	rna-XM_708542.1	XM_708542.1	338	943	60.0	20.0
91	rna-XM_708542.1	XM_708542.1	341	940	22.0	20.0
92	rna-XM_708542.1	XM_708542.1	344	937	44.0	20.0
93	rna-XM_708542.1	XM_708542.1	347	934	48.0	20.0
94	rna-XM_708542.1	XM_708542.1	353	928	40.0	20.0
95	rna-XM_708542.1	XM_708542.1	359	922	32.0	20.0
96	rna-XM_708542.1	XM_708542.1	368	913	21.0	20.0
97	rna-XM_708542.1	XM_708542.1	423	858	27.0	20.0
98	rna-XM_708542.1	XM_708542.1	433	848	21.0	20.0
99	rna-XM_708542.1	XM_708542.1	438	843	30.0	20.0
100	rna-XM_708542.1	XM_708542.1	439	842	28.0	20.0
101	rna-XM_708542.1	XM_708542.1	440	841	30.0	20.0
102	rna-XM_708542.1	XM_708542.1	441	840	23.0	20.0
103	rna-XM_708542.1	XM_708542.1	444	837	28.0	20.0
104	rna-XM_708542.1	XM_708542.1	450	831	36.0	20.0
105	rna-XM_708542.1	XM_708542.1	452	829	28.0	20.0
106	rna-XM_708542.1	XM_708542.1	453	828	26.0	20.0
107	rna-XM_708542.1	XM_708542.1	464	817	35.0	20.0
108	rna-XM_708542.1	XM_708542.1	467	814	25.0	20.0
109	rna-XM_708542.1	XM_708542.1	470	811	59.0	20.0
110	rna-XM_708542.1	XM_708542.1	473	808	55.0	20.0
111	rna-XM_708542.1	XM_708542.1	503	778	25.0	20.0
112	rna-XM_708542.1	XM_708542.1	519	762	21.0	20.0
113	rna-XM_708542.1	XM_708542.1	520	761	23.0	20.0
114	rna-XM_708542.1	XM_708542.1	522	759	26.0	20.0
115	rna-XM_708542.1	XM_708542.1	527	754	172.0	20.0
116	rna-XM_708542.1	XM_708542.1	534	747	75.0	20.0
117	rna-XM_708542.1	XM_708542.1	566	715	75.0	20.0
118	rna-XM_708553.2	XM_708553.2	798	690	60.0	20.0
119	rna-XM_708570.1	XM_708570.1	164	154	34.0	20.0
120	rna-XM_708576.2	XM_708576.2	239	1699	78.0	20.0
121	rna-XM_708576.2	XM_708576.2	367	1571	30.0	20.0
122	rna-XM_708576.2	XM_708576.2	629	1309	48.0	20.0
123	rna-XM_708576.2	XM_708576.2	1205	733	25.0	20.0
124	rna-XM_705314.2	XM_705314.2	1950	276	25.0	20.0
125	rna-XM_707150.2	XM_707150.2	212	1519	30.0	20.0
126	rna-XM_707150.2	XM_707150.2	341	1390	22.0	20.0
127	rna-XM_705770.2	XM_705770.2	1950	2142	29.0	20.0
128	rna-XM_705770.2	XM_705770.2	2111	1981	21.0	20.0
129	rna-XM_705770.2	XM_705770.2	2114	1978	34.0	20.0
130	rna-XM_705770.2	XM_705770.2	2156	1936	23.0	20.0
131	rna-XM_705770.2	XM_705770.2	2174	1918	30.0	20.0
132	rna-XM_705773.2	XM_705773.2	1364	601	72.0	20.0
133	rna-XM_019475109.1	XM_019475109.1	708	18	47.0	20.0
134	rna-XM_713365.1	XM_713365.1	1441	665	25.0	20.0
135	rna-XM_019475113.1	XM_019475113.1	80	319	72.0	20.0
136	rna-XM_019475113.1	XM_019475113.1	90	309	23.0	20.0
137	rna-XM_019475113.1	XM_019475113.1	128	271	61.0	20.0
138	rna-XM_019475113.1	XM_019475113.1	198	201	32.0	20.0
139	rna-XM_019475113.1	XM_019475113.1	200	199	33.0	20.0
140	rna-XM_019475113.1	XM_019475113.1	203	196	23.0	20.0
141	rna-XM_019475113.1	XM_019475113.1	204	195	28.0	20.0
142	rna-XM_019475113.1	XM_019475113.1	206	193	25.0	20.0
143	rna-XM_019475113.1	XM_019475113.1	235	164	25.0	20.0
144	rna-XM_019475113.1	XM_019475113.1	254	145	22.0	20.0
145	rna-XM_019475113.1	XM_019475113.1	261	138	23.0	20.0
146	rna-XM_019475113.1	XM_019475113.1	263	136	24.0	20.0
147	rna-XM_019475113.1	XM_019475113.1	267	132	26.0	20.0
148	rna-XM_713748.2	XM_713748.2	0	438	23.0	20.0
149	rna-XM_713748.2	XM_713748.2	4	434	28.0	20.0
150	rna-XM_713748.2	XM_713748.2	41	397	26.0	20.0
151	rna-XM_713748.2	XM_713748.2	42	396	22.0	20.0
152	rna-XM_713748.2	XM_713748.2	48	390	26.0	20.0
153	rna-XM_713748.2	XM_713748.2	57	381	81.0	20.0
154	rna-XM_713748.2	XM_713748.2	58	380	29.0	20.0
155	rna-XM_713748.2	XM_713748.2	59	379	21.0	20.0
156	rna-XM_713748.2	XM_713748.2	60	378	40.0	20.0
157	rna-XM_713748.2	XM_713748.2	61	377	22.0	20.0
158	rna-XM_713748.2	XM_713748.2	62	376	41.0	20.0
159	rna-XM_713748.2	XM_713748.2	63	375	27.0	20.0
160	rna-XM_713748.2	XM_713748.2	66	372	25.0	20.0
161	rna-XM_713748.2	XM_713748.2	69	369	26.0	20.0
162	rna-XM_713748.2	XM_713748.2	80	358	24.0	20.0
163	rna-XM_713748.2	XM_713748.2	92	346	23.0	20.0
164	rna-XM_713748.2	XM_713748.2	118	320	26.0	20.0
165	rna-XM_713748.2	XM_713748.2	127	311	42.0	20.0
166	rna-XM_713748.2	XM_713748.2	128	310	22.0	20.0
167	rna-XM_713748.2	XM_713748.2	133	305	42.0	20.0
168	rna-XM_713748.2	XM_713748.2	142	296	30.0	20.0
169	rna-XM_713748.2	XM_713748.2	143	295	22.0	20.0
170	rna-XM_713748.2	XM_713748.2	144	294	82.0	20.0
171	rna-XM_713748.2	XM_713748.2	145	293	38.0	20.0
172	rna-XM_713748.2	XM_713748.2	156	282	25.0	20.0
173	rna-XM_713748.2	XM_713748.2	157	281	23.0	20.0
174	rna-XM_713748.2	XM_713748.2	161	277	30.0	20.0
175	rna-XM_713748.2	XM_713748.2	179	259	25.0	20.0
176	rna-XM_713748.2	XM_713748.2	181	257	23.0	20.0
177	rna-XM_713748.2	XM_713748.2	190	248	34.0	20.0
178	rna-XM_713748.2	XM_713748.2	192	246	28.0	20.0
179	rna-XM_713748.2	XM_713748.2	193	245	28.0	20.0
180	rna-XM_713748.2	XM_713748.2	195	243	52.0	20.0
181	rna-XM_713748.2	XM_713748.2	198	240	22.0	20.0
182	rna-XM_713748.2	XM_713748.2	208	230	23.0	20.0
183	rna-XM_713748.2	XM_713748.2	209	229	28.0	20.0
184	rna-XM_713748.2	XM_713748.2	210	228	34.0	20.0
185	rna-XM_713748.2	XM_713748.2	211	227	28.0	20.0
186	rna-XM_713748.2	XM_713748.2	215	223	25.0	20.0
187	rna-XM_713748.2	XM_713748.2	217	221	26.0	20.0
188	rna-XM_713748.2	XM_713748.2	221	217	53.0	20.0
189	rna-XM_713748.2	XM_713748.2	226	212	24.0	20.0
190	rna-XM_713748.2	XM_713748.2	230	208	29.0	20.0
191	rna-XM_713748.2	XM_713748.2	232	206	22.0	20.0
192	rna-XM_713748.2	XM_713748.2	233	205	27.0	20.0
193	rna-XM_713748.2	XM_713748.2	234	204	25.0	20.0
194	rna-XM_713748.2	XM_713748.2	235	203	23.0	20.0
195	rna-XM_713748.2	XM_713748.2	238	200	27.0	20.0
196	rna-XM_713748.2	XM_713748.2	244	194	27.0	20.0
197	rna-XM_713748.2	XM_713748.2	246	192	28.0	20.0
198	rna-XM_713748.2	XM_713748.2	249	189	22.0	20.0
199	rna-XM_713748.2	XM_713748.2	280	158	89.0	20.0
200	rna-XM_713748.2	XM_713748.2	295	143	23.0	20.0
201	rna-XM_713748.2	XM_713748.2	299	139	158.0	20.0
202	rna-XM_713748.2	XM_713748.2	300	138	27.0	20.0
203	rna-XM_713748.2	XM_713748.2	303	135	30.0	20.0
204	rna-XM_713748.2	XM_713748.2	336	102	21.0	20.0
205	rna-XM_713748.2	XM_713748.2	437	1	47.0	20.0
206	rna-XM_019475120.1	XM_019475120.1	185	184	43.0	20.0
207	rna-XM_712522.2	XM_712522.2	117	384	32.0	20.0
208	rna-XM_712529.2	XM_712529.2	2852	424	46.0	20.0
209	rna-XM_712555.2	XM_712555.2	1877	157	151.0	20.0
210	rna-XM_712560.1	XM_712560.1	634	827	23.0	20.0
211	rna-XM_712562.2	XM_712562.2	1196	181	22.0	20.0
212	rna-XM_706795.1	XM_706795.1	584	154	25.0	20.0
213	rna-XM_718333.2	XM_718333.2	1648	359	28.0	20.0
214	rna-XM_718339.2	XM_718339.2	1217	412	31.0	20.0
215	rna-XM_718406.2	XM_718406.2	1324	269	32.0	20.0
216	rna-XM_718485.1	XM_718485.1	389	334	38.0	20.0
217	rna-XM_718485.1	XM_718485.1	454	269	54.0	20.0
218	rna-XM_718495.2	XM_718495.2	125	2182	45.0	20.0
219	rna-XM_019475144.1	XM_019475144.1	206	115	30.0	20.0
220	rna-XM_706112.2	XM_706112.2	994	128	23.0	20.0
221	rna-XM_706117.2	XM_706117.2	623	904	29.0	20.0
222	rna-XM_706117.2	XM_706117.2	753	774	281.0	20.0
223	rna-XM_705625.1	XM_705625.1	862	578	78.0	20.0
224	rna-XM_705625.1	XM_705625.1	1039	401	41.0	20.0
225	rna-XM_705625.1	XM_705625.1	1065	375	29.0	20.0
226	rna-XM_705625.1	XM_705625.1	1084	356	24.0	20.0
227	rna-XM_705625.1	XM_705625.1	1130	310	46.0	20.0
228	rna-XM_705628.2	XM_705628.2	762	594	25.0	20.0
229	rna-XM_019475147.1	XM_019475147.1	0	414	26.0	20.0
230	rna-XM_019475147.1	XM_019475147.1	263	151	298.0	20.0
231	rna-XM_708831.2	XM_708831.2	1134	885	52.0	20.0
232	rna-XM_708826.1	XM_708826.1	308	100	26.0	20.0
233	rna-XM_019475151.1	XM_019475151.1	121	71	24.0	20.0
234	rna-XM_019475156.1	XM_019475156.1	207	66	37.0	20.0
235	rna-XM_708702.2	XM_708702.2	619	458	21.0	20.0
236	rna-XM_708702.2	XM_708702.2	628	449	34.0	20.0
237	rna-XM_708702.2	XM_708702.2	653	424	33.0	20.0
238	rna-XM_708702.2	XM_708702.2	670	407	22.0	20.0
239	rna-XM_708702.2	XM_708702.2	687	390	25.0	20.0
240	rna-XM_708702.2	XM_708702.2	688	389	22.0	20.0
241	rna-XM_708702.2	XM_708702.2	690	387	33.0	20.0
242	rna-XM_708702.2	XM_708702.2	736	341	24.0	20.0
243	rna-XM_708702.2	XM_708702.2	739	338	23.0	20.0
244	rna-XM_708702.2	XM_708702.2	776	301	173.0	20.0
245	rna-XM_019475158.1	XM_019475158.1	1637	2254	47.0	20.0
246	rna-XM_711236.1	XM_711236.1	2025	834	23.0	20.0
247	rna-XM_711217.2	XM_711217.2	2206	800	21.0	20.0
248	rna-XM_019475165.1	XM_019475165.1	323	88	126.0	20.0
249	rna-XM_705694.2	XM_705694.2	153	1770	28.0	20.0
250	rna-XM_705694.2	XM_705694.2	169	1754	21.0	20.0
251	rna-XM_706488.2	XM_706488.2	3431	970	24.0	20.0
252	rna-XM_706488.2	XM_706488.2	3464	937	25.0	20.0
253	rna-XM_706488.2	XM_706488.2	3485	916	53.0	20.0
254	rna-XM_706471.2	XM_706471.2	1748	1045	50.0	20.0
255	rna-XM_706471.2	XM_706471.2	1846	947	26.0	20.0
256	rna-XM_706471.2	XM_706471.2	2252	541	26.0	20.0
257	rna-XM_706471.2	XM_706471.2	2310	483	49.0	20.0
258	rna-XM_019475174.1	XM_019475174.1	4	392	26.0	20.0
259	rna-XM_717050.2	XM_717050.2	1870	416	25.0	20.0
260	rna-XM_717055.2	XM_717055.2	3480	162	24.0	20.0
261	rna-XM_019475180.1	XM_019475180.1	2396	580	25.0	20.0
262	rna-XM_019475180.1	XM_019475180.1	2429	547	41.0	20.0
263	rna-XM_019475180.1	XM_019475180.1	2450	526	38.0	20.0
264	rna-XM_019475180.1	XM_019475180.1	2537	439	64.0	20.0
265	rna-XM_717124.1	XM_717124.1	1536	99	34.0	20.0
266	rna-XM_717140.1	XM_717140.1	630	1395	21.0	20.0
267	rna-XM_709929.1	XM_709929.1	1241	1969	22.0	20.0
268	rna-XM_709943.1	XM_709943.1	8	832	27.0	20.0
269	rna-XM_709943.1	XM_709943.1	24	816	32.0	20.0
270	rna-XM_709943.1	XM_709943.1	32	808	49.0	20.0
271	rna-XM_709943.1	XM_709943.1	33	807	43.0	20.0
272	rna-XM_709943.1	XM_709943.1	34	806	33.0	20.0
273	rna-XM_709943.1	XM_709943.1	35	805	40.0	20.0
274	rna-XM_709943.1	XM_709943.1	44	796	117.0	20.0
275	rna-XM_709943.1	XM_709943.1	51	789	1908.0	20.0
276	rna-XM_709943.1	XM_709943.1	52	788	61.0	20.0
277	rna-XM_709943.1	XM_709943.1	53	787	25.0	20.0
278	rna-XM_709943.1	XM_709943.1	54	786	24.0	20.0
279	rna-XM_709943.1	XM_709943.1	58	782	26.0	20.0
280	rna-XM_709943.1	XM_709943.1	60	780	26.0	20.0
281	rna-XM_709943.1	XM_709943.1	62	778	33.0	20.0
282	rna-XM_709943.1	XM_709943.1	63	777	24.0	20.0
283	rna-XM_709943.1	XM_709943.1	64	776	22.0	20.0
284	rna-XM_709943.1	XM_709943.1	69	771	56.0	20.0
285	rna-XM_709943.1	XM_709943.1	70	770	22.0	20.0
286	rna-XM_709943.1	XM_709943.1	71	769	21.0	20.0
287	rna-XM_709943.1	XM_709943.1	72	768	27.0	20.0
288	rna-XM_709943.1	XM_709943.1	80	760	32.0	20.0
289	rna-XM_709943.1	XM_709943.1	84	756	36.0	20.0
290	rna-XM_709943.1	XM_709943.1	86	754	46.0	20.0
291	rna-XM_709943.1	XM_709943.1	90	750	21.0	20.0
292	rna-XM_709943.1	XM_709943.1	91	749	23.0	20.0
293	rna-XM_709943.1	XM_709943.1	97	743	32.0	20.0
294	rna-XM_709943.1	XM_709943.1	106	734	22.0	20.0
295	rna-XM_709943.1	XM_709943.1	114	726	26.0	20.0
296	rna-XM_709943.1	XM_709943.1	119	721	33.0	20.0
297	rna-XM_709943.1	XM_709943.1	131	709	32.0	20.0
298	rna-XM_709943.1	XM_709943.1	134	706	23.0	20.0
299	rna-XM_709943.1	XM_709943.1	135	705	22.0	20.0
300	rna-XM_709943.1	XM_709943.1	136	704	22.0	20.0
301	rna-XM_709943.1	XM_709943.1	137	703	31.0	20.0
302	rna-XM_709943.1	XM_709943.1	138	702	31.0	20.0
303	rna-XM_709943.1	XM_709943.1	139	701	23.0	20.0
304	rna-XM_709943.1	XM_709943.1	140	700	22.0	20.0
305	rna-XM_709943.1	XM_709943.1	144	696	21.0	20.0
306	rna-XM_709943.1	XM_709943.1	146	694	30.0	20.0
307	rna-XM_709943.1	XM_709943.1	148	692	23.0	20.0
308	rna-XM_709943.1	XM_709943.1	155	685	21.0	20.0
309	rna-XM_709943.1	XM_709943.1	157	683	21.0	20.0
310	rna-XM_019475187.1	XM_019475187.1	830	1153	25.0	20.0
311	rna-XM_019475187.1	XM_019475187.1	1625	358	24.0	20.0
312	rna-XM_709968.1	XM_709968.1	68	871	39.0	20.0
313	rna-XM_705396.2	XM_705396.2	1182	489	54.0	20.0
314	rna-XM_705388.2	XM_705388.2	36	1668	38.0	20.0
315	rna-XM_705388.2	XM_705388.2	47	1657	23.0	20.0
316	rna-XM_705388.2	XM_705388.2	51	1653	23.0	20.0
317	rna-XM_705388.2	XM_705388.2	1452	252	21.0	20.0
318	rna-XM_714455.1	XM_714455.1	640	242	22.0	20.0
319	rna-XM_717410.1	XM_717410.1	458	2413	22.0	20.0
320	rna-XM_717419.1	XM_717419.1	1231	1115	32.0	20.0
321	rna-XM_717427.1	XM_717427.1	0	360	42.0	20.0
322	rna-XM_717427.1	XM_717427.1	13	347	448.0	20.0
323	rna-XM_717427.1	XM_717427.1	21	339	38.0	20.0
324	rna-XM_717427.1	XM_717427.1	62	298	21.0	20.0
325	rna-XM_717427.1	XM_717427.1	73	287	253.0	20.0
326	rna-XM_717427.1	XM_717427.1	98	262	23.0	20.0
327	rna-XM_717427.1	XM_717427.1	108	252	38.0	20.0
328	rna-XM_717427.1	XM_717427.1	112	248	31.0	20.0
329	rna-XM_717527.2	XM_717527.2	104	5065	165.0	20.0
330	rna-XM_717527.2	XM_717527.2	221	4948	124.0	20.0
331	rna-XM_717527.2	XM_717527.2	239	4930	358.0	20.0
332	rna-XM_717527.2	XM_717527.2	3887	1282	28.0	20.0
333	rna-XM_717527.2	XM_717527.2	3898	1271	23.0	20.0
334	rna-XM_019475213.1	XM_019475213.1	126	2403	43.0	20.0
335	rna-XM_019475213.1	XM_019475213.1	168	2361	41.0	20.0
336	rna-XM_019475213.1	XM_019475213.1	185	2344	26.0	20.0
337	rna-XM_019475213.1	XM_019475213.1	587	1942	50.0	20.0
338	rna-XM_019475213.1	XM_019475213.1	2116	413	24.0	20.0
339	rna-XM_019475213.1	XM_019475213.1	2162	367	21.0	20.0
340	rna-XM_710225.2	XM_710225.2	6542	3319	68.0	20.0
341	rna-XM_715896.2	XM_715896.2	796	1127	44.0	20.0
342	rna-XM_715872.2	XM_715872.2	59	2032	114.0	20.0
343	rna-XM_019475216.1	XM_019475216.1	94	389	64.0	20.0
344	rna-XM_019475216.1	XM_019475216.1	237	246	28.0	20.0
345	rna-XM_019475220.1	XM_019475220.1	70	230	27.0	20.0
346	rna-XM_019475220.1	XM_019475220.1	72	228	28.0	20.0
347	rna-XM_019475220.1	XM_019475220.1	126	174	25.0	20.0
348	rna-XM_019475220.1	XM_019475220.1	141	159	23.0	20.0
349	rna-XM_019475220.1	XM_019475220.1	162	138	55.0	20.0
350	rna-XM_019475220.1	XM_019475220.1	173	127	24.0	20.0
351	rna-XM_715844.1	XM_715844.1	212	1867	133.0	20.0
352	rna-XM_715844.1	XM_715844.1	992	1087	21.0	20.0
353	rna-XM_715844.1	XM_715844.1	996	1083	57.0	20.0
354	rna-XM_715844.1	XM_715844.1	1010	1069	26.0	20.0
355	rna-XM_715844.1	XM_715844.1	1034	1045	24.0	20.0
356	rna-XM_715844.1	XM_715844.1	1051	1028	21.0	20.0
357	rna-XM_715844.1	XM_715844.1	1081	998	47.0	20.0
358	rna-XM_715844.1	XM_715844.1	1083	996	39.0	20.0
359	rna-XM_715844.1	XM_715844.1	1121	958	25.0	20.0
360	rna-XM_715844.1	XM_715844.1	1122	957	29.0	20.0
361	rna-XM_715844.1	XM_715844.1	1124	955	23.0	20.0
362	rna-XM_715844.1	XM_715844.1	1134	945	63.0	20.0
363	rna-XM_715844.1	XM_715844.1	1148	931	29.0	20.0
364	rna-XM_715844.1	XM_715844.1	1149	930	42.0	20.0
365	rna-XM_715844.1	XM_715844.1	1150	929	27.0	20.0
366	rna-XM_715844.1	XM_715844.1	1152	927	21.0	20.0
367	rna-XM_715844.1	XM_715844.1	1170	909	56.0	20.0
368	rna-XM_715844.1	XM_715844.1	1177	902	22.0	20.0
369	rna-XM_715844.1	XM_715844.1	1205	874	21.0	20.0
370	rna-XM_715844.1	XM_715844.1	1259	820	47.0	20.0
371	rna-XM_715844.1	XM_715844.1	1284	795	32.0	20.0
372	rna-XM_715844.1	XM_715844.1	1285	794	26.0	20.0
373	rna-XM_715844.1	XM_715844.1	1288	791	26.0	20.0
374	rna-XM_715844.1	XM_715844.1	1290	789	33.0	20.0
375	rna-XM_715844.1	XM_715844.1	1302	777	24.0	20.0
376	rna-XM_715844.1	XM_715844.1	1343	736	21.0	20.0
377	rna-XM_715844.1	XM_715844.1	1355	724	22.0	20.0
378	rna-XM_715844.1	XM_715844.1	1372	707	26.0	20.0
379	rna-XM_715844.1	XM_715844.1	1431	648	28.0	20.0
380	rna-XM_715840.2	XM_715840.2	965	403	35.0	20.0
381	rna-XM_705032.1	XM_705032.1	958	251	21.0	20.0
382	rna-XM_707825.2	XM_707825.2	80	1204	21.0	20.0
383	rna-XM_707825.2	XM_707825.2	101	1183	37.0	20.0
384	rna-XM_707825.2	XM_707825.2	209	1075	25.0	20.0
385	rna-XM_707823.1	XM_707823.1	42	516	58.0	20.0
386	rna-XM_707823.1	XM_707823.1	136	422	31.0	20.0
387	rna-XM_707823.1	XM_707823.1	137	421	37.0	20.0
388	rna-XM_707823.1	XM_707823.1	138	420	25.0	20.0
389	rna-XM_707823.1	XM_707823.1	157	401	47.0	20.0
390	rna-XM_707823.1	XM_707823.1	168	390	22.0	20.0
391	rna-XM_707823.1	XM_707823.1	499	59	41.0	20.0
392	rna-XM_707822.2	XM_707822.2	845	2071	89.0	20.0
393	rna-XM_705509.1	XM_705509.1	394	71	41.0	20.0
394	rna-XM_705190.2	XM_705190.2	3401	1426	21.0	20.0
395	rna-XM_709806.2	XM_709806.2	289	2060	21.0	20.0
396	rna-XM_709806.2	XM_709806.2	2057	292	41.0	20.0
397	rna-XM_019475231.1	XM_019475231.1	3	336	23.0	20.0
398	rna-XM_709841.1	XM_709841.1	403	1112	43.0	20.0
399	rna-XM_709845.1	XM_709845.1	567	135	47.0	20.0
400	rna-XM_707710.1	XM_707710.1	373	248	65.0	20.0
401	rna-XM_709187.2	XM_709187.2	1208	1060	32.0	20.0
402	rna-XM_704890.1	XM_704890.1	477	333	25.0	20.0
403	rna-XM_710962.1	XM_710962.1	302	1201	50.0	20.0
404	rna-XM_710962.1	XM_710962.1	318	1185	23.0	20.0
405	rna-XM_710955.2	XM_710955.2	804	3396	22.0	20.0
406	rna-XM_019475256.1	XM_019475256.1	7	350	24.0	20.0
407	rna-XM_019475256.1	XM_019475256.1	18	339	65.0	20.0
408	rna-XM_019475260.1	XM_019475260.1	347	1024	29.0	20.0
409	rna-XM_705056.2	XM_705056.2	16	1361	29.0	20.0
410	rna-XM_705056.2	XM_705056.2	174	1203	64.0	20.0
411	rna-XM_705056.2	XM_705056.2	254	1123	23.0	20.0
412	rna-XM_705056.2	XM_705056.2	324	1053	51.0	20.0
413	rna-XM_709350.1	XM_709350.1	523	2732	52.0	20.0
414	rna-XM_709350.1	XM_709350.1	658	2597	21.0	20.0
415	rna-XM_709350.1	XM_709350.1	682	2573	30.0	20.0
416	rna-XM_709350.1	XM_709350.1	685	2570	23.0	20.0
417	rna-XM_709350.1	XM_709350.1	2104	1151	26.0	20.0
418	rna-XM_709344.2	XM_709344.2	699	168	21.0	20.0
419	rna-XM_707506.1	XM_707506.1	712	1037	117.0	20.0
420	rna-XM_707492.2	XM_707492.2	4	578	33.0	20.0
421	rna-XM_707492.2	XM_707492.2	107	475	64.0	20.0
422	rna-XM_709171.2	XM_709171.2	1109	655	46.0	20.0
423	rna-XM_705590.2	XM_705590.2	57	1113	28.0	20.0
424	rna-XM_705590.2	XM_705590.2	107	1063	37.0	20.0
425	rna-XM_705590.2	XM_705590.2	534	636	24.0	20.0
426	rna-XM_705590.2	XM_705590.2	878	292	33.0	20.0
427	rna-XM_705590.2	XM_705590.2	911	259	53.0	20.0
428	rna-XM_705590.2	XM_705590.2	975	195	21.0	20.0
429	rna-XM_712051.1	XM_712051.1	196	593	33.0	20.0
430	rna-XM_712051.1	XM_712051.1	290	499	70.0	20.0
431	rna-XM_712051.1	XM_712051.1	323	466	25.0	20.0
432	rna-XM_712051.1	XM_712051.1	465	324	79.0	20.0
433	rna-XM_712051.1	XM_712051.1	491	298	27.0	20.0
434	rna-XM_712051.1	XM_712051.1	509	280	31.0	20.0
435	rna-XM_712051.1	XM_712051.1	591	198	26.0	20.0
436	rna-XM_712051.1	XM_712051.1	708	81	22.0	20.0
437	rna-XM_712051.1	XM_712051.1	757	32	202.0	20.0
438	rna-XM_712744.1	XM_712744.1	4	404	25.0	20.0
439	rna-XM_712744.1	XM_712744.1	51	357	24.0	20.0
440	rna-XM_712744.1	XM_712744.1	80	328	30.0	20.0
441	rna-XM_712744.1	XM_712744.1	122	286	33.0	20.0
442	rna-XM_712744.1	XM_712744.1	123	285	72.0	20.0
443	rna-XM_712744.1	XM_712744.1	129	279	21.0	20.0
444	rna-XM_712744.1	XM_712744.1	130	278	22.0	20.0
445	rna-XM_712744.1	XM_712744.1	196	212	57.0	20.0
446	rna-XM_712744.1	XM_712744.1	327	81	25.0	20.0
447	rna-XM_712709.1	XM_712709.1	32	628	24.0	20.0
448	rna-XM_712685.1	XM_712685.1	4	1322	22.0	20.0
449	rna-XM_712666.2	XM_712666.2	1087	1601	29.0	20.0
450	rna-XM_712666.2	XM_712666.2	1136	1552	21.0	20.0
451	rna-XM_712666.2	XM_712666.2	1145	1543	57.0	20.0
452	rna-XM_712666.2	XM_712666.2	1996	692	44.0	20.0
453	rna-XM_713429.2	XM_713429.2	203	3430	343.0	20.0
454	rna-XM_713429.2	XM_713429.2	3280	353	28.0	20.0
455	rna-XM_716679.2	XM_716679.2	257	304	37.0	20.0
456	rna-XM_716626.1	XM_716626.1	314	307	222.0	20.0
457	rna-XM_716626.1	XM_716626.1	369	252	36.0	20.0
458	rna-XM_716619.1	XM_716619.1	332	166	49.0	20.0
459	rna-XM_716595.2	XM_716595.2	452	1552	40.0	20.0
460	rna-XM_716595.2	XM_716595.2	1122	882	24.0	20.0
461	rna-XM_714842.1	XM_714842.1	366	210	23.0	20.0
462	rna-XM_714842.1	XM_714842.1	542	34	44.0	20.0
463	rna-XM_714845.2	XM_714845.2	2943	966	34.0	20.0
464	rna-XM_714874.2	XM_714874.2	123	1254	23.0	20.0
465	rna-XM_714941.1	XM_714941.1	578	1147	33.0	20.0
466	rna-XM_707632.2	XM_707632.2	380	19	264.0	20.0
467	rna-XM_019475311.1	XM_019475311.1	54	354	25.0	20.0
468	rna-XM_019475311.1	XM_019475311.1	77	331	23.0	20.0
469	rna-XM_019475318.1	XM_019475318.1	394	248	46.0	20.0
470	rna-XM_019475318.1	XM_019475318.1	405	237	25.0	20.0
471	rna-XM_019475320.1	XM_019475320.1	3	570	62.0	20.0
472	rna-XM_019475320.1	XM_019475320.1	213	360	52.0	20.0
473	rna-XM_019475320.1	XM_019475320.1	229	344	41.0	20.0
474	rna-XM_019475320.1	XM_019475320.1	356	217	25.0	20.0
475	rna-XM_718026.1	XM_718026.1	45	258	46.0	20.0
476	rna-XM_718032.1	XM_718032.1	147	3054	55.0	20.0
477	rna-XM_019475322.1	XM_019475322.1	92	337	27.0	20.0
478	rna-XM_019475322.1	XM_019475322.1	163	266	31.0	20.0
479	rna-XM_019475322.1	XM_019475322.1	181	248	29.0	20.0
480	rna-XM_019475322.1	XM_019475322.1	192	237	33.0	20.0
481	rna-XM_019475322.1	XM_019475322.1	246	183	26.0	20.0
482	rna-XM_718047.1	XM_718047.1	156	180	64.0	20.0
483	rna-XM_718047.1	XM_718047.1	163	173	67.0	20.0
484	rna-XM_019475323.1	XM_019475323.1	44	760	184.0	20.0
485	rna-XM_019475323.1	XM_019475323.1	160	644	38.0	20.0
486	rna-XM_019475323.1	XM_019475323.1	186	618	23.0	20.0
487	rna-XM_019475323.1	XM_019475323.1	247	557	30.0	20.0
488	rna-XM_019475323.1	XM_019475323.1	279	525	25.0	20.0
489	rna-XM_019475323.1	XM_019475323.1	339	465	23.0	20.0
490	rna-XM_019475323.1	XM_019475323.1	341	463	23.0	20.0
491	rna-XM_019475323.1	XM_019475323.1	598	206	27.0	20.0
492	rna-XM_718068.2	XM_718068.2	197	5458	36.0	20.0
493	rna-XM_019475325.1	XM_019475325.1	0	363	30.0	20.0
494	rna-XM_019475325.1	XM_019475325.1	17	346	21.0	20.0
495	rna-XM_019475325.1	XM_019475325.1	30	333	38.0	20.0
496	rna-XM_019475325.1	XM_019475325.1	44	319	85.0	20.0
497	rna-XM_019475325.1	XM_019475325.1	46	317	56.0	20.0
498	rna-XM_019475325.1	XM_019475325.1	52	311	32.0	20.0
499	rna-XM_019475325.1	XM_019475325.1	53	310	22.0	20.0
500	rna-XM_019475325.1	XM_019475325.1	62	301	34.0	20.0
501	rna-XM_019475325.1	XM_019475325.1	73	290	23.0	20.0
502	rna-XM_019475325.1	XM_019475325.1	78	285	23.0	20.0
503	rna-XM_019475325.1	XM_019475325.1	81	282	26.0	20.0
504	rna-XM_019475325.1	XM_019475325.1	98	265	273.0	20.0
505	rna-XM_019475325.1	XM_019475325.1	105	258	22.0	20.0
506	rna-XM_019475325.1	XM_019475325.1	111	252	30.0	20.0
507	rna-XM_019475325.1	XM_019475325.1	127	236	51.0	20.0
508	rna-XM_019475325.1	XM_019475325.1	129	234	27.0	20.0
509	rna-XM_019475325.1	XM_019475325.1	177	186	21.0	20.0
510	rna-XM_019475325.1	XM_019475325.1	181	182	33.0	20.0
511	rna-XM_019475325.1	XM_019475325.1	236	127	27.0	20.0
512	rna-XM_718085.1	XM_718085.1	208	1025	45.0	20.0
513	rna-XM_019475328.1	XM_019475328.1	23	415	21.0	20.0
514	rna-XM_019475328.1	XM_019475328.1	36	402	27.0	20.0
515	rna-XM_019475328.1	XM_019475328.1	72	366	25.0	20.0
516	rna-XM_019475328.1	XM_019475328.1	80	358	26.0	20.0
517	rna-XM_019475328.1	XM_019475328.1	93	345	21.0	20.0
518	rna-XM_019475328.1	XM_019475328.1	104	334	166.0	20.0
519	rna-XM_019475328.1	XM_019475328.1	112	326	39.0	20.0
520	rna-XM_019475328.1	XM_019475328.1	132	306	35.0	20.0
521	rna-XM_019475328.1	XM_019475328.1	146	292	26.0	20.0
522	rna-XM_019475328.1	XM_019475328.1	167	271	30.0	20.0
523	rna-XM_019475328.1	XM_019475328.1	168	270	24.0	20.0
524	rna-XM_019475328.1	XM_019475328.1	169	269	26.0	20.0
525	rna-XM_019475328.1	XM_019475328.1	171	267	33.0	20.0
526	rna-XM_019475328.1	XM_019475328.1	180	258	31.0	20.0
527	rna-XM_019475328.1	XM_019475328.1	187	251	25.0	20.0
528	rna-XM_019475328.1	XM_019475328.1	188	250	36.0	20.0
529	rna-XM_019475328.1	XM_019475328.1	189	249	33.0	20.0
530	rna-XM_019475328.1	XM_019475328.1	201	237	22.0	20.0
531	rna-XM_019475328.1	XM_019475328.1	202	236	33.0	20.0
532	rna-XM_019475328.1	XM_019475328.1	208	230	30.0	20.0
533	rna-XM_019475328.1	XM_019475328.1	210	228	21.0	20.0
534	rna-XM_019475328.1	XM_019475328.1	212	226	21.0	20.0
535	rna-XM_019475328.1	XM_019475328.1	231	207	50.0	20.0
536	rna-XM_019475328.1	XM_019475328.1	239	199	22.0	20.0
537	rna-XM_019475328.1	XM_019475328.1	245	193	32.0	20.0
538	rna-XM_019475328.1	XM_019475328.1	251	187	23.0	20.0
539	rna-XM_019475328.1	XM_019475328.1	252	186	21.0	20.0
540	rna-XM_019475328.1	XM_019475328.1	259	179	24.0	20.0
541	rna-XM_019475328.1	XM_019475328.1	281	157	28.0	20.0
542	rna-XM_019475328.1	XM_019475328.1	318	120	58.0	20.0
543	rna-XM_019475328.1	XM_019475328.1	330	108	30.0	20.0
544	rna-XM_019475328.1	XM_019475328.1	398	40	30.0	20.0
545	rna-XM_718118.1	XM_718118.1	561	228	28.0	20.0
546	rna-XM_019475329.1	XM_019475329.1	439	347	26.0	20.0
547	rna-XM_019475329.1	XM_019475329.1	550	236	36.0	20.0
548	rna-XM_019475329.1	XM_019475329.1	569	217	21.0	20.0
549	rna-XM_019475329.1	XM_019475329.1	571	215	187.0	20.0
550	rna-XM_019475329.1	XM_019475329.1	626	160	26.0	20.0
551	rna-XM_019475329.1	XM_019475329.1	632	154	24.0	20.0
552	rna-XM_019475329.1	XM_019475329.1	683	103	32.0	20.0
553	rna-XM_019475329.1	XM_019475329.1	689	97	81.0	20.0
554	rna-XM_019475329.1	XM_019475329.1	725	61	21.0	20.0
555	rna-XM_019475329.1	XM_019475329.1	731	55	22.0	20.0
556	rna-XM_709613.1	XM_709613.1	911	577	75.0	20.0
557	rna-XM_709613.1	XM_709613.1	934	554	26.0	20.0
558	rna-XM_019475333.1	XM_019475333.1	353	238	29.0	20.0
559	rna-XM_711006.1	XM_711006.1	1463	1603	21.0	20.0
560	rna-XM_711006.1	XM_711006.1	1490	1576	21.0	20.0
561	rna-XM_019475338.1	XM_019475338.1	174	33	24.0	20.0
562	rna-XM_714811.1	XM_714811.1	695	274	22.0	20.0
563	rna-XM_714801.1	XM_714801.1	2186	1057	22.0	20.0
564	rna-XM_714801.1	XM_714801.1	2711	532	44.0	20.0
565	rna-XM_714755.1	XM_714755.1	66	816	26.0	20.0
566	rna-XM_714740.2	XM_714740.2	1333	914	71.0	20.0
567	rna-XM_705854.1	XM_705854.1	901	188	27.0	20.0
568	rna-XM_705238.2	XM_705238.2	31	647	53.0	20.0
569	rna-XM_708236.1	XM_708236.1	220	389	27.0	20.0
570	rna-XM_019475352.1	XM_019475352.1	682	833	30.0	20.0
571	rna-XM_019475352.1	XM_019475352.1	1277	238	22.0	20.0
572	rna-XM_019475352.1	XM_019475352.1	1289	226	64.0	20.0
573	rna-XM_717669.2	XM_717669.2	12217	2891	25.0	20.0
574	rna-XM_717669.2	XM_717669.2	12328	2780	26.0	20.0
575	rna-XM_717669.2	XM_717669.2	12344	2764	28.0	20.0
576	rna-XM_717669.2	XM_717669.2	12420	2688	203.0	20.0
577	rna-XM_717669.2	XM_717669.2	12593	2515	32.0	20.0
578	rna-XM_717669.2	XM_717669.2	12772	2336	23.0	20.0
579	rna-XM_717669.2	XM_717669.2	13232	1876	68.0	20.0
580	rna-XM_717669.2	XM_717669.2	13250	1858	67.0	20.0
581	rna-XM_717669.2	XM_717669.2	13681	1427	21.0	20.0
582	rna-XM_717669.2	XM_717669.2	14944	164	42.0	20.0
583	rna-XM_019475360.1	XM_019475360.1	173	538	140.0	20.0
584	rna-XM_019475360.1	XM_019475360.1	180	531	21.0	20.0
585	rna-XM_019475360.1	XM_019475360.1	255	456	27.0	20.0
586	rna-XM_019475360.1	XM_019475360.1	261	450	26.0	20.0
587	rna-XM_019475360.1	XM_019475360.1	262	449	22.0	20.0
588	rna-XM_019475360.1	XM_019475360.1	264	447	36.0	20.0
589	rna-XM_019475360.1	XM_019475360.1	265	446	23.0	20.0
590	rna-XM_019475360.1	XM_019475360.1	269	442	24.0	20.0
591	rna-XM_019475360.1	XM_019475360.1	272	439	27.0	20.0
592	rna-XM_019475360.1	XM_019475360.1	274	437	33.0	20.0
593	rna-XM_019475360.1	XM_019475360.1	275	436	24.0	20.0
594	rna-XM_019475360.1	XM_019475360.1	276	435	33.0	20.0
595	rna-XM_019475360.1	XM_019475360.1	277	434	36.0	20.0
596	rna-XM_019475360.1	XM_019475360.1	278	433	35.0	20.0
597	rna-XM_019475360.1	XM_019475360.1	279	432	73.0	20.0
598	rna-XM_019475360.1	XM_019475360.1	280	431	51.0	20.0
599	rna-XM_019475360.1	XM_019475360.1	281	430	32.0	20.0
600	rna-XM_019475360.1	XM_019475360.1	282	429	48.0	20.0
601	rna-XM_019475360.1	XM_019475360.1	283	428	29.0	20.0
602	rna-XM_019475360.1	XM_019475360.1	284	427	33.0	20.0
603	rna-XM_019475360.1	XM_019475360.1	285	426	41.0	20.0
604	rna-XM_019475360.1	XM_019475360.1	286	425	24.0	20.0
605	rna-XM_019475360.1	XM_019475360.1	295	416	27.0	20.0
606	rna-XM_019475360.1	XM_019475360.1	300	411	33.0	20.0
607	rna-XM_019475360.1	XM_019475360.1	305	406	27.0	20.0
608	rna-XM_019475360.1	XM_019475360.1	306	405	23.0	20.0
609	rna-XM_019475360.1	XM_019475360.1	308	403	24.0	20.0
610	rna-XM_019475360.1	XM_019475360.1	310	401	22.0	20.0
611	rna-XM_019475360.1	XM_019475360.1	314	397	26.0	20.0
612	rna-XM_019475360.1	XM_019475360.1	315	396	39.0	20.0
613	rna-XM_019475360.1	XM_019475360.1	320	391	44.0	20.0
614	rna-XM_019475360.1	XM_019475360.1	321	390	25.0	20.0
615	rna-XM_019475360.1	XM_019475360.1	322	389	22.0	20.0
616	rna-XM_019475360.1	XM_019475360.1	324	387	21.0	20.0
617	rna-XM_019475360.1	XM_019475360.1	330	381	28.0	20.0
618	rna-XM_019475360.1	XM_019475360.1	333	378	27.0	20.0
619	rna-XM_019475360.1	XM_019475360.1	334	377	25.0	20.0
620	rna-XM_019475360.1	XM_019475360.1	341	370	27.0	20.0
621	rna-XM_019475360.1	XM_019475360.1	344	367	23.0	20.0
622	rna-XM_019475360.1	XM_019475360.1	346	365	21.0	20.0
623	rna-XM_019475360.1	XM_019475360.1	348	363	127.0	20.0
624	rna-XM_019475360.1	XM_019475360.1	357	354	25.0	20.0
625	rna-XM_019475360.1	XM_019475360.1	358	353	23.0	20.0
626	rna-XM_019475360.1	XM_019475360.1	359	352	69.0	20.0
627	rna-XM_019475360.1	XM_019475360.1	360	351	21.0	20.0
628	rna-XM_019475360.1	XM_019475360.1	365	346	27.0	20.0
629	rna-XM_019475360.1	XM_019475360.1	367	344	29.0	20.0
630	rna-XM_019475360.1	XM_019475360.1	369	342	34.0	20.0
631	rna-XM_019475360.1	XM_019475360.1	370	341	27.0	20.0
632	rna-XM_019475360.1	XM_019475360.1	372	339	26.0	20.0
633	rna-XM_019475360.1	XM_019475360.1	374	337	21.0	20.0
634	rna-XM_019475360.1	XM_019475360.1	375	336	26.0	20.0
635	rna-XM_019475360.1	XM_019475360.1	376	335	36.0	20.0
636	rna-XM_019475360.1	XM_019475360.1	377	334	30.0	20.0
637	rna-XM_019475360.1	XM_019475360.1	378	333	30.0	20.0
638	rna-XM_019475360.1	XM_019475360.1	379	332	24.0	20.0
639	rna-XM_019475360.1	XM_019475360.1	381	330	26.0	20.0
640	rna-XM_019475360.1	XM_019475360.1	384	327	29.0	20.0
641	rna-XM_019475360.1	XM_019475360.1	386	325	39.0	20.0
642	rna-XM_019475360.1	XM_019475360.1	387	324	25.0	20.0
643	rna-XM_019475360.1	XM_019475360.1	388	323	34.0	20.0
644	rna-XM_019475360.1	XM_019475360.1	390	321	21.0	20.0
645	rna-XM_019475360.1	XM_019475360.1	391	320	40.0	20.0
646	rna-XM_019475360.1	XM_019475360.1	392	319	30.0	20.0
647	rna-XM_019475360.1	XM_019475360.1	393	318	24.0	20.0
648	rna-XM_019475360.1	XM_019475360.1	394	317	24.0	20.0
649	rna-XM_019475360.1	XM_019475360.1	395	316	28.0	20.0
650	rna-XM_019475360.1	XM_019475360.1	396	315	109.0	20.0
651	rna-XM_019475360.1	XM_019475360.1	397	314	25.0	20.0
652	rna-XM_019475360.1	XM_019475360.1	398	313	26.0	20.0
653	rna-XM_019475360.1	XM_019475360.1	399	312	46.0	20.0
654	rna-XM_019475360.1	XM_019475360.1	400	311	23.0	20.0
655	rna-XM_019475360.1	XM_019475360.1	401	310	28.0	20.0
656	rna-XM_019475360.1	XM_019475360.1	402	309	21.0	20.0
657	rna-XM_019475360.1	XM_019475360.1	412	299	27.0	20.0
658	rna-XM_019475360.1	XM_019475360.1	413	298	22.0	20.0
659	rna-XM_019475360.1	XM_019475360.1	414	297	29.0	20.0
660	rna-XM_019475360.1	XM_019475360.1	415	296	31.0	20.0
661	rna-XM_019475360.1	XM_019475360.1	418	293	24.0	20.0
662	rna-XM_019475360.1	XM_019475360.1	422	289	25.0	20.0
663	rna-XM_019475360.1	XM_019475360.1	424	287	36.0	20.0
664	rna-XM_019475360.1	XM_019475360.1	425	286	24.0	20.0
665	rna-XM_019475360.1	XM_019475360.1	426	285	70.0	20.0
666	rna-XM_019475360.1	XM_019475360.1	427	284	24.0	20.0
667	rna-XM_019475360.1	XM_019475360.1	428	283	26.0	20.0
668	rna-XM_019475360.1	XM_019475360.1	429	282	33.0	20.0
669	rna-XM_019475360.1	XM_019475360.1	430	281	47.0	20.0
670	rna-XM_019475360.1	XM_019475360.1	438	273	30.0	20.0
671	rna-XM_019475360.1	XM_019475360.1	445	266	44.0	20.0
672	rna-XM_019475360.1	XM_019475360.1	446	265	27.0	20.0
673	rna-XM_019475360.1	XM_019475360.1	447	264	37.0	20.0
674	rna-XM_019475360.1	XM_019475360.1	448	263	21.0	20.0
675	rna-XM_019475360.1	XM_019475360.1	450	261	21.0	20.0
676	rna-XM_019475360.1	XM_019475360.1	451	260	27.0	20.0
677	rna-XM_019475360.1	XM_019475360.1	452	259	109.0	20.0
678	rna-XM_019475360.1	XM_019475360.1	453	258	48.0	20.0
679	rna-XM_019475360.1	XM_019475360.1	455	256	64.0	20.0
680	rna-XM_019475360.1	XM_019475360.1	458	253	26.0	20.0
681	rna-XM_019475360.1	XM_019475360.1	462	249	33.0	20.0
682	rna-XM_019475360.1	XM_019475360.1	463	248	22.0	20.0
683	rna-XM_019475360.1	XM_019475360.1	464	247	43.0	20.0
684	rna-XM_019475360.1	XM_019475360.1	466	245	29.0	20.0
685	rna-XM_019475360.1	XM_019475360.1	467	244	23.0	20.0
686	rna-XM_019475360.1	XM_019475360.1	468	243	22.0	20.0
687	rna-XM_019475360.1	XM_019475360.1	472	239	24.0	20.0
688	rna-XM_019475360.1	XM_019475360.1	476	235	25.0	20.0
689	rna-XM_019475360.1	XM_019475360.1	477	234	47.0	20.0
690	rna-XM_019475360.1	XM_019475360.1	480	231	35.0	20.0
691	rna-XM_019475360.1	XM_019475360.1	482	229	195.0	20.0
692	rna-XM_019475360.1	XM_019475360.1	483	228	29.0	20.0
693	rna-XM_019475360.1	XM_019475360.1	484	227	25.0	20.0
694	rna-XM_019475360.1	XM_019475360.1	487	224	24.0	20.0
695	rna-XM_019475360.1	XM_019475360.1	489	222	22.0	20.0
696	rna-XM_019475360.1	XM_019475360.1	501	210	24.0	20.0
697	rna-XM_019475360.1	XM_019475360.1	502	209	39.0	20.0
698	rna-XM_019475360.1	XM_019475360.1	503	208	74.0	20.0
699	rna-XM_019475360.1	XM_019475360.1	504	207	30.0	20.0
700	rna-XM_019475360.1	XM_019475360.1	505	206	23.0	20.0
701	rna-XM_019475360.1	XM_019475360.1	511	200	31.0	20.0
702	rna-XM_019475360.1	XM_019475360.1	512	199	29.0	20.0
703	rna-XM_019475360.1	XM_019475360.1	513	198	338.0	20.0
704	rna-XM_019475360.1	XM_019475360.1	514	197	25.0	20.0
705	rna-XM_019475360.1	XM_019475360.1	523	188	27.0	20.0
706	rna-XM_019475360.1	XM_019475360.1	534	177	72.0	20.0
707	rna-XM_019475360.1	XM_019475360.1	537	174	22.0	20.0
708	rna-XM_019475360.1	XM_019475360.1	546	165	81.0	20.0
709	rna-XM_019475360.1	XM_019475360.1	547	164	22.0	20.0
710	rna-XM_019475360.1	XM_019475360.1	553	158	24.0	20.0
711	rna-XM_019475360.1	XM_019475360.1	555	156	23.0	20.0
712	rna-XM_019475360.1	XM_019475360.1	556	155	35.0	20.0
713	rna-XM_019475360.1	XM_019475360.1	558	153	21.0	20.0
714	rna-XM_019475360.1	XM_019475360.1	560	151	22.0	20.0
715	rna-XM_019475360.1	XM_019475360.1	561	150	21.0	20.0
716	rna-XM_019475360.1	XM_019475360.1	562	149	27.0	20.0
717	rna-XM_019475360.1	XM_019475360.1	571	140	21.0	20.0
718	rna-XM_019475360.1	XM_019475360.1	578	133	21.0	20.0
719	rna-XM_019475360.1	XM_019475360.1	579	132	22.0	20.0
720	rna-XM_019475360.1	XM_019475360.1	580	131	31.0	20.0
721	rna-XM_019475360.1	XM_019475360.1	581	130	32.0	20.0
722	rna-XM_019475360.1	XM_019475360.1	584	127	25.0	20.0
723	rna-XM_019475360.1	XM_019475360.1	586	125	37.0	20.0
724	rna-XM_019475360.1	XM_019475360.1	606	105	25.0	20.0
725	rna-XM_019475360.1	XM_019475360.1	620	91	35.0	20.0
726	rna-XM_019475360.1	XM_019475360.1	634	77	27.0	20.0
727	rna-XM_019475360.1	XM_019475360.1	653	58	96.0	20.0
728	rna-XM_717611.1	XM_717611.1	297	222	22.0	20.0
729	rna-XM_717602.2	XM_717602.2	6	423	21.0	20.0
730	rna-XM_717601.2	XM_717601.2	965	193	32.0	20.0
731	rna-XM_717601.2	XM_717601.2	1135	23	21.0	20.0
732	rna-XM_717597.2	XM_717597.2	709	371	21.0	20.0
733	rna-XM_717597.2	XM_717597.2	807	273	23.0	20.0
734	rna-XM_717597.2	XM_717597.2	821	259	21.0	20.0
735	rna-XM_717597.2	XM_717597.2	866	214	35.0	20.0
736	rna-XM_717597.2	XM_717597.2	886	194	45.0	20.0
737	rna-XM_717597.2	XM_717597.2	888	192	43.0	20.0
738	rna-XM_717597.2	XM_717597.2	951	129	44.0	20.0
739	rna-XM_717566.1	XM_717566.1	398	691	36.0	20.0
740	rna-XM_717564.2	XM_717564.2	280	1547	31.0	20.0
741	rna-XM_717564.2	XM_717564.2	638	1189	60.0	20.0
742	rna-XM_717540.1	XM_717540.1	215	1174	71.0	20.0
743	rna-XM_717540.1	XM_717540.1	550	839	30.0	20.0
744	rna-XM_717540.1	XM_717540.1	770	619	21.0	20.0
745	rna-XM_717540.1	XM_717540.1	1117	272	30.0	20.0
746	rna-XM_715424.2	XM_715424.2	173	169	21.0	20.0
747	rna-XM_715396.1	XM_715396.1	56	1663	126.0	20.0
748	rna-XM_715367.2	XM_715367.2	55	1229	23.0	20.0
749	rna-XM_715367.2	XM_715367.2	140	1144	87.0	20.0
750	rna-XM_715327.1	XM_715327.1	376	515	22.0	20.0
751	rna-XM_705448.2	XM_705448.2	3343	980	41.0	20.0
752	rna-XM_712010.2	XM_712010.2	110	484	22.0	20.0
753	rna-XM_712010.2	XM_712010.2	149	445	41.0	20.0
754	rna-XM_712010.2	XM_712010.2	272	322	50.0	20.0
755	rna-XM_019475383.1	XM_019475383.1	110	532	22.0	20.0
756	rna-XM_019475383.1	XM_019475383.1	248	394	28.0	20.0
757	rna-XM_019475383.1	XM_019475383.1	263	379	27.0	20.0
758	rna-XM_019475383.1	XM_019475383.1	290	352	41.0	20.0
759	rna-XM_712142.1	XM_712142.1	149	682	45.0	20.0
760	rna-XM_712127.1	XM_712127.1	263	2587	38.0	20.0
761	rna-XM_712101.2	XM_712101.2	282	186	48.0	20.0
762	rna-XM_705028.2	XM_705028.2	5330	1099	1236.0	20.0
763	rna-XM_705028.2	XM_705028.2	5331	1098	31.0	20.0
764	rna-XM_711450.2	XM_711450.2	409	1226	25.0	20.0
765	rna-XM_711482.2	XM_711482.2	149	1237	77.0	20.0
766	rna-XM_710444.2	XM_710444.2	416	2575	63.0	20.0
767	rna-XM_710444.2	XM_710444.2	552	2439	21.0	20.0
768	rna-XM_710444.2	XM_710444.2	618	2373	420.0	20.0
769	rna-XM_710444.2	XM_710444.2	635	2356	23.0	20.0
770	rna-XM_710444.2	XM_710444.2	645	2346	43.0	20.0
771	rna-XM_710444.2	XM_710444.2	646	2345	31.0	20.0
772	rna-XM_710440.1	XM_710440.1	152	1552	38.0	20.0
773	rna-XM_710440.1	XM_710440.1	767	937	41.0	20.0
774	rna-XM_710440.1	XM_710440.1	1499	205	80.0	20.0
775	rna-XM_019475397.1	XM_019475397.1	239	517	99.0	20.0
776	rna-XM_710435.2	XM_710435.2	1667	259	34.0	20.0
777	rna-XM_710354.1	XM_710354.1	449	502	24.0	20.0
778	rna-XM_710354.1	XM_710354.1	900	51	25.0	20.0
779	rna-XM_710346.2	XM_710346.2	146	676	24.0	20.0
780	rna-XM_710308.2	XM_710308.2	3888	417	34.0	20.0
781	rna-XM_710304.1	XM_710304.1	69	513	73.0	20.0
782	rna-XM_710304.1	XM_710304.1	81	501	47.0	20.0
783	rna-XM_710304.1	XM_710304.1	85	497	147.0	20.0
784	rna-XM_710304.1	XM_710304.1	86	496	39.0	20.0
785	rna-XM_710304.1	XM_710304.1	200	382	80.0	20.0
786	rna-XM_711724.1	XM_711724.1	1849	4265	43.0	20.0
787	rna-XM_711723.2	XM_711723.2	1268	862	52.0	20.0
788	rna-XM_711723.2	XM_711723.2	1321	809	21.0	20.0
789	rna-XM_711723.2	XM_711723.2	1340	790	69.0	20.0
790	rna-XM_711723.2	XM_711723.2	1360	770	40.0	20.0
791	rna-XM_711723.2	XM_711723.2	1388	742	23.0	20.0
792	rna-XM_711723.2	XM_711723.2	1407	723	23.0	20.0
793	rna-XM_711707.1	XM_711707.1	76	458	21.0	20.0
794	rna-XM_711707.1	XM_711707.1	275	259	47.0	20.0
795	rna-XM_711707.1	XM_711707.1	341	193	46.0	20.0
796	rna-XM_711687.1	XM_711687.1	569	337	24.0	20.0
797	rna-XM_711687.1	XM_711687.1	749	157	70.0	20.0
798	rna-XM_706248.2	XM_706248.2	2919	873	25.0	20.0
799	rna-XM_019475412.1	XM_019475412.1	29	439	35.0	20.0
800	rna-XM_019475412.1	XM_019475412.1	113	355	74.0	20.0
801	rna-XM_019475412.1	XM_019475412.1	138	330	31.0	20.0
802	rna-XM_706264.2	XM_706264.2	745	2408	21.0	20.0
803	rna-XM_706264.2	XM_706264.2	2491	662	34.0	20.0
804	rna-XM_706264.2	XM_706264.2	2495	658	24.0	20.0
805	rna-XM_706264.2	XM_706264.2	2499	654	26.0	20.0
806	rna-XM_706264.2	XM_706264.2	2515	638	41.0	20.0
807	rna-XM_706264.2	XM_706264.2	2636	517	66.0	20.0
808	rna-XM_706264.2	XM_706264.2	2642	511	21.0	20.0
809	rna-XM_706264.2	XM_706264.2	2688	465	49.0	20.0
810	rna-XM_706264.2	XM_706264.2	2780	373	27.0	20.0
811	rna-XM_706264.2	XM_706264.2	2786	367	27.0	20.0
812	rna-XM_706264.2	XM_706264.2	2793	360	23.0	20.0
813	rna-XM_706264.2	XM_706264.2	2794	359	22.0	20.0
814	rna-XM_706264.2	XM_706264.2	2800	353	23.0	20.0
815	rna-XM_706264.2	XM_706264.2	2802	351	43.0	20.0
816	rna-XM_706264.2	XM_706264.2	2803	350	25.0	20.0
817	rna-XM_706264.2	XM_706264.2	2808	345	22.0	20.0
818	rna-XM_706264.2	XM_706264.2	2812	341	39.0	20.0
819	rna-XM_706264.2	XM_706264.2	2814	339	24.0	20.0
820	rna-XM_706264.2	XM_706264.2	2824	329	21.0	20.0
821	rna-XM_706264.2	XM_706264.2	2826	327	137.0	20.0
822	rna-XM_706264.2	XM_706264.2	2833	320	27.0	20.0
823	rna-XM_706264.2	XM_706264.2	2835	318	32.0	20.0
824	rna-XM_706264.2	XM_706264.2	2852	301	959.0	20.0
825	rna-XM_706264.2	XM_706264.2	2853	300	59.0	20.0
826	rna-XM_706264.2	XM_706264.2	2855	298	28.0	20.0
827	rna-XM_706264.2	XM_706264.2	2861	292	25.0	20.0
828	rna-XM_706264.2	XM_706264.2	2862	291	37.0	20.0
829	rna-XM_706264.2	XM_706264.2	2871	282	33.0	20.0
830	rna-XM_706264.2	XM_706264.2	2874	279	24.0	20.0
831	rna-XM_706264.2	XM_706264.2	2876	277	42.0	20.0
832	rna-XM_706264.2	XM_706264.2	2877	276	26.0	20.0
833	rna-XM_706264.2	XM_706264.2	2882	271	82.0	20.0
834	rna-XM_706264.2	XM_706264.2	2883	270	29.0	20.0
835	rna-XM_706264.2	XM_706264.2	2884	269	23.0	20.0
836	rna-XM_706264.2	XM_706264.2	2885	268	32.0	20.0
837	rna-XM_706264.2	XM_706264.2	2886	267	25.0	20.0
838	rna-XM_706264.2	XM_706264.2	2888	265	39.0	20.0
839	rna-XM_706264.2	XM_706264.2	2890	263	21.0	20.0
840	rna-XM_706264.2	XM_706264.2	2891	262	40.0	20.0
841	rna-XM_706264.2	XM_706264.2	2893	260	24.0	20.0
842	rna-XM_706264.2	XM_706264.2	2897	256	122.0	20.0
843	rna-XM_706264.2	XM_706264.2	2899	254	33.0	20.0
844	rna-XM_706264.2	XM_706264.2	2900	253	74.0	20.0
845	rna-XM_706264.2	XM_706264.2	2901	252	30.0	20.0
846	rna-XM_706264.2	XM_706264.2	2908	245	24.0	20.0
847	rna-XM_706264.2	XM_706264.2	2909	244	33.0	20.0
848	rna-XM_706264.2	XM_706264.2	2910	243	23.0	20.0
849	rna-XM_706264.2	XM_706264.2	2929	224	60.0	20.0
850	rna-XM_706264.2	XM_706264.2	2937	216	52.0	20.0
851	rna-XM_706264.2	XM_706264.2	2948	205	21.0	20.0
852	rna-XM_706264.2	XM_706264.2	2949	204	22.0	20.0
853	rna-XM_706264.2	XM_706264.2	2955	198	124.0	20.0
854	rna-XM_706264.2	XM_706264.2	2967	186	29.0	20.0
855	rna-XM_706264.2	XM_706264.2	2976	177	40.0	20.0
856	rna-XM_706264.2	XM_706264.2	2981	172	81.0	20.0
857	rna-XM_706264.2	XM_706264.2	2986	167	74.0	20.0
858	rna-XM_706264.2	XM_706264.2	3008	145	99.0	20.0
859	rna-XM_706264.2	XM_706264.2	3025	128	24.0	20.0
860	rna-XM_706264.2	XM_706264.2	3056	97	27.0	20.0
861	rna-XM_706059.2	XM_706059.2	3265	2582	28.0	20.0
862	rna-XM_709515.2	XM_709515.2	366	1404	23.0	20.0
863	rna-XM_019475419.1	XM_019475419.1	3098	2032	113.0	20.0
864	rna-XM_715477.2	XM_715477.2	665	778	23.0	20.0
865	rna-XM_715486.2	XM_715486.2	34	272	21.0	20.0
866	rna-XM_715498.2	XM_715498.2	109	899	35.0	20.0
867	rna-XM_715526.2	XM_715526.2	52	2261	37.0	20.0
868	rna-XM_715526.2	XM_715526.2	70	2243	32.0	20.0
869	rna-XM_715526.2	XM_715526.2	76	2237	27.0	20.0
870	rna-XM_715548.1	XM_715548.1	261	417	88.0	20.0
871	rna-XM_715548.1	XM_715548.1	325	353	22.0	20.0
872	rna-XM_715548.1	XM_715548.1	360	318	23.0	20.0
873	rna-XM_715548.1	XM_715548.1	377	301	43.0	20.0
874	rna-XM_715548.1	XM_715548.1	471	207	53.0	20.0
875	rna-XM_715548.1	XM_715548.1	575	103	146.0	20.0
876	rna-XM_715548.1	XM_715548.1	590	88	38.0	20.0
877	rna-XM_715548.1	XM_715548.1	647	31	33.0	20.0
878	rna-XM_019475423.1	XM_019475423.1	36	252	28.0	20.0
879	rna-XM_706938.2	XM_706938.2	408	714	48.0	20.0
880	rna-XM_019475424.1	XM_019475424.1	196	176	34.0	20.0
881	rna-XM_019475428.1	XM_019475428.1	64	191	22.0	20.0
882	rna-XM_019475428.1	XM_019475428.1	140	115	42.0	20.0
883	rna-XM_019475428.1	XM_019475428.1	254	1	31.0	20.0
884	rna-XM_705866.2	XM_705866.2	1550	256	23.0	20.0
885	rna-XM_019475435.1	XM_019475435.1	135	144	23.0	20.0
886	rna-XM_716778.2	XM_716778.2	1513	185	22.0	20.0
887	rna-XM_716812.2	XM_716812.2	779	274	98.0	20.0
888	rna-XM_716819.1	XM_716819.1	145	1445	23.0	20.0
889	rna-XM_705398.2	XM_705398.2	181	1802	28.0	20.0
890	rna-XM_707223.1	XM_707223.1	1034	517	22.0	20.0
891	rna-XM_707223.1	XM_707223.1	1048	503	33.0	20.0
892	rna-XM_707223.1	XM_707223.1	1104	447	21.0	20.0
893	rna-XM_707223.1	XM_707223.1	1108	443	30.0	20.0
894	rna-XM_707223.1	XM_707223.1	1114	437	33.0	20.0
895	rna-XM_707223.1	XM_707223.1	1124	427	36.0	20.0
896	rna-XM_707223.1	XM_707223.1	1140	411	32.0	20.0
897	rna-XM_707223.1	XM_707223.1	1141	410	22.0	20.0
898	rna-XM_707223.1	XM_707223.1	1142	409	28.0	20.0
899	rna-XM_707223.1	XM_707223.1	1149	402	22.0	20.0
900	rna-XM_707223.1	XM_707223.1	1159	392	131.0	20.0
901	rna-XM_707223.1	XM_707223.1	1164	387	22.0	20.0
902	rna-XM_707223.1	XM_707223.1	1194	357	46.0	20.0
903	rna-XM_707223.1	XM_707223.1	1195	356	22.0	20.0
904	rna-XM_707223.1	XM_707223.1	1214	337	48.0	20.0
905	rna-XM_707223.1	XM_707223.1	1219	332	49.0	20.0
906	rna-XM_707223.1	XM_707223.1	1226	325	29.0	20.0
907	rna-XM_707223.1	XM_707223.1	1254	297	22.0	20.0
908	rna-XM_707223.1	XM_707223.1	1263	288	72.0	20.0
909	rna-XM_707223.1	XM_707223.1	1367	184	21.0	20.0
910	rna-XM_707223.1	XM_707223.1	1412	139	21.0	20.0
911	rna-XM_706164.2	XM_706164.2	262	644	31.0	20.0
912	rna-XM_019475443.1	XM_019475443.1	297	159	50.0	20.0
913	rna-XM_019475444.1	XM_019475444.1	323	88	34.0	20.0
914	rna-XM_709204.2	XM_709204.2	1083	120	42.0	20.0
915	rna-XM_709212.2	XM_709212.2	562	1781	21.0	20.0
916	rna-XM_711642.1	XM_711642.1	336	1146	21.0	20.0
917	rna-XM_019475454.1	XM_019475454.1	330	147	78.0	20.0
918	rna-XM_711638.2	XM_711638.2	408	960	40.0	20.0
919	rna-XM_711638.2	XM_711638.2	965	403	83.0	20.0
920	rna-XM_711618.2	XM_711618.2	280	377	21.0	20.0
921	rna-XM_019475461.1	XM_019475461.1	110	319	21.0	20.0
922	rna-XM_019475462.1	XM_019475462.1	121	293	26.0	20.0
923	rna-XM_707412.1	XM_707412.1	51	603	60.0	20.0
924	rna-XM_707422.1	XM_707422.1	621	681	74.0	20.0
925	rna-XM_707422.1	XM_707422.1	700	602	21.0	20.0
926	rna-XM_707422.1	XM_707422.1	860	442	27.0	20.0
927	rna-XM_713982.2	XM_713982.2	2390	1429	24.0	20.0
928	rna-XM_713988.2	XM_713988.2	1681	227	21.0	20.0
929	rna-XM_714028.1	XM_714028.1	14	1591	23.0	20.0
930	rna-XM_714063.2	XM_714063.2	674	886	31.0	20.0
931	rna-XM_714063.2	XM_714063.2	757	803	26.0	20.0
932	rna-XM_714096.1	XM_714096.1	84	300	24.0	20.0
933	rna-XM_714096.1	XM_714096.1	264	120	32.0	20.0
934	rna-XM_714096.1	XM_714096.1	290	94	52.0	20.0
935	rna-XM_712956.2	XM_712956.2	1097	2389	48.0	20.0
936	rna-XM_019475468.1	XM_019475468.1	1087	515	51.0	20.0
937	rna-XM_019475468.1	XM_019475468.1	1262	340	24.0	20.0
938	rna-XM_713013.2	XM_713013.2	140	1450	35.0	20.0
939	rna-XM_705132.2	XM_705132.2	1150	1388	37.0	20.0
940	rna-XM_707011.2	XM_707011.2	1293	774	45.0	20.0
941	rna-XM_707011.2	XM_707011.2	1349	718	27.0	20.0
942	rna-XM_707011.2	XM_707011.2	1388	679	26.0	20.0
943	rna-XM_707011.2	XM_707011.2	1397	670	143.0	20.0
944	rna-XM_707011.2	XM_707011.2	1680	387	36.0	20.0
945	rna-XM_707320.2	XM_707320.2	62	3205	31.0	20.0
946	rna-XM_707320.2	XM_707320.2	3009	258	29.0	20.0
947	rna-XM_715321.2	XM_715321.2	0	795	22.0	20.0
948	rna-XM_715316.1	XM_715316.1	597	1701	22.0	20.0
949	rna-XM_715313.1	XM_715313.1	126	828	52.0	20.0
950	rna-XM_715266.1	XM_715266.1	1142	2134	58.0	20.0
951	rna-XM_715266.1	XM_715266.1	2963	313	51.0	20.0
952	rna-XM_715266.1	XM_715266.1	3040	236	21.0	20.0
953	rna-XM_715263.1	XM_715263.1	552	1848	23.0	20.0
954	rna-XM_019475476.1	XM_019475476.1	41	163	22.0	20.0
955	rna-XM_019475476.1	XM_019475476.1	56	148	23.0	20.0
956	rna-XM_019475476.1	XM_019475476.1	172	32	34.0	20.0
957	rna-XM_715247.2	XM_715247.2	179	1528	41.0	20.0
958	rna-XM_715247.2	XM_715247.2	1694	13	36.0	20.0
959	rna-XM_019475479.1	XM_019475479.1	330	108	21.0	20.0
960	rna-XM_716286.1	XM_716286.1	245	652	51.0	20.0
961	rna-XM_716286.1	XM_716286.1	625	272	71.0	20.0
962	rna-XM_716286.1	XM_716286.1	647	250	27.0	20.0
963	rna-XM_716260.1	XM_716260.1	430	1694	24.0	20.0
964	rna-XM_716260.1	XM_716260.1	431	1693	26.0	20.0
965	rna-XM_716260.1	XM_716260.1	434	1690	123.0	20.0
966	rna-XM_716260.1	XM_716260.1	440	1684	24.0	20.0
967	rna-XM_716260.1	XM_716260.1	443	1681	31.0	20.0
968	rna-XM_716260.1	XM_716260.1	449	1675	33.0	20.0
969	rna-XM_716260.1	XM_716260.1	467	1657	25.0	20.0
970	rna-XM_716260.1	XM_716260.1	470	1654	22.0	20.0
971	rna-XM_716260.1	XM_716260.1	482	1642	67.0	20.0
972	rna-XM_716260.1	XM_716260.1	494	1630	21.0	20.0
973	rna-XM_716260.1	XM_716260.1	503	1621	41.0	20.0
974	rna-XM_716260.1	XM_716260.1	513	1611	30.0	20.0
975	rna-XM_716260.1	XM_716260.1	522	1602	21.0	20.0
976	rna-XM_716260.1	XM_716260.1	545	1579	24.0	20.0
977	rna-XM_716260.1	XM_716260.1	550	1574	23.0	20.0
978	rna-XM_716260.1	XM_716260.1	569	1555	31.0	20.0
979	rna-XM_716260.1	XM_716260.1	576	1548	21.0	20.0
980	rna-XM_716260.1	XM_716260.1	581	1543	50.0	20.0
981	rna-XM_716260.1	XM_716260.1	584	1540	87.0	20.0
982	rna-XM_716260.1	XM_716260.1	605	1519	139.0	20.0
983	rna-XM_716260.1	XM_716260.1	609	1515	21.0	20.0
984	rna-XM_716260.1	XM_716260.1	656	1468	30.0	20.0
985	rna-XM_716260.1	XM_716260.1	967	1157	32.0	20.0
986	rna-XM_716226.2	XM_716226.2	2639	2101	21.0	20.0
987	rna-XM_019475491.1	XM_019475491.1	370	23	94.0	20.0
988	rna-XM_705023.2	XM_705023.2	2555	2146	93.0	20.0
989	rna-XM_711904.2	XM_711904.2	1514	1906	27.0	20.0
990	rna-XM_711899.2	XM_711899.2	2044	872	164.0	20.0
991	rna-XM_711860.2	XM_711860.2	1371	309	21.0	20.0
992	rna-XM_711860.2	XM_711860.2	1385	295	70.0	20.0
993	rna-XM_711858.2	XM_711858.2	328	866	23.0	20.0
994	rna-XM_711858.2	XM_711858.2	364	830	22.0	20.0
995	rna-XM_711858.2	XM_711858.2	372	822	22.0	20.0
996	rna-XM_711858.2	XM_711858.2	385	809	21.0	20.0
997	rna-XM_711858.2	XM_711858.2	397	797	25.0	20.0
998	rna-XM_711858.2	XM_711858.2	412	782	21.0	20.0
999	rna-XM_711858.2	XM_711858.2	415	779	43.0	20.0
1000	rna-XM_711858.2	XM_711858.2	417	777	58.0	20.0
1001	rna-XM_711858.2	XM_711858.2	427	767	34.0	20.0
1002	rna-XM_711858.2	XM_711858.2	439	755	32.0	20.0
1003	rna-XM_711858.2	XM_711858.2	442	752	23.0	20.0
1004	rna-XM_711858.2	XM_711858.2	493	701	33.0	20.0
1005	rna-XM_711858.2	XM_711858.2	497	697	32.0	20.0
1006	rna-XM_711858.2	XM_711858.2	498	696	27.0	20.0
1007	rna-XM_711858.2	XM_711858.2	501	693	25.0	20.0
1008	rna-XM_711858.2	XM_711858.2	502	692	24.0	20.0
1009	rna-XM_711858.2	XM_711858.2	507	687	23.0	20.0
1010	rna-XM_711858.2	XM_711858.2	508	686	23.0	20.0
1011	rna-XM_711858.2	XM_711858.2	509	685	24.0	20.0
1012	rna-XM_711858.2	XM_711858.2	510	684	30.0	20.0
1013	rna-XM_711858.2	XM_711858.2	511	683	24.0	20.0
1014	rna-XM_711858.2	XM_711858.2	512	682	24.0	20.0
1015	rna-XM_711858.2	XM_711858.2	514	680	47.0	20.0
1016	rna-XM_711858.2	XM_711858.2	516	678	22.0	20.0
1017	rna-XM_711858.2	XM_711858.2	519	675	21.0	20.0
1018	rna-XM_711858.2	XM_711858.2	525	669	23.0	20.0
1019	rna-XM_711858.2	XM_711858.2	534	660	24.0	20.0
1020	rna-XM_711858.2	XM_711858.2	535	659	23.0	20.0
1021	rna-XM_711858.2	XM_711858.2	658	536	30.0	20.0
1022	rna-XM_711858.2	XM_711858.2	737	457	21.0	20.0
1023	rna-XM_711858.2	XM_711858.2	803	391	21.0	20.0
1024	rna-XM_707060.1	XM_707060.1	1433	643	45.0	20.0
1025	rna-XM_707061.1	XM_707061.1	1383	276	172.0	20.0
1026	rna-XM_710152.1	XM_710152.1	60	2178	45.0	20.0
1027	rna-XM_710152.1	XM_710152.1	134	2104	27.0	20.0
1028	rna-XM_710152.1	XM_710152.1	179	2059	64.0	20.0
1029	rna-XM_710152.1	XM_710152.1	1018	1220	64.0	20.0
1030	rna-XM_710148.1	XM_710148.1	1250	781	142.0	20.0
1031	rna-XM_710148.1	XM_710148.1	1303	728	22.0	20.0
1032	rna-XM_710134.1	XM_710134.1	138	714	22.0	20.0
1033	rna-XM_710134.1	XM_710134.1	619	233	136.0	20.0
1034	rna-XM_710117.1	XM_710117.1	4	842	22.0	20.0
1035	rna-XM_710106.1	XM_710106.1	109	824	104.0	20.0
1036	rna-XM_710094.1	XM_710094.1	49	4157	35.0	20.0
1037	rna-XM_710094.1	XM_710094.1	53	4153	57.0	20.0
1038	rna-XM_710094.1	XM_710094.1	55	4151	43.0	20.0
1039	rna-XM_710094.1	XM_710094.1	58	4148	41.0	20.0
1040	rna-XM_710094.1	XM_710094.1	3056	1150	26.0	20.0
1041	rna-XM_713565.1	XM_713565.1	207	1101	44.0	20.0
1042	rna-XM_713565.1	XM_713565.1	211	1097	36.0	20.0
1043	rna-XM_713565.1	XM_713565.1	357	951	30.0	20.0
1044	rna-XM_713565.1	XM_713565.1	812	496	42.0	20.0
1045	rna-XM_713563.1	XM_713563.1	1010	196	27.0	20.0
1046	rna-XM_713556.1	XM_713556.1	711	1197	26.0	20.0
1047	rna-XM_713553.1	XM_713553.1	4	4403	29.0	20.0
1048	rna-XM_713541.1	XM_713541.1	14	625	30.0	20.0
1049	rna-XM_712853.1	XM_712853.1	3719	403	21.0	20.0
1050	rna-XM_019475507.1	XM_019475507.1	246	276	60.0	20.0
1051	rna-XM_019475509.1	XM_019475509.1	87	210	36.0	20.0
1052	rna-XM_713113.2	XM_713113.2	1127	625	31.0	20.0
1053	rna-XM_713113.2	XM_713113.2	1148	604	110.0	20.0
1054	rna-XM_713178.1	XM_713178.1	2308	194	116.0	20.0
1055	rna-XM_708346.2	XM_708346.2	2275	710	24.0	20.0
1056	rna-XM_708346.2	XM_708346.2	2300	685	29.0	20.0
1057	rna-XM_708320.2	XM_708320.2	475	335	30.0	20.0
1058	rna-XM_708320.2	XM_708320.2	482	328	244.0	20.0
1059	rna-XM_019475520.1	XM_019475520.1	1064	625	32.0	20.0
1060	rna-XM_710681.1	XM_710681.1	219	378	40.0	20.0
1061	rna-XM_710681.1	XM_710681.1	309	288	29.0	20.0
1062	rna-XM_710681.1	XM_710681.1	478	119	22.0	20.0
1063	rna-XM_710681.1	XM_710681.1	497	100	29.0	20.0
1064	rna-XM_710688.2	XM_710688.2	2723	3034	128.0	20.0
1065	rna-XM_710688.2	XM_710688.2	2771	2986	56.0	20.0
1066	rna-XM_710697.1	XM_710697.1	172	1115	35.0	20.0
1067	rna-XM_710697.1	XM_710697.1	179	1108	32.0	20.0
1068	rna-XM_710697.1	XM_710697.1	187	1100	42.0	20.0
1069	rna-XM_710697.1	XM_710697.1	266	1021	21.0	20.0
1070	rna-XM_710697.1	XM_710697.1	405	882	21.0	20.0
1071	rna-XM_710697.1	XM_710697.1	443	844	43.0	20.0
1072	rna-XM_710697.1	XM_710697.1	467	820	62.0	20.0
1073	rna-XM_710697.1	XM_710697.1	543	744	26.0	20.0
1074	rna-XM_710697.1	XM_710697.1	587	700	27.0	20.0
1075	rna-XM_710697.1	XM_710697.1	594	693	23.0	20.0
1076	rna-XM_710697.1	XM_710697.1	595	692	25.0	20.0
1077	rna-XM_710697.1	XM_710697.1	596	691	22.0	20.0
1078	rna-XM_710697.1	XM_710697.1	597	690	34.0	20.0
1079	rna-XM_710697.1	XM_710697.1	599	688	40.0	20.0
1080	rna-XM_710697.1	XM_710697.1	602	685	25.0	20.0
1081	rna-XM_710697.1	XM_710697.1	603	684	22.0	20.0
1082	rna-XM_710697.1	XM_710697.1	604	683	23.0	20.0
1083	rna-XM_710697.1	XM_710697.1	606	681	24.0	20.0
1084	rna-XM_710697.1	XM_710697.1	608	679	26.0	20.0
1085	rna-XM_710697.1	XM_710697.1	611	676	21.0	20.0
1086	rna-XM_710697.1	XM_710697.1	621	666	22.0	20.0
1087	rna-XM_710697.1	XM_710697.1	644	643	22.0	20.0
1088	rna-XM_019475522.1	XM_019475522.1	80	370	21.0	20.0
1089	rna-XM_019475522.1	XM_019475522.1	175	275	28.0	20.0
1090	rna-XM_019475522.1	XM_019475522.1	215	235	106.0	20.0
1091	rna-XM_019475522.1	XM_019475522.1	307	143	46.0	20.0
1092	rna-XM_019475522.1	XM_019475522.1	384	66	375.0	20.0
1093	rna-XM_019475522.1	XM_019475522.1	413	37	28.0	20.0
1094	rna-XM_710046.2	XM_710046.2	297	2739	27.0	20.0
1095	rna-XM_710041.2	XM_710041.2	1338	327	24.0	20.0
1096	rna-XM_712251.1	XM_712251.1	998	445	56.0	20.0
1097	rna-XM_712251.1	XM_712251.1	1100	343	22.0	20.0
1098	rna-XM_712263.2	XM_712263.2	67	548	22.0	20.0
1099	rna-XM_712263.2	XM_712263.2	81	534	21.0	20.0
1100	rna-XM_712263.2	XM_712263.2	89	526	21.0	20.0
1101	rna-XM_712263.2	XM_712263.2	93	522	25.0	20.0
1102	rna-XM_712263.2	XM_712263.2	98	517	31.0	20.0
1103	rna-XM_712263.2	XM_712263.2	104	511	48.0	20.0
1104	rna-XM_712263.2	XM_712263.2	127	488	29.0	20.0
1105	rna-XM_712263.2	XM_712263.2	129	486	22.0	20.0
1106	rna-XM_712263.2	XM_712263.2	148	467	32.0	20.0
1107	rna-XM_712263.2	XM_712263.2	153	462	37.0	20.0
1108	rna-XM_712263.2	XM_712263.2	193	422	43.0	20.0
1109	rna-XM_712263.2	XM_712263.2	197	418	23.0	20.0
1110	rna-XM_712263.2	XM_712263.2	204	411	28.0	20.0
1111	rna-XM_712263.2	XM_712263.2	215	400	21.0	20.0
1112	rna-XM_712263.2	XM_712263.2	216	399	26.0	20.0
1113	rna-XM_712263.2	XM_712263.2	217	398	23.0	20.0
1114	rna-XM_712263.2	XM_712263.2	262	353	53.0	20.0
1115	rna-XM_712263.2	XM_712263.2	277	338	36.0	20.0
1116	rna-XM_712263.2	XM_712263.2	295	320	48.0	20.0
1117	rna-XM_712263.2	XM_712263.2	308	307	174.0	20.0
1118	rna-XM_712264.2	XM_712264.2	846	900	23.0	20.0
1119	rna-XM_712267.2	XM_712267.2	655	683	217.0	20.0
1120	rna-XM_712288.1	XM_712288.1	2015	127	22.0	20.0
1121	rna-XM_712292.1	XM_712292.1	1040	2197	95.0	20.0
1122	rna-XM_712292.1	XM_712292.1	2187	1050	98.0	20.0
1123	rna-XM_712298.1	XM_712298.1	32	2827	35.0	20.0
1124	rna-XM_019475540.1	XM_019475540.1	247	20	29.0	20.0
1125	rna-XM_706005.2	XM_706005.2	308	448	23.0	20.0
1126	rna-XM_706005.2	XM_706005.2	328	428	25.0	20.0
1127	rna-XM_706899.2	XM_706899.2	847	275	27.0	20.0
1128	rna-XM_706890.1	XM_706890.1	222	570	27.0	20.0
1129	rna-XM_705713.1	XM_705713.1	1584	561	23.0	20.0
1130	rna-XM_705713.1	XM_705713.1	1634	511	26.0	20.0
1131	rna-XM_705713.1	XM_705713.1	1647	498	21.0	20.0
1132	rna-XM_705713.1	XM_705713.1	1653	492	24.0	20.0
1133	rna-XM_705713.1	XM_705713.1	1666	479	21.0	20.0
1134	rna-XM_705713.1	XM_705713.1	1672	473	58.0	20.0
1135	rna-XM_705713.1	XM_705713.1	1674	471	21.0	20.0
1136	rna-XM_705713.1	XM_705713.1	1677	468	34.0	20.0
1137	rna-XM_705713.1	XM_705713.1	1680	465	38.0	20.0
1138	rna-XM_705713.1	XM_705713.1	1686	459	28.0	20.0
1139	rna-XM_705713.1	XM_705713.1	1705	440	24.0	20.0
1140	rna-XM_705713.1	XM_705713.1	1708	437	25.0	20.0
1141	rna-XM_705713.1	XM_705713.1	1741	404	24.0	20.0
1142	rna-XM_705713.1	XM_705713.1	1750	395	22.0	20.0
1143	rna-XM_705713.1	XM_705713.1	1795	350	21.0	20.0
1144	rna-XM_705713.1	XM_705713.1	1877	268	56.0	20.0
1145	rna-XM_705713.1	XM_705713.1	1912	233	23.0	20.0
1146	rna-XM_705713.1	XM_705713.1	1958	187	22.0	20.0
1147	rna-XM_705713.1	XM_705713.1	2099	46	24.0	20.0
1148	rna-XM_706622.2	XM_706622.2	1880	400	31.0	20.0
1149	rna-XM_706622.2	XM_706622.2	1881	399	33.0	20.0
1150	rna-XM_706599.2	XM_706599.2	73	755	62.0	20.0
1151	rna-XM_707984.2	XM_707984.2	639	1062	23.0	20.0
1152	rna-XM_707557.2	XM_707557.2	6336	315	23.0	20.0
1153	rna-XM_707557.2	XM_707557.2	6340	311	65.0	20.0
1154	rna-XM_707557.2	XM_707557.2	6350	301	175.0	20.0
1155	rna-XM_707557.2	XM_707557.2	6359	292	25.0	20.0
1156	rna-XM_707557.2	XM_707557.2	6374	277	28.0	20.0
1157	rna-XM_707557.2	XM_707557.2	6389	262	127.0	20.0
1158	rna-XM_707557.2	XM_707557.2	6392	259	21.0	20.0
1159	rna-XM_707557.2	XM_707557.2	6399	252	45.0	20.0
1160	rna-XM_707557.2	XM_707557.2	6407	244	25.0	20.0
1161	rna-XM_707557.2	XM_707557.2	6431	220	21.0	20.0
1162	rna-XM_707557.2	XM_707557.2	6444	207	27.0	20.0
1163	rna-XM_707557.2	XM_707557.2	6475	176	28.0	20.0
1164	rna-XM_707557.2	XM_707557.2	6481	170	21.0	20.0
1165	rna-XM_707557.2	XM_707557.2	6487	164	53.0	20.0
1166	rna-XM_707557.2	XM_707557.2	6535	116	38.0	20.0
1167	rna-XM_707557.2	XM_707557.2	6539	112	81.0	20.0
1168	rna-XM_707997.2	XM_707997.2	740	658	61.0	20.0
1169	rna-XM_707240.2	XM_707240.2	203	1123	31.0	20.0
1170	rna-XM_707240.2	XM_707240.2	305	1021	22.0	20.0
1171	rna-XM_707240.2	XM_707240.2	1247	79	36.0	20.0
1172	rna-XM_019475555.1	XM_019475555.1	44	205	38.0	20.0
1173	rna-XM_019475555.1	XM_019475555.1	64	185	30.0	20.0
1174	rna-XM_705961.2	XM_705961.2	841	1007	24.0	20.0
1175	rna-XM_711115.2	XM_711115.2	0	1842	21.0	20.0
1176	rna-XM_711115.2	XM_711115.2	86	1756	35.0	20.0
1177	rna-XM_711115.2	XM_711115.2	110	1732	51.0	20.0
1178	rna-XM_711115.2	XM_711115.2	388	1454	30.0	20.0
1179	rna-XM_711115.2	XM_711115.2	751	1091	89.0	20.0
1180	rna-XM_711115.2	XM_711115.2	1661	181	23.0	20.0
1181	rna-XM_711117.2	XM_711117.2	1091	313	22.0	20.0
1182	rna-XM_711122.1	XM_711122.1	38	322	34.0	20.0
1183	rna-XM_711122.1	XM_711122.1	162	198	44.0	20.0
1184	rna-XM_711122.1	XM_711122.1	250	110	30.0	20.0
1185	rna-XM_711122.1	XM_711122.1	323	37	25.0	20.0
1186	rna-XM_711149.1	XM_711149.1	826	419	26.0	20.0
1187	rna-XM_019475562.1	XM_019475562.1	357	129	29.0	20.0
1188	rna-XM_019475562.1	XM_019475562.1	395	91	88.0	20.0
1189	rna-XM_711169.1	XM_711169.1	154	506	30.0	20.0
1190	rna-XM_019475568.1	XM_019475568.1	1209	138	36.0	20.0
1191	rna-XM_706207.2	XM_706207.2	994	1148	21.0	20.0
1192	rna-XM_706199.2	XM_706199.2	447	900	21.0	20.0
1193	rna-XM_706199.2	XM_706199.2	457	890	58.0	20.0
1194	rna-XM_706199.2	XM_706199.2	546	801	89.0	20.0
1195	rna-XM_706199.2	XM_706199.2	964	383	23.0	20.0
1196	rna-XM_714221.1	XM_714221.1	946	1673	21.0	20.0
1197	rna-XM_714221.1	XM_714221.1	1013	1606	50.0	20.0
1198	rna-XM_714238.1	XM_714238.1	893	658	81.0	20.0
1199	rna-XM_714238.1	XM_714238.1	981	570	50.0	20.0
1200	rna-XM_714238.1	XM_714238.1	993	558	21.0	20.0
1201	rna-XM_714238.1	XM_714238.1	999	552	22.0	20.0
1202	rna-XM_714238.1	XM_714238.1	1044	507	24.0	20.0
1203	rna-XM_714238.1	XM_714238.1	1087	464	21.0	20.0
1204	rna-XM_714238.1	XM_714238.1	1090	461	32.0	20.0
1205	rna-XM_714238.1	XM_714238.1	1092	459	37.0	20.0
1206	rna-XM_714238.1	XM_714238.1	1149	402	25.0	20.0
1207	rna-XM_714238.1	XM_714238.1	1161	390	23.0	20.0
1208	rna-XM_714238.1	XM_714238.1	1165	386	31.0	20.0
1209	rna-XM_714238.1	XM_714238.1	1166	385	72.0	20.0
1210	rna-XM_714238.1	XM_714238.1	1167	384	24.0	20.0
1211	rna-XM_714238.1	XM_714238.1	1168	383	24.0	20.0
1212	rna-XM_714238.1	XM_714238.1	1169	382	21.0	20.0
1213	rna-XM_714238.1	XM_714238.1	1170	381	27.0	20.0
1214	rna-XM_714238.1	XM_714238.1	1171	380	23.0	20.0
1215	rna-XM_714238.1	XM_714238.1	1173	378	25.0	20.0
1216	rna-XM_714238.1	XM_714238.1	1174	377	22.0	20.0
1217	rna-XM_714238.1	XM_714238.1	1175	376	23.0	20.0
1218	rna-XM_714238.1	XM_714238.1	1179	372	21.0	20.0
1219	rna-XM_714238.1	XM_714238.1	1181	370	28.0	20.0
1220	rna-XM_714238.1	XM_714238.1	1188	363	27.0	20.0
1221	rna-XM_714238.1	XM_714238.1	1189	362	30.0	20.0
1222	rna-XM_714238.1	XM_714238.1	1194	357	21.0	20.0
1223	rna-XM_714238.1	XM_714238.1	1195	356	23.0	20.0
1224	rna-XM_714238.1	XM_714238.1	1203	348	21.0	20.0
1225	rna-XM_714238.1	XM_714238.1	1211	340	24.0	20.0
1226	rna-XM_714238.1	XM_714238.1	1212	339	24.0	20.0
1227	rna-XM_714238.1	XM_714238.1	1213	338	42.0	20.0
1228	rna-XM_714238.1	XM_714238.1	1214	337	25.0	20.0
1229	rna-XM_714238.1	XM_714238.1	1215	336	32.0	20.0
1230	rna-XM_714238.1	XM_714238.1	1216	335	50.0	20.0
1231	rna-XM_714238.1	XM_714238.1	1217	334	24.0	20.0
1232	rna-XM_714238.1	XM_714238.1	1218	333	95.0	20.0
1233	rna-XM_714238.1	XM_714238.1	1220	331	29.0	20.0
1234	rna-XM_714238.1	XM_714238.1	1223	328	24.0	20.0
1235	rna-XM_714238.1	XM_714238.1	1225	326	27.0	20.0
1236	rna-XM_714238.1	XM_714238.1	1226	325	30.0	20.0
1237	rna-XM_714238.1	XM_714238.1	1228	323	30.0	20.0
1238	rna-XM_714238.1	XM_714238.1	1234	317	22.0	20.0
1239	rna-XM_714238.1	XM_714238.1	1235	316	24.0	20.0
1240	rna-XM_714238.1	XM_714238.1	1236	315	28.0	20.0
1241	rna-XM_714238.1	XM_714238.1	1237	314	39.0	20.0
1242	rna-XM_714238.1	XM_714238.1	1245	306	21.0	20.0
1243	rna-XM_714238.1	XM_714238.1	1248	303	24.0	20.0
1244	rna-XM_714238.1	XM_714238.1	1263	288	28.0	20.0
1245	rna-XM_714238.1	XM_714238.1	1267	284	138.0	20.0
1246	rna-XM_714238.1	XM_714238.1	1282	269	25.0	20.0
1247	rna-XM_714238.1	XM_714238.1	1301	250	23.0	20.0
1248	rna-XM_714238.1	XM_714238.1	1337	214	33.0	20.0
1249	rna-XM_714238.1	XM_714238.1	1382	169	23.0	20.0
1250	rna-XM_714241.1	XM_714241.1	1480	2444	32.0	20.0
1251	rna-XM_713957.1	XM_713957.1	-27	1230	22.0	20.0
1252	rna-XM_713957.1	XM_713957.1	-25	1228	23.0	20.0
1253	rna-XM_713957.1	XM_713957.1	-14	1217	134.0	20.0
1254	rna-XM_713957.1	XM_713957.1	-12	1215	46.0	20.0
1255	rna-XM_713957.1	XM_713957.1	-10	1213	31.0	20.0
1256	rna-XM_713957.1	XM_713957.1	-8	1211	39.0	20.0
1257	rna-XM_713957.1	XM_713957.1	-7	1210	22.0	20.0
1258	rna-XM_713957.1	XM_713957.1	-5	1208	40.0	20.0
1259	rna-XM_713957.1	XM_713957.1	-4	1207	60.0	20.0
1260	rna-XM_713957.1	XM_713957.1	-2	1205	28.0	20.0
1261	rna-XM_713957.1	XM_713957.1	-1	1204	28.0	20.0
1262	rna-XM_713954.1	XM_713954.1	-8	611	21.0	20.0
1263	rna-XM_713064.2	XM_713064.2	-93	843	26.0	20.0
1264	rna-XM_713064.2	XM_713064.2	-92	842	22.0	20.0
1265	rna-XM_713064.2	XM_713064.2	-89	839	223.0	20.0
1266	rna-XM_713064.2	XM_713064.2	-85	835	25.0	20.0
1267	rna-XM_713064.2	XM_713064.2	-82	832	82.0	20.0
1268	rna-XM_713064.2	XM_713064.2	-81	831	170.0	20.0
1269	rna-XM_713064.2	XM_713064.2	-80	830	519.0	20.0
1270	rna-XM_713064.2	XM_713064.2	-78	828	63.0	20.0
1271	rna-XM_713064.2	XM_713064.2	-67	817	28.0	20.0
1272	rna-XM_713064.2	XM_713064.2	-64	814	21.0	20.0
1273	rna-XM_713064.2	XM_713064.2	-60	810	30.0	20.0
1274	rna-XM_713064.2	XM_713064.2	-59	809	22.0	20.0
1275	rna-XM_713064.2	XM_713064.2	-49	799	27.0	20.0
1276	rna-XM_713064.2	XM_713064.2	-44	794	24.0	20.0
1277	rna-XM_713064.2	XM_713064.2	-39	789	29.0	20.0
1278	rna-XM_713064.2	XM_713064.2	-33	783	28.0	20.0
1279	rna-XM_713064.2	XM_713064.2	-32	782	53.0	20.0
1280	rna-XM_713064.2	XM_713064.2	-24	774	28.0	20.0
1281	rna-XM_713064.2	XM_713064.2	-23	773	48.0	20.0
1282	rna-XM_713064.2	XM_713064.2	-22	772	89.0	20.0
1283	rna-XM_713064.2	XM_713064.2	-13	763	21.0	20.0
1284	rna-XM_713064.2	XM_713064.2	-9	759	25.0	20.0
1285	rna-XM_716399.1	XM_716399.1	-26	635	25.0	20.0
1286	rna-XM_716399.1	XM_716399.1	-24	633	35.0	20.0
1287	rna-XM_019475076.1	XM_019475076.1	-16	445	23.0	20.0
1288	rna-XM_708542.1	XM_708542.1	-49	1330	35.0	20.0
1289	rna-XM_708542.1	XM_708542.1	-30	1311	32.0	20.0
1290	rna-XM_708542.1	XM_708542.1	-27	1308	70.0	20.0
1291	rna-XM_708558.2	XM_708558.2	-49	2599	21.0	20.0
1292	rna-XM_707148.2	XM_707148.2	-38	1076	30.0	20.0
1293	rna-XM_707148.2	XM_707148.2	-28	1066	45.0	20.0
1294	rna-XM_019475113.1	XM_019475113.1	-19	418	26.0	20.0
1295	rna-XM_019475113.1	XM_019475113.1	-13	412	63.0	20.0
1296	rna-XM_019475113.1	XM_019475113.1	-10	409	21.0	20.0
1297	rna-XM_713748.2	XM_713748.2	-35	473	57.0	20.0
1298	rna-XM_713748.2	XM_713748.2	-18	456	23.0	20.0
1299	rna-XM_713748.2	XM_713748.2	-13	451	247.0	20.0
1300	rna-XM_713748.2	XM_713748.2	-10	448	117.0	20.0
1301	rna-XM_713748.2	XM_713748.2	-7	445	52.0	20.0
1302	rna-XM_713748.2	XM_713748.2	-6	444	21.0	20.0
1303	rna-XM_019475120.1	XM_019475120.1	-11	380	21.0	20.0
1304	rna-XM_712526.2	XM_712526.2	-41	3095	37.0	20.0
1305	rna-XM_712562.2	XM_712562.2	-21	1398	24.0	20.0
1306	rna-XM_712562.2	XM_712562.2	-17	1394	28.0	20.0
1307	rna-XM_718484.1	XM_718484.1	-19	841	22.0	20.0
1308	rna-XM_019475144.1	XM_019475144.1	-28	349	180.0	20.0
1309	rna-XM_019475147.1	XM_019475147.1	-31	445	21.0	20.0
1310	rna-XM_019475147.1	XM_019475147.1	-25	439	23.0	20.0
1311	rna-XM_019475147.1	XM_019475147.1	-20	434	80.0	20.0
1312	rna-XM_019475147.1	XM_019475147.1	-10	424	28.0	20.0
1313	rna-XM_019475147.1	XM_019475147.1	428	-14	398.0	20.0
1314	rna-XM_708720.1	XM_708720.1	-47	1457	29.0	20.0
1315	rna-XM_019475156.1	XM_019475156.1	285	-12	32.0	20.0
1316	rna-XM_711255.1	XM_711255.1	-52	475	45.0	20.0
1317	rna-XM_019475165.1	XM_019475165.1	-25	436	22.0	20.0
1318	rna-XM_019475165.1	XM_019475165.1	-20	431	21.0	20.0
1319	rna-XM_019475165.1	XM_019475165.1	463	-52	71.0	20.0
1320	rna-XM_019475174.1	XM_019475174.1	-24	420	38.0	20.0
1321	rna-XM_019475184.1	XM_019475184.1	-33	1521	24.0	20.0
1322	rna-XM_709943.1	XM_709943.1	-51	891	42.0	20.0
1323	rna-XM_709943.1	XM_709943.1	-47	887	40.0	20.0
1324	rna-XM_709943.1	XM_709943.1	-43	883	105.0	20.0
1325	rna-XM_709943.1	XM_709943.1	-39	879	34.0	20.0
1326	rna-XM_709943.1	XM_709943.1	-35	875	158.0	20.0
1327	rna-XM_709943.1	XM_709943.1	-30	870	43.0	20.0
1328	rna-XM_709943.1	XM_709943.1	-27	867	46.0	20.0
1329	rna-XM_709943.1	XM_709943.1	-22	862	22.0	20.0
1330	rna-XM_709943.1	XM_709943.1	-19	859	22.0	20.0
1331	rna-XM_709943.1	XM_709943.1	-17	857	49.0	20.0
1332	rna-XM_709943.1	XM_709943.1	-10	850	27.0	20.0
1333	rna-XM_709945.1	XM_709945.1	-30	891	42.0	20.0
1334	rna-XM_709945.1	XM_709945.1	-21	882	54.0	20.0
1335	rna-XM_709945.1	XM_709945.1	-18	879	50.0	20.0
1336	rna-XM_709945.1	XM_709945.1	-10	871	21.0	20.0
1337	rna-XM_709945.1	XM_709945.1	-6	867	22.0	20.0
1338	rna-XM_709945.1	XM_709945.1	-1	862	22.0	20.0
1339	rna-XM_709954.1	XM_709954.1	-94	2080	23.0	20.0
1340	rna-XM_709954.1	XM_709954.1	-83	2069	33.0	20.0
1341	rna-XM_705396.2	XM_705396.2	-6	1677	78.0	20.0
1342	rna-XM_705387.2	XM_705387.2	1416	-72	38.0	20.0
1343	rna-XM_705387.2	XM_705387.2	1427	-83	23.0	20.0
1344	rna-XM_705387.2	XM_705387.2	1431	-87	23.0	20.0
1345	rna-XM_714443.2	XM_714443.2	-53	3845	31.0	20.0
1346	rna-XM_717410.1	XM_717410.1	-33	2904	60.0	20.0
1347	rna-XM_717410.1	XM_717410.1	-23	2894	22.0	20.0
1348	rna-XM_717410.1	XM_717410.1	-19	2890	36.0	20.0
1349	rna-XM_717410.1	XM_717410.1	-16	2887	91.0	20.0
1350	rna-XM_717427.1	XM_717427.1	-12	372	47.0	20.0
1351	rna-XM_717427.1	XM_717427.1	-11	371	72.0	20.0
1352	rna-XM_717427.1	XM_717427.1	-10	370	31.0	20.0
1353	rna-XM_717427.1	XM_717427.1	-9	369	27.0	20.0
1354	rna-XM_717427.1	XM_717427.1	-8	368	77.0	20.0
1355	rna-XM_717427.1	XM_717427.1	-7	367	131.0	20.0
1356	rna-XM_717427.1	XM_717427.1	-6	366	111.0	20.0
1357	rna-XM_717427.1	XM_717427.1	-5	365	78.0	20.0
1358	rna-XM_717427.1	XM_717427.1	-4	364	32.0	20.0
1359	rna-XM_717427.1	XM_717427.1	-3	363	58.0	20.0
1360	rna-XM_717427.1	XM_717427.1	-1	361	22.0	20.0
1361	rna-XM_717427.1	XM_717427.1	360	0	114.0	20.0
1362	rna-XM_715893.2	XM_715893.2	-19	1156	23.0	20.0
1363	rna-XM_019475216.1	XM_019475216.1	-24	507	66.0	20.0
1364	rna-XM_019475216.1	XM_019475216.1	-19	502	144.0	20.0
1365	rna-XM_019475217.1	XM_019475217.1	-23	593	53.0	20.0
1366	rna-XM_019475220.1	XM_019475220.1	-35	335	27.0	20.0
1367	rna-XM_019475220.1	XM_019475220.1	-31	331	37.0	20.0
1368	rna-XM_019475220.1	XM_019475220.1	-28	328	31.0	20.0
1369	rna-XM_019475220.1	XM_019475220.1	-9	309	31.0	20.0
1370	rna-XM_715844.1	XM_715844.1	-48	2127	46.0	20.0
1371	rna-XM_715844.1	XM_715844.1	-46	2125	29.0	20.0
1372	rna-XM_707825.2	XM_707825.2	-55	1339	21.0	20.0
1373	rna-XM_707825.2	XM_707825.2	-52	1336	34.0	20.0
1374	rna-XM_707825.2	XM_707825.2	-45	1329	28.0	20.0
1375	rna-XM_707825.2	XM_707825.2	-40	1324	24.0	20.0
1376	rna-XM_707825.2	XM_707825.2	-37	1321	108.0	20.0
1377	rna-XM_707825.2	XM_707825.2	-34	1318	25.0	20.0
1378	rna-XM_707825.2	XM_707825.2	-32	1316	40.0	20.0
1379	rna-XM_707825.2	XM_707825.2	-29	1313	40.0	20.0
1380	rna-XM_707825.2	XM_707825.2	-22	1306	23.0	20.0
1381	rna-XM_707823.1	XM_707823.1	-42	600	21.0	20.0
1382	rna-XM_709806.2	XM_709806.2	-46	2395	84.0	20.0
1383	rna-XM_019475231.1	XM_019475231.1	-31	370	237.0	20.0
1384	rna-XM_709849.2	XM_709849.2	-97	1255	34.0	20.0
1385	rna-XM_710931.1	XM_710931.1	-35	1865	27.0	20.0
1386	rna-XM_019475256.1	XM_019475256.1	-22	379	168.0	20.0
1387	rna-XM_705056.2	XM_705056.2	-23	1400	77.0	20.0
1388	rna-XM_705056.2	XM_705056.2	-19	1396	48.0	20.0
1389	rna-XM_709379.2	XM_709379.2	-67	1354	40.0	20.0
1390	rna-XM_709379.2	XM_709379.2	-62	1349	41.0	20.0
1391	rna-XM_709379.2	XM_709379.2	-57	1344	70.0	20.0
1392	rna-XM_709379.2	XM_709379.2	-45	1332	24.0	20.0
1393	rna-XM_707492.2	XM_707492.2	-56	638	69.0	20.0
1394	rna-XM_707492.2	XM_707492.2	-47	629	39.0	20.0
1395	rna-XM_707492.2	XM_707492.2	-44	626	31.0	20.0
1396	rna-XM_707492.2	XM_707492.2	-28	610	47.0	20.0
1397	rna-XM_707492.2	XM_707492.2	-16	598	26.0	20.0
1398	rna-XM_704910.1	XM_704910.1	-60	828	22.0	20.0
1399	rna-XM_705590.2	XM_705590.2	-27	1197	37.0	20.0
1400	rna-XM_705590.2	XM_705590.2	-9	1179	22.0	20.0
1401	rna-XM_712051.1	XM_712051.1	-28	817	26.0	20.0
1402	rna-XM_712051.1	XM_712051.1	-26	815	21.0	20.0
1403	rna-XM_712051.1	XM_712051.1	-23	812	49.0	20.0
1404	rna-XM_712051.1	XM_712051.1	-20	809	24.0	20.0
1405	rna-XM_712077.1	XM_712077.1	-5	1619	25.0	20.0
1406	rna-XM_712744.1	XM_712744.1	-16	424	65.0	20.0
1407	rna-XM_712744.1	XM_712744.1	-14	422	52.0	20.0
1408	rna-XM_712744.1	XM_712744.1	-10	418	33.0	20.0
1409	rna-XM_712744.1	XM_712744.1	-9	417	130.0	20.0
1410	rna-XM_712744.1	XM_712744.1	-5	413	48.0	20.0
1411	rna-XM_712744.1	XM_712744.1	-4	412	26.0	20.0
1412	rna-XM_712744.1	XM_712744.1	-1	409	28.0	20.0
1413	rna-XM_712712.1	XM_712712.1	-52	406	22.0	20.0
1414	rna-XM_712709.1	XM_712709.1	-29	689	144.0	20.0
1415	rna-XM_712708.1	XM_712708.1	2121	-93	144.0	20.0
1416	rna-XM_712666.2	XM_712666.2	-7	2695	65.0	20.0
1417	rna-XM_716679.2	XM_716679.2	-46	607	72.0	20.0
1418	rna-XM_716679.2	XM_716679.2	-42	603	132.0	20.0
1419	rna-XM_716679.2	XM_716679.2	-38	599	142.0	20.0
1420	rna-XM_716679.2	XM_716679.2	-28	589	46.0	20.0
1421	rna-XM_716676.2	XM_716676.2	-45	1107	30.0	20.0
1422	rna-XM_716645.2	XM_716645.2	-52	1675	27.0	20.0
1423	rna-XM_716626.1	XM_716626.1	-47	668	26.0	20.0
1424	rna-XM_716619.1	XM_716619.1	-26	524	83.0	20.0
1425	rna-XM_716608.2	XM_716608.2	-62	3842	27.0	20.0
1426	rna-XM_714842.1	XM_714842.1	-31	607	71.0	20.0
1427	rna-XM_714842.1	XM_714842.1	606	-30	38.0	20.0
1428	rna-XM_019475311.1	XM_019475311.1	-96	504	28.0	20.0
1429	rna-XM_718032.1	XM_718032.1	-40	3241	25.0	20.0
1430	rna-XM_718032.1	XM_718032.1	-33	3234	34.0	20.0
1431	rna-XM_019475322.1	XM_019475322.1	-17	446	28.0	20.0
1432	rna-XM_019475322.1	XM_019475322.1	-10	439	105.0	20.0
1433	rna-XM_718047.1	XM_718047.1	-68	404	91.0	20.0
1434	rna-XM_019475323.1	XM_019475323.1	-43	847	22.0	20.0
1435	rna-XM_019475325.1	XM_019475325.1	-32	395	23.0	20.0
1436	rna-XM_019475325.1	XM_019475325.1	-24	387	28.0	20.0
1437	rna-XM_019475325.1	XM_019475325.1	-23	386	121.0	20.0
1438	rna-XM_019475325.1	XM_019475325.1	-21	384	38.0	20.0
1439	rna-XM_019475325.1	XM_019475325.1	-20	383	78.0	20.0
1440	rna-XM_019475325.1	XM_019475325.1	-19	382	24.0	20.0
1441	rna-XM_019475325.1	XM_019475325.1	-18	381	27.0	20.0
1442	rna-XM_019475325.1	XM_019475325.1	-17	380	33.0	20.0
1443	rna-XM_019475325.1	XM_019475325.1	-16	379	21.0	20.0
1444	rna-XM_019475325.1	XM_019475325.1	-10	373	34.0	20.0
1445	rna-XM_019475325.1	XM_019475325.1	-9	372	85.0	20.0
1446	rna-XM_019475325.1	XM_019475325.1	-7	370	21.0	20.0
1447	rna-XM_019475326.1	XM_019475326.1	-22	583	26.0	20.0
1448	rna-XM_019475328.1	XM_019475328.1	-26	464	440.0	20.0
1449	rna-XM_019475328.1	XM_019475328.1	-23	461	32.0	20.0
1450	rna-XM_019475328.1	XM_019475328.1	-22	460	34.0	20.0
1451	rna-XM_019475328.1	XM_019475328.1	-21	459	27.0	20.0
1452	rna-XM_019475328.1	XM_019475328.1	-16	454	38.0	20.0
1453	rna-XM_019475328.1	XM_019475328.1	-6	444	23.0	20.0
1454	rna-XM_019475328.1	XM_019475328.1	-3	441	22.0	20.0
1455	rna-XM_711507.1	XM_711507.1	2237	-41	28.0	20.0
1456	rna-XM_711514.1	XM_711514.1	-90	1152	22.0	20.0
1457	rna-XM_711514.1	XM_711514.1	-86	1148	45.0	20.0
1458	rna-XM_710995.1	XM_710995.1	-43	829	29.0	20.0
1459	rna-XM_710995.1	XM_710995.1	-34	820	52.0	20.0
1460	rna-XM_714717.1	XM_714717.1	-18	1356	59.0	20.0
1461	rna-XM_019475352.1	XM_019475352.1	-49	1564	33.0	20.0
1462	rna-XM_019475358.1	XM_019475358.1	244	-85	21.0	20.0
1463	rna-XM_717652.1	XM_717652.1	543	0	23.0	20.0
1464	rna-XM_019475360.1	XM_019475360.1	-26	737	22.0	20.0
1465	rna-XM_019475360.1	XM_019475360.1	-22	733	58.0	20.0
1466	rna-XM_717611.1	XM_717611.1	601	-82	69.0	20.0
1467	rna-XM_717564.2	XM_717564.2	1829	-2	21.0	20.0
1468	rna-XM_715424.2	XM_715424.2	-80	422	26.0	20.0
1469	rna-XM_715424.2	XM_715424.2	-51	393	137.0	20.0
1470	rna-XM_715424.2	XM_715424.2	-45	387	38.0	20.0
1471	rna-XM_715374.2	XM_715374.2	-33	1728	21.0	20.0
1472	rna-XM_715374.2	XM_715374.2	-31	1726	37.0	20.0
1473	rna-XM_715367.2	XM_715367.2	-42	1326	57.0	20.0
1474	rna-XM_715367.2	XM_715367.2	-21	1305	23.0	20.0
1475	rna-XM_712010.2	XM_712010.2	-45	639	48.0	20.0
1476	rna-XM_019475381.1	XM_019475381.1	-27	402	33.0	20.0
1477	rna-XM_019475384.1	XM_019475384.1	-35	356	30.0	20.0
1478	rna-XM_711465.2	XM_711465.2	-30	1017	28.0	20.0
1479	rna-XM_711465.2	XM_711465.2	-8	995	30.0	20.0
1480	rna-XM_706771.2	XM_706771.2	-38	9290	21.0	20.0
1481	rna-XM_710478.2	XM_710478.2	-68	1649	24.0	20.0
1482	rna-XM_710478.2	XM_710478.2	-60	1641	22.0	20.0
1483	rna-XM_710478.2	XM_710478.2	-57	1638	25.0	20.0
1484	rna-XM_710478.2	XM_710478.2	-43	1624	36.0	20.0
1485	rna-XM_710478.2	XM_710478.2	-35	1616	30.0	20.0
1486	rna-XM_710293.2	XM_710293.2	-4	403	54.0	20.0
1487	rna-XM_710290.2	XM_710290.2	-83	440	42.0	20.0
1488	rna-XM_711707.1	XM_711707.1	-58	592	75.0	20.0
1489	rna-XM_710642.2	XM_710642.2	-73	1120	30.0	20.0
1490	rna-XM_019475412.1	XM_019475412.1	-31	499	26.0	20.0
1491	rna-XM_019475412.1	XM_019475412.1	-25	493	85.0	20.0
1492	rna-XM_019475412.1	XM_019475412.1	-24	492	71.0	20.0
1493	rna-XM_019475412.1	XM_019475412.1	-20	488	166.0	20.0
1494	rna-XM_019475412.1	XM_019475412.1	-18	486	123.0	20.0
1495	rna-XM_019475412.1	XM_019475412.1	-6	474	97.0	20.0
1496	rna-XM_019475412.1	XM_019475412.1	-4	472	22.0	20.0
1497	rna-XM_706264.2	XM_706264.2	-19	3172	45.0	20.0
1498	rna-XM_706264.2	XM_706264.2	3155	-2	30.0	20.0
1499	rna-XM_715486.2	XM_715486.2	-69	375	22.0	20.0
1500	rna-XM_019475428.1	XM_019475428.1	-58	313	94.0	20.0
1501	rna-XM_019475428.1	XM_019475428.1	-32	287	28.0	20.0
1502	rna-XM_019475443.1	XM_019475443.1	-31	487	55.0	20.0
1503	rna-XM_019475443.1	XM_019475443.1	-28	484	24.0	20.0
1504	rna-XM_711644.1	XM_711644.1	-54	1089	84.0	20.0
1505	rna-XM_019475459.1	XM_019475459.1	-47	506	24.0	20.0
1506	rna-XM_714036.2	XM_714036.2	-40	880	30.0	20.0
1507	rna-XM_705472.2	XM_705472.2	-43	1384	67.0	20.0
1508	rna-XM_705472.2	XM_705472.2	-40	1381	31.0	20.0
1509	rna-XM_715321.2	XM_715321.2	-24	819	21.0	20.0
1510	rna-XM_715321.2	XM_715321.2	-8	803	27.0	20.0
1511	rna-XM_715313.1	XM_715313.1	-7	961	25.0	20.0
1512	rna-XM_715312.1	XM_715312.1	1947	-99	25.0	20.0
1513	rna-XM_019475476.1	XM_019475476.1	-51	255	28.0	20.0
1514	rna-XM_019475476.1	XM_019475476.1	-29	233	99.0	20.0
1515	rna-XM_019475476.1	XM_019475476.1	-25	229	21.0	20.0
1516	rna-XM_019475476.1	XM_019475476.1	-22	226	30.0	20.0
1517	rna-XM_019475476.1	XM_019475476.1	-21	225	56.0	20.0
1518	rna-XM_019475479.1	XM_019475479.1	-17	455	38.0	20.0
1519	rna-XM_715216.1	XM_715216.1	-54	993	25.0	20.0
1520	rna-XM_716286.1	XM_716286.1	-31	928	39.0	20.0
1521	rna-XM_707061.1	XM_707061.1	-33	1692	24.0	20.0
1522	rna-XM_710117.1	XM_710117.1	-49	895	21.0	20.0
1523	rna-XM_710117.1	XM_710117.1	-48	894	30.0	20.0
1524	rna-XM_710117.1	XM_710117.1	-44	890	68.0	20.0
1525	rna-XM_710117.1	XM_710117.1	-40	886	23.0	20.0
1526	rna-XM_710095.1	XM_710095.1	467	-68	35.0	20.0
1527	rna-XM_710095.1	XM_710095.1	471	-72	57.0	20.0
1528	rna-XM_710095.1	XM_710095.1	473	-74	43.0	20.0
1529	rna-XM_710095.1	XM_710095.1	476	-77	41.0	20.0
1530	rna-XM_713541.1	XM_713541.1	-21	660	34.0	20.0
1531	rna-XM_712865.1	XM_712865.1	-27	531	62.0	20.0
1532	rna-XM_713095.2	XM_713095.2	-64	1027	22.0	20.0
1533	rna-XM_019475512.1	XM_019475512.1	-30	318	69.0	20.0
1534	rna-XM_019475515.1	XM_019475515.1	-50	731	28.0	20.0
1535	rna-XM_710681.1	XM_710681.1	615	-18	32.0	20.0
1536	rna-XM_019475522.1	XM_019475522.1	-27	477	25.0	20.0
1537	rna-XM_019475522.1	XM_019475522.1	-24	474	21.0	20.0
1538	rna-XM_019475522.1	XM_019475522.1	-22	472	50.0	20.0
1539	rna-XM_019475530.1	XM_019475530.1	-25	217	28.0	20.0
1540	rna-XM_712263.2	XM_712263.2	-55	670	21.0	20.0
1541	rna-XM_712263.2	XM_712263.2	-26	641	145.0	20.0
1542	rna-XM_712263.2	XM_712263.2	-22	637	37.0	20.0
1543	rna-XM_712263.2	XM_712263.2	-7	622	24.0	20.0
1544	rna-XM_019475540.1	XM_019475540.1	-49	316	23.0	20.0
1545	rna-XM_705229.1	XM_705229.1	-41	1868	39.0	20.0
1546	rna-XM_705713.1	XM_705713.1	-23	2168	25.0	20.0
1547	rna-XM_706599.2	XM_706599.2	-56	884	31.0	20.0
1548	rna-XM_707565.1	XM_707565.1	-34	1279	44.0	20.0
1549	rna-XM_707260.2	XM_707260.2	-38	542	22.0	20.0
1550	rna-XM_707260.2	XM_707260.2	-33	537	44.0	20.0
1551	rna-XM_019475555.1	XM_019475555.1	-42	291	24.0	20.0
1552	rna-XM_019475555.1	XM_019475555.1	-26	275	109.0	20.0
1553	rna-XM_019475555.1	XM_019475555.1	-22	271	27.0	20.0
1554	rna-XM_019475555.1	XM_019475555.1	-17	266	255.0	20.0
1555	rna-XM_019475555.1	XM_019475555.1	-16	265	23.0	20.0
1556	rna-XM_019475555.1	XM_019475555.1	293	-44	27.0	20.0
1557	rna-XM_019475555.1	XM_019475555.1	315	-66	23.0	20.0
1558	rna-XM_019475555.1	XM_019475555.1	322	-73	55.0	20.0
1559	rna-XM_019475555.1	XM_019475555.1	335	-86	32.0	20.0
1560	rna-XM_705951.2	XM_705951.2	-64	1885	31.0	20.0
1561	rna-XM_705951.2	XM_705951.2	-37	1858	44.0	20.0
1562	rna-XM_711115.2	XM_711115.2	-45	1887	21.0	20.0
1563	rna-XM_711115.2	XM_711115.2	-39	1881	21.0	20.0
1564	rna-XM_711115.2	XM_711115.2	-33	1875	28.0	20.0
1565	rna-XM_711115.2	XM_711115.2	-29	1871	88.0	20.0
1566	rna-XM_711115.2	XM_711115.2	-18	1860	21.0	20.0
1567	rna-XM_711115.2	XM_711115.2	-9	1851	23.0	20.0
1568	rna-XM_711122.1	XM_711122.1	-28	388	168.0	20.0
1569	rna-XM_711122.1	XM_711122.1	369	-9	28.0	20.0
1570	rna-XM_711159.1	XM_711159.1	-94	1948	37.0	20.0
1571	rna-XM_019475562.1	XM_019475562.1	-65	551	32.0	20.0
1572	rna-XM_019475575.1	XM_019475575.1	-58	253	44.0	20.0
1573	rna-XM_714221.1	XM_714221.1	-40	2659	28.0	20.0
1574	rna-XM_714221.1	XM_714221.1	-35	2654	24.0	20.0
