	-24	-23	-22	-21	-20	-19	-18	-17	-16	-15	-14	-13	-12	-11	-10	-9	-8	-7	-6	-5	-4	-3	-2	-1	0	1	2	3	4	5	6	7	8
TRP-ASP-PRO (WDP)	3	5	3	4	4	3	7	7	5	5	2	2	10	23	2	4	7	7	10	5	6	6	5	5	3	5	2	25	5	5	8	9	6
THR-ASN-ARG (TNR)	31	40	30	25	25	22	23	29	21	21	26	30	108	122	33	40	43	29	31	29	25	25	34	19	42	26	20	23	39	24	26	60	36
ARG-CYS-PHE (RCF)	7	4	4	2	1	4	2	4	1	3	1	3	5	13	5	2	2	6	6	6	6	2	5	3	4	2	5	4	3	2	5	2	1
ILE-PRO-GLY (IPG)	54	73	84	74	77	56	81	58	77	92	92	75	172	262	81	90	106	62	83	88	57	114	69	61	104	96	74	78	103	64	42	51	47
THR-CYS-VAL (TCV)	10	14	5	7	6	14	4	13	7	11	12	8	18	31	4	13	15	8	9	17	11	11	14	7	18	10	14	4	6	4	9	6	7
MET-HIS-HIS (MHH)	2	2	3	5	5	1	6	4	7	8	0	3	5	10	4	3	2	2	4	0	2	4	5	2	3	4	1	2	3	2	5	2	1
CYS-GLN-LEU (CQL)	8	16	10	15	14	9	8	17	10	8	7	8	11	29	8	13	15	7	15	8	6	6	10	14	8	6	6	9	8	5	9	11	8
PRO-PRO-GLY (PPG)	48	54	35	56	46	46	61	37	54	66	76	41	174	149	55	63	60	38	58	40	43	59	26	47	37	42	35	45	49	34	26	39	44
VAL-LEU-TRP (VLW)	7	6	3	6	5	12	3	5	10	11	3	8	12	23	6	15	7	11	10	8	9	8	9	7	13	9	8	9	7	8	13	6	4
GLU-TRP-HIS (EWH)	4	3	2	4	5	5	4	6	1	7	4	6	5	15	8	7	8	3	7	7	8	5	9	1	5	8	6	4	3	5	5	5	9
VAL-PRO-GLY (VPG)	70	69	72	73	76	69	65	64	66	81	69	67	171	216	71	117	86	81	84	86	57	84	95	67	84	60	79	71	97	55	63	62	69
CYS-PRO-GLY (CPG)	8	6	5	9	13	15	8	8	3	18	9	10	26	35	13	21	13	10	14	19	5	19	12	14	11	12	11	23	37	12	5	6	10
GLN-MET-HIS (QMH)	11	7	8	8	10	5	8	15	8	4	10	11	11	25	5	9	12	7	12	11	6	6	13	2	6	11	3	15	6	10	9	27	7
HIS-TRP-ILE (HWI)	5	0	3	5	6	5	3	2	5	3	2	1	2	9	3	1	5	4	3	5	0	2	2	2	3	7	2	3	2	4	9	5	2
TRP-MET-GLN (WMQ)	5	2	2	8	4	2	9	6	4	1	2	6	8	10	1	6	2	3	0	5	2	2	6	5	2	4	4	5	2	0	4	4	2
SER-HIS-CYS (SHC)	4	3	0	4	2	1	4	7	1	5	4	4	0	9	2	5	1	1	4	4	6	5	0	7	9	3	3	5	4	2	3	1	4
GLU-ALA-CYS (EAC)	6	7	9	7	15	9	9	5	7	6	11	6	6	22	10	8	5	8	12	14	11	6	7	9	9	8	8	9	7	9	7	10	5
GLN-MET-GLU (QME)	17	21	12	16	14	30	9	15	22	23	16	10	11	39	10	9	6	10	15	26	14	21	6	10	19	13	13	24	12	8	21	26	10
ARG-TRP-CYS (RWC)	8	1	5	1	5	0	1	7	4	6	2	6	3	9	1	4	7	3	0	5	3	2	8	5	4	1	2	2	4	1	5	5	2
ILE-VAL-TRP (IVW)	9	8	12	8	9	3	3	9	8	19	11	11	7	21	7	7	3	7	4	7	9	4	11	5	9	7	9	13	9	8	13	6	11
MET-GLN-ASP (MQD)	13	12	12	5	30	4	10	12	8	10	13	11	11	27	11	21	8	6	19	16	15	12	11	8	12	8	1	5	20	3	5	6	5
TRP-LYS-THR (WKT)	13	6	12	15	3	4	16	8	7	7	11	15	10	23	6	5	10	12	11	7	7	11	10	13	5	9	11	9	12	4	14	8	4
LYS-MET-CYS (KMC)	5	5	3	5	5	7	5	5	15	4	4	1	4	10	2	1	2	5	3	2	3	7	3	3	4	6	2	4	0	3	3	5	4
HIS-ASP-TRP (HDW)	3	7	5	7	4	2	5	3	3	8	5	5	9	12	4	2	4	3	13	9	4	8	5	3	3	11	1	1	5	7	2	2	4
ILE-GLY-CYS (IGC)	11	20	12	19	17	26	24	23	25	22	40	7	26	46	21	14	12	17	14	14	17	23	10	17	20	38	12	13	31	14	20	11	13
PHE-GLN-CYS (FQC)	9	6	0	5	2	5	7	3	2	5	4	5	6	12	7	3	5	4	4	8	4	5	7	5	8	12	3	9	2	5	2	4	2
CYS-HIS-ASP (CHD)	5	3	2	4	8	1	1	2	7	7	7	1	5	9	3	2	6	4	4	3	1	2	4	1	4	1	2	11	2	1	5	7	3
ARG-PRO-CYS (RPC)	8	7	5	2	5	2	6	5	6	4	9	5	3	12	5	9	5	6	3	5	7	6	3	1	3	6	5	3	7	7	3	4	5
GLY-PRO-GLY (GPG)	49	45	33	42	53	55	51	52	44	50	50	54	69	122	49	65	34	38	63	78	40	45	50	39	36	47	73	52	86	50	47	51	43
ARG-TYR-MET (RYM)	11	7	5	34	8	7	9	7	8	7	10	2	9	20	12	9	5	4	8	4	7	6	4	6	12	12	9	10	7	8	14	4	7
LYS-HIS-CYS (KHC)	8	6	4	5	2	4	2	7	4	2	4	3	4	10	6	6	6	5	2	3	5	8	5	1	3	8	4	5	3	2	4	3	2
ARG-MET-ASP (RMD)	3	2	3	5	2	3	7	6	2	6	5	3	6	11	3	7	2	6	2	9	4	7	7	3	4	5	4	9	5	1	7	6	6
ILE-GLY-TRP (IGW)	5	12	5	8	8	13	8	10	5	13	12	6	14	18	9	8	6	10	6	7	10	6	6	7	11	7	6	6	3	9	7	2	2
CYS-GLY-ASN (CGN)	9	7	5	5	14	13	9	9	6	7	10	4	8	19	8	13	9	11	10	10	4	8	13	6	6	12	6	5	8	4	9	10	3
CYS-PHE-GLY (CFG)	6	9	12	9	14	10	15	17	14	5	15	14	6	32	16	11	18	14	18	13	16	19	16	17	16	12	19	21	21	13	13	14	7
CYS-TYR-PHE (CYF)	1	2	2	5	4	0	3	3	3	3	4	5	4	7	3	3	2	2	5	0	3	2	2	4	2	2	5	4	6	0	7	4	3
TRP-ASN-VAL (WNV)	4	5	4	3	8	2	7	9	6	8	2	2	9	15	8	6	10	7	7	5	6	4	7	7	9	2	4	12	8	7	7	6	19
MET-VAL-MET (MVM)	11	8	6	8	3	4	11	9	5	11	3	6	5	14	5	6	9	4	6	2	2	8	5	7	13	9	6	10	4	1	4	4	2
TRP-CYS-GLU (WCE)	4	9	2	4	4	2	10	6	9	5	8	2	4	13	6	3	6	8	12	12	7	12	2	2	4	7	1	6	5	6	1	2	12
ARG-LEU-LYS (RLK)	185	198	156	204	220	148	204	177	173	230	177	174	451	435	186	175	187	188	198	201	156	202	232	170	163	195	135	208	144	107	189	260	134
CYS-GLU-MET (CEM)	5	4	3	7	10	6	2	4	4	6	2	9	7	11	5	7	3	5	4	5	1	2	3	3	2	5	7	12	3	4	10	3	2
TRP-TYR-GLN (WYQ)	6	3	3	2	2	2	5	5	3	5	2	9	4	10	2	5	6	0	7	2	2	4	6	7	3	2	5	7	8	5	6	8	5
MET-SER-CYS (MSC)	13	6	1	4	5	3	6	9	3	4	5	3	5	10	3	8	3	2	5	5	3	3	3	2	11	3	2	3	8	2	5	3	0
GLU-GLN-CYS (EQC)	9	13	4	3	9	9	3	7	5	3	9	8	6	15	7	4	5	7	5	6	5	7	8	5	5	12	16	8	5	8	4	3	4
ASP-PRO-TRP (DPW)	4	7	3	8	5	5	9	4	5	6	8	2	10	14	10	7	10	5	12	12	4	4	3	3	6	5	2	6	7	8	4	5	9
PHE-ARG-TRP (FRW)	8	15	6	12	7	7	11	8	10	13	15	3	16	20	6	9	7	5	9	6	12	9	8	7	6	11	7	7	9	10	12	6	6
SER-LYS-GLU (SKE)	182	206	153	213	211	165	176	202	159	201	186	206	347	452	191	237	217	168	188	196	156	232	199	199	216	216	106	218	232	161	199	213	250
LEU-PRO-TRP (LPW)	18	23	41	19	12	15	14	23	31	28	42	28	34	50	18	41	21	13	33	17	19	24	30	12	25	26	14	11	20	13	24	14	9
ARG-TRP-ASP (RWD)	4	6	3	4	8	4	6	6	2	5	11	4	2	11	4	8	14	2	4	5	3	5	2	4	1	7	7	6	5	1	6	7	1
TYR-HIS-LYS (YHK)	27	22	10	14	24	21	22	35	37	18	12	16	30	49	24	12	33	16	22	24	14	17	26	15	24	26	20	28	25	18	24	22	23
