	-30	-29	-28	-27	-26	-25	-24	-23	-22	-21	-20	-19	-18	-17	-16	-15	-14	-13	-12	-11	-10	-9	-8	-7	-6	-5	-4	-3	-2	-1	0	1	2
ALA	158511	141001	116157	158413	142888	115336	157686	142417	117133	158835	141815	118426	165879	143982	122609	157894	141578	116411	156865	141289	120206	169596	138929	117561	162269	134217	115744	172844	181378	101492	159051	122737	104087
ARG	121623	108223	87346	123159	108962	88076	124392	108830	88952	127389	112466	92027	154054	130386	94973	131370	117394	92044	141900	122601	89959	120546	114635	91344	126741	117770	90219	115902	116791	86580	110471	100161	80982
ASN	156913	134586	108896	157359	136421	109438	158473	134643	108759	159629	136467	107699	154808	130058	99674	158230	136937	109680	143516	125799	103913	146462	132982	103708	154716	128906	99951	146205	108907	89988	156049	160121	108930
ASP	177325	154474	126392	176996	153975	127063	177096	156014	126796	175115	153117	124787	166907	155593	132549	180696	150816	121688	172523	159004	130276	205690	175975	131135	192138	165976	124770	182686	156542	105465	157749	148524	145847
CYS	25046	22217	17886	25307	22693	18205	25860	22167	17799	24963	22599	17751	26844	24722	16573	23627	20169	16359	22240	22519	18432	24582	22571	17846	24067	24118	18268	24406	23125	22015	22747	22447	16724
GLN	122962	106344	87204	123333	106627	86919	121963	105517	86873	125371	107579	83822	104918	92149	86696	117702	99594	86552	115586	100436	86071	115582	104489	87602	119058	108570	91447	122976	99299	95856	105406	118045	90651
GLU	229510	199680	165319	233648	200065	164872	231230	198110	164019	227209	198104	165526	220233	200124	165503	220942	196911	171945	234914	198892	167589	243585	203394	167257	238327	200486	155024	217510	191723	132762	187902	167752	211915
GLY	157638	140095	114919	158195	140800	115255	158988	144057	113699	159474	142815	115645	172740	155952	116295	176970	165870	119170	156695	150572	117603	168095	154394	118445	160869	151527	116232	175188	201313	131846	104682	117339	102509
HIS	52277	45887	36781	52188	46301	37799	52239	45509	37217	54612	47881	36698	52216	42990	35359	55757	49440	35979	48093	45248	37190	50283	47065	36961	52607	49055	41443	57174	43115	43980	51296	62330	37551
ILE	166123	145593	115656	166265	145622	117555	168147	146268	117942	166094	146224	115750	150056	139728	125896	164519	138884	113391	162580	148834	112974	159305	143792	116167	164398	140141	115637	156552	128949	111881	191485	137633	115302
LEU	235294	204027	165897	237999	206736	164342	236658	206208	166070	234231	203971	170353	274317	221456	170263	247206	207149	161400	231181	194816	168227	228988	197220	166442	236728	215116	172885	237191	204487	180931	261286	226935	153323
LYS	227982	200981	163124	228118	199251	163460	230977	200454	161348	230112	199495	162096	234168	205603	157193	226967	207138	169662	251028	201334	157524	219092	198771	159516	228806	191834	149041	204794	161994	132484	211353	205584	169706
PHE	98498	86718	70065	98667	86047	69858	98869	87014	70397	99014	86885	67616	81561	75256	70860	100338	84474	71704	95369	84847	70111	99241	87231	68416	95314	96740	72135	99943	85731	82759	121950	122564	72251
PRO	114068	99515	81754	114335	100268	81498	114527	100681	82976	116395	101032	82524	126604	107131	80039	135449	121857	91097	147906	116661	86157	119865	99150	87013	118421	101408	102875	155634	119713	136385	153786	119765	80648
SER	201860	174238	141503	201595	174608	141004	203129	176452	141426	203318	176380	141696	204781	173788	135273	190780	167330	136283	197445	175948	145995	210789	178669	146267	203914	180500	155503	215377	188975	169393	241916	194894	136468
THR	146090	126041	103376	146066	126645	104234	146305	127325	105872	149917	129526	105687	138231	118229	104502	141778	121417	99274	145214	124452	103181	145112	125039	106100	150069	115867	105812	145531	118260	103279	192234	119298	100339
TRP	25708	22328	17938	25159	22270	17496	25503	22981	18042	25633	22907	19111	31950	25709	17207	26115	23251	18506	27515	23606	19669	25753	23078	19679	28941	26625	19400	27468	27208	28803	29590	14898	16942
TYR	84912	74123	60015	85938	75167	59905	85175	75327	59819	85370	75396	57858	80496	72462	55896	82108	72521	61253	85626	77808	60842	81536	72006	59093	81757	78732	58319	82344	63883	61455	83868	95146	64269
VAL	157548	138324	113614	157520	140552	114591	158000	140381	115069	157724	139859	117462	149396	135479	118542	150800	129856	114772	155293	142618	115578	162911	139244	113320	157351	135250	112434	164266	145808	105071	150422	114698	120271
TERM	3755	3186	2648	3429	3086	2552	3268	2691	2560	2999	2905	2787	18638	20921	3302	3830	3102	2394	2549	2569	2379	2525	2327	2290	2262	2206	2001	2052	1980	1883	1611	1864	2230
MET	42894	37343	29904	43465	37877	30477	43569	37921	30211	42535	37288	30953	36685	34489	30561	41317	36040	32065	42574	34492	30579	40760	36270	30818	44600	35085	30037	40285	33324	27161	53970	32562	23666
