	-30	-29	-28	-27	-26	-25	-24	-23	-22	-21	-20	-19	-18	-17	-16	-15	-14	-13	-12	-11	-10	-9	-8	-7	-6	-5	-4	-3	-2	-1	0	1	2
ALA_GCT	79468	72072	60235	79838	73288	60580	79617	72831	60917	79345	72139	60327	72140	68083	61950	79148	72722	60317	78129	73647	62691	84841	72514	61556	82600	70710	60447	87054	90229	52684	80049	67604	52844
ALA_GCC	32032	28729	23728	31757	28929	23096	31244	29026	24045	31256	28378	23559	28656	27028	25263	30652	28636	23229	30661	28718	24564	34425	28183	23643	31617	27219	23748	37060	44689	24683	34580	26216	21562
ALA_GCA	41344	35638	28376	41163	35726	27675	41286	35657	28376	42505	36368	29954	50812	38188	30205	42189	35685	28924	42287	34232	28841	44621	33652	28155	42119	31868	27611	42474	41010	20971	39151	24969	26629
ALA_GCG	5667	4562	3818	5655	4945	3985	5539	4903	3795	5729	4930	4586	14271	10683	5191	5905	4535	3941	5788	4692	4110	5709	4580	4207	5933	4420	3938	6256	5450	3154	5271	3948	3052
ARG_CGT	18226	15949	12624	18151	16300	13259	18613	16552	13186	19612	17250	13590	25507	20061	13429	19395	16979	13821	21872	18723	13411	17144	17535	13663	18679	18301	14524	18861	18218	14737	16817	16867	11185
ARG_CGG	2637	2254	1726	2661	2241	1782	2728	2220	1592	2741	2426	1965	5279	3971	1870	3842	4128	1952	3064	2639	1926	2553	2384	1980	3064	2563	2036	2830	2880	2815	3514	1374	1201
ARG_CGC	1892	1674	1318	1829	1579	1277	1894	1548	1227	2097	1807	1394	3974	3026	1276	1951	1643	1310	1960	1736	1243	1788	1775	1167	1826	1872	1459	1918	2030	2064	1818	1876	1222
ARG_CGA	10883	8925	6728	10673	9155	6774	10752	8837	6924	11464	9643	7643	27764	21570	7505	13774	11447	7037	12361	10706	6803	9526	8885	6896	10576	9852	7470	10677	11074	7765	8875	8113	6042
ARG_AGA	80614	72989	59949	82005	73115	59715	82656	73162	61081	83594	74708	61811	81729	74235	64729	82961	76080	62967	93788	81548	61415	82225	77166	62244	84636	78791	59936	74878	75667	53788	71682	68050	57403
ARG_AGG	7371	6432	5001	7840	6572	5269	7749	6511	4942	7881	6632	5624	9801	7523	6164	9447	7117	4957	8855	7249	5161	7310	6890	5394	7960	6391	4794	6738	6922	5411	7765	3881	3929
ASN_AAT	110387	93183	74475	110763	94536	74971	110668	93059	73994	111892	94744	73912	110192	90822	67471	111551	95444	73483	99775	86676	70773	102316	92227	71774	109780	89056	67739	102262	73245	59181	106284	106930	72641
ASN_AAC	46526	41403	34421	46596	41885	34467	47805	41584	34765	47737	41723	33787	44616	39236	32203	46679	41493	36197	43741	39123	33140	44146	40755	31934	44936	39850	32212	43943	35662	30807	49765	53191	36289
ASP_GAT	137687	119652	97273	137791	119492	97930	137519	120787	97663	135813	118378	95160	128712	120208	101777	140286	116742	93506	133738	123151	100714	159957	137811	102054	151711	130234	96657	143634	119819	80331	122161	109510	110677
ASP_GAC	39638	34822	29119	39205	34483	29133	39577	35227	29133	39302	34739	29627	38195	35385	30772	40410	34074	28182	38785	35853	29562	45733	38164	29081	40427	35742	28113	39052	36723	25134	35588	39014	35170
CYS_TGT	21920	19478	15726	22046	19803	15890	22546	19293	15540	21923	19750	15397	22811	21004	14485	20617	17591	14263	19272	19614	16057	21224	19816	15630	21089	21078	15900	21124	19977	18309	20001	18939	14399
CYS_TGC	3126	2739	2160	3261	2890	2315	3314	2874	2259	3040	2849	2354	4033	3718	2088	3010	2578	2096	2968	2905	2375	3358	2755	2216	2978	3040	2368	3282	3148	3706	2746	3508	2325
GLN_CAA	105473	91164	74796	105663	91465	74816	104080	90260	74537	106713	91561	71454	87398	77778	74105	99587	85068	74876	98788	85989	73013	98414	89241	74490	101137	92282	77318	103383	84944	80736	87587	101032	79552
GLN_CAG	17489	15180	12408	17670	15162	12103	17883	15257	12336	18658	16018	12368	17520	14371	12591	18115	14526	11676	16798	14447	13058	17168	15248	13112	17921	16288	14129	19593	14355	15120	17819	17013	11099
GLU_GAA	187829	163862	136531	190977	164280	136218	189536	161906	134616	185623	162526	135472	175266	161257	135579	178918	156971	141379	192121	162835	136073	198842	165984	136711	193655	164909	127790	176512	156871	108210	153357	141078	179051
GLU_GAG	41681	35818	28788	42671	35785	28654	41694	36204	29403	41586	35578	30054	44967	38867	29924	42024	39940	30566	42793	36057	31516	44743	37410	30546	44672	35577	27234	40998	34852	24552	34545	26674	32864
GLY_GGT	89362	80999	67986	89287	81597	68056	89462	82986	67071	90356	82451	67742	90414	84997	65888	94844	90988	69145	88032	87447	69157	94311	88930	68970	89562	87913	68551	98454	111895	73998	62639	72915	58376
GLY_GGC	10949	9660	7908	11001	9419	7755	11199	10078	7915	11307	10040	7922	15242	13335	7651	11213	10475	8278	10573	10684	7947	12245	10639	7735	10655	10230	7815	12215	15678	10948	6424	9534	7224
GLY_GGA	39030	34020	26733	39300	33971	27102	39459	34537	26384	39559	34147	27467	44816	38723	28951	49352	45142	29621	40258	36159	27557	42101	37050	28263	41122	37060	26446	41912	46487	27736	23283	26182	25486
GLY_GGG	18297	15416	12292	18607	15813	12342	18868	16456	12329	18252	16177	12514	22268	18897	13805	21561	19265	12126	17832	16282	12942	19438	17775	13477	19530	16324	13420	22607	27253	19164	12336	8708	11423
HIS_CAT	37192	32183	25509	36899	32313	25844	36679	31640	25613	38648	33367	25229	35568	29210	23658	39272	34381	24574	33568	31467	25619	35288	33046	25774	37965	34279	28254	40675	29392	28653	35067	42869	25988
HIS_CAC	15085	13704	11272	15289	13988	11955	15560	13869	11604	15964	14514	11469	16648	13780	11701	16485	15059	11405	14525	13781	11571	14995	14019	11187	14642	14776	13189	16499	13723	15327	16229	19461	11563
ILE_ATT	97821	86401	69205	98107	86979	70354	99413	86863	70550	99331	87468	68614	85361	81332	72311	94441	80771	67442	94921	90301	67277	93037	85656	69736	98567	83753	69181	93704	75822	65775	110413	83333	66937
ILE_ATC	33209	29859	24194	33303	29723	24587	33029	29743	24146	32876	29774	24102	28841	27933	26077	33172	28939	23746	32146	29837	23946	33348	29754	24079	32110	29161	24883	32660	27292	26748	42849	29831	25048
ILE_ATA	35093	29333	22257	34855	28920	22614	35705	29662	23246	33887	28982	23034	35854	30463	27508	36906	29174	22203	35513	28696	21751	32920	28382	22352	33721	27227	21573	30188	25835	19358	38223	24469	23317
LEU_TTA	94380	82051	65860	95973	82937	65290	95508	83121	66522	93226	81361	65409	91852	81260	68626	95065	79448	63366	92186	77288	64922	93976	78091	64260	92960	86421	64804	87583	81462	66108	101026	96850	70526
LEU_TTG	99577	86848	72422	99945	87890	71270	99961	88118	71183	98063	86745	75786	116815	93483	73588	107801	93411	71122	96476	82307	75335	96483	84966	73497	102361	91967	75717	102499	86965	79185	110989	81558	56964
LEU_CTT	19470	16811	13500	19668	16800	13491	19438	16594	13689	20446	17171	13314	26773	19618	13092	18646	15330	13162	20857	17315	12971	17551	16238	13921	19878	18160	15862	22776	17113	16981	22389	25168	12794
LEU_CTC	4519	3717	2806	4436	3770	2845	4157	3764	3103	4661	3805	3023	5996	4308	2918	4140	3644	2861	4368	3931	2962	4410	3524	2883	4057	3874	3574	5461	4237	4787	6202	6155	3046
LEU_CTA	9083	7654	5789	9494	7929	5905	9134	7577	5923	9215	7623	6562	19396	13496	6086	11547	8538	5626	9144	7223	6008	8387	7314	5828	8564	7585	6315	8932	7388	6956	8678	8558	5811
LEU_CTG	8265	6946	5520	8483	7410	5541	8460	7034	5650	8620	7266	6259	13485	9291	5953	10007	6778	5263	8150	6752	6029	8181	7087	6053	8908	7109	6613	9940	7322	6914	12002	8646	4182
LYS_AAA	159952	140202	113772	160243	138943	113988	162458	139557	112040	160951	138761	112842	160503	141809	110050	156796	142600	118610	175884	139850	107746	151722	137907	109287	157816	132604	103250	141379	112640	91431	145350	145680	125287
LYS_AAG	68030	60779	49352	67875	60308	49472	68519	60897	49308	69161	60734	49254	73665	63794	47143	70171	64538	51052	75144	61484	49778	67370	60864	50229	70990	59230	45791	63415	49354	41053	66003	59904	44419
PHE_TTT	63422	55252	43818	63532	54797	43445	63365	55048	44293	64301	55830	42241	51317	47347	44569	63442	52394	44446	59851	53351	43183	61561	54573	42755	61571	62845	44134	62904	52320	47775	69752	69774	42225
PHE_TTC	35076	31466	26247	35135	31250	26413	35504	31966	26104	34713	31055	25375	30244	27909	26291	36896	32080	27258	35518	31496	26928	37680	32658	25661	33743	33895	28001	37039	33411	34984	52198	52790	30026
PRO_CCT	30079	25733	20998	29965	25871	21050	30043	26384	21086	30475	26316	21032	32737	27397	19887	38434	35409	23623	39341	31542	21932	30771	26567	22450	31037	26630	26341	43449	32290	36841	40780	37419	20883
PRO_CCC	8031	6898	5261	7740	6799	5131	7790	6874	5312	7784	6875	5601	9347	7701	5393	8747	7526	5959	9872	7992	5505	8299	6726	5315	7637	6896	7192	13183	11458	14559	17497	10048	5135
PRO_CCA	69230	61255	51109	69802	62032	50977	69987	61724	51993	71429	62337	51123	74929	65044	49709	80472	72135	56966	90161	70406	53764	74007	60576	54229	72666	62371	63455	89484	69824	76509	85694	64969	50835
PRO_CCG	6728	5629	4386	6828	5566	4340	6707	5699	4585	6707	5504	4768	9591	6989	5050	7796	6787	4549	8532	6721	4956	6788	5281	5019	7081	5511	5887	9518	6141	8476	9815	7329	3795
SER_TCT	51902	45924	38041	51036	45575	37576	51759	46323	38031	52079	46411	37063	49898	44888	35292	47869	44356	38507	50956	46505	39505	53930	46789	39053	52530	47804	43156	59890	49597	48850	64321	56144	38109
SER_TCC	20794	18378	15564	20801	18333	15220	20740	18495	15778	20661	18540	15112	21777	19135	14686	19305	17881	15257	20203	19101	16463	22736	18601	15487	20419	19039	17678	24608	22995	25420	39388	24728	15810
SER_TCA	59133	50356	40746	59475	50452	40291	59112	50889	40294	58958	50646	40382	59212	49950	39693	53398	45780	37970	58538	48862	41805	63565	49428	42166	59964	50821	45812	61368	53578	46233	71618	50872	41842
SER_TCG	15420	13191	10486	15521	13133	10433	15515	13485	10289	15399	13311	11053	17721	14345	10828	18010	14999	10248	15698	13204	11922	16778	12845	11741	16732	13604	12772	18116	13404	13090	18530	14497	8891
SER_AGT	43848	37216	29438	44229	37834	29826	44451	37628	29453	45170	37952	30506	44939	36304	27579	41974	35077	27137	41571	38357	28986	42599	40993	30353	43917	39631	28802	41171	39732	27439	39195	38042	25221
SER_AGC	10763	9173	7228	10533	9281	7658	11552	9632	7581	11051	9520	7580	11234	9166	7195	10224	9237	7164	10479	9919	7314	11181	10013	7467	10352	9601	7283	10224	9669	8361	8864	10611	6595
THR_ACT	67931	58889	49220	68072	59897	49178	67739	59351	49825	69243	60345	49137	59352	52758	48290	65256	57633	47130	66436	59025	48767	66581	59862	50647	70714	55758	49555	68604	54772	46926	84847	60240	47034
THR_ACC	30050	26579	21913	29825	26055	22462	29480	26640	22704	30496	27089	22332	25819	23914	22542	28746	25266	20833	29020	26460	22039	30565	26358	22073	29636	24593	23260	31443	28892	26466	46792	24907	21715
THR_ACA	39575	33307	26571	39500	32985	26700	40451	33948	27261	41173	34458	27911	43952	34299	26833	38026	31298	25959	40714	31670	25942	39030	31599	27020	40211	28898	26733	36666	28360	24307	48783	26827	26755
THR_ACG	8534	7266	5672	8669	7708	5894	8635	7386	6082	9005	7634	6307	9108	7258	6837	9750	7220	5352	9044	7297	6433	8936	7220	6360	9508	6618	6264	8818	6236	5580	11812	7324	4835
TRP_TGG	25708	22328	17938	25159	22270	17496	25503	22981	18042	25633	22907	19111	31950	25709	17207	26115	23251	18506	27515	23606	19669	25753	23078	19679	28941	26625	19400	27468	27208	28803	29590	14898	16942
TYR_TAT	57987	50058	39587	58667	50173	39269	57460	49895	38906	57741	50110	37693	53667	47833	36375	55401	48222	40102	58364	52199	39716	54529	48306	39033	56049	52821	37610	55424	41124	38208	56465	58287	41414
TYR_TAC	26925	24065	20428	27271	24994	20636	27715	25432	20913	27629	25286	20165	26829	24629	19521	26707	24299	21151	27262	25609	21126	27007	23700	20060	25708	25911	20709	26920	22759	23247	27403	36859	22855
VAL_GTT	84058	74611	61706	83603	75722	62299	83832	75098	62063	83413	74696	62042	71334	68744	62074	76648	68188	63421	81634	77661	62233	84943	75176	61113	82965	72885	60167	85343	75371	56489	77631	63864	66310
VAL_GTC	24864	22526	19156	25190	22798	19046	24935	23206	19611	25332	22898	19652	22356	21722	20116	23669	21699	19058	24427	23692	19860	27124	23562	18863	24891	23282	19823	27966	26717	19785	25287	21062	22792
VAL_GTA	21891	18357	14548	22050	18775	14733	22215	18910	14683	22056	18406	15564	21138	17820	15856	21744	17474	14719	22559	18495	14116	22931	17910	14573	21910	17740	14164	22076	19502	12277	20131	13623	16590
VAL_GTG	26735	22830	18204	26677	23257	18513	27018	23167	18712	26923	23859	20204	34568	27193	20496	28739	22495	17574	26673	22770	19369	27913	22596	18771	27585	21343	18280	28881	24218	16520	27373	16149	14579
TERM_TAA	2364	2059	1743	2205	1993	1634	2053	1674	1631	1925	1778	1742	11073	12576	2067	2261	1877	1558	1627	1591	1522	1684	1524	1472	1519	1375	1222	1304	1244	1124	1022	1220	1482
TERM_TGA	562	462	356	521	430	340	494	400	381	443	448	455	3037	3228	512	690	463	332	416	457	345	393	379	314	273	376	315	301	294	287	247	249	264
TERM_TAG	829	665	549	703	663	578	721	617	548	631	679	590	4528	5117	723	879	762	504	506	521	512	448	424	504	470	455	464	447	442	472	342	395	484
MET_ATG	42894	37343	29904	43465	37877	30477	43569	37921	30211	42535	37288	30953	36685	34489	30561	41317	36040	32065	42574	34492	30579	40760	36270	30818	44600	35085	30037	40285	33324	27161	53970	32562	23666
