	-27	-26	-25	-24	-23	-22	-21	-20	-19	-18	-17	-16	-15	-14	-13	-12	-11	-10	-9	-8	-7	-6	-5	-4	-3	-2	-1	0	1	2	3	4	5
ARG-GLY_CGGGGC	2	3	4	2	2	1	4	2	1	5	2	0	10	29	2	4	6	4	4	0	1	1	1	2	3	3	9	15	4	0	2	2	1
ARG-ARG_CGACGA	59	61	32	67	60	40	101	97	39	324	216	34	477	544	42	87	122	23	57	78	29	30	46	31	46	46	62	25	28	33	35	20	30
ARG-PRO_CGGCCC	4	1	0	3	2	4	1	2	1	7	5	2	4	26	4	2	2	5	8	2	2	3	6	6	10	4	3	10	1	5	5	7	3
MET-TERM_ATGTGA	3	7	7	3	3	3	3	2	5	1	6	5	1	19	1	1	3	0	0	0	1	1	1	1	1	1	4	2	4	4	3	11	4
LEU-ALA_CTAGCG	31	51	17	28	38	36	32	26	34	82	47	36	213	230	31	47	28	25	28	23	16	25	24	34	23	17	47	28	20	8	26	31	11
CYS-ALA_TGCGCG	2	3	5	15	3	2	7	3	1	2	1	4	19	19	2	1	3	2	2	1	5	3	2	0	4	0	1	2	0	0	0	4	1
ARG-ALA_CGAGCG	23	11	13	45	31	31	26	20	20	87	62	67	129	192	48	44	19	25	27	17	32	22	35	24	19	26	26	46	11	14	26	13	4
PRO-ALA_CCCGCG	13	15	7	5	3	2	2	8	4	7	5	3	45	38	2	3	2	1	10	7	8	7	1	9	8	7	5	7	6	3	8	9	2
SER-ALA_AGCGCG	6	11	5	10	11	5	9	4	8	7	3	9	67	53	6	11	2	9	8	7	9	13	9	11	17	6	6	9	8	5	13	7	5
SER-ARG_AGCCGC	4	10	19	6	6	4	5	4	9	8	4	6	39	37	6	4	7	4	8	10	4	7	6	3	5	5	2	5	6	10	3	6	2
ARG-LEU_CGACTA	44	36	17	29	23	27	28	44	30	93	99	30	167	176	26	46	26	18	27	28	29	52	34	40	33	38	31	15	21	17	27	25	30
ARG-PRO_CGACCG	18	16	12	30	19	12	29	21	16	97	86	22	135	109	14	18	10	11	20	9	11	12	9	15	14	10	18	21	17	24	23	24	7
GLY-ALA_GGAGCG	22	17	29	22	21	7	34	28	12	29	29	33	134	108	22	22	33	20	33	15	15	20	22	13	25	26	14	13	9	16	8	47	10
ALA-ALA_GCAGCG	118	107	52	72	76	68	90	77	65	113	100	89	392	396	123	136	89	70	108	67	67	72	61	57	118	107	49	91	72	45	84	57	47
LEU-ARG_CTACGA	79	55	57	91	77	65	106	68	44	222	148	69	509	389	61	101	87	80	71	45	48	74	58	58	100	79	72	82	130	92	73	75	48
VAL-ALA_GTAGCG	14	7	6	12	19	13	23	32	16	24	31	11	92	76	23	18	19	12	31	25	18	20	15	9	23	28	13	27	20	11	20	14	8
GLY-ALA_GGGGCG	40	31	15	43	25	23	35	36	25	38	37	58	149	171	56	47	79	58	68	58	26	39	28	34	54	82	79	62	34	16	51	31	15
LEU-ALA_CTCGCG	6	3	2	4	3	2	3	6	3	6	4	2	6	13	7	4	5	2	5	2	1	5	5	0	3	7	4	2	4	2	2	1	2
ARG-GLY_CGGGGA	14	11	7	17	9	6	8	12	16	50	33	9	38	59	20	15	17	9	16	13	17	28	9	8	25	20	25	28	9	6	4	7	8
PRO-ALA_CCGGCG	54	35	31	43	23	30	31	38	44	92	46	55	110	154	36	55	49	39	24	37	26	48	36	24	39	35	79	49	85	10	44	22	15
ALA-ARG_GCCCGG	3	1	1	3	3	4	3	9	8	3	2	4	17	19	2	7	7	4	10	6	6	2	5	4	9	9	6	11	10	5	7	2	2
ARG-ALA_CGGGCG	18	12	8	15	13	13	19	16	12	27	11	8	56	47	20	36	14	5	12	4	11	13	11	10	10	8	12	12	5	4	12	6	7
ARG-ARG_AGGCGA	33	31	25	55	48	26	40	33	29	85	47	18	131	117	27	57	33	10	50	53	21	29	33	17	18	37	12	17	17	25	24	12	14
ARG-ARG_CGACGG	7	10	7	4	6	13	4	7	4	70	64	15	61	44	9	8	9	10	8	11	3	17	3	11	13	5	8	2	7	6	8	6	1
LYS-ARG_AAGCGC	17	7	12	11	5	17	23	9	8	30	10	15	54	54	14	28	15	12	19	13	10	18	9	9	15	11	11	17	15	40	12	12	14
ILE-ARG_ATTCGC	15	29	26	42	15	14	13	17	16	16	20	24	66	79	16	11	17	10	24	20	13	24	28	22	22	55	19	43	32	24	23	22	19
LEU-ARG_CTCCGA	13	11	14	10	6	9	10	9	9	18	17	13	62	56	10	37	22	12	15	15	7	14	21	12	21	11	14	34	42	15	15	11	11
PRO-GLY_CCTGGG	173	163	129	189	181	122	167	213	125	192	151	145	507	687	199	340	323	100	150	130	132	227	175	207	308	216	271	400	598	230	124	88	124
ARG-ARG_AGGCGT	8	7	8	12	13	13	22	16	12	26	20	11	30	48	9	21	12	5	31	36	10	31	14	10	14	10	11	22	15	9	8	8	13
SER-ALA_TCGGCG	20	31	18	37	53	29	37	43	23	38	43	52	111	124	44	57	58	24	33	31	38	35	22	51	55	42	42	66	62	8	36	30	11
ILE-ARG_ATACGC	16	13	20	20	13	7	14	22	12	19	16	14	56	54	13	27	17	10	22	9	15	14	17	13	16	12	13	22	16	20	19	26	17
SER-ARG_AGCCGA	22	18	21	33	33	12	26	21	8	22	13	12	54	72	48	45	32	20	34	41	32	16	18	8	15	16	24	13	35	15	11	23	10
LEU-ARG_CTTCGA	163	110	95	170	147	90	209	115	98	265	200	118	702	488	102	192	160	105	112	120	98	113	148	138	193	194	153	180	309	93	105	98	65
ALA-ALA_GCGGCG	18	17	10	22	19	11	20	22	20	96	59	50	122	83	28	42	19	16	17	23	20	25	26	13	23	25	15	38	28	8	15	15	12
VAL-ARG_GTGCGA	49	36	25	43	39	37	42	26	29	52	36	24	151	114	23	68	72	46	48	25	20	49	34	21	40	36	21	29	23	19	18	35	20
LEU-ARG_TTGCGA	223	171	116	169	182	130	242	180	141	230	188	177	764	566	135	232	189	136	206	176	146	204	215	175	235	204	138	196	161	143	121	110	104
ILE-ALA_ATAGCG	136	116	92	125	121	94	112	97	100	191	182	138	379	335	89	119	85	67	108	112	81	117	87	80	107	85	66	166	89	70	121	82	64
GLU-ARG_GAGCGA	110	74	57	87	72	82	74	85	82	124	92	92	266	256	52	127	113	73	127	89	57	100	74	71	78	76	36	48	67	136	74	70	60
VAL-ARG_GTGCGG	10	11	12	24	19	7	9	13	10	14	7	16	39	45	15	24	28	25	19	21	13	14	7	7	17	22	7	10	7	17	44	4	6
CYS-ARG_TGCCGC	26	15	15	14	23	28	30	17	5	24	34	10	48	65	21	17	22	25	40	33	10	19	17	11	20	24	43	29	32	17	12	29	11
ARG-GLY_CGGGGG	18	9	5	13	9	6	12	16	11	15	18	5	39	59	18	17	6	13	13	10	31	48	38	23	35	31	48	80	27	10	12	5	14
GLY-ARG_GGACGC	37	39	24	38	17	17	27	16	28	22	16	28	84	85	26	53	33	17	23	17	33	18	36	24	26	36	27	15	33	55	31	25	23
ARG-ARG_CGTCGC	10	16	2	16	17	8	25	7	7	12	13	9	25	32	5	22	20	5	11	10	5	14	38	6	9	9	4	6	8	5	10	5	5
THR-ALA_ACAGCG	132	71	87	88	104	73	110	76	86	102	96	88	299	261	90	121	93	44	68	76	68	98	82	63	119	85	49	144	102	49	105	63	46
GLY-CYS_GGATGC	52	31	40	74	59	36	59	40	36	47	58	52	133	140	35	48	43	33	42	66	44	53	43	66	56	74	24	43	53	68	36	48	17
TRP-ARG_TGGCGG	7	8	4	4	5	4	6	18	7	31	22	10	26	25	8	12	12	14	13	10	2	7	3	4	3	11	4	13	4	3	6	2	5
LEU-TERM_CTTTAA	0	0	2	1	3	0	1	1	4	2	4	4	3	11	4	27	7	6	18	4	3	9	7	3	2	1	0	1	5	1	1	2	1
LYS-ARG_AAGCGA	116	105	113	151	153	85	131	146	87	150	141	67	378	343	94	188	203	85	147	140	126	114	132	85	95	82	61	124	123	91	79	96	80
ARG-SER_CGGTCC	15	17	9	12	10	6	28	11	17	17	19	9	23	44	9	20	15	11	12	13	14	18	22	22	31	9	21	30	7	4	36	20	3
ARG-PRO_AGGCCG	8	13	7	12	10	14	15	10	12	6	15	11	25	30	11	9	11	9	18	14	6	8	11	7	8	10	14	24	2	6	13	7	2
