	-27	-26	-25	-24	-23	-22	-21	-20	-19	-18	-17	-16	-15	-14	-13	-12	-11	-10	-9	-8	-7	-6	-5	-4	-3	-2	-1	0	1	2	3	4	5
MET-TERM (M*)	3	7	7	3	3	3	3	2	5	1	6	5	1	21	1	1	3	0	1	0	2	1	1	1	1	2	4	2	4	4	3	11	4
PRO-GLY (PG)	5814	5169	4143	5641	4983	4325	5907	5225	4276	6029	5385	4073	10126	11170	4940	9230	8054	4488	5689	5047	4484	6258	5661	5372	7790	6534	6839	9172	10277	4781	3709	4086	3908
LEU-TERM (L*)	6	3	4	2	6	4	4	2	7	4	7	6	7	13	6	30	11	8	25	7	4	11	7	4	11	3	1	4	10	11	1	6	1
ASN-ARG (NR)	5756	5045	4143	5518	4919	4148	5804	5062	4148	5933	4886	3907	9273	8309	4679	5675	4899	4104	6237	5562	3899	5717	4982	3847	5690	4392	3431	5949	6485	4208	5552	5202	4178
GLY-CYS (GC)	1799	1503	1343	1831	1760	1377	1932	1722	1376	1853	1729	1269	2444	2462	1175	1693	1532	1224	1657	1714	1371	1954	1893	1444	2002	2545	1552	1247	1337	1413	1415	1486	1027
TERM-GLU (*E)	9	33	21	11	15	14	38	11	5	16	6	9	11	12	1	10	1	1	4	3	4	3	5	6	0	1	1	1	0	1	5	4	5
GLY-ARG (GR)	7774	7104	5965	8201	7369	5534	7701	6882	6177	8827	8107	6073	10878	10603	6820	8065	7845	6341	10089	8775	6296	7934	8233	6140	9388	10279	6513	4120	5555	5008	5846	5341	4810
LYS-GLU (KE)	20136	17754	14650	20986	18148	14418	20701	17542	14293	20967	18302	14003	23151	24757	15358	20732	16959	14473	19041	16738	14304	21195	16737	13404	18692	14126	11597	18926	18047	11491	17408	14732	17013
TERM-LEU (*L)	6	24	13	13	7	21	8	29	4	10	6	4	5	12	9	8	6	5	7	6	5	11	8	7	3	2	3	3	4	8	7	4	9
PRO-ASP (PD)	5394	4738	3864	5414	5010	4187	5808	5083	4147	6201	5276	3949	8174	8099	4880	9768	7043	3986	5968	5233	4179	6138	5187	5441	8816	6658	6637	7967	6844	2965	4935	4882	4420
GLU-CYS (EC)	1647	1394	1028	1660	1466	1055	1485	1366	1157	1522	1459	1210	1940	1834	1007	1383	1184	1019	1448	1436	1036	1532	1264	974	1251	1301	777	1105	1056	1774	1047	1227	919
TERM-VAL (*V)	3	5	2	4	3	31	5	9	7	6	16	6	32	13	13	22	9	5	13	9	9	8	10	4	9	12	10	6	6	3	8	2	6
GLY-GLY (GG)	15831	14452	11746	16223	14996	11362	15577	14983	11472	16677	15676	11743	20457	19399	11973	16862	17281	12045	15674	16562	11867	16047	16385	11885	17895	21459	13769	11534	15790	12067	9295	11033	9705
PRO-TYR (PY)	3348	3040	2326	3614	3157	2414	3436	3099	2445	3838	3349	2331	4287	4322	2612	3981	3320	2535	3467	3233	2592	3381	2974	3026	4752	3800	3871	4502	2871	2404	3470	3759	2645
GLY-ILE (GI)	9293	8210	6586	9533	8345	6670	9619	8344	6785	10255	9502	6949	10563	10930	7880	9558	9275	6507	10497	9862	6793	9190	8695	6771	9930	10569	7057	5859	6299	5649	8959	6796	6265
HIS-ARG (HR)	2964	2591	2139	2893	2716	2117	2953	2753	2055	2992	2510	2005	4088	3525	2027	2809	2532	2087	3000	2786	2103	2819	2945	2350	3522	2792	2737	2948	4046	2180	2716	2563	2145
MET-CYS (MC)	490	435	330	520	477	346	517	447	335	375	367	330	543	532	303	458	351	329	380	361	395	465	402	366	396	432	335	554	352	384	388	504	303
GLY-TRP (GW)	1893	1756	1403	1694	1552	1192	1697	1678	1333	1932	1734	1359	2433	2162	1265	1728	1603	1410	1949	1870	1569	1924	1837	1567	2161	2712	1569	1117	1521	1731	1770	937	1072
LEU-LYS (LK)	21094	18124	14333	20442	17944	14446	20452	17652	14586	24082	18894	14947	25869	22518	13326	18996	16222	15139	20198	15839	13327	19781	18645	14057	20111	16631	13530	16799	14344	10492	19391	20619	13553
PRO-TRP (PW)	1133	1051	802	1029	956	793	1115	980	869	1182	1182	889	1952	1525	820	1349	1053	875	1312	1073	954	1241	1094	1116	1745	1495	1702	2157	1612	1263	1406	678	792
TERM-TERM (**)	8	4	9	9	8	7	12	7	8	6	2	5	6	9	11	10	19	7	16	8	4	7	6	5	7	5	5	8	2	5	2	2	5
LYS-GLY (KG)	9415	8465	7138	9655	8545	6904	9464	8711	6880	9944	9154	6886	10696	10563	7169	10363	8670	6796	9066	8877	6905	10277	9082	6672	8684	7321	5759	9248	10657	7477	6661	7023	5951
LEU-ARG (LR)	11178	10211	7928	11448	10033	8417	11515	9925	8396	13327	11075	9289	16388	13071	8570	11870	10114	8680	11398	9775	8258	10953	11188	8535	11747	10912	8684	10858	12452	7700	10840	10645	7333
HIS-LYS (HK)	3421	3112	2484	3459	2945	2403	3644	3254	2475	3387	2748	2348	4121	3820	2404	3181	2994	2465	3766	3220	2332	3330	3197	2711	3853	2888	2656	2999	3102	1819	3326	3105	3377
TYR-ARG (YR)	3483	3190	2369	3584	3118	2450	3773	3106	2462	3584	3117	2648	4760	4006	2693	3918	3453	2554	3570	3194	2504	3362	3542	2588	3463	2920	2629	3418	4685	2665	3577	3175	2538
ARG-GLU (RE)	8864	7873	6677	8940	7838	6217	9333	7897	6556	10807	8984	6647	9742	9609	6559	8808	7996	6515	8513	7940	6389	9406	8427	6519	8374	7830	5732	8170	6963	4636	7345	5927	6599
GLY-LEU (GL)	13074	11383	9111	13270	11682	9113	13317	11514	9153	14194	12389	9904	15832	14222	9809	13390	12679	9220	13683	11692	9590	12951	12025	9569	14166	16990	11498	8379	8662	8610	12200	11156	7925
HIS-MET (HM)	660	653	464	719	650	468	760	679	459	719	582	418	560	720	515	577	624	494	666	581	428	631	599	523	733	485	548	579	673	418	884	506	435
ARG-ARG (RR)	8303	7537	5862	8624	7622	6093	8953	8015	6550	11296	9622	6722	11023	9532	6660	10495	8952	6483	9523	9010	6478	8688	8605	6329	8143	8592	5842	6820	6601	5551	8141	5945	5284
ARG-TRP (RW)	1157	1020	870	1149	975	790	1190	1091	744	1423	1282	897	1484	1323	897	1436	1335	801	1191	1107	881	1163	1080	873	1283	1259	943	1003	1206	1224	1348	660	745
GLN-CYS (QC)	939	777	593	827	674	591	974	731	610	685	566	558	885	869	521	718	522	469	687	750	633	868	776	604	843	768	709	680	885	787	765	807	574
GLY-THR (GT)	8061	6946	5755	7984	7019	5878	8306	7127	5912	9059	8224	5814	9361	8481	5962	7697	6806	5588	8527	7529	5790	7956	7296	5680	8782	9082	6396	5136	5639	5018	8828	5922	5182
LYS-ARG (KR)	11610	10231	8510	12117	10562	8422	12275	10550	8717	12488	11247	8286	14655	12399	9282	14376	11897	8293	13491	12286	8310	11394	10393	7795	10539	8938	6694	9932	11273	8634	10226	9767	7098
GLY-VAL (GV)	10153	8878	7380	10188	9438	7455	10029	9228	7607	11441	10195	8067	11800	10704	7972	9857	8741	7407	10564	9972	7712	10551	9664	7334	11179	12609	9370	7157	7093	5974	8274	6931	6363
THR-TRP (TW)	1336	1071	915	1341	1075	989	1382	1118	940	1206	1122	1035	1731	1428	812	1352	1206	1008	1369	1236	994	1379	1119	971	1447	1222	953	1895	1126	1528	1601	876	909
ALA-TRP (AW)	1061	981	738	1180	976	822	1151	1022	879	1286	1126	974	1515	1220	782	1104	977	914	1327	961	892	1178	955	896	1381	1435	646	1095	848	1115	1209	586	688
GLY-ASP (GD)	9599	8376	7128	9719	8818	7038	9822	8637	7086	10434	9180	6621	9937	10006	7500	9524	8655	6778	9514	8804	7099	10026	9546	7066	11342	13050	8032	6836	7063	5040	6881	7277	6686
TERM-SER (*S)	9	4	9	6	5	2	3	1	3	5	4	3	1	6	17	14	5	4	5	3	0	2	4	2	5	3	7	4	1	4	11	6	10
TRP-ALA (WA)	1388	1245	1032	1423	1278	996	1388	1353	1035	1566	1356	937	1624	1500	1065	1540	1266	1088	1435	1249	1047	1522	1339	1021	1416	1279	1679	2069	1119	738	1634	1050	828
HIS-CYS (HC)	661	640	536	672	551	451	689	589	425	684	542	433	643	668	432	609	525	463	553	587	407	643	619	511	675	564	574	613	761	542	639	587	452
TERM-ARG (*R)	3	6	5	11	4	9	2	8	8	1	23	4	5	7	3	5	1	2	2	3	2	3	2	4	3	4	4	3	13	5	27	11	6
PRO-GLU (PE)	9349	8485	6921	9388	8251	7083	9288	8204	6949	9894	8477	6983	10630	10252	7623	11040	8863	7299	9938	8228	7314	9930	8640	8396	12759	10199	10351	11748	10070	5238	7901	7161	8611
GLU-TRP (EW)	1982	1560	1245	1719	1498	1238	1810	1587	1377	1732	1681	1335	2300	1833	1233	1857	1647	1318	2043	1646	1351	1807	1479	1283	1960	1719	986	1356	1362	2325	1948	940	1172
ILE-ARG (IR)	7458	6667	5387	7576	6515	5221	7077	6378	5228	6825	6469	6024	9215	7580	5453	7482	7089	5427	8008	6925	5130	7010	6507	5560	7085	6467	5239	8343	6888	5010	7214	7159	4946
ASN-LEU (NL)	13406	11807	9460	13546	11621	9353	13597	11499	9113	12722	10992	8310	16364	13037	9722	12201	10289	8571	11934	10612	8833	12678	10202	8400	11960	9304	7815	13478	13345	9306	16320	13817	9226
GLN-ARG (QR)	5860	4888	4238	5696	4861	4237	6218	5274	4157	5337	4715	4339	7050	5844	4298	5695	5171	4216	6228	6041	4334	5492	5533	4424	5714	4956	4697	4524	6104	4204	5249	4788	4079
GLY-TYR (GY)	5381	5071	4200	5497	5002	4022	5556	4985	4044	6172	5757	4159	5977	5672	3913	5575	5385	4300	5976	5706	4125	5325	5066	4038	5753	7150	4440	3820	3745	3553	4745	5436	4123
GLY-GLU (GE)	10165	8907	7201	10280	9157	7255	10399	9034	7192	11103	9354	7014	10985	9977	7279	9030	8504	7703	10809	9356	7418	10535	9117	7303	11873	13128	7614	6676	7425	5426	7279	6808	7428
CYS-TRP (CW)	310	240	268	381	249	254	291	308	204	366	332	173	417	334	175	301	324	250	369	287	232	289	309	243	324	392	276	279	370	373	413	184	167
PHE-ARG (FR)	3849	3361	2899	4085	3579	2893	3960	3658	2883	3291	3123	2912	5115	4157	3200	4269	3877	2924	4410	3722	2721	3799	4116	3112	4087	3798	3557	4670	6262	2794	3852	3190	2789
