	-24	-23	-22	-21	-20	-19	-18	-17	-16	-15	-14	-13	-12	-11	-10	-9	-8	-7	-6	-5	-4	-3	-2	-1	0	1	2	3	4	5	6	7	8
THR-MET-TERM (TM*)	3	7	7	3	3	2	3	1	5	0	6	5	1	19	1	1	3	0	0	0	1	1	1	0	1	1	4	2	4	4	3	11	4
HIS-TRP-TYR (HWY)	7	15	10	4	7	6	9	2	5	11	6	6	6	34	6	32	18	10	7	4	0	5	3	11	8	6	7	17	4	14	6	3	6
GLN-PRO-TYR (QPY)	155	112	95	157	128	110	161	102	85	131	170	118	495	588	161	156	138	116	136	141	114	155	140	151	171	148	122	160	136	98	153	140	95
ARG-LEU-LYS (RLK)	1253	1004	799	1096	911	819	1311	1212	872	1297	1150	901	4127	4029	888	1008	850	848	1073	919	744	985	1096	734	885	832	619	872	640	500	935	920	585
CYS-ASN-CYS (CNC)	10	12	2	8	8	3	6	5	2	11	12	6	9	32	7	7	6	7	14	4	8	11	14	5	11	11	5	16	9	15	6	10	9
MET-CYS-MET (MCM)	3	2	2	3	4	2	3	3	3	3	7	4	7	15	28	19	3	5	0	2	4	4	3	2	2	3	1	1	0	1	1	1	2
ILE-PRO-GLY (IPG)	475	472	353	503	446	307	450	451	388	529	436	369	1417	1804	429	684	645	406	541	421	403	531	413	403	762	591	668	915	1005	386	331	338	321
THR-ASN-ARG (TNR)	286	232	178	309	237	145	171	145	159	249	206	176	664	725	223	234	193	164	295	202	131	222	179	126	320	132	133	243	205	185	197	230	183
ILE-CYS-TRP (ICW)	7	5	5	9	6	11	9	12	13	11	13	2	13	29	7	6	13	12	17	7	6	4	11	6	14	10	15	13	15	12	20	5	4
SER-LYS-GLU (SKE)	1180	1060	743	1144	1018	862	1041	960	729	1015	888	774	2151	2874	1018	1196	888	771	1172	916	813	1328	1094	823	1191	778	563	1108	962	677	1032	878	994
ARG-TRP-MET (RWM)	11	2	8	16	4	9	13	13	9	10	14	9	12	25	5	10	8	8	15	5	5	6	9	7	9	9	8	6	7	5	14	4	7
ARG-LEU-TERM (RL*)	0	0	1	1	1	0	1	1	4	2	4	4	3	11	4	27	7	6	18	4	3	9	7	3	2	1	0	1	3	1	1	2	1
VAL-PRO-GLY (VPG)	540	479	402	516	408	420	524	456	444	586	528	406	1197	1559	464	818	673	400	541	478	381	597	506	457	711	471	594	887	983	422	297	380	358
ARG-TRP-LYS (RWK)	68	65	69	74	87	25	77	77	48	75	70	65	153	200	54	73	65	59	83	86	72	92	82	60	52	93	80	80	43	57	72	48	42
CYS-TRP-ASN (CWN)	8	4	8	10	6	3	14	17	8	16	13	7	32	25	4	9	8	0	5	7	11	6	5	8	7	5	9	12	9	6	13	7	4
GLY-ARG-TRP (GRW)	63	36	23	38	22	26	41	37	31	80	43	43	65	101	35	56	51	23	36	33	31	43	35	29	12	30	16	38	36	24	36	26	19
ARG-HIS-LYS (RHK)	155	138	122	170	131	107	250	231	108	167	153	125	484	444	137	149	164	117	172	168	122	137	167	130	174	171	120	158	151	71	190	122	132
ARG-TYR-ARG (RYR)	144	102	80	195	120	112	214	149	96	167	141	143	337	383	134	129	133	110	184	130	115	179	204	80	99	91	72	166	170	72	131	122	75
GLY-PRO-GLY (GPG)	301	272	193	284	280	179	349	367	233	290	344	232	546	808	238	430	394	242	317	328	245	336	398	326	234	299	337	435	495	229	190	274	202
PRO-PRO-GLY (PPG)	337	310	239	286	262	279	382	307	276	450	454	238	1023	980	297	429	319	240	339	304	312	448	424	519	589	406	387	522	611	260	180	232	262
CYS-MET-MET (CMM)	13	3	9	7	5	2	4	7	6	3	5	1	12	13	5	8	2	4	8	6	6	5	3	1	2	4	2	3	4	2	8	8	1
ILE-GLY-CYS (IGC)	161	156	100	155	125	132	178	157	133	181	164	92	293	354	93	122	113	103	164	165	102	144	152	83	160	175	87	106	127	117	100	115	80
ASP-LYS-GLY (DKG)	351	347	269	391	364	248	346	346	236	404	315	293	685	820	253	450	367	263	335	293	234	406	320	164	336	231	254	360	411	292	225	213	172
THR-HIS-CYS (THC)	16	16	18	16	18	18	19	11	12	23	13	10	23	48	12	24	25	12	16	20	19	21	22	13	34	13	27	23	29	33	22	13	12
PRO-CYS-TRP (PCW)	6	3	7	12	3	2	4	12	4	13	7	12	37	30	6	5	5	5	5	6	16	21	14	22	14	17	11	4	27	36	23	7	12
SER-PRO-GLY (SPG)	262	204	164	298	201	206	284	190	138	246	207	179	694	698	232	385	300	188	255	191	186	323	292	322	414	312	291	546	564	198	187	163	188
TRP-GLU-TRP (WEW)	1	2	5	11	7	4	9	9	14	7	11	8	18	22	7	9	7	7	16	11	6	11	17	7	11	7	6	8	5	15	15	7	3
HIS-PRO-CYS (HPC)	8	13	4	7	4	3	7	11	3	14	11	7	11	23	16	4	8	6	13	5	6	10	10	14	14	19	13	12	4	16	7	14	4
LYS-LEU-LYS (KLK)	2266	1911	1330	2180	1893	1517	2147	1944	1453	2479	1836	1755	6417	4550	1407	1773	1512	1460	2038	1511	1199	1720	1478	1125	1727	1873	1557	1806	1636	1133	1926	2016	1369
GLN-PRO-VAL (QPV)	360	312	277	352	346	251	361	321	301	392	338	281	905	904	317	359	285	279	382	391	326	463	288	378	460	441	434	476	522	233	338	272	376
ARG-ILE-LYS (RIK)	561	527	424	575	541	434	671	533	390	516	542	437	1538	1235	458	439	405	395	580	493	391	478	583	366	502	469	358	651	338	287	553	566	394
GLU-LYS-GLY (EKG)	657	569	479	631	511	467	664	549	436	561	518	505	1087	1315	533	681	612	463	666	519	423	629	608	405	548	421	569	575	690	498	449	479	427
TYR-TRP-ALA (YWA)	9	15	5	8	7	9	19	11	11	14	13	9	19	25	17	3	12	10	7	8	6	5	7	5	8	21	17	23	10	8	10	13	4
CYS-TRP-SER (CWS)	11	2	9	3	6	5	7	8	1	7	4	1	1	14	6	10	8	1	6	4	14	7	9	4	6	6	6	16	4	2	8	7	5
ILE-GLY-ARG (IGR)	589	526	454	601	486	398	476	403	457	672	552	493	1048	1255	493	617	592	558	783	614	517	552	515	401	788	728	481	387	504	427	511	510	382
CYS-ARG-GLU (CRE)	91	76	67	115	90	72	147	87	61	109	72	68	105	197	69	73	76	75	106	97	83	150	156	90	92	43	37	118	84	49	65	67	79
ARG-TRP-ARG (RWR)	84	80	49	60	76	27	54	56	46	103	83	72	151	147	44	80	63	37	81	75	36	73	68	57	51	87	56	82	15	25	84	68	47
ARG-ILE-ARG (RIR)	312	284	269	348	275	201	341	282	224	313	293	270	778	663	272	294	302	265	334	331	263	298	288	250	278	260	197	348	252	223	264	228	211
THR-TRP-CYS (TWC)	24	8	10	8	12	8	17	21	10	19	23	29	42	36	18	12	14	6	15	20	7	20	17	17	26	23	9	19	8	20	10	11	5
ARG-PHE-LYS (RFK)	242	282	190	254	228	203	340	330	248	262	242	255	759	585	231	259	211	222	322	314	229	273	307	223	239	225	191	251	217	124	257	254	173
ASP-ASN-PRO (DNP)	236	212	164	245	183	185	248	224	185	239	214	164	579	514	182	254	226	181	305	280	178	208	166	123	236	171	175	262	290	294	345	247	159
LYS-LEU-ARG (KLR)	1108	1011	735	1150	918	782	1177	988	790	1322	1179	936	3118	2324	849	1087	1011	898	1106	838	749	895	870	654	994	1123	984	1045	1218	810	1144	1212	693
ARG-HIS-ARG (RHR)	208	137	126	179	177	132	235	280	123	187	192	147	401	395	135	240	180	118	236	165	122	139	170	103	193	178	158	230	247	136	154	165	111
SER-ARG-GLU (SRE)	522	434	358	468	413	338	493	460	367	551	491	379	845	955	354	478	432	371	454	433	350	524	503	392	633	459	274	437	337	224	443	331	342
ARG-ASN-ARG (RNR)	371	340	282	463	442	275	533	387	284	403	376	266	891	824	326	367	338	305	460	493	278	321	352	275	370	292	266	460	470	301	392	333	280
CYS-CYS-TRP (CCW)	5	4	4	1	7	0	3	4	2	18	5	3	11	13	2	9	7	6	12	3	2	8	9	17	10	6	2	2	7	10	7	0	4
GLN-HIS-TRP (QHW)	14	12	13	13	10	16	14	13	7	34	12	16	18	35	11	18	29	12	11	22	10	12	15	20	24	11	16	19	17	19	30	14	14
TYR-TRP-PRO (YWP)	13	9	8	18	14	11	29	26	10	17	15	8	11	33	17	24	17	21	22	21	10	9	8	17	3	6	29	28	10	13	16	18	9
MET-HIS-HIS (MHH)	16	7	9	18	5	22	10	19	22	32	19	20	36	36	23	32	30	14	14	12	13	10	16	23	15	13	6	9	16	9	18	18	7
GLU-MET-CYS (EMC)	23	12	16	28	14	21	30	16	19	14	17	10	45	34	11	21	8	10	16	17	7	13	15	14	12	19	13	17	11	9	9	8	9
