	-30	-29	-28	-27	-26	-25	-24	-23	-22	-21	-20	-19	-18	-17	-16	-15	-14	-13	-12	-11	-10	-9	-8	-7	-6	-5	-4	-3	-2	-1	0	1	2
LEU_CTT	4930	7051	4111	4771	7025	4038	4860	6964	4141	4900	6937	4068	4854	6893	4128	4684	6150	3757	4470	6409	3918	4260	6305	3974	4721	6936	4378	5342	7551	5427	8190	9165	4090
THR_ACC	7568	10369	7362	7495	10644	7054	7427	10512	7032	7406	10565	6629	6546	8581	6563	6820	9321	6103	6681	9210	6106	6732	9352	6104	6769	9209	6396	7494	10969	8094	9764	12616	7025
LYS_AAG	28385	40407	26263	28172	40247	26150	29496	41877	26265	30530	43526	27642	31058	43976	27041	32300	47241	28574	34556	49040	29491	31912	45360	30197	32778	44467	27511	29623	39643	24204	28583	34320	15454
LYS_AAA	26240	38580	22475	26489	38650	22563	26449	38244	22341	26859	39488	22493	30438	44930	22565	27325	39690	21857	28222	42101	22646	26463	39259	22763	27784	41049	24194	27508	40836	22114	27458	48992	26795
ILE_ATC	9797	13895	8779	9797	13899	8961	9523	14050	8944	9741	13881	8818	9005	12725	9252	11019	15588	9908	10048	13917	9194	10118	14536	9439	10152	15241	10523	11130	14793	12522	13863	16190	10720
ASN_AAC	14859	21024	12847	14529	21105	12958	14503	20843	13083	14900	21350	12892	13078	17589	12658	14903	21130	12115	12757	18796	11683	12978	19442	12024	13948	22127	13793	15379	22261	13959	18633	28534	16977
ILE_ATA	8076	11523	6455	7952	11587	6218	7867	11321	6207	7559	10927	6221	8827	13194	6407	8127	11375	6241	8215	12002	6139	8271	11521	6408	8011	12261	6865	8301	13241	8347	11638	14640	7183
ARG_AGG	6318	8955	5055	6300	8704	5229	6538	9357	5235	6678	9563	5555	7973	12044	5990	6819	9705	5388	7904	11411	5458	6248	9871	5644	6787	8971	4886	5434	7365	4253	3852	2074	2446
PRO_CCT	6305	8920	5204	6455	8752	5196	6113	8723	5199	6279	8661	5137	6760	10269	5491	6880	10055	5333	7054	9578	4896	5216	7344	4707	5975	7660	5354	7754	9743	6210	8401	12627	4899
THR_ACT	10719	15662	9899	10831	15230	9542	10513	15053	9621	10483	15176	9220	9097	12655	9177	9666	13641	9040	10225	14565	9022	9672	14075	9769	11509	15452	10366	12101	16370	11557	16059	25031	8790
SER_AGC	5527	7971	4681	5694	8493	4818	5740	8609	4838	5761	8523	4881	5661	8058	4884	5373	7861	4589	5808	8480	4674	5682	8526	4628	5556	8012	4571	4737	6849	4517	3727	4992	4111
THR_ACA	8278	11889	6852	8138	11648	6780	7895	11723	6514	8205	12045	6936	8434	12102	6401	7553	10606	6106	7771	10750	6002	7939	10782	6237	8678	11631	7319	9387	13593	8169	10807	16973	6630
ARG_AGA	18133	25176	16471	18535	25380	16550	19145	26063	17021	20269	28187	17605	20807	28154	18065	21052	29485	19984	26349	36532	20613	21483	29464	19622	21691	30781	18679	19150	27581	16232	14403	17854	14852
HIS_CAT	6408	9038	5358	6430	9500	5531	6582	9173	5184	6756	9327	5539	6214	8755	5409	6081	8580	5078	5256	8019	5212	5666	8522	5330	6803	9559	6020	7488	9308	6060	10282	12064	5810
ASN_AAT	18083	26166	15050	17933	26568	15343	17438	25828	15279	18292	26220	14370	15375	21720	13870	18300	27787	14156	16055	24153	14497	16812	25760	15646	19085	27984	16307	19309	28078	16342	24092	40743	16082
ILE_ATT	15159	21962	13037	14687	21530	13224	15164	21627	13396	15051	20998	12592	13149	18305	12645	15252	22067	13420	15467	22365	13450	14267	22258	13983	15581	23191	14857	16416	24609	19288	24614	30944	14084
LEU_CTG	4724	6879	4024	4952	7037	4276	5117	7055	3982	4925	7034	4341	6918	10263	4793	5076	6634	3965	4816	6504	4045	4850	6941	4365	5707	7705	4754	5485	6874	4662	8156	5435	2041
LEU_CTA	6579	9286	5409	6575	9433	5479	6339	9309	5321	6579	9052	5259	6116	8699	5335	6071	8992	5056	6103	8703	5162	6077	8367	5021	6081	9552	5819	6874	10345	7351	10412	10472	5657
LEU_CTC	2099	3133	1769	2119	3033	1688	2190	3174	1762	2100	3079	1809	2450	3523	1740	2185	3220	1814	1872	2420	1457	1804	2460	1493	1750	2649	1744	2335	3190	2356	3492	3263	1919
HIS_CAC	4536	6105	4158	4732	6432	3853	4308	6143	4280	4504	6434	4140	4507	6047	4285	4079	5338	3473	3713	5187	3543	3659	5136	3385	3852	5793	4393	4994	6446	4806	6579	6789	5026
THR_ACG	3840	5426	3062	3849	5686	3227	4110	5671	3252	4127	6336	3613	4492	6509	3416	4411	5959	3372	4149	5859	3177	4116	5741	3480	4752	6012	3382	4574	6105	3741	4781	6298	1601
GLN_CAA	17042	24685	15605	17645	25350	15294	17327	24408	15103	17106	24832	15626	15340	20913	14523	16605	22487	14114	14473	21002	14682	15765	22316	14681	17257	25098	16608	19084	25429	16055	21460	25538	17582
SER_AGT	8192	12003	6782	8098	12330	7055	8399	12601	7001	8423	12544	6955	7860	11725	6917	7804	11684	6906	8144	12622	6972	7886	12766	7587	8340	12822	7567	7462	11359	6575	6618	8362	5179
GLN_CAG	6376	9339	5489	6506	9189	5483	6767	9319	5312	6744	9524	5652	6291	8993	5629	6989	9672	5641	6380	8657	5761	6634	9243	6000	7671	10171	6579	8282	9158	5485	8390	6600	3762
PRO_CCG	2196	3256	1923	2325	3209	1857	2308	3330	1862	2396	3375	2038	5013	8577	2958	3056	3831	1982	2813	3983	1859	2236	2961	1832	2462	3086	2015	3042	3448	2199	3376	3332	1031
PRO_CCC	2875	4124	2388	3038	4005	2247	2732	3877	2273	2658	3887	2174	3310	5213	2445	2773	3934	2133	2784	3700	1797	2107	2803	1675	2145	2928	2124	3053	4101	2990	4492	4331	2564
TERM_TAG	455	707	404	461	803	454	483	671	420	458	599	518	1718	2961	927	479	405	471	293	430	401	324	309	331	248	313	314	219	319	267	208	141	230
TYR_TAT	8193	11544	6714	8172	11881	6756	7922	11468	6765	7826	11336	6339	7699	10808	6297	7358	11126	6406	7279	11409	7146	7343	10858	6814	8381	12616	7388	9429	13420	9251	12762	17534	7675
GLY_GGT	17836	25180	16645	17716	25488	17483	18328	25383	17319	18291	25487	17406	18707	26102	17490	19911	29406	18907	19279	27773	18521	20131	29373	18675	18568	26274	16565	16222	23130	11682	6058	14564	14344
CYS_TGT	3983	5694	3533	4072	5733	3444	4002	5681	3554	4351	5760	3558	3836	5264	3415	3818	5503	3472	3715	5177	3727	3929	5644	3734	4079	5822	3553	3933	5735	4198	3900	3472	2728
ARG_CGA	1310	1916	1008	1347	2097	1100	1428	1864	1085	1512	2167	1325	3686	6157	1996	2802	4539	1610	1722	2354	1244	1501	2052	1136	1497	2316	1336	1571	2289	1293	1582	927	981
PRO_CCA	11018	14920	9811	11070	15196	9837	10491	14774	9203	10470	14748	9413	10519	15110	9439	11542	15835	9017	11319	15239	8736	9964	12813	8726	9836	13229	9749	13204	16062	9935	13508	18459	9408
ARG_CGC	1523	2024	1101	1432	2040	1139	1413	2020	1228	1392	2022	1106	1859	2648	1256	1333	1754	1062	1316	1904	999	1188	1662	934	1239	1793	1073	1266	1769	1311	1390	920	1016
ASP_GAT	23620	35112	21313	23505	35427	21345	23895	35640	21996	23420	35224	22295	23728	35420	22710	27230	42257	25470	27553	39970	25621	28664	44528	25489	27591	41951	23331	25642	36854	17848	18231	39593	32012
ARG_CGG	942	1198	722	815	1121	682	854	1239	751	986	1398	776	1894	2853	1219	1324	1838	945	1224	1757	958	965	1448	951	1067	1342	816	961	1150	699	939	278	315
PHE_TTT	10563	15501	9028	10365	15340	8765	10291	14930	8936	10369	14736	8322	9043	12455	8467	10267	14936	8751	9427	13734	8762	9847	14494	8754	10295	15922	9182	11342	18714	13929	17448	22629	9294
CYS_TGC	1731	2375	1408	1808	2576	1465	1828	2592	1582	1857	2524	1491	1728	2463	1547	1645	2338	1426	1602	2340	1623	1926	2506	1589	1797	2708	1569	1779	2635	2268	1439	1448	1444
GLY_GGG	3636	5087	2896	3569	4946	2958	3789	5382	3036	3617	4931	3109	4357	6450	3225	3739	5318	3025	3372	5229	2819	3695	5714	2999	3334	4184	2403	2881	4238	2169	766	849	1583
TERM_TGA	612	744	546	585	882	472	529	744	533	618	870	657	2200	3791	1115	538	485	452	433	455	432	369	421	412	358	380	331	304	363	342	258	143	229
GLY_GGA	6277	9337	5365	6431	9106	5198	6507	9309	5374	6357	9539	5626	7353	10873	6112	7716	11460	6159	6993	10957	6393	8042	11948	5912	6483	9615	5043	5783	8703	3435	1377	4312	4639
TRP_TGG	5781	8351	4901	5932	8601	5224	6192	8753	5098	6168	8613	5375	8856	13549	7148	6311	8320	5349	5851	8831	5734	6748	9462	6194	6981	9688	5562	5869	8388	7073	4878	1994	2791
GLY_GGC	5438	7761	4740	5729	8172	4763	5936	8215	4917	5506	8154	4930	6232	9701	5023	5682	8770	5266	5501	8150	4834	6101	8716	4557	5204	7377	4184	4686	6545	3600	1316	3733	4527
TYR_TAC	8261	11545	7649	8197	11962	7582	7901	11426	7435	7870	10992	7002	7992	11512	7220	7071	10021	7172	7183	10479	7261	7526	10057	6495	7450	11441	7776	9358	13957	10285	10791	15388	9880
GLU_GAG	14719	21534	12675	14693	21914	13078	15363	22300	13859	15420	22675	14094	17049	25025	14254	15232	22349	14969	17994	26275	15341	17186	25650	14835	16285	22506	12502	14607	19919	8646	5900	11813	10830
SER_TCG	4204	6073	3366	4239	6135	3438	4461	6104	3288	4440	6251	3579	4970	7567	3951	4690	6383	3370	4159	5648	3408	4588	6227	3861	4772	6122	3495	4596	6187	3514	4534	6213	1610
LEU_TTA	13066	18817	10966	12967	18281	11216	12815	18560	10990	12570	18072	10591	11405	16283	10438	12497	17903	10665	11759	17371	11000	13750	18254	10756	12614	20033	12314	14317	24676	15773	18598	24356	12521
ASP_GAC	13680	20472	12593	13919	20278	13046	14164	20629	13296	14043	20549	13169	14173	20504	13765	14545	21552	14282	14988	21896	13189	15173	22534	12868	13401	22146	13032	13530	19978	11128	10851	20735	22873
ARG_CGT	4751	6803	4455	5361	7347	4546	5425	7663	4827	5597	7720	4669	6148	8917	4817	5219	7152	4503	5626	7717	4206	4186	6240	4305	4543	6546	4070	4095	5344	3839	4752	3672	3126
GLU_GAA	40179	58949	37351	40395	59239	37491	41035	60150	38518	41223	61257	40111	41297	60168	39551	39861	58059	40748	44452	66148	42797	47928	68004	39992	42388	61008	36054	36968	55086	30251	22065	54340	62773
SER_TCA	8333	12205	6994	8231	12171	6833	8036	12044	6644	8194	11808	6473	7740	11348	6707	8397	11595	6447	7533	10704	6425	8739	11728	6664	8593	12160	7391	9552	14973	8012	10212	18216	6614
ALA_GCA	9203	13325	7675	9120	12779	7399	8767	12960	7416	8960	13170	7649	9178	13041	7359	8434	12451	7301	8922	12429	7488	9891	13507	7964	9729	13141	6903	8743	12197	5012	4928	14100	7307
VAL_GTA	6608	9513	5363	6675	9717	5419	6833	9931	5368	6638	9480	5648	5879	8260	5041	6972	10481	5615	7098	10012	5519	7186	9915	5314	6324	9485	5005	6157	9138	4289	4465	7729	7071
ALA_GCC	8286	11876	7796	8392	11820	7513	8242	11609	7665	8011	11256	7298	7167	10357	6844	7570	10227	6619	6919	9814	6739	7929	10469	6587	6758	9688	5917	7514	11281	5466	4877	10807	6904
VAL_GTC	8565	12388	8646	8854	12141	8631	9111	12853	8889	9026	12792	9001	8455	11243	8472	9051	12395	8892	8311	11877	7930	8720	12181	7765	7920	11601	7866	7994	11683	6783	5746	9673	13543
ALA_GCG	3449	5015	2859	3690	5226	3099	3800	5386	3101	3768	5590	3259	5237	7764	3688	3975	5063	3080	3776	5110	3054	4089	5351	3070	3850	4740	2503	3382	4305	1703	1779	3986	1333
VAL_GTG	6236	8919	5239	6189	8608	5355	6444	8968	5209	6116	8924	5672	6590	9579	5246	6005	8576	5299	6272	8582	5209	6608	9152	5171	6473	8355	4565	5540	7151	3599	3598	5076	2590
PHE_TTC	9112	13129	8554	9203	13096	8384	9005	12871	8482	8940	12535	7898	7584	10788	7835	9283	13082	8205	8673	11941	7890	8669	12230	7529	8623	13325	9231	9927	16091	12413	13009	16444	10720
VAL_GTT	14067	19816	12835	13829	19538	12964	13894	20218	13325	14049	19796	13202	12545	16663	12074	12917	18818	13166	13948	19487	12632	13757	20383	12714	12752	18806	11930	12527	18391	11654	11293	20489	18221
ALA_GCT	15830	22175	14851	15978	21950	15578	15766	22209	15037	15879	21985	14774	14246	20127	14704	15039	21181	14877	15058	21305	14879	15917	21840	15067	16139	21035	14400	14772	21074	11278	11957	26217	12775
LEU_TTG	16862	23838	15578	17211	24171	15901	17544	24672	15770	16999	24099	16153	17281	23718	15935	16949	23910	16103	17280	24006	16907	18579	25777	17211	19103	26472	17395	19435	29171	21079	24765	20885	7728
SER_TCC	7570	10394	6944	7597	10594	6789	7482	10523	6566	7111	10132	6213	6876	9774	6388	6518	9021	6143	6259	8617	5863	6687	9038	5947	6518	9286	6755	8314	12603	9440	10113	12614	6747
TERM_TAA	1175	1678	1059	1241	1694	1038	1133	1627	1107	1013	1432	1083	2996	5062	1790	979	878	786	620	762	811	673	758	690	700	702	765	612	824	767	591	682	852
MET_ATG	10884	15539	9134	10972	15744	9207	10923	15991	9441	11124	15498	9335	9863	14577	8909	11049	15064	9280	10902	14514	9008	11184	16039	10199	12240	16601	10382	11300	16459	11385	15724	13628	4486
SER_TCT	12159	16943	11074	12293	17476	10618	11926	17001	10633	11846	16867	10329	10932	15612	10445	10785	15616	9989	11016	15103	10536	11397	16021	11066	12182	16624	11565	14052	20778	14101	17399	26941	9386
