	-27	-26	-25	-24	-23	-22	-21	-20	-19	-18	-17	-16	-15	-14	-13	-12	-11	-10	-9	-8	-7	-6	-5	-4	-3	-2	-1	0	1	2	3	4	5
ARG-ASP_CGTGAC	1	4	0	2	3	2	2	3	0	6	13	2	22	92	12	4	0	2	2	3	1	0	1	0	0	2	2	1	1	2	4	0	0
GLY-SER_GGTTCT	0	1	3	0	5	2	2	2	3	19	31	11	106	181	25	8	11	2	9	1	1	2	7	0	2	5	8	6	17	6	9	25	1
LEU-ASP_CTCGAT	10	12	5	5	7	6	6	7	7	7	6	7	48	160	14	11	12	5	10	9	2	6	4	7	3	28	11	28	13	5	6	5	3
GLY-TERM_GGTTAA	3	3	2	2	5	6	6	2	2	19	55	20	61	107	11	28	7	8	2	14	4	11	12	7	5	11	5	5	5	6	18	0	0
TERM-LEU_TAGTTG	5	11	2	3	14	12	8	14	12	35	37	22	74	146	45	13	21	6	14	13	7	20	43	18	3	29	6	5	6	2	9	6	5
THR-ILE_ACCATA	11	12	7	7	15	5	14	19	11	12	25	17	91	141	32	12	23	17	14	13	7	5	14	19	16	21	12	27	25	15	9	3	6
THR-VAL_ACGGTT	13	11	7	8	10	7	9	8	6	13	13	10	31	96	16	35	45	9	17	17	5	8	19	10	7	17	9	4	6	8	12	7	3
PRO-LEU_CCCTTG	24	38	23	18	28	18	21	32	24	40	54	29	134	235	73	43	45	16	42	59	14	16	22	13	23	35	11	10	24	6	30	21	6
SER-ILE_AGTATT	26	37	18	23	30	15	33	52	24	50	84	26	137	281	41	34	47	28	40	37	23	32	43	38	26	38	23	28	18	32	46	45	13
ASP-SER_GATTCT	36	59	28	36	39	29	39	55	36	27	39	34	223	377	79	82	141	60	45	63	36	47	59	24	26	68	25	44	66	57	39	27	29
SER-ARG_TCCCGT	5	10	8	9	5	3	1	4	2	2	6	6	23	39	4	9	12	5	5	6	12	7	4	3	5	2	4	2	2	2	5	6	4
ARG-SER_CGTTCG	4	4	4	10	11	3	3	5	7	8	23	4	13	39	15	2	3	2	7	9	1	6	5	3	3	2	4	8	1	5	6	5	2
GLY-ASN_GGCAAC	13	28	14	27	20	13	42	43	16	44	67	30	89	159	38	23	41	15	11	16	9	10	22	17	23	16	18	19	11	12	29	10	4
GLY-ILE_GGAATA	7	11	1	11	28	6	9	14	10	13	25	14	46	88	11	21	48	18	18	36	10	6	13	11	8	11	6	7	4	8	9	6	10
LEU-MET_CTGATG	18	19	5	9	10	7	7	17	5	2	6	4	25	72	18	15	27	12	13	12	4	9	8	9	14	26	8	4	22	12	12	9	8
ARG-ARG_CGACGG	8	6	0	8	1	3	2	3	4	4	4	3	9	33	6	10	22	5	2	7	5	6	6	3	4	6	3	6	18	6	3	2	3
THR-GLY_ACAGGC	5	16	3	4	5	3	5	18	8	3	10	7	12	45	6	8	16	8	8	9	9	5	3	5	6	4	5	9	12	4	15	13	4
TRP-ILE_TGGATA	5	5	5	4	6	4	0	4	1	7	3	5	2	26	4	3	7	4	12	10	5	10	6	2	1	7	8	7	0	0	1	4	5
LEU-PRO_TTACCT	30	39	18	20	30	15	22	31	21	26	51	15	106	155	26	29	43	11	36	46	21	16	25	17	41	20	25	43	19	6	42	37	7
SER-ALA_TCTGCC	24	38	13	21	39	25	26	50	29	39	84	29	85	188	44	56	78	33	35	45	19	35	45	22	22	40	16	54	26	17	24	13	21
ALA-ILE_GCCATT	3	11	5	7	11	7	9	4	9	25	54	11	22	55	20	9	14	6	4	8	7	4	6	11	5	14	4	7	7	17	8	5	2
HIS-PRO_CATCCA	12	23	8	11	15	10	12	20	13	13	18	15	32	72	21	13	14	8	16	11	11	7	10	4	13	19	15	10	14	11	15	18	8
TERM-CYS_TGATGC	12	11	10	10	11	10	9	16	3	8	15	16	29	58	8	7	9	15	7	16	5	5	16	8	15	26	3	16	21	3	2	11	2
GLY-ARG_GGAAGG	24	33	13	20	22	5	21	21	11	46	88	14	70	120	19	45	53	15	14	21	7	8	8	9	14	13	10	24	19	14	23	26	9
ALA-GLY_GCCGGC	10	22	11	20	15	10	19	23	8	18	17	10	32	81	19	19	20	7	13	25	7	6	13	7	17	16	10	21	26	19	23	32	7
TERM-ILE_TAGATT	15	14	6	17	26	8	18	29	12	13	18	8	59	109	25	36	47	14	32	26	11	13	18	17	22	26	17	30	61	15	20	12	18
TERM-TERM_TAGTAG	10	22	5	24	33	22	23	22	15	17	37	17	25	76	25	22	30	11	15	11	4	15	10	1	13	11	10	6	11	9	13	3	5
SER-THR_AGCACC	57	71	43	49	66	26	46	63	42	45	60	60	173	302	86	117	113	43	60	110	56	50	71	31	52	74	38	42	40	48	60	62	21
THR-ARG_ACGCGG	14	15	9	15	20	4	10	15	8	13	9	19	28	63	24	17	33	16	13	18	5	5	13	3	15	9	13	5	12	6	11	13	3
TERM-VAL_TAAGTG	2	15	2	8	13	4	4	7	6	15	21	6	21	41	9	13	27	9	10	16	9	6	11	4	5	9	1	2	2	3	6	2	1
THR-ILE_ACTATC	15	26	7	17	18	5	14	16	10	19	12	13	37	90	12	60	60	11	17	32	10	14	22	7	16	16	9	14	26	14	25	12	14
GLY-TRP_GGATGG	12	4	6	4	7	8	11	13	4	8	11	7	15	43	16	15	18	6	6	12	6	5	8	4	7	16	16	10	11	9	2	3	9
LEU-TYR_TTATAC	18	18	7	12	36	8	21	30	12	27	44	8	65	106	37	40	73	17	19	38	18	13	24	12	19	23	7	6	22	12	23	9	7
TYR-ILE_TATATT	8	14	10	7	18	8	11	22	8	13	28	17	51	81	22	19	33	34	20	23	22	14	37	7	7	24	6	2	20	14	20	18	5
TERM-MET_TAGATG	37	51	42	38	46	29	43	76	52	25	71	52	160	229	77	67	63	38	65	111	26	40	60	21	36	53	21	16	23	27	59	60	11
LYS-GLY_AAGGGG	51	65	29	49	71	30	40	55	25	63	88	46	185	274	45	92	139	49	67	85	23	49	56	52	41	64	35	71	84	52	65	22	23
LEU-ARG_TTACGA	4	11	6	12	8	3	10	16	6	22	26	14	16	40	15	7	14	9	12	11	6	8	11	0	5	6	6	5	3	10	3	1	2
GLY-TERM_GGGTGA	24	8	6	10	11	5	12	9	7	15	14	8	32	54	13	25	24	10	13	14	13	8	20	11	8	16	14	11	8	1	4	9	6
LYS-SER_AAGTCA	35	38	20	34	35	18	18	33	15	30	37	39	75	152	51	44	50	33	45	57	24	38	36	23	17	34	30	40	26	13	49	51	8
GLY-LEU_GGGTTG	32	43	30	42	73	40	35	47	26	48	54	30	74	166	47	47	61	32	46	47	24	28	26	23	30	41	13	27	33	15	47	41	10
GLU-THR_GAGACG	11	27	19	17	28	15	11	20	4	16	26	12	30	77	21	16	37	21	24	32	13	18	28	10	13	19	13	2	4	15	19	22	1
GLY-SER_GGAAGT	24	39	25	31	50	35	23	40	21	41	54	31	102	159	51	70	139	54	43	52	25	33	31	23	18	19	10	6	10	19	14	21	17
ILE-ILE_ATTATT	16	26	15	16	19	18	11	26	17	17	21	15	32	71	17	23	27	8	11	27	21	12	16	14	10	15	14	15	19	5	13	9	6
LYS-ASP_AAAGAC	15	34	18	25	36	22	15	33	20	36	52	24	83	144	39	56	120	25	21	28	14	24	35	30	35	48	51	34	58	29	25	21	11
ALA-ILE_GCGATC	36	56	57	39	67	44	33	58	33	36	81	37	118	215	58	57	79	28	47	96	30	36	45	49	41	53	45	60	79	42	65	48	16
ARG-PRO_CGACCA	5	11	10	5	15	8	12	13	4	10	10	4	29	48	32	12	17	10	13	11	6	13	13	16	15	16	16	11	18	11	8	3	4
TYR-ASN_TATAAC	11	21	14	22	28	18	26	53	27	23	20	13	50	112	35	24	33	20	12	30	17	15	31	21	24	44	42	49	49	32	45	40	3
ASP-SER_GATTCC	12	35	15	13	25	7	14	19	17	19	31	13	40	79	15	17	35	19	12	33	10	14	24	19	24	31	15	25	34	15	24	3	9
CYS-THR_TGTACC	7	13	7	10	17	2	4	10	6	26	66	21	24	39	16	10	4	10	6	2	1	5	5	2	3	6	2	5	2	9	7	5	6
TERM-GLY_TAAGGG	58	78	37	76	82	51	47	59	31	54	60	47	114	211	73	57	46	31	38	49	35	33	60	28	42	66	66	87	59	36	70	47	10
