	-27	-26	-25	-24	-23	-22	-21	-20	-19	-18	-17	-16	-15	-14	-13	-12	-11	-10	-9	-8	-7	-6	-5	-4	-3	-2	-1	0	1	2	3	4	5
GLY-TRP (GW)	353	474	298	355	497	290	306	474	316	403	513	330	686	1092	549	398	568	354	428	617	437	424	605	422	364	573	230	68	197	349	241	92	127
TERM-LEU (*L)	6	1	1	8	26	8	4	3	6	10	12	5	9	12	5	2	1	0	3	3	3	1	2	1	3	5	1	3	2	3	16	2	3
ARG-TRP (RW)	316	466	275	266	419	313	360	549	323	440	619	344	580	867	426	448	622	419	377	510	378	426	538	354	354	459	266	235	236	347	320	104	145
PRO-TRP (PW)	268	302	225	225	348	176	227	297	179	265	421	204	373	585	278	249	306	178	202	257	180	242	325	262	370	417	262	283	396	218	202	95	143
ASP-TRP (DW)	434	645	392	519	632	421	548	738	452	501	767	507	886	1293	747	601	784	564	626	1084	530	609	1009	598	674	749	303	274	615	723	363	147	243
VAL-TRP (VW)	346	488	307	374	484	331	360	539	311	358	453	285	502	837	445	411	520	307	364	548	361	397	568	306	357	530	263	217	429	442	265	99	145
MET-TRP (MW)	88	122	79	74	109	85	102	140	68	96	108	92	173	213	92	111	122	56	93	122	91	102	148	113	110	159	130	122	90	46	61	54	32
ILE-TRP (IW)	415	581	314	365	540	350	423	600	319	379	608	343	645	1009	568	481	616	336	394	603	377	418	666	490	568	814	513	569	802	511	342	125	168
PRO-GLY (PG)	1094	1477	873	1030	1438	1007	1147	1492	989	1064	1764	1097	1701	2594	1065	1530	2330	1050	976	1357	960	1199	1576	1138	1477	1797	980	1307	1724	618	383	843	941
GLY-GLY (GG)	2294	3292	2076	2451	3379	2103	2367	3315	2178	2574	3578	2231	3370	5163	2589	2651	4394	2525	2686	4016	2433	2630	3739	2048	2177	3142	1430	549	1451	1305	583	1381	1686
ALA-TRP (AW)	263	359	235	295	411	246	280	400	226	230	363	264	381	618	352	277	372	256	284	400	273	346	421	268	298	410	210	161	413	280	234	100	126
SER-TRP (SW)	385	617	346	496	622	347	402	609	313	428	529	406	595	913	477	353	472	293	312	522	346	444	549	401	476	631	435	453	650	438	394	141	158
THR-TRP (TW)	275	428	248	253	356	245	262	410	235	254	378	228	412	625	309	260	329	219	239	349	217	290	401	294	353	503	297	336	537	339	259	104	131
ASP-PRO (DP)	1267	1870	1162	1353	1906	1147	1281	1712	1129	1345	1905	1300	1925	3244	1548	1801	2355	1422	2037	2924	1279	1433	1996	1179	1453	1949	943	1125	1934	1650	1650	2174	986
LYS-TRP (KW)	492	713	418	460	774	428	535	759	470	642	822	461	698	1131	522	655	805	423	472	693	487	601	809	505	549	837	438	493	792	561	382	185	234
CYS-TRP (CW)	82	95	54	79	164	62	112	140	62	111	111	71	131	176	98	81	96	78	84	106	77	69	110	67	103	116	109	67	91	106	79	14	46
ASN-TRP (NW)	373	504	301	369	533	315	407	554	330	277	428	301	509	770	367	294	465	332	320	487	302	425	594	349	423	593	305	476	611	494	304	111	182
ASN-PRO (NP)	1225	1769	1022	1209	1749	1007	1256	1703	986	1050	1410	1017	1504	2616	1178	1221	1647	957	1220	1760	933	1059	1447	969	1178	1384	919	1681	2312	1254	1700	2261	1045
TYR-TRP (YW)	175	266	112	176	218	162	177	222	174	162	249	167	223	385	181	152	249	162	160	221	175	188	282	170	214	324	256	244	363	262	164	64	104
ASN-ARG (NR)	1404	2071	1264	1506	1981	1300	1529	2157	1207	1338	1901	1326	2076	3174	1449	1457	2177	1488	1758	2480	1524	1565	2365	1422	1728	2419	1444	1928	2852	1503	1149	1072	1062
GLY-PRO (GP)	1022	1386	872	1103	1362	871	956	1354	828	1032	1480	937	1262	2008	1055	1231	1742	946	1149	1525	878	929	1177	698	793	1132	760	451	870	893	1174	1606	740
GLY-ARG (GR)	1801	2636	1681	1982	2726	1831	1969	2839	1881	2173	3178	2039	2523	3719	2046	2173	3143	2109	2746	3902	2021	1973	2735	1646	1794	2537	1145	330	833	1347	1325	1157	1245
GLU-TRP (EW)	484	733	416	492	736	394	523	692	374	445	620	383	496	889	547	501	650	430	475	807	437	513	674	372	400	617	263	245	575	686	340	134	226
LEU-TRP (LW)	446	597	346	466	715	428	426	589	377	420	629	365	620	884	442	441	561	364	399	583	427	453	708	503	522	796	517	701	690	460	360	149	187
GLN-TRP (QW)	189	334	229	256	347	225	241	373	188	229	323	218	322	468	257	170	267	190	210	311	232	266	353	247	309	414	223	334	317	274	197	113	170
PRO-PRO (PP)	1202	1773	986	1155	1627	1001	1251	1706	989	1430	2157	989	1698	2428	1005	1871	2563	890	1109	1376	771	862	1013	725	1086	1065	902	1580	2082	1122	1688	2229	1360
TRP-ARG (WR)	237	364	257	321	403	209	313	439	267	493	761	341	457	641	319	368	532	322	445	667	401	426	599	313	351	541	441	253	92	99	235	188	165
VAL-ARG (VR)	1839	2558	1659	1906	2532	1675	1982	2588	1763	1805	2320	1801	2402	3569	2116	2044	2913	2008	2626	3599	1788	1895	2780	1717	1967	2663	1282	1070	2141	1953	1320	1429	1164
ASP-GLY (DG)	1951	2842	1808	1927	2955	1841	1978	2875	1788	1953	2868	2071	2561	3991	2340	2551	3658	2312	2556	3884	2154	2387	4032	1965	1935	2677	1371	1219	2954	2137	490	1417	1816
ARG-PRO (RP)	871	1255	874	1021	1386	832	921	1442	819	1267	1820	1008	1214	1902	934	1213	1765	958	1094	1707	909	889	1194	735	857	1122	714	836	856	694	1433	1523	765
ARG-ARG (RR)	2933	3599	2269	3045	4035	2497	3266	4455	2841	3944	5571	2845	3911	5717	3091	4229	5845	3102	3843	5422	2982	3297	4455	2687	2934	3922	2360	2263	1648	1906	3038	1729	1971
GLN-PRO (QP)	954	1264	764	924	1222	757	786	1195	758	771	1021	726	1088	1601	771	808	1221	768	977	1162	675	804	1063	639	858	978	675	1126	1127	856	1079	1448	730
LYS-LYS (KK)	6753	10150	6050	7140	10118	6122	7156	10679	6456	8131	12113	6552	9380	14414	6768	9286	14506	7057	8536	12841	7267	8067	11420	6855	7657	11006	6375	7497	10780	4734	7171	12567	4789
PHE-TRP (FW)	210	309	154	214	326	191	239	294	180	213	271	169	278	414	259	216	257	204	209	300	187	234	375	205	269	402	290	328	350	301	209	82	140
ILE-ARG (IR)	1878	2603	1714	1788	2441	1602	1786	2538	1644	1925	2677	1692	2544	3684	1886	2079	2984	1819	2490	3449	2089	1903	2954	1992	2137	3112	2301	2573	3251	1790	1591	1774	1289
PHE-ARG (FR)	866	1267	793	798	1248	741	840	1223	756	728	1031	687	1024	1669	867	982	1280	797	1060	1518	828	872	1395	896	987	1600	1142	1267	1542	892	720	683	579
GLU-PRO (EP)	1325	1759	1119	1370	1889	1146	1309	1905	1161	1295	1954	1039	1428	2349	1363	1514	2090	1190	1646	2490	971	1120	1493	885	1030	1391	668	743	1565	1812	1590	2164	952
LYS-ARG (KR)	3841	5242	3513	4104	5639	3367	4212	5800	3611	4938	6763	3783	5505	7686	4081	5193	7412	4085	5773	8162	4163	4210	6187	3888	4182	5694	3637	4318	5803	2603	2962	3380	2625
ARG-LYS (RK)	3906	5233	3350	3801	5373	3399	4321	5819	3380	4997	7218	3675	5185	7267	3718	5809	8461	3870	4323	6258	3838	4441	6124	3565	3764	5029	2987	3041	2643	2369	4675	4431	2346
LYS-GLU (KE)	5622	8219	5268	5657	8385	5023	5837	8692	5207	6140	9240	5261	6955	10343	5439	6129	8518	5723	6041	9133	5847	6988	9681	5452	5696	8231	4330	5588	7088	2502	2811	6903	6356
ASP-ARG (DR)	1351	2019	1343	1543	2185	1356	1503	2156	1460	1608	2307	1442	2071	2875	1672	1849	2722	1577	2290	3423	1836	1727	2670	1666	1606	2280	1088	837	2091	2022	1006	1040	1111
GLY-LEU (GL)	2458	3602	2408	2759	3782	2348	2655	3792	2291	2897	3999	2542	3017	4539	2777	2821	3940	2401	2973	4247	2452	2665	3750	2171	2371	3379	1763	872	2174	2284	3553	3364	1535
LYS-GLY (KG)	2599	3765	2257	2579	3818	2345	2825	4007	2408	2865	3983	2460	3110	4374	2429	2786	3897	2432	2703	4051	2377	3095	4144	2411	2261	3282	1850	2045	2564	1022	673	1860	1936
LEU-ARG (LR)	3052	4101	2604	2880	3899	2526	2987	4035	2627	3220	4541	2842	3680	5441	3020	3241	4551	3001	3466	4687	2851	3182	4524	3042	3398	5181	3509	4236	4251	1835	2512	2894	1867
VAL-PRO (VP)	1465	2026	1313	1605	2210	1378	1504	2097	1305	1365	1902	1236	1741	2618	1450	1766	2391	1239	1615	2198	1190	1308	1759	1070	1259	1853	1251	1506	1894	1747	1932	2528	1171
GLY-MET (GM)	713	979	592	727	968	600	715	1009	687	838	1108	646	729	1124	562	672	928	605	765	973	634	711	979	537	675	819	359	196	457	589	837	654	226
HIS-TRP (HW)	110	189	99	123	222	139	156	224	125	168	217	128	192	246	111	121	155	112	128	185	136	178	208	171	166	212	161	206	210	181	98	45	59
LEU-PRO (LP)	2043	2789	1740	2023	2841	1694	1826	2710	1685	1973	2638	1653	2301	3435	1643	1978	2606	1562	1994	2540	1532	1577	2085	1572	1894	2698	2110	3462	2932	1632	2705	3480	1484
VAL-GLY (VG)	2092	2877	1871	2080	3105	1896	2206	2918	1944	2052	2867	1798	2177	3303	2075	2333	3432	1993	2004	2969	1951	2181	3331	1850	1813	2341	1215	1055	2071	1469	396	1126	1274
GLY-ALA (GA)	2024	2750	1911	2068	2890	1923	1986	2913	1977	2268	3120	1840	2230	3195	2106	1949	2712	1786	2060	2857	1774	1976	2756	1638	1607	2222	1183	546	1234	1125	957	2856	1394
