529.0	9.423060579084162
264.5	3.9835433536842864
176.333333333	2.0968093054039736
132.25	1.9446359050121576
105.8	1.6407296977514363
88.1666666667	0.8151910046230098
75.5714285714	1.3285173948825293
66.125	0.6774646539169574
58.7777777778	0.3465400137734816
52.9	0.0862113219087494
48.0909090909	0.4768170552077491
44.0833333333	0.3389536779014631
40.6923076923	0.7520763829880632
37.7857142857	0.39263730211921777
35.2666666667	0.5028999115862508
33.0625	0.1397807699918426
31.1176470588	0.08935751144188976
29.3888888889	0.08977206393056876
27.8421052632	0.2749609135434888
26.45	0.395796004860303
25.1904761905	0.24139191532835214
24.0454545455	0.39373144835623225
23.0	0.0384199783628506
22.0416666667	0.266992441432994
21.16	0.33715726400136903
20.3461538462	0.2227797911152345
19.5925925926	0.42210400607389076
18.8928571429	0.2276921696718337
18.2413793103	0.30118653945302437
17.6333333333	0.2959047381304473
17.064516129	0.16945887875635118
16.53125	0.27050993867236367
16.0303030303	0.13624870066154499
15.5588235294	0.2521462163091467
15.1142857143	0.4139361126332424
14.6944444444	0.14872568813632422
14.2972972973	0.22744093299285018
13.9210526316	0.33748605562693706
13.5641025641	0.062074977165969616
13.225	0.21872108762212011
12.9024390244	0.10324583007282594
12.5952380952	0.1989950138169052
12.3023255814	0.28013957696917985
12.0227272727	0.32940279572729136
11.7555555556	0.03226490149129252
11.5	0.11089141206021569
11.2553191489	0.1493148901298691
11.0208333333	0.24644288180066687
10.7959183673	0.2135155984422092
10.58	0.1917435205179205
10.3725490196	0.2120962536545426
10.1730769231	0.3194897612775753
9.98113207547	0.29561165160071967
9.7962962963	0.21561549951085535
9.61818181818	0.2822647910737549
9.44642857143	0.18153213823900705
9.28070175439	0.12520582503433517
9.12068965517	0.035936058578649774
8.96610169492	0.22214610180016262
8.81666666667	0.13820083153039106
8.67213114754	0.3710478395035536
8.53225806452	0.22869823789841
8.39682539683	0.08796612554703863
8.265625	0.2612078222497511
8.13846153846	0.17213672800834406
8.01515151515	0.2539877090762508
7.89552238806	0.3812260579502421
7.77941176471	0.18464842113459143
7.66666666667	0.33300072258229035
7.55714285714	0.12425758292067703
7.45070422535	0.37126414422335735
7.34722222222	0.04890826365803782
7.24657534247	0.17253149325460188
7.14864864865	0.24475330283597652
7.05333333333	0.3078975940028816
6.96052631579	0.2407972176802179
6.87012987013	0.1587934059405749
6.78205128205	0.19314348848225546
6.69620253165	0.33433570428284426
6.6125	0.39042794771799894
6.53086419753	0.10763602440716552
6.4512195122	0.15926529309061402
6.3734939759	0.11304316901693905
6.29761904762	0.2452650504859505
6.22352941176	0.3944018578182681
6.1511627907	0.3877646501336772
6.08045977011	0.13147422472605547
6.01136363636	0.27124197115797
5.94382022472	0.10285186228906353
5.87777777778	0.3420486063673081
5.81318681319	0.40717689803905155
5.75	0.2911438685034881
5.68817204301	0.049290512430765904
5.62765957447	0.24650875314265666
5.56842105263	0.2486667856448154
5.51041666667	0.36286773393375116
5.45360824742	0.3634733532551287
5.39795918367	0.3652402896189096
5.34343434343	0.4103247706326106
5.29	0.453923263046028
5.23762376238	0.46964596353268045
5.1862745098	0.19807930175001456
5.1359223301	0.36048428604055277
5.08653846154	0.5023470481142988
5.0380952381	0.49705611830081603
4.99056603774	0.2454885650833939
4.94392523364	0.24279315662755527
4.89814814815	0.17268506605995765
4.85321100917	0.20449016426863645
4.80909090909	0.11623651686491591
4.76576576577	0.46824449526103157
4.72321428571	0.3850123480019221
4.6814159292	0.4995883671206617
4.64035087719	0.22910203820721853
4.6	0.13996318930214097
4.56034482759	0.3431357939817705
4.52136752137	0.3098924911416277
4.48305084746	0.5216199744595208
4.44537815126	0.13101213617732688
4.40833333333	0.19000182603071353
4.37190082645	0.3628182342829522
4.33606557377	0.24453862738791987
4.30081300813	0.24787069208228754
4.26612903226	0.2283712390936291
4.232	0.3280585806631373
4.19841269841	0.2176941679264826
4.16535433071	0.2296345906616362
4.1328125	0.26158107890554977
4.1007751938	0.21611658534638453
4.06923076923	0.2489856404453771
4.03816793893	0.35738227680619483
4.00757575758	0.16483759124235858
3.97744360902	0.25102902709201114
3.94776119403	0.31312914389471247
3.91851851852	0.1487764660316109
3.88970588235	0.3859751828071916
3.86131386861	0.19586229692015839
3.83333333333	0.38185425085423597
3.80575539568	0.03271655357703146
3.77857142857	0.12526413223470936
3.75177304965	0.0931497497369038
3.72535211268	0.15000636664823014
3.6993006993	0.23076912014705336
3.67361111111	0.3784094792885224
3.64827586207	0.15718425203261438
3.62328767123	0.13674607835421274
3.59863945578	0.22246210338006223
3.57432432432	0.43602530849501026
3.55033557047	0.28794712949576357
3.52666666667	0.2217232597803205
3.50331125828	0.12989708784362708
3.48026315789	0.3844661350876312
3.45751633987	0.4199073378186952
3.43506493506	0.11102861810037216
3.41290322581	0.19592703286758714
3.39102564103	0.1990610248891091
3.36942675159	0.06867864620830842
3.34810126582	0.18795009119259826
3.32704402516	0.34132992998341477
3.30625	0.11937711173826518
3.28571428571	0.1859103516775772
3.26543209877	0.21258408450143734
3.24539877301	0.08344295581525896
3.2256097561	0.3382974036325476
3.20606060606	0.11523783205865727
3.18674698795	0.14845070038474564
3.16766467066	0.27772217316440106
3.14880952381	0.3714008254208971
3.13017751479	0.482518771018618
3.11176470588	0.4884343995199385
3.09356725146	0.41478803877025905
3.07558139535	0.283004272495222
3.05780346821	0.3305421755772598
3.04022988506	0.7222090781839915
3.02285714286	1.9551284392719193
3.00568181818	6.917072320040122
2.98870056497	2.2762274158880285
2.97191011236	0.8517273418619308
2.95530726257	0.6795068830627797
2.93888888889	0.4637124971029339
2.9226519337	0.6452155079351957
2.90659340659	0.3443904286742879
2.89071038251	0.4821425059569272
2.875	0.22656812087472347
2.85945945946	0.3371542538174986
2.84408602151	0.291143122452114
2.82887700535	0.18607528992977915
2.81382978723	0.12375858035893264
2.79894179894	0.20668718649063397
2.78421052632	0.1260795767490321
2.76963350785	0.1638812279554943
2.75520833333	0.21873204995652798
2.74093264249	0.1871840376979216
2.72680412371	0.15697495242990106
2.71282051282	0.2111105521092572
2.69897959184	0.27694108543365037
2.68527918782	0.2756538284639943
2.67171717172	0.20282281922949835
2.65829145729	0.12147797924884086
2.645	0.21523053060935685
2.63184079602	0.06867816123033432
2.61881188119	0.11167611498939199
2.60591133005	0.17638724009190707
2.5931372549	0.07269431049703583
2.58048780488	0.0812646737221975
2.56796116505	0.08882895278189258
2.55555555556	0.18662274622989083
2.54326923077	0.1152219749235354
2.53110047847	0.2785442370546288
2.51904761905	0.15641021202408265
2.50710900474	0.24263064759039368
2.49528301887	0.1916681330726519
2.48356807512	0.20694577555772017
2.47196261682	0.1261692957570626
2.46046511628	0.18513299439368777
2.44907407407	0.15415512966193154
2.43778801843	0.2162925210870462
2.42660550459	0.1888306068786366
2.41552511416	0.020229542443406665
2.40454545455	0.11085163266439028
2.39366515837	0.2230296030971651
2.38288288288	0.1337721676853342
2.37219730942	0.20909184946093728
2.36160714286	0.07134627727865656
2.35111111111	0.08623541441413222
2.3407079646	0.13313346855450206
2.33039647577	0.3648670053986081
2.3201754386	0.36552978648831047
2.31004366812	0.24810223307578652
2.3	0.3263642055287692
2.29004329004	0.22908532612749224
2.28017241379	0.172735005085396
2.27038626609	0.23515248863227386
2.26068376068	0.12357522398758737
2.25106382979	0.10498833334920843
2.24152542373	0.25649237591649937
2.23206751055	0.1669344586849652
2.22268907563	0.30112900022105477
2.21338912134	0.37565402971798345
2.20416666667	0.3339451015009761
2.19502074689	0.11822671717582318
2.18595041322	0.2689737079032321
2.17695473251	0.3589063746140238
2.16803278689	0.15974092445576346
2.15918367347	0.2376313019215428
2.15040650407	0.1528103017773466
2.14170040486	0.36880744198622045
2.13306451613	0.07519031808370433
2.12449799197	0.20381388408409992
2.116	0.18143869374194121
2.10756972112	0.2773037498872901
2.09920634921	0.17475937094129146
2.09090909091	0.34978996176000204
2.08267716535	0.4253208375182752
2.07450980392	0.29263127495101554
2.06640625	0.21546683831057856
2.05836575875	0.11726714522200841
2.0503875969	0.2684184882189309
2.04247104247	0.20883172120878404
2.03461538462	0.4279272016517597
2.02681992337	0.2918006824625196
2.01908396947	0.4876234040503252
2.01140684411	0.09234862370451688
2.00378787879	0.2751515151515136
