	F0	F1	F2
0	0	0	0
1	0	0	0
2	0	0	0
3	0	0	0
4	2	0	1
5	0	0	0
6	0	0	0
7	3	2	0
8	0	0	0
9	0	0	0
10	0	0	0
11	5	15	4
12	5	9	8
13	18	33	20
14	23	37	19
15	1	0	0
16	46	75	41
17	40	73	46
18	1	0	0
19	121	182	86
20	38	51	32
21	4	3	2
22	86	169	68
23	68	100	45
24	17	30	21
25	27	35	24
26	0	0	1
27	78	88	51
28	5	4	7
29	0	0	0
30	16	17	16
31	115	171	134
32	168	179	100
33	1	2	0
34	333	442	285
35	255	355	177
36	161	216	100
37	73	120	52
38	610	893	843
39	2	3	3
40	0	0	0
41	8	10	9
42	454	622	408
43	2270	3076	2272
44	0	0	0
45	69	92	51
46	25	23	22
47	67	90	84
48	67	107	51
49	0	0	0
50	56	71	34
51	13	21	7
52	313	413	216
53	4	11	11
54	25	47	27
55	100	57	63
56	184	272	176
57	698	1027	578
58	251	351	145
59	198	278	174
60	53	79	41
61	136	205	118
62	43	34	51
63	1	3	3
64	382	559	315
65	0	0	0
66	162	254	128
67	0	0	0
68	0	1	0
69	71	87	56
70	52	76	52
71	34	39	38
72	161	220	122
73	204	262	202
74	208	301	128
75	14	13	10
76	81	100	49
77	30	35	34
78	49	78	73
79	1106	1568	1345
80	1	1	2
81	1537	2063	1872
82	85	95	52
83	103	157	94
84	109	168	94
85	73	73	52
86	117	138	59
87	78	101	49
88	49	83	51
89	305	449	271
90	103	99	96
91	45	47	23
92	45	58	24
93	1	0	1
94	0	1	0
95	0	3	4
96	20	49	15
97	9	17	12
98	22	21	20
99	0	1	0
100	13	10	12
101	32	42	16
102	5	8	3
103	0	0	1
104	217	353	157
105	0	1	1
106	2	6	3
107	0	1	0
108	0	0	0
109	1	0	0
110	1	3	1
111	3	2	1
112	1	1	1
113	0	0	0
114	84	109	73
115	0	1	0
116	0	1	0
117	7	5	16
118	1	0	0
119	0	0	0
120	0	0	0
121	0	0	1
122	2	0	1
123	0	0	0
124	0	0	0
125	40	42	32
126	38	57	29
127	295	429	218
128	60	105	46
129	163	305	129
130	33	68	24
131	53	99	47
132	0	0	0
133	0	0	0
134	55	55	50
135	15	18	9
136	361	503	270
137	0	0	1
138	23	23	16
139	0	1	0
140	191	288	113
141	484	538	511
142	14	19	16
143	137	210	212
144	29	39	21
145	30	54	33
146	64	83	65
147	189	290	222
148	142	233	99
149	274	440	200
150	69	118	61
151	11	13	16
152	16	17	12
153	242	290	171
154	32	44	28
155	281	465	244
156	5	19	17
157	0	0	1
158	370	548	389
159	32	56	83
160	19	27	26
161	0	0	0
162	166	203	206
163	32	27	42
164	23	42	47
165	1	0	1
166	0	0	0
167	58	76	30
168	25	23	7
169	43	77	38
170	121	152	115
171	105	141	75
172	0	0	0
173	16	11	15
174	66	100	43
175	0	0	0
176	249	373	173
177	91	153	87
178	31	31	46
179	27	24	33
180	237	404	212
181	54	66	34
182	43	48	35
183	41	95	41
184	346	496	214
185	0	0	0
186	472	662	398
187	276	271	195
188	93	138	83
189	0	1	1
190	1	0	0
191	831	1194	840
192	112	251	99
193	40	54	19
194	0	1	0
195	5	5	4
196	84	137	54
197	186	275	176
198	60	80	54
199	2	3	1
200	150	233	168
201	1	4	3
202	100	134	59
203	68	135	57
204	64	93	59
205	144	203	99
206	245	416	201
207	60	59	38
208	77	133	103
209	39	51	41
210	29	37	36
211	7	4	4
212	17	33	17
213	50	55	54
214	1208	1400	1210
215	19	21	14
216	32	37	15
217	491	719	392
218	148	256	107
219	452	775	428
220	14	41	16
221	73	79	49
222	23	21	19
223	14	28	25
224	353	464	348
225	105	158	59
226	24	33	9
227	154	209	112
228	15	24	17
229	0	0	0
230	157	324	155
231	94	138	66
232	93	150	69
233	4	8	6
234	128	154	72
235	408	543	308
236	82	125	81
237	0	0	0
238	51	63	51
239	582	752	475
240	94	111	108
241	53	62	40
242	85	70	104
243	94	140	61
244	181	279	112
245	73	111	56
246	10	15	11
247	10	20	9
248	13	5	9
249	118	200	79
250	19	15	16
251	184	275	188
252	110	113	92
253	203	308	308
254	14	13	8
255	1	1	3
256	50	85	71
257	53	93	56
258	61	66	53
259	207	256	145
260	1	0	0
261	1	2	5
262	4	7	5
263	21	23	12
264	13	16	21
265	141	156	79
266	34	34	30
267	201	330	324
268	77	118	57
269	5	9	4
270	89	95	63
271	18	52	15
272	71	102	55
273	493	558	420
274	0	0	0
275	7	3	6
276	113	203	130
277	55	68	56
278	36	40	26
279	49	66	29
280	66	98	50
281	46	51	29
282	0	0	0
283	57	63	35
284	26	33	26
285	103	141	104
286	41	72	27
287	5	12	9
288	9	11	10
289	20	23	15
290	1167	1224	1150
291	215	354	172
292	1	2	3
293	0	1	0
294	30	57	42
295	28	60	32
296	10	10	10
297	126	148	104
298	58	61	31
299	1	2	2
300	1	0	0
301	98	171	85
302	44	69	29
303	26	18	17
304	429	558	328
305	80	116	83
306	55	85	40
307	20	39	32
308	10	17	14
309	1	1	0
310	44	83	37
311	59	99	35
312	47	62	55
313	331	537	228
314	160	213	126
315	16	10	16
316	40	62	39
317	18	31	23
318	2	1	0
319	313	513	241
320	160	180	112
321	0	1	0
322	5	3	2
323	46	44	28
324	58	77	59
325	1089	1640	848
326	105	142	101
327	508	850	430
328	176	263	208
329	623	810	403
330	404	532	339
331	1137	1248	1222
332	11	14	6
333	7	9	3
334	205	294	156
335	36	49	21
336	40	60	44
337	0	0	0
338	18	43	20
339	36	9	14
340	21	23	10
341	61	84	92
342	31	46	38
343	57	88	41
344	131	214	99
345	30	44	20
346	48	69	34
347	46	75	33
348	0	0	0
349	159	256	143
350	84	103	71
351	100	142	104
352	0	0	0
353	57	99	44
354	50	57	47
355	82	136	100
356	21	20	17
357	103	132	79
358	46	58	54
359	4	0	0
360	36	59	52
361	133	208	212
362	19	11	21
363	496	756	363
364	2	2	0
365	133	189	121
366	112	181	98
367	3	3	0
368	1	5	5
369	1696	2184	2180
370	40	76	43
371	37	79	21
372	318	415	461
373	8	9	8
374	93	167	70
375	129	226	90
376	0	0	0
377	67	89	41
378	143	163	116
379	5	35	6
380	1	4	30
381	491	567	503
382	15	14	5
383	40	94	30
384	115	175	98
385	109	144	56
386	0	0	1
387	12	14	7
388	86	116	80
389	1	1	0
390	12	19	11
391	75	141	64
392	27	34	15
393	37	43	15
394	48	66	32
395	242	378	188
396	27	46	10
397	1	0	0
398	198	349	156
399	389	564	357
400	0	0	0
401	14	8	7
402	241	359	203
403	1	0	1
404	5	11	3
405	34	54	40
406	74	124	74
407	41	46	17
408	163	230	118
409	21	37	18
410	147	224	105
411	320	432	261
412	63	111	52
413	13	43	15
414	235	409	192
415	12	30	16
416	47	79	33
417	31	31	15
418	41	51	81
419	82	92	69
420	37	60	35
421	51	87	48
422	47	74	29
423	30	32	29
424	18	16	12
425	18	27	19
426	58	91	56
427	128	193	110
428	38	44	34
429	984	1309	733
430	24	36	22
431	0	0	0
432	29	28	27
433	31	34	12
434	17	27	28
435	0	0	0
436	64	110	54
437	0	0	2
438	913	1016	922
439	3	5	2
440	0	0	0
441	5	11	3
442	16	12	16
443	6	9	7
444	0	1	0
445	65	82	31
446	21	38	21
447	635	796	727
448	42	14	13
449	306	337	369
450	3	4	8
451	143	216	100
452	44	56	34
453	27	49	22
454	44	55	22
455	183	268	296
456	0	0	0
457	0	0	0
458	24	25	14
459	249	379	165
460	183	292	134
461	58	95	42
462	0	0	0
463	42	50	14
464	0	2	0
465	89	131	55
466	6	10	6
467	7	11	7
468	70	69	52
469	39	35	41
470	79	119	48
471	115	178	81
472	0	0	0
473	11	16	10
474	74	79	46
475	53	95	38
476	14	35	14
477	18	19	16
478	140	183	86
479	39	62	26
480	35	59	29
481	124	209	202
482	16	16	10
483	20	25	15
484	51	86	64
485	0	0	0
486	51	83	49
487	26	24	42
488	0	0	0
489	2	5	1
490	137	171	68
491	3	0	0
492	76	101	63
493	25	33	29
494	167	226	150
495	23	43	42
496	1	3	3
497	96	119	47
498	0	0	1
499	38	57	32
500	19	7	14
501	50	58	49
502	48	66	40
503	48	97	70
504	110	139	83
505	49	63	44
506	73	102	54
507	0	4	2
508	1	5	5
509	51	65	47
510	49	77	43
511	55	72	71
512	310	453	274
513	35	44	30
514	240	312	182
515	184	303	182
516	102	119	109
517	0	3	2
518	62	67	39
519	61	106	71
520	21	32	33
521	21	34	16
522	155	196	87
523	20	32	30
524	40	67	35
525	57	86	37
526	22	33	24
527	32	46	23
528	52	96	41
529	26	32	27
530	23	21	18
531	50	64	70
532	40	46	35
533	43	79	42
534	301	398	230
535	3	4	1
536	34	26	32
537	21	21	18
538	21	27	19
539	76	104	62
540	42	49	35
541	40	49	52
542	26	40	14
543	493	780	417
544	99	144	120
545	2	0	0
546	54	76	57
547	562	898	438
548	23	27	10
549	50	90	43
550	45	60	48
551	280	421	240
552	11	22	9
553	1	2	0
554	232	296	226
555	14	26	21
556	57	97	77
557	255	299	157
558	134	229	132
559	16	25	13
560	1	3	0
561	5	7	9
562	1	0	3
563	34	47	28
564	50	72	28
565	0	0	0
566	11	9	12
567	7	5	6
568	0	0	0
569	1	1	0
570	0	1	0
571	0	2	0
572	1	0	1
573	0	0	0
574	2	1	0
575	1	0	0
576	0	0	0
577	44	86	82
578	1	0	0
579	0	0	2
580	340	514	242
581	69	63	32
582	254	389	201
583	382	539	284
584	1	0	2
585	180	241	138
586	15	17	16
587	118	167	118
588	40	42	36
589	117	152	61
590	15	13	8
591	1738	2454	1282
592	18	30	21
593	55	92	46
594	46	59	49
595	9	19	22
596	0	0	0
597	0	0	0
598	40	56	35
599	95	164	120
600	1	0	0
601	129	163	97
602	256	407	265
603	51	43	51
604	8	4	4
605	31	55	34
606	64	103	64
607	30	33	17
608	802	1141	622
609	109	133	66
610	51	62	64
611	91	144	65
612	10	7	6
613	73	88	42
614	147	244	137
615	158	241	145
616	115	109	97
617	87	118	72
618	47	81	26
619	3	9	1
620	0	0	0
621	29	56	29
622	0	0	0
623	130	205	79
624	0	0	0
625	4	2	8
626	0	0	0
627	68	83	55
628	67	111	45
629	224	322	162
630	9	15	10
631	186	277	263
632	34	60	33
633	90	109	73
634	81	121	57
635	1	0	1
636	74	87	72
637	23	36	14
638	14	19	10
639	2	7	5
640	34	61	61
641	0	0	0
642	0	0	2
643	0	0	0
644	46	56	53
645	46	67	26
646	40	38	29
647	75	107	67
648	1	5	6
649	6	4	6
650	74	155	88
651	77	69	44
652	2	2	0
653	179	249	134
654	414	460	430
655	2	2	0
656	59	71	52
657	12	24	13
658	304	540	297
659	196	308	144
660	20	35	36
661	0	1	0
662	26	51	27
663	3	7	6
664	10	5	2
665	8	13	5
666	0	8	5
667	0	0	0
668	88	100	59
669	60	83	44
670	23	24	51
671	5	8	10
672	1	0	1
673	174	325	130
674	16	22	15
675	20	38	17
676	17	38	35
677	105	179	95
678	618	725	730
679	145	216	114
680	783	1054	532
681	37	78	28
682	198	380	168
683	40	46	38
684	33	43	29
685	50	71	41
686	1	0	0
687	3	3	0
688	0	0	0
689	0	0	0
690	295	466	262
691	27	24	25
692	33	23	22
693	2	3	0
694	1	4	0
695	27	39	41
696	441	604	256
697	0	0	0
698	0	0	0
699	26	31	18
700	0	0	0
701	147	140	89
702	250	363	178
703	141	219	187
704	49	100	46
705	340	515	265
706	11	15	16
707	10	11	14
708	17	31	24
709	0	2	0
710	6	6	7
711	121	147	80
712	44	92	39
713	65	79	39
714	31	49	27
715	39	71	47
716	24	40	28
717	133	213	84
718	50	98	61
719	25	21	9
720	8	6	3
721	6	9	12
722	24	28	24
723	108	146	80
724	29	34	20
725	57	101	56
726	0	0	0
727	70	71	91
728	13	9	12
729	283	366	225
730	1	1	0
731	23	31	18
732	6	5	8
733	117	149	125
734	566	827	628
735	27	44	41
736	31	44	38
737	16	13	11
738	145	230	96
739	271	448	236
740	52	92	37
741	68	72	40
742	1	1	0
743	0	1	0
744	48	70	45
745	0	0	0
746	0	4	0
747	1	2	2
748	0	2	2
749	5	11	3
750	0	0	1
751	0	0	0
752	1	1	0
753	1	4	1
754	14	33	15
755	10	10	15
756	0	0	0
757	2	4	3
758	0	0	0
759	0	0	0
760	0	0	0
761	1	0	1
762	1	0	0
763	2	5	5
764	0	1	1
765	4	2	1
766	0	0	0
767	58	101	47
768	24	32	25
769	10	10	14
770	28	34	23
771	24	49	29
772	4	16	4
773	79	95	46
774	39	63	17
775	0	2	1
776	49	66	43
777	14	22	12
778	512	688	568
779	9	8	6
780	271	462	206
781	141	215	142
782	344	503	257
783	74	90	59
784	26	38	39
785	0	0	1
786	1	7	0
787	60	87	46
788	14	20	16
789	4	6	0
790	18	31	14
791	67	74	45
792	28	27	26
793	1	3	4
794	102	140	106
795	56	51	45
796	120	155	66
797	1	1	1
798	105	163	75
799	176	260	214
800	153	218	114
801	29	38	16
802	81	122	80
803	3	4	7
804	65	108	29
805	48	73	26
806	109	156	106
807	25	39	29
808	7	9	5
809	17	38	18
810	100	120	72
811	1	1	3
812	256	363	252
813	34	38	20
814	33	50	21
815	319	369	333
816	75	90	64
817	94	164	86
818	134	223	129
819	46	61	42
820	5	0	4
821	0	0	0
822	0	0	0
823	568	713	624
824	260	208	129
825	15	22	15
826	94	129	118
827	1	4	2
828	48	92	33
829	31	52	21
830	49	83	30
831	16	22	21
832	77	154	58
833	42	49	25
834	51	92	57
835	70	109	65
836	0	0	0
837	311	423	299
838	22	27	19
839	5	6	5
840	68	81	32
841	385	541	260
842	102	163	95
843	33	50	37
844	70	100	63
845	0	1	0
846	0	0	1
847	234	303	214
848	5	8	5
849	98	135	65
850	0	0	0
851	132	204	85
852	0	0	0
853	14	14	11
854	17	30	36
855	43	66	30
856	138	212	120
857	20	16	27
858	620	982	652
859	0	0	0
860	0	0	0
861	340	497	287
862	46	78	32
863	588	921	523
864	458	702	461
865	6	17	3
866	393	468	317
867	64	70	55
868	161	230	147
869	12	19	6
870	33	40	25
871	1605	2159	1059
872	28	41	13
873	100	179	67
874	78	119	76
875	401	429	441
876	89	129	99
877	68	96	48
878	262	274	241
879	117	175	94
880	241	354	191
881	153	223	122
882	42	63	30
883	255	350	387
884	27	41	33
885	14	36	20
886	42	53	21
887	827	1166	830
888	39	45	35
889	83	122	98
890	25	21	16
891	617	973	517
892	53	63	47
893	27	19	28
894	18	35	11
895	0	0	0
896	140	274	89
897	120	180	92
898	51	68	83
899	0	0	0
900	0	0	0
901	56	99	59
902	224	307	184
903	108	144	95
904	16	24	17
905	17	18	15
906	13	27	20
907	32	29	25
908	63	105	43
909	45	66	26
910	30	35	24
911	42	35	34
912	91	146	74
913	22	40	20
914	203	318	323
915	194	343	242
916	77	119	102
917	158	238	174
918	0	0	0
919	280	406	273
920	2	0	0
921	76	103	47
922	80	166	90
923	82	100	30
924	14	22	14
925	56	86	24
926	43	60	35
927	32	60	31
928	74	97	100
929	1	0	1
930	24	29	32
931	4	1	3
932	432	604	452
933	165	210	182
934	422	437	396
935	160	319	301
936	29	38	20
937	2	2	2
938	58	90	85
939	47	81	53
940	27	48	20
941	1077	1200	1216
942	427	590	352
943	216	332	161
944	54	96	59
945	0	1	0
946	418	618	328
947	2	14	5
948	0	0	0
949	13	18	14
950	58	54	59
951	200	323	203
952	29	26	37
953	75	134	66
954	0	0	0
955	113	97	86
956	382	544	295
957	34	72	33
958	1026	1534	997
959	22	17	8
960	166	241	124
961	198	266	204
962	28	25	15
963	90	122	82
964	50	76	57
965	76	126	95
966	1	0	0
967	3	2	4
968	55	61	45
969	50	82	42
970	18	29	19
971	35	62	40
972	18	31	19
973	132	183	61
974	15	19	2
975	62	87	53
976	0	0	0
977	192	335	167
978	51	63	62
979	22	22	28
980	55	87	41
981	175	292	111
982	0	0	1
983	13	26	6
984	0	0	0
985	523	804	425
986	96	174	95
987	95	151	90
988	192	317	160
989	15	18	11
990	0	0	0
991	47	74	39
992	0	0	0
993	0	2	1
994	0	0	1
995	7	3	3
996	29	46	28
997	27	39	20
998	212	379	145
999	258	375	197
1000	43	52	35
1001	53	75	39
1002	3	7	4
1003	25	41	27
1004	247	384	290
1005	196	267	109
1006	15	25	18
1007	0	0	0
1008	50	57	25
1009	0	0	0
1010	24	25	21
1011	0	0	0
1012	265	370	247
1013	24	37	19
1014	180	276	137
1015	35	43	43
1016	202	356	145
1017	185	254	102
1018	90	161	51
1019	83	97	65
1020	251	375	364
1021	23	51	35
1022	13	14	17
1023	36	42	29
1024	47	75	30
1025	319	463	249
1026	16	23	23
1027	7	2	5
1028	7	14	17
1029	0	0	0
1030	184	344	152
1031	90	144	111
1032	49	57	29
1033	22	59	20
1034	2	1	0
1035	0	0	0
1036	12	19	11
1037	376	519	251
1038	2	0	1
1039	62	98	44
1040	15	41	20
1041	77	107	67
1042	26	18	19
1043	167	266	203
1044	60	112	69
1045	709	916	841
1046	186	265	138
1047	289	395	224
1048	366	509	265
1049	0	0	0
1050	26	35	26
1051	5	2	3
1052	11	20	12
1053	146	185	136
1054	246	316	177
1055	0	0	0
1056	0	0	1
1057	38	56	49
1058	46	52	20
1059	392	607	378
1060	30	67	32
1061	26	42	31
1062	77	117	71
1063	32	31	26
1064	1	6	0
1065	13	23	6
1066	10	18	17
1067	38	55	29
1068	193	302	127
1069	75	88	64
1070	0	0	0
1071	220	356	152
1072	237	317	334
1073	63	86	89
1074	370	575	303
1075	0	0	0
1076	152	319	134
1077	23	59	36
1078	163	275	269
1079	82	92	53
1080	27	41	22
1081	10	15	6
1082	800	1363	837
1083	144	184	96
1084	469	631	404
1085	37	43	22
1086	436	490	418
1087	17	19	18
1088	2	9	7
1089	36	32	19
1090	113	164	129
1091	25	32	17
1092	0	3	4
1093	137	223	178
1094	150	285	97
1095	30	31	22
1096	59	82	51
1097	48	103	43
1098	29	43	19
1099	590	805	596
1100	17	6	12
1101	10	27	14
1102	8	14	5
1103	138	221	156
1104	69	139	60
1105	29	27	11
1106	288	456	251
1107	10	13	4
1108	30	29	26
1109	111	211	139
1110	327	510	265
1111	141	227	94
1112	77	103	58
1113	32	39	22
1114	42	82	58
1115	41	58	40
1116	210	275	170
1117	32	20	39
1118	0	0	1
1119	38	67	38
1120	138	228	141
1121	66	52	54
1122	152	160	148
1123	7	10	6
1124	163	238	131
1125	0	0	1
1126	92	132	67
1127	96	137	66
1128	60	98	41
1129	5	2	3
1130	21	28	18
1131	70	104	33
1132	24	69	27
1133	119	143	60
1134	21	22	17
1135	0	0	0
1136	125	218	115
1137	0	0	0
1138	36	33	23
1139	42	71	37
1140	137	222	108
1141	48	89	26
1142	2	3	6
1143	116	155	117
1144	0	2	0
1145	144	190	116
1146	155	219	132
1147	217	337	158
1148	53	104	33
1149	5	1	1
1150	12	5	4
1151	9	14	11
1152	126	183	128
1153	163	237	127
1154	131	148	126
1155	49	63	29
1156	15	31	15
1157	29	34	10
1158	8	9	6
1159	175	241	159
1160	0	0	0
1161	51	99	51
1162	268	442	192
1163	14	24	31
1164	24	41	24
1165	274	389	215
1166	10	27	5
1167	131	158	67
1168	46	84	31
1169	192	252	167
1170	109	197	98
1171	69	81	68
1172	39	53	40
1173	1	7	5
1174	522	755	435
1175	13	32	20
1176	233	352	301
1177	343	539	283
1178	163	156	128
1179	145	207	185
1180	23	54	31
1181	7	13	12
1182	356	430	314
1183	161	257	107
1184	23	38	16
1185	81	114	95
1186	76	96	70
1187	44	45	27
1188	74	149	52
1189	136	163	96
1190	52	88	50
1191	58	98	51
1192	186	272	197
1193	129	226	100
1194	1	0	0
1195	603	928	837
1196	42	43	40
1197	338	536	397
1198	14	36	18
1199	149	177	170
1200	129	216	96
1201	432	592	261
1202	152	219	132
1203	4	5	9
1204	38	61	27
1205	23	24	16
1206	78	82	66
1207	89	102	45
1208	35	52	60
1209	0	0	0
1210	30	28	31
1211	7	4	6
1212	258	325	212
1213	3	1	2
1214	392	630	330
1215	2	0	0
1216	218	348	184
1217	89	107	52
1218	200	293	165
1219	15	16	6
1220	34	56	23
1221	0	0	0
1222	323	316	271
1223	0	0	0
1224	58	72	35
1225	34	40	31
1226	55	79	31
1227	43	78	30
1228	0	0	0
1229	110	199	88
1230	23	30	16
1231	15	29	16
1232	0	0	0
1233	76	120	65
1234	26	33	14
1235	72	113	51
1236	126	181	75
1237	238	383	165
1238	0	0	0
1239	2	4	8
1240	182	249	145
1241	218	332	159
1242	153	205	114
1243	82	117	91
1244	0	1	1
1245	18	40	17
1246	263	381	222
1247	0	0	1
1248	71	131	58
1249	1	3	4
1250	72	97	52
1251	17	20	19
1252	15	13	7
1253	79	102	71
1254	219	283	212
1255	48	97	83
1256	183	239	125
1257	76	108	48
1258	293	462	180
1259	0	0	0
1260	14	24	18
1261	132	218	149
1262	94	103	117
1263	56	72	39
1264	56	82	35
1265	20	23	18
1266	30	36	19
1267	278	437	229
1268	116	124	63
1269	56	74	27
1270	4	5	5
1271	9	4	6
1272	31	68	47
1273	74	88	62
1274	206	290	176
1275	67	101	72
1276	1	0	1
1277	15	28	19
1278	19	27	22
1279	10	14	16
1280	0	1	0
1281	126	196	102
1282	4	8	2
1283	31	57	18
1284	17	16	18
1285	18	19	13
1286	3	3	4
1287	77	102	44
1288	110	194	84
1289	25	22	16
1290	45	54	39
1291	57	72	53
1292	31	35	9
1293	9	14	7
1294	166	279	121
1295	24	28	21
1296	119	167	77
1297	62	72	47
1298	24	37	30
1299	0	0	0
1300	129	215	97
1301	6	3	2
1302	81	125	58
1303	16	20	13
1304	0	0	0
1305	46	78	51
1306	19	37	20
1307	36	47	16
1308	1	12	0
1309	29	39	22
1310	200	282	172
1311	25	41	20
1312	22	20	16
1313	157	242	139
1314	52	99	39
1315	44	57	47
1316	6	11	6
1317	15	42	12
1318	48	67	40
1319	160	234	114
1320	0	0	0
1321	80	117	99
1322	117	139	86
1323	216	321	151
1324	170	245	161
1325	62	82	39
1326	57	57	42
1327	62	95	49
1328	6	15	15
1329	434	669	360
1330	39	72	36
1331	192	300	147
1332	30	44	15
1333	81	151	58
1334	403	591	538
1335	16	27	14
1336	22	29	18
1337	29	55	32
1338	77	132	63
1339	73	138	63
1340	470	782	308
1341	94	128	76
1342	275	424	174
1343	36	29	18
1344	20	34	16
1345	10	13	12
1346	205	284	148
1347	3	14	2
1348	37	73	25
1349	10	17	17
1350	65	96	59
1351	21	37	25
1352	0	0	1
1353	52	50	32
1354	48	38	34
1355	10	17	12
1356	30	37	16
1357	1095	1535	874
1358	206	265	137
1359	261	410	192
1360	2	1	3
1361	67	81	83
1362	60	83	53
1363	61	97	58
1364	11	26	11
1365	27	53	32
1366	85	151	67
1367	506	737	355
1368	225	392	182
1369	28	23	19
1370	65	93	56
1371	64	128	53
1372	53	99	51
1373	0	0	0
1374	90	133	110
1375	7	9	11
1376	0	0	0
1377	3	4	3
1378	215	291	187
1379	395	635	412
1380	23	49	26
1381	241	389	175
1382	55	75	41
1383	84	103	57
1384	101	182	90
1385	17	26	17
1386	78	94	92
1387	97	105	68
1388	1	0	0
1389	0	0	0
1390	436	602	344
1391	19	18	19
1392	59	79	41
1393	297	415	179
1394	0	0	0
1395	100	129	69
1396	39	44	28
1397	39	47	29
1398	164	219	177
1399	26	29	24
1400	927	1292	866
1401	0	1	0
1402	34	43	31
1403	28	27	20
1404	55	94	33
1405	64	69	53
1406	31	42	15
1407	0	0	0
1408	102	141	70
1409	13	25	15
1410	0	0	1
1411	13	11	9
1412	30	44	35
1413	86	110	58
1414	11	23	10
1415	38	61	76
1416	143	254	116
1417	1	3	0
1418	12	19	7
1419	145	205	149
1420	19	26	26
1421	246	373	377
1422	50	51	50
1423	31	40	21
1424	103	152	141
1425	40	41	30
1426	10	20	10
1427	189	318	162
1428	100	180	53
1429	103	126	74
1430	21	19	19
1431	80	102	47
1432	141	244	114
1433	417	617	290
1434	245	330	202
1435	3	3	1
1436	201	260	188
1437	451	725	435
1438	112	145	125
1439	11	17	10
1440	1	0	2
1441	2	0	0
1442	4	1	3
1443	52	43	30
1444	259	388	159
1445	76	91	65
1446	0	1	0
1447	186	255	138
1448	122	75	56
1449	71	77	35
1450	52	88	37
1451	46	73	37
1452	183	286	188
1453	2	1	1
1454	26	35	13
1455	27	49	23
1456	79	124	67
1457	2	1	0
1458	319	340	342
1459	55	75	41
1460	184	296	155
1461	79	158	63
1462	111	154	82
1463	103	130	97
1464	25	26	22
1465	31	45	17
1466	0	0	0
1467	161	181	83
1468	18	10	16
1469	176	300	232
1470	119	175	104
1471	0	0	0
1472	128	229	182
1473	80	60	49
1474	102	166	69
1475	5	6	3
1476	39	54	26
1477	12	26	4
1478	10	8	6
1479	17	31	17
1480	90	155	81
1481	14	18	10
1482	0	0	0
1483	67	100	65
1484	166	207	129
1485	0	0	0
1486	0	1	0
1487	96	131	82
1488	145	242	134
1489	184	279	158
1490	284	386	388
1491	71	113	55
1492	241	412	278
1493	11	9	3
1494	90	89	101
1495	0	0	0
1496	45	51	32
1497	507	810	506
1498	142	207	153
1499	14	17	10
1500	183	257	142
1501	34	73	61
1502	6	2	3
1503	53	53	36
1504	215	276	147
1505	737	1104	478
1506	0	0	0
1507	153	197	135
1508	270	381	170
1509	0	0	1
1510	60	63	45
1511	47	61	60
1512	29	44	23
1513	161	239	200
1514	39	59	27
1515	141	198	137
1516	90	131	66
1517	5	13	6
1518	149	255	124
1519	39	53	22
1520	90	131	51
1521	40	51	17
1522	144	221	117
1523	35	44	35
1524	42	49	58
1525	33	57	29
1526	261	409	211
1527	39	43	25
1528	44	71	47
1529	35	49	31
1530	22	31	15
1531	109	145	77
1532	0	0	1
1533	32	38	23
1534	12	21	18
1535	71	97	53
1536	61	93	61
1537	245	377	223
1538	367	503	244
1539	62	91	46
1540	120	135	84
1541	228	252	167
1542	33	54	22
1543	40	43	37
1544	15	15	7
1545	3	0	1
1546	70	81	51
1547	11	32	7
1548	619	905	418
1549	268	408	258
1550	0	0	0
1551	131	127	109
1552	0	0	0
1553	8	19	25
1554	41	40	28
1555	13	15	26
1556	104	149	75
1557	90	128	56
1558	19	34	21
1559	43	78	82
1560	154	231	159
1561	9	15	18
1562	55	104	40
1563	0	0	0
1564	0	0	0
1565	6	3	1
1566	83	88	52
1567	7	6	1
1568	110	197	160
1569	1	0	0
1570	0	0	0
1571	0	1	2
1572	3	2	2
1573	214	359	226
1574	211	334	114
1575	128	177	165
1576	16	11	9
1577	21	25	20
1578	89	102	56
1579	14	19	15
1580	12	19	12
1581	1	0	0
1582	0	0	0
1583	0	0	0
1584	9	12	4
1585	47	86	49
1586	6	6	14
1587	7	13	5
1588	1	0	0
1589	0	0	0
1590	4	7	3
1591	2	0	0
1592	0	0	0
1593	74	91	103
1594	0	0	0
1595	0	0	0
1596	0	1	2
1597	6	6	6
1598	0	0	0
1599	2	3	0
1600	6	6	4
1601	3	12	6
1602	3	5	4
1603	0	0	0
1604	6	11	4
1605	102	103	85
1606	2	1	5
1607	312	517	248
1608	53	67	31
1609	30	35	19
1610	15	2	2
1611	25	23	27
1612	131	204	114
1613	19	24	13
1614	43	45	34
1615	30	37	25
1616	31	44	20
1617	193	252	172
1618	59	112	49
1619	829	1188	662
1620	640	689	611
1621	157	247	123
1622	9	13	7
1623	27	40	24
1624	124	221	122
1625	73	104	55
1626	2	0	0
1627	131	257	141
1628	10	11	14
1629	65	78	32
1630	9	17	31
1631	100	150	98
1632	146	211	119
1633	46	54	31
1634	212	283	106
1635	0	0	1
1636	9	23	5
1637	186	239	249
1638	7	9	14
1639	78	114	57
1640	218	325	136
1641	140	221	105
1642	90	120	67
1643	294	493	219
1644	825	1196	644
1645	89	137	100
1646	37	62	15
1647	64	146	82
1648	46	47	29
1649	77	74	24
1650	4	19	18
1651	43	78	21
1652	393	608	316
1653	31	31	25
1654	59	97	71
1655	0	0	0
1656	311	468	229
1657	9	15	9
1658	8	10	2
1659	450	674	338
1660	29	49	31
1661	20	20	36
1662	153	202	128
1663	19	26	17
1664	37	59	35
1665	66	93	41
1666	91	127	46
1667	0	0	0
1668	287	404	212
1669	33	78	32
1670	2	1	2
1671	0	0	0
1672	22	25	9
1673	0	1	0
1674	3	1	1
1675	2	2	1
1676	29	45	17
1677	21	35	19
1678	99	105	64
1679	83	128	53
1680	89	163	96
1681	99	165	70
1682	36	67	30
1683	813	1204	579
1684	40	51	23
1685	5	5	1
1686	42	61	48
1687	3	6	7
1688	1	3	0
1689	116	99	97
1690	79	109	76
1691	31	36	39
1692	26	33	42
1693	147	229	126
1694	779	1089	796
1695	16	40	19
1696	60	47	91
1697	790	1169	598
1698	45	83	59
1699	4	3	2
1700	4	1	3
1701	0	1	2
1702	32	42	23
1703	17	39	15
1704	124	142	140
1705	0	0	0
1706	107	117	75
1707	71	109	53
1708	0	0	0
1709	11	18	14
1710	121	186	114
1711	20	32	33
1712	86	150	112
1713	92	91	65
1714	57	97	39
1715	0	0	0
1716	3	2	0
1717	1	0	0
1718	0	0	0
1719	46	60	40
1720	23	29	18
1721	0	0	0
1722	126	200	201
1723	356	416	373
1724	137	188	150
1725	81	112	78
1726	21	22	9
1727	74	129	57
1728	66	54	56
1729	102	139	94
1730	0	2	1
1731	135	187	103
1732	35	50	22
1733	65	114	56
1734	121	162	148
1735	39	55	12
1736	125	209	148
1737	32	40	22
1738	44	84	45
1739	265	404	167
1740	0	0	2
1741	135	220	81
1742	154	225	141
1743	49	96	60
1744	40	52	36
1745	0	0	0
1746	115	193	97
1747	49	13	14
1748	245	340	156
1749	0	0	0
1750	1	0	2
1751	0	0	0
1752	52	82	50
1753	109	185	102
1754	0	0	0
1755	13	6	8
1756	22	77	23
1757	214	281	141
1758	191	290	168
1759	0	0	0
1760	1	0	0
1761	25	23	29
1762	229	348	197
1763	115	166	202
1764	53	81	34
1765	60	62	45
1766	172	257	132
1767	5	8	3
1768	145	242	109
1769	6	11	7
1770	1	0	0
1771	5	9	5
1772	22	43	25
1773	20	27	13
1774	81	110	70
1775	36	31	23
1776	29	26	33
1777	22	41	13
1778	106	188	85
1779	16	16	16
1780	38	60	45
1781	32	52	62
1782	151	275	171
1783	27	36	22
1784	16	24	18
1785	138	168	114
1786	185	212	123
1787	420	691	414
1788	7	12	9
1789	353	551	265
1790	19	36	10
1791	39	51	23
1792	24	41	14
1793	503	797	312
1794	40	68	29
1795	166	252	183
1796	0	1	0
1797	45	65	27
1798	20	41	27
1799	18	11	20
1800	38	35	13
1801	0	0	0
1802	66	65	51
1803	1	0	0
1804	40	42	66
1805	1	0	1
1806	0	0	0
1807	0	0	0
1808	27	42	18
1809	2	1	1
1810	32	52	29
1811	182	237	127
1812	0	0	0
1813	52	78	35
1814	69	109	50
1815	78	117	73
1816	1	0	1
1817	0	2	1
1818	19	21	14
1819	4	8	10
1820	0	0	2
1821	9	10	10
1822	4	8	5
1823	305	424	239
1824	9	24	7
1825	13	24	21
1826	27	30	20
1827	0	0	0
1828	32	32	22
1829	18	36	14
1830	1	4	2
1831	0	0	0
1832	0	0	1
1833	0	0	1
1834	0	0	0
1835	0	0	0
1836	0	0	0
1837	383	447	416
1838	237	259	266
1839	54	63	81
1840	77	93	101
1841	85	109	102
1842	81	95	101
1843	10	7	4
1844	0	0	0
1845	42	52	76
1846	0	0	0
1847	49	74	48
1848	38	58	38
1849	74	86	67
1850	66	102	85
1851	6	5	4
1852	0	1	0
1853	0	0	0
1854	0	0	0
1855	0	0	0
1856	17	15	12
1857	1	1	1
1858	60	77	78
1859	2	0	3
1860	11	9	13
1861	0	0	0
1862	34	40	32
1863	0	0	0
1864	8	8	1
1865	25	13	6
1866	0	0	0
1867	0	0	0
1868	1	0	0
1869	0	0	2
1870	2	1	3
1871	157	194	152
1872	2	0	0
1873	0	0	0
1874	4	4	5
1875	1	2	7
1876	18	12	18
1877	431	712	264
1878	19	17	9
1879	57	85	44
1880	35	47	21
1881	199	309	192
1882	58	88	66
1883	3	3	1
1884	0	0	0
1885	143	157	112
1886	3	11	3
1887	99	147	87
1888	345	533	314
1889	99	123	115
1890	0	0	0
1891	50	71	38
1892	67	93	60
1893	120	191	185
1894	0	0	0
1895	85	151	59
1896	2	0	0
1897	0	0	6
1898	13	29	13
1899	153	218	122
1900	7	2	7
1901	75	72	46
1902	98	177	65
1903	88	101	71
1904	2	7	6
1905	176	260	174
1906	6	4	2
1907	23	12	10
1908	194	226	147
1909	396	567	289
1910	0	0	0
1911	0	0	0
1912	138	263	203
1913	17	18	14
1914	203	335	165
1915	0	0	0
1916	178	261	163
1917	0	0	0
1918	14	13	16
1919	57	97	40
1920	1	2	3
1921	84	127	118
1922	83	104	106
1923	39	63	43
1924	2	2	1
1925	16	22	21
1926	392	564	332
1927	0	0	0
1928	0	0	1
1929	22	35	23
1930	14	16	14
1931	19	22	9
1932	0	0	0
1933	75	84	60
1934	10	7	5
1935	21	30	14
1936	105	147	95
1937	446	675	315
1938	0	0	1
1939	66	81	51
1940	35	57	30
1941	4	8	6
1942	0	0	0
1943	0	0	0
1944	135	152	124
1945	0	2	0
1946	0	0	0
1947	183	285	118
1948	14	14	12
1949	12	27	10
1950	18	29	11
1951	74	69	113
1952	41	61	63
1953	109	136	152
1954	177	323	134
1955	241	411	220
1956	32	40	42
1957	18	55	20
1958	48	67	29
1959	248	351	240
1960	0	1	0
1961	32	29	12
1962	34	58	42
1963	429	588	349
1964	33	44	33
1965	7	7	6
1966	25	35	36
1967	157	200	154
1968	185	277	109
1969	28	43	31
1970	1	3	2
1971	7	11	4
1972	68	91	61
1973	72	93	35
1974	22	17	14
1975	69	96	42
1976	31	35	30
1977	68	135	64
1978	209	361	188
1979	58	98	61
1980	96	134	117
1981	1	3	0
1982	23	22	23
1983	195	287	164
1984	56	85	65
1985	69	106	91
1986	47	65	37
1987	124	180	81
1988	291	398	348
1989	52	69	67
1990	182	355	142
1991	26	42	22
1992	16	31	16
1993	61	85	39
1994	269	439	308
1995	20	18	10
1996	19	27	22
1997	7	2	3
1998	0	3	0
1999	0	0	0
2000	83	97	63
2001	74	127	65
2002	13	20	18
2003	178	194	185
2004	7	9	8
2005	0	2	2
2006	28	57	35
2007	24	25	10
2008	0	0	0
2009	230	370	176
2010	255	388	250
2011	7	14	9
2012	234	322	240
2013	30	49	33
2014	27	51	20
2015	29	44	27
2016	11	26	20
2017	0	0	0
2018	12	7	9
2019	240	340	241
2020	252	364	233
2021	334	405	415
2022	54	71	82
2023	12	11	15
2024	65	92	51
2025	10	14	14
2026	18	28	7
2027	34	26	17
2028	15	16	11
2029	27	35	39
2030	181	279	130
2031	6	8	7
2032	4	6	7
2033	0	0	0
2034	10	17	11
2035	0	0	0
2036	117	159	76
2037	1	0	1
2038	79	101	62
2039	179	286	164
2040	38	60	31
2041	187	253	185
2042	456	614	303
2043	377	457	387
2044	21	29	28
2045	95	144	76
2046	3	5	4
2047	0	0	0
2048	133	190	97
2049	37	54	40
2050	2	1	0
2051	21	31	15
2052	0	0	0
2053	213	298	185
2054	7	12	12
2055	386	562	325
2056	42	36	34
2057	2	7	5
2058	0	0	0
2059	2	1	6
2060	78	115	108
2061	29	56	20
2062	0	0	2
2063	23	24	23
2064	200	289	168
2065	36	25	26
2066	0	0	1
2067	156	218	124
2068	51	82	46
2069	0	0	0
2070	63	77	74
2071	0	0	0
2072	34	54	40
2073	130	176	114
2074	9	8	7
2075	147	261	168
2076	16	21	31
2077	2	0	0
2078	2	4	1
2079	34	52	22
2080	48	75	34
2081	107	113	68
2082	13	8	12
2083	733	800	773
2084	38	75	46
2085	30	34	21
2086	179	223	138
2087	4	3	0
2088	43	62	37
2089	0	0	0
2090	236	349	278
2091	269	395	196
2092	55	113	53
2093	60	63	49
2094	228	303	162
2095	13	8	12
2096	50	61	41
2097	171	303	220
2098	66	127	54
2099	15	20	7
2100	0	0	0
2101	92	129	126
2102	21	11	6
2103	369	499	402
2104	153	241	92
2105	220	262	144
2106	408	591	310
2107	212	250	199
2108	680	1151	525
2109	17	24	18
2110	258	373	150
2111	67	78	55
2112	389	480	436
2113	288	375	183
2114	334	430	266
2115	14	10	8
2116	30	40	27
2117	0	0	0
2118	85	129	67
2119	34	30	28
2120	1	0	0
2121	7	8	7
2122	17	26	12
2123	39	64	25
2124	27	29	25
2125	17	33	24
2126	54	74	42
2127	73	92	44
2128	229	313	159
2129	0	1	0
2130	35	48	29
2131	63	101	61
2132	1	3	0
2133	65	87	59
2134	0	0	0
2135	71	103	33
2136	4	3	1
2137	483	759	397
2138	47	63	54
2139	3	3	2
2140	19	24	18
2141	93	133	77
2142	442	697	443
2143	85	130	81
2144	169	232	110
2145	19	32	15
2146	0	1	0
2147	260	383	177
2148	131	198	119
2149	142	210	87
2150	30	26	30
2151	348	482	278
2152	149	228	183
2153	1	0	0
2154	363	516	250
2155	143	202	90
2156	61	90	46
2157	144	219	102
2158	9	21	14
2159	238	372	192
2160	340	437	276
2161	0	0	0
2162	45	92	56
2163	5	17	9
2164	53	75	44
2165	0	1	0
2166	246	335	174
2167	680	803	581
2168	98	137	136
2169	3	1	0
2170	22	17	22
2171	8	9	3
2172	0	1	2
2173	29	30	17
2174	14	17	17
2175	12	11	12
2176	2	1	2
2177	21	13	5
2178	1	1	4
2179	2	1	0
2180	0	2	0
2181	0	1	0
2182	2	1	2
2183	0	0	0
2184	0	0	0
2185	0	0	0
2186	0	0	0
2187	0	0	1
2188	0	0	0
2189	0	0	0
2190	0	0	0
2191	8	12	9
2192	0	1	0
2193	9	11	10
2194	8	8	4
2195	1	0	1
2196	2	4	3
2197	4	6	5
2198	0	0	1
2199	1	0	0
2200	1	0	1
2201	15	13	14
2202	89	139	56
2203	35	53	35
2204	81	105	60
2205	142	222	136
2206	53	48	68
2207	10	17	16
2208	62	70	49
2209	1	1	2
2210	30	39	31
2211	0	1	0
2212	253	272	353
2213	1094	1407	958
2214	49	72	58
2215	174	236	120
2216	28	38	21
2217	114	204	115
2218	218	349	161
2219	142	182	80
2220	19	16	13
2221	74	78	50
2222	0	0	0
2223	1	4	1
2224	53	68	32
2225	27	49	28
2226	78	121	98
2227	209	292	161
2228	42	69	34
2229	201	331	153
2230	659	988	493
2231	99	117	107
2232	2	1	0
2233	64	87	62
2234	4	3	2
2235	1	1	7
2236	104	174	134
2237	2	16	3
2238	32	36	36
2239	605	772	354
2240	0	0	0
2241	0	0	0
2242	8	5	6
2243	0	0	0
2244	704	1022	401
2245	0	0	0
2246	0	1	0
2247	0	1	1
2248	0	0	2
2249	45	60	61
2250	78	108	67
2251	321	533	227
2252	303	403	262
2253	55	85	52
2254	339	417	274
2255	3	4	5
2256	183	279	148
2257	81	116	79
2258	344	457	285
2259	167	238	103
2260	58	62	26
2261	192	279	151
2262	16	22	22
2263	107	154	102
2264	21	51	27
2265	20	20	17
2266	227	359	211
2267	9	2	6
2268	166	219	160
2269	0	0	0
2270	23	35	33
2271	0	0	0
2272	0	0	0
2273	141	182	100
2274	34	43	24
2275	13	24	11
2276	480	756	466
2277	6	7	3
2278	20	26	8
2279	164	274	138
2280	7	5	12
2281	24	39	34
2282	29	44	25
2283	0	0	1
2284	106	154	113
2285	24	40	15
2286	4	7	8
2287	64	116	40
2288	404	507	258
2289	61	84	36
2290	62	94	49
2291	325	439	230
2292	691	864	696
2293	2	3	3
2294	110	183	173
2295	64	55	76
2296	126	189	172
2297	432	519	273
2298	3	7	9
2299	0	2	1
2300	44	84	51
2301	4	8	3
2302	441	665	319
2303	298	381	181
2304	139	215	103
2305	194	374	149
2306	35	41	42
2307	11	15	6
2308	13	20	17
2309	42	62	72
2310	6	21	16
2311	46	44	33
2312	12	32	15
2313	105	143	62
2314	11	19	10
2315	59	77	70
2316	82	112	80
2317	98	136	121
2318	7	4	4
2319	19	48	24
2320	0	0	0
2321	0	0	0
2322	39	62	22
2323	0	0	0
2324	0	1	1
2325	0	1	0
2326	0	1	0
2327	0	0	0
2328	0	0	0
2329	0	0	0
2330	0	0	1
2331	77	115	73
2332	7	6	12
2333	21	19	20
2334	31	25	13
2335	201	205	233
2336	118	182	110
2337	28	31	36
2338	4	6	2
2339	1	2	1
2340	74	118	54
2341	14	16	13
2342	74	116	50
2343	356	438	381
2344	402	575	363
2345	22	35	45
2346	45	89	75
2347	56	78	67
2348	5	7	5
2349	0	0	0
2350	135	213	113
2351	41	48	25
2352	32	69	28
2353	1	2	0
2354	118	159	143
2355	120	193	89
2356	110	130	101
2357	28	35	19
2358	0	0	0
2359	11	26	20
2360	417	617	344
2361	78	100	64
2362	10	23	9
2363	16	20	24
2364	127	138	81
2365	38	40	45
2366	13	10	12
2367	72	93	59
2368	59	124	72
2369	40	73	45
2370	156	239	94
2371	0	0	0
2372	0	0	0
2373	127	183	82
2374	153	170	134
2375	0	0	0
2376	71	97	59
2377	49	70	28
2378	92	135	74
2379	47	51	39
2380	180	258	123
2381	33	36	34
2382	432	619	417
2383	320	406	277
2384	0	0	0
2385	0	2	1
2386	373	624	284
2387	123	141	101
2388	145	246	129
2389	98	119	112
2390	0	0	1
2391	46	44	26
2392	368	452	259
2393	26	30	15
2394	407	589	394
2395	29	29	26
2396	83	114	50
2397	4	1	6
2398	0	0	0
2399	11	25	14
2400	150	198	85
2401	635	730	677
2402	52	55	75
2403	3	3	1
2404	33	49	49
2405	120	209	90
2406	48	70	50
2407	7	8	5
2408	4	3	1
2409	1	11	1
2410	72	100	58
2411	34	41	22
2412	21	29	26
2413	98	118	60
2414	11	10	12
2415	18	32	18
2416	26	36	32
2417	46	64	39
2418	600	898	498
2419	93	146	88
2420	178	277	156
2421	1	1	0
2422	51	77	40
2423	0	1	0
2424	78	114	58
2425	48	57	53
2426	2	0	1
2427	285	451	231
2428	125	182	92
2429	29	53	29
2430	48	91	42
2431	41	72	37
2432	16	11	6
2433	5	3	2
2434	16	30	25
2435	44	47	14
2436	172	235	158
2437	10	5	10
2438	89	120	73
2439	2	0	0
2440	186	345	147
2441	539	813	504
2442	0	1	0
2443	154	215	146
2444	245	317	317
2445	6	13	7
2446	109	175	71
2447	43	55	18
2448	53	94	77
2449	43	44	26
2450	110	153	79
2451	191	257	136
2452	47	95	53
2453	0	0	1
2454	384	566	374
2455	28	26	26
2456	35	92	44
2457	32	36	33
2458	386	504	269
2459	0	0	0
2460	66	88	47
2461	107	146	81
2462	28	32	20
2463	12	15	16
2464	49	74	55
2465	7	11	7
2466	13	22	19
2467	21	42	17
2468	261	305	282
2469	18	11	17
2470	487	695	446
2471	8	6	4
2472	319	561	291
2473	34	45	38
2474	0	0	0
2475	6	4	2
2476	125	219	86
2477	87	138	75
2478	68	85	46
2479	58	96	54
2480	76	115	45
2481	209	313	179
2482	177	284	170
2483	1	0	0
2484	44	69	33
2485	104	150	65
2486	86	163	113
2487	498	653	484
2488	10	9	6
2489	673	803	681
2490	1	7	5
2491	23	20	21
2492	55	99	77
2493	210	267	139
2494	24	38	18
2495	146	235	132
2496	1	3	3
2497	78	97	54
2498	152	177	116
2499	160	216	103
2500	405	585	270
2501	95	140	54
2502	33	49	46
2503	0	0	0
2504	19	30	33
2505	17	29	12
2506	216	266	169
2507	31	39	17
2508	38	39	20
2509	65	83	38
2510	16	23	22
2511	16	23	16
2512	19	24	17
2513	11	23	17
2514	178	282	199
2515	38	43	19
2516	180	233	244
2517	54	67	34
2518	3	3	3
2519	173	265	126
2520	4	4	3
2521	527	726	248
2522	119	151	91
2523	0	0	1
2524	24	41	18
2525	41	59	61
2526	215	295	168
2527	37	56	30
2528	48	84	24
2529	13	12	10
2530	0	0	0
2531	117	136	98
2532	49	102	47
2533	18	45	26
2534	44	75	33
2535	30	71	16
2536	11	7	3
2537	250	378	191
2538	73	94	69
2539	35	57	30
2540	69	90	63
2541	0	0	1
2542	1	1	2
2543	46	77	69
2544	425	648	354
2545	146	247	155
2546	28	31	15
2547	30	51	26
2548	97	140	68
2549	150	170	125
2550	3	0	0
2551	0	2	0
2552	23	37	18
2553	2	0	0
2554	61	105	54
2555	16	20	12
2556	81	129	71
2557	63	90	70
2558	87	101	46
2559	98	160	56
2560	0	0	1
2561	3	1	0
2562	21	24	20
2563	244	316	247
2564	95	146	154
2565	307	392	202
2566	150	187	93
2567	122	159	98
2568	105	133	100
2569	122	154	78
2570	0	0	0
2571	271	388	220
2572	165	216	144
2573	235	357	173
2574	36	66	37
2575	64	104	68
2576	12	19	8
2577	86	133	43
2578	55	79	63
2579	1	0	0
2580	239	299	151
2581	0	0	0
2582	108	139	75
2583	59	88	37
2584	219	275	163
2585	5	12	2
2586	290	433	302
2587	1162	1561	1114
2588	0	0	0
2589	0	0	0
2590	0	5	4
2591	61	87	46
2592	108	150	79
2593	40	36	24
2594	104	144	85
2595	19	31	21
2596	42	51	43
2597	32	33	20
2598	67	102	44
2599	34	59	25
2600	50	90	30
2601	110	167	157
2602	16	24	14
2603	53	82	65
2604	20	24	28
2605	298	427	266
2606	15	20	16
2607	13	13	7
2608	44	65	62
2609	164	262	131
2610	186	285	115
2611	8	19	11
2612	1	2	0
2613	121	158	105
2614	0	1	0
2615	19	27	22
2616	95	150	102
2617	49	69	44
2618	0	0	0
2619	19	28	8
2620	18	22	17
2621	8	6	15
2622	57	93	57
2623	232	344	219
2624	20	39	19
2625	21	33	35
2626	38	63	32
2627	42	55	21
2628	0	1	0
2629	93	106	90
2630	84	100	50
2631	319	357	307
2632	23	27	10
2633	0	0	0
2634	8	24	10
2635	24	31	42
2636	12	25	9
2637	3	3	0
2638	72	67	45
2639	112	183	81
2640	29	42	34
2641	6	3	6
2642	37	29	18
2643	2	2	3
2644	24	35	19
2645	106	174	78
2646	85	143	68
2647	53	76	42
2648	4	2	1
2649	0	0	0
2650	2	3	2
2651	5	9	12
2652	205	279	146
2653	196	350	161
2654	225	368	136
2655	3	6	7
2656	15	30	15
2657	1	0	3
2658	64	86	62
2659	371	533	393
2660	9	23	11
2661	12	24	13
2662	0	1	2
2663	41	69	30
2664	1	1	0
2665	3	6	2
2666	78	92	41
2667	0	0	0
2668	0	0	1
2669	24	36	25
2670	51	90	52
2671	235	334	177
2672	3	2	1
2673	14	25	13
2674	4	1	0
2675	57	95	37
2676	21	23	25
2677	162	198	89
2678	159	247	128
2679	33	48	21
2680	101	204	79
2681	15	31	26
2682	386	521	336
2683	101	116	66
2684	458	640	539
2685	829	1352	678
2686	0	0	1
2687	4	2	3
2688	387	610	292
2689	203	333	145
2690	100	163	64
2691	100	137	65
2692	40	52	41
2693	414	599	461
2694	28	36	28
2695	7	6	6
2696	81	117	93
2697	77	136	71
2698	160	231	83
2699	84	129	61
2700	40	88	29
2701	73	94	110
2702	317	549	434
2703	34	45	32
2704	10	27	27
2705	71	95	62
2706	0	0	0
2707	63	74	43
2708	37	57	13
2709	1	2	1
2710	38	52	39
2711	67	126	56
2712	115	162	58
2713	0	0	0
2714	0	0	0
2715	534	801	691
2716	15	31	14
2717	649	752	714
2718	308	394	200
2719	12	18	8
2720	20	35	11
2721	0	1	2
2722	10	6	6
2723	1	1	0
2724	57	92	61
2725	282	327	226
2726	306	460	218
2727	10	14	16
2728	14	15	22
2729	119	175	110
2730	78	111	53
2731	173	271	172
2732	3	6	4
2733	115	118	61
2734	29	10	13
2735	111	171	70
2736	155	264	172
2737	110	136	91
2738	88	64	76
2739	16	16	15
2740	0	0	0
2741	192	325	143
2742	46	77	42
2743	85	129	97
2744	51	106	33
2745	0	0	1
2746	467	749	566
2747	31	43	11
2748	0	0	0
2749	117	149	97
2750	377	434	327
2751	11	22	7
2752	116	166	87
2753	87	33	39
2754	87	162	87
2755	9	8	11
2756	5	6	10
2757	125	217	131
2758	112	158	69
2759	130	159	128
2760	57	88	72
2761	188	288	313
2762	10	3	1
2763	51	81	43
2764	5	12	4
2765	1522	2013	1290
2766	114	154	73
2767	0	0	0
2768	88	135	72
2769	45	62	35
2770	215	316	316
2771	14	12	7
2772	43	53	43
2773	189	265	141
2774	97	175	85
2775	47	53	23
2776	29	47	19
2777	128	192	78
2778	29	51	25
2779	1	1	1
2780	132	221	117
2781	1	0	0
2782	18	31	16
2783	188	287	182
2784	159	270	109
2785	249	344	300
2786	7	17	18
2787	17	28	26
2788	10	9	7
2789	262	395	243
2790	276	463	265
2791	530	741	386
2792	336	487	237
2793	202	302	129
2794	160	220	117
2795	0	0	1
2796	96	125	74
2797	498	779	794
2798	63	89	51
2799	31	54	26
2800	94	148	59
2801	224	346	188
2802	9	19	7
2803	96	163	119
2804	51	71	41
2805	318	424	270
2806	13	8	8
2807	81	139	72
2808	9	9	11
2809	178	301	183
2810	0	0	0
2811	10	9	8
2812	14	8	9
2813	78	101	55
2814	73	105	102
2815	51	98	80
2816	156	200	147
2817	173	253	161
2818	12	9	4
2819	1	1	0
2820	344	557	541
2821	86	122	89
2822	39	63	27
2823	180	302	149
2824	149	246	123
2825	0	0	0
2826	57	48	50
2827	20	40	28
2828	34	35	23
2829	47	105	55
2830	0	0	0
2831	1	1	0
2832	0	0	0
2833	35	43	23
2834	0	0	0
2835	710	1094	701
2836	5	7	5
2837	102	214	129
2838	33	58	23
2839	268	376	143
2840	296	459	334
2841	48	69	38
2842	0	0	1
2843	122	207	114
2844	56	84	50
2845	117	181	92
2846	347	457	421
2847	0	0	0
2848	148	215	109
2849	0	0	0
2850	5	4	1
2851	42	69	47
2852	883	1299	808
2853	176	284	132
2854	13	12	10
2855	1	4	0
2856	4	6	4
2857	59	87	46
2858	74	135	65
2859	85	98	84
2860	514	731	469
2861	63	95	90
2862	144	184	97
2863	0	0	2
2864	65	112	52
2865	213	346	133
2866	0	0	0
2867	44	44	31
2868	150	213	118
2869	49	80	38
2870	9	10	11
2871	99	123	107
2872	1	0	0
2873	82	101	77
2874	108	119	105
2875	10	8	4
2876	7	1	0
2877	432	630	450
2878	0	0	2
2879	138	177	118
2880	212	237	191
2881	0	0	0
2882	345	479	203
2883	43	60	27
2884	55	78	35
2885	20	42	33
2886	226	373	143
2887	45	63	66
2888	1350	1724	1147
2889	252	467	201
2890	33	35	43
2891	38	47	25
2892	14	24	15
2893	764	989	838
2894	18	21	19
2895	1	7	6
2896	9	14	8
2897	1	2	1
2898	0	0	0
2899	0	0	0
2900	1	0	1
2901	0	1	0
2902	0	0	1
2903	51	61	30
2904	1	2	2
2905	0	0	0
2906	0	0	0
2907	3	8	5
2908	0	0	0
2909	2	1	2
2910	0	0	0
2911	39	44	31
2912	138	221	118
2913	2	0	0
2914	1	2	0
2915	1	0	0
2916	0	5	4
2917	0	0	0
2918	1	1	0
2919	0	0	0
2920	27	76	37
2921	47	60	44
2922	113	176	62
2923	1	1	2
2924	9	6	2
2925	116	129	96
2926	2	1	0
2927	367	623	578
2928	641	836	531
2929	17	30	25
2930	106	166	98
2931	3	1	0
2932	118	184	110
2933	199	309	148
2934	200	306	140
2935	117	172	83
2936	32	35	18
2937	72	85	69
2938	1	3	0
2939	84	134	65
2940	0	2	0
2941	15	25	8
2942	270	322	157
2943	0	0	0
2944	157	238	97
2945	2	1	1
2946	39	67	50
2947	12	9	10
2948	1	0	0
2949	84	119	110
2950	34	25	24
2951	157	226	129
2952	1	2	1
2953	69	127	81
2954	65	94	69
2955	27	39	20
2956	142	246	119
2957	368	532	267
2958	4	1	2
2959	5	1	1
2960	0	0	0
2961	53	67	42
2962	40	69	38
2963	0	1	0
2964	73	107	50
2965	271	315	257
2966	92	155	104
2967	4	5	3
2968	28	44	14
2969	96	142	99
2970	33	49	22
2971	295	434	194
2972	50	55	67
2973	89	146	71
2974	318	430	233
2975	0	1	1
2976	67	124	63
2977	48	72	50
2978	314	524	487
2979	59	100	50
2980	48	86	39
2981	60	94	84
2982	0	0	1
2983	4	6	4
2984	17	34	17
2985	36	39	22
2986	138	241	95
2987	228	308	240
2988	178	211	184
2989	29	42	40
2990	2	0	3
2991	2	1	1
2992	1	0	0
2993	484	657	362
2994	67	96	67
2995	52	77	81
2996	15	21	16
2997	554	860	488
2998	119	141	101
2999	0	0	0
3000	4	10	6
3001	99	140	75
3002	63	75	31
3003	50	68	38
3004	4	6	3
3005	0	0	0
3006	9	16	12
3007	59	93	41
3008	5	17	12
3009	125	188	86
3010	52	83	42
3011	30	29	23
3012	92	142	60
3013	67	120	128
3014	163	266	154
3015	11	9	9
3016	175	256	155
3017	23	42	25
3018	5	4	7
3019	48	69	41
3020	18	36	29
3021	108	139	114
3022	6	8	5
3023	34	31	49
3024	0	0	0
3025	62	70	25
3026	10	22	15
3027	7	10	8
3028	113	145	67
3029	2	0	1
3030	5	12	6
3031	1	1	1
3032	0	0	0
3033	292	491	391
3034	46	61	42
3035	0	1	0
3036	41	63	59
3037	38	69	23
3038	24	52	32
3039	102	121	114
3040	12	13	2
3041	48	60	34
3042	58	84	58
3043	0	0	1
3044	253	358	342
3045	253	403	220
3046	747	1009	573
3047	8	8	6
3048	51	71	62
3049	91	127	64
3050	0	1	1
3051	145	206	96
3052	0	0	0
3053	26	49	47
3054	0	0	0
3055	98	111	73
3056	53	90	50
3057	210	334	203
3058	4	2	5
3059	0	0	0
3060	30	40	30
3061	14	35	18
3062	31	58	25
3063	474	788	486
3064	41	55	34
3065	61	92	52
3066	0	0	0
3067	60	93	80
3068	238	313	201
3069	153	238	134
3070	34	48	27
3071	171	299	115
3072	103	127	73
3073	8	13	9
3074	1	0	0
3075	9	2	9
3076	142	237	130
3077	215	324	248
3078	137	195	102
3079	36	84	50
3080	5	3	5
3081	0	0	0
3082	65	109	69
3083	1	1	0
3084	7	12	1
3085	49	65	38
3086	66	98	70
3087	565	815	423
3088	2	7	4
3089	14	19	11
3090	177	226	129
3091	162	224	134
3092	31	38	34
3093	7	9	2
3094	15	21	10
3095	121	170	97
3096	95	100	81
3097	26	52	27
3098	36	56	63
3099	41	48	36
3100	14	23	19
3101	20	18	11
3102	89	115	79
3103	49	83	52
3104	14	8	11
3105	227	301	218
3106	112	123	75
3107	436	675	353
3108	89	106	55
3109	59	66	48
3110	25	40	29
3111	6	11	9
3112	4	5	8
3113	0	0	0
3114	0	0	0
3115	45	78	55
3116	44	51	63
3117	41	68	31
3118	1	5	0
3119	231	304	181
3120	0	0	0
3121	52	71	48
3122	11	11	9
3123	32	27	18
3124	22	28	33
3125	180	252	159
3126	113	127	102
3127	21	30	18
3128	0	0	0
3129	5	23	8
3130	0	1	1
3131	0	0	0
3132	4	8	1
3133	288	343	319
3134	30	53	22
3135	37	78	47
3136	58	82	49
3137	21	24	21
3138	2	13	1
3139	339	541	343
3140	29	39	28
3141	16	17	8
3142	138	230	109
3143	64	103	42
3144	17	27	11
3145	45	105	66
3146	0	6	3
3147	563	752	394
3148	146	158	94
3149	42	62	42
3150	1	1	2
3151	165	243	110
3152	28	41	24
3153	0	2	0
3154	94	122	65
3155	101	141	72
3156	23	28	38
3157	196	301	125
3158	328	432	248
3159	12	8	8
3160	56	86	34
3161	73	107	39
3162	53	67	47
3163	272	405	192
3164	537	754	601
3165	25	32	27
3166	37	44	26
3167	0	2	0
3168	860	1222	1056
3169	9	15	8
3170	11	4	2
3171	14	14	11
3172	8	18	9
3173	27	38	28
3174	197	257	234
3175	1	2	1
3176	1	1	1
3177	0	0	0
3178	45	58	27
3179	57	75	28
3180	0	0	0
3181	76	141	121
3182	5	4	4
3183	0	0	0
3184	91	155	92
3185	88	94	56
3186	95	129	82
3187	14	16	15
3188	230	319	230
3189	33	53	23
3190	68	97	56
3191	163	299	266
3192	0	0	1
3193	21	36	23
3194	77	105	56
3195	585	872	397
3196	270	421	254
3197	15	14	8
3198	55	75	50
3199	3	1	0
3200	524	684	461
3201	119	173	114
3202	17	10	13
3203	199	257	245
3204	78	89	55
3205	233	364	176
3206	129	171	79
3207	48	71	58
3208	123	170	113
3209	10	6	5
3210	2	1	2
3211	6	22	10
3212	0	1	2
3213	0	0	0
3214	0	0	0
3215	0	2	0
3216	0	0	0
3217	3	2	0
3218	1	3	3
3219	0	0	1
3220	0	0	0
3221	49	63	52
3222	11	8	11
3223	1	3	0
3224	2	1	2
3225	1	3	1
3226	4	1	4
3227	0	0	0
3228	14	25	13
3229	0	0	0
3230	0	1	0
3231	0	0	0
3232	0	0	0
3233	87	113	94
3234	0	0	0
3235	0	0	0
3236	0	0	0
3237	7	10	3
3238	17	20	33
3239	2	4	4
3240	0	1	1
3241	6	6	10
3242	14	17	21
3243	122	179	78
3244	1	0	0
3245	24	23	21
3246	107	169	88
3247	105	172	66
3248	99	143	83
3249	38	47	30
3250	14	12	17
3251	63	63	63
3252	95	166	63
3253	0	0	0
3254	69	149	61
3255	112	152	108
3256	0	0	1
3257	167	266	121
3258	270	424	226
3259	0	0	0
3260	27	38	13
3261	0	0	1
3262	18	38	15
3263	42	63	14
3264	93	145	71
3265	73	102	83
3266	532	638	587
3267	25	53	21
3268	0	0	1
3269	87	126	71
3270	183	338	183
3271	8	7	3
3272	91	157	92
3273	87	137	76
3274	0	0	0
3275	45	53	23
3276	20	25	29
3277	26	21	10
3278	48	93	80
3279	309	380	303
3280	214	295	172
3281	0	0	0
3282	119	178	96
3283	26	44	55
3284	46	53	45
3285	8	9	13
3286	5	9	10
3287	0	0	0
3288	416	581	284
3289	121	174	139
3290	31	38	32
3291	187	240	151
3292	45	62	38
3293	10	11	6
3294	79	107	57
3295	3	2	3
3296	2	1	1
3297	758	1077	797
3298	154	236	177
3299	254	397	171
3300	1	0	0
3301	117	147	83
3302	60	84	45
3303	202	245	224
3304	0	1	2
3305	3	0	0
3306	34	33	40
3307	0	1	1
3308	42	83	41
3309	245	417	182
3310	54	72	32
3311	10	24	12
3312	55	83	58
3313	6	6	1
3314	26	29	22
3315	4	6	7
3316	61	76	41
3317	131	150	106
3318	42	66	31
3319	37	36	25
3320	13	29	12
3321	0	0	0
3322	180	240	238
3323	2	3	3
3324	21	37	18
3325	5	10	3
3326	73	69	43
3327	7	7	8
3328	64	125	42
3329	524	614	551
3330	530	798	330
3331	390	593	291
3332	0	0	0
3333	9	14	9
3334	92	145	61
3335	7	10	11
3336	170	218	135
3337	79	125	71
3338	450	691	455
3339	160	224	127
3340	29	24	15
3341	0	0	0
3342	1	4	2
3343	16	31	8
3344	53	86	38
3345	4	2	0
3346	422	825	533
3347	136	224	130
3348	208	344	240
3349	230	358	134
3350	230	353	180
3351	0	0	1
3352	8	8	8
3353	4	6	4
3354	15	36	8
3355	96	105	72
3356	7	13	6
3357	13	19	7
3358	100	138	75
3359	28	47	22
3360	34	54	29
3361	438	770	410
3362	37	33	7
3363	55	82	55
3364	135	247	104
3365	77	117	50
3366	63	71	46
3367	130	228	129
3368	6	10	9
3369	55	77	40
3370	8	3	1
3371	8	9	9
3372	83	141	71
3373	2	3	4
3374	114	166	70
3375	108	126	68
3376	44	61	30
3377	44	95	42
3378	81	99	57
3379	242	317	271
3380	24	34	24
3381	226	298	200
3382	3	2	4
3383	0	0	1
3384	5	3	4
3385	475	724	388
3386	0	1	0
3387	185	266	196
3388	180	237	131
3389	17	25	13
3390	18	17	19
3391	62	72	35
3392	115	181	126
3393	16	25	22
3394	0	1	0
3395	63	103	55
3396	30	36	25
3397	0	0	0
3398	42	54	40
3399	7	8	0
3400	34	46	20
3401	158	207	121
3402	24	33	17
3403	15	33	12
3404	35	52	31
3405	106	162	74
3406	20	36	23
3407	65	92	89
3408	258	347	228
3409	17	24	10
3410	0	0	0
3411	20	21	12
3412	73	121	27
3413	479	689	455
3414	222	421	185
3415	5	10	8
3416	2	1	2
3417	65	112	49
3418	55	45	40
3419	1	1	0
3420	60	117	72
3421	0	2	0
3422	174	275	163
3423	104	137	87
3424	141	206	99
3425	1	0	1
3426	1	1	1
3427	107	154	85
3428	18	14	20
3429	718	1098	648
3430	722	999	570
3431	0	0	0
3432	45	52	32
3433	34	53	36
3434	110	200	113
3435	0	0	0
3436	2	0	1
3437	41	38	45
3438	0	0	0
3439	53	98	38
3440	43	70	28
3441	19	46	36
3442	1	0	0
3443	782	1135	639
3444	1	2	0
3445	63	109	49
3446	24	36	14
3447	0	0	0
3448	265	379	311
3449	61	95	72
3450	371	579	320
3451	32	30	17
3452	181	296	140
3453	0	0	0
3454	148	268	178
3455	0	0	0
3456	42	51	28
3457	135	171	100
3458	27	39	29
3459	3	17	9
3460	65	89	59
3461	50	54	38
3462	140	151	77
3463	775	1140	746
3464	94	118	71
3465	23	51	34
3466	60	71	51
3467	30	53	37
3468	112	133	93
3469	90	166	114
3470	5	4	3
3471	164	217	232
3472	17	20	19
3473	0	0	3
3474	21	45	12
3475	4	6	9
3476	45	82	42
3477	83	158	98
3478	54	78	36
3479	206	364	255
3480	13	38	24
3481	1	0	0
3482	8	17	2
3483	2	0	0
3484	50	53	41
3485	3	5	3
3486	0	0	0
3487	9	22	10
3488	44	81	49
3489	56	76	45
3490	143	213	98
3491	64	53	80
3492	44	56	34
3493	39	38	32
3494	134	167	87
3495	9	11	9
3496	0	0	0
3497	1	0	2
3498	22	44	31
3499	74	99	58
3500	73	107	52
3501	147	243	100
3502	64	80	46
3503	14	27	5
3504	414	684	422
3505	143	197	99
3506	9	15	9
3507	1	2	4
3508	56	61	55
3509	129	173	126
3510	39	73	63
3511	46	38	37
3512	72	83	64
3513	42	46	28
3514	5	19	6
3515	186	234	64
3516	33	51	45
3517	46	65	46
3518	382	573	278
3519	242	379	170
3520	11	19	14
3521	64	82	42
3522	25	37	37
3523	148	209	148
3524	126	194	112
3525	217	275	169
3526	13	13	10
3527	47	107	53
3528	49	59	39
3529	100	132	121
3530	0	0	0
3531	368	584	299
3532	15	22	13
3533	26	38	25
3534	55	81	41
3535	112	170	106
3536	7	20	10
3537	1	6	2
3538	0	1	0
3539	60	87	36
3540	56	62	45
3541	60	69	46
3542	22	34	16
3543	136	158	145
3544	9	22	13
3545	1	1	2
3546	59	75	59
3547	182	273	114
3548	93	159	74
3549	62	102	67
3550	813	1146	581
3551	75	103	66
3552	11	12	10
3553	95	121	120
3554	1	0	2
3555	33	49	39
3556	24	34	26
3557	12	20	9
3558	37	31	27
3559	15	22	20
3560	54	81	42
3561	21	39	15
3562	33	56	37
3563	218	317	259
3564	72	110	102
3565	29	25	13
3566	10	16	8
3567	4	2	6
3568	65	104	79
3569	131	216	82
3570	83	101	52
3571	158	210	102
3572	22	40	23
3573	49	79	45
3574	2	5	2
3575	5	6	5
3576	25	31	11
3577	46	54	36
3578	35	54	43
3579	25	27	13
3580	11	8	4
3581	81	105	94
3582	66	74	46
3583	409	568	531
3584	56	61	39
3585	41	64	61
3586	101	140	84
3587	97	132	74
3588	0	1	0
3589	41	61	24
3590	37	64	49
3591	71	90	47
3592	105	171	73
3593	24	31	31
3594	168	259	188
3595	10	12	10
3596	11	8	18
3597	79	89	48
3598	52	69	41
3599	169	246	108
3600	77	130	101
3601	148	276	131
3602	0	0	0
3603	8	11	5
3604	41	42	42
3605	44	51	33
3606	259	343	161
3607	285	444	398
3608	3	11	4
3609	28	20	32
3610	126	209	166
3611	8	16	19
3612	5	6	6
3613	63	52	94
3614	0	0	0
3615	9	8	6
3616	3	1	1
3617	8	12	14
3618	5	7	9
3619	0	1	1
3620	0	0	0
3621	0	0	0
3622	8	2	3
3623	1	2	0
3624	16	17	15
3625	0	0	0
3626	0	0	0
3627	1	0	0
3628	0	0	0
3629	21	14	10
3630	0	1	0
3631	2	8	6
3632	11	12	9
3633	15	20	13
3634	5	0	1
3635	209	282	191
3636	74	127	103
3637	29	36	37
3638	57	102	52
3639	275	332	216
3640	15	23	13
3641	363	462	310
3642	463	666	355
3643	52	98	41
3644	90	85	74
3645	21	33	20
3646	112	164	89
3647	229	311	162
3648	192	257	118
3649	0	0	0
3650	329	526	238
3651	130	156	86
3652	85	112	74
3653	52	69	55
3654	191	254	154
3655	23	30	24
3656	29	30	20
3657	46	65	62
3658	66	73	54
3659	65	88	54
3660	20	29	9
3661	19	21	15
3662	2	0	3
3663	96	130	77
3664	372	515	242
3665	186	206	88
3666	0	0	0
3667	44	77	34
3668	594	689	507
3669	225	246	192
3670	306	441	427
3671	217	223	146
3672	1	3	1
3673	1	0	0
3674	134	174	100
3675	52	91	69
3676	64	140	68
3677	201	273	163
3678	1368	2041	1165
3679	69	89	50
3680	34	37	29
3681	2	0	0
3682	50	65	36
3683	32	56	29
3684	439	592	306
3685	12	10	34
3686	44	77	28
3687	86	152	79
3688	2	6	3
3689	0	0	0
3690	25	40	16
3691	2	6	10
3692	91	125	116
3693	6	9	8
3694	97	135	110
3695	71	89	57
3696	0	1	0
3697	87	166	71
3698	142	181	98
3699	8	15	10
3700	514	664	664
3701	13	20	21
3702	22	29	27
3703	43	52	35
3704	14	14	11
3705	0	0	0
3706	35	71	25
3707	155	208	136
3708	3	2	2
3709	43	60	51
3710	556	912	569
3711	14	32	21
3712	9	26	15
3713	58	97	43
3714	103	210	95
3715	14	18	11
3716	37	45	29
3717	26	28	22
3718	0	1	0
3719	44	63	31
3720	48	80	27
3721	10	8	5
3722	6	5	2
3723	1	0	0
3724	25	36	24
3725	144	218	83
3726	73	70	60
3727	34	44	30
3728	83	110	58
3729	139	241	120
3730	56	130	45
3731	70	22	29
3732	318	486	191
3733	19	22	14
3734	173	321	174
3735	37	39	21
3736	0	0	0
3737	351	497	409
3738	40	44	24
3739	1	2	1
3740	289	444	285
3741	247	414	220
3742	224	291	142
3743	9	2	8
3744	40	64	47
3745	52	60	47
3746	107	167	77
3747	0	0	1
3748	0	0	0
3749	22	42	21
3750	131	201	93
3751	122	151	109
3752	34	47	28
3753	1	0	0
3754	474	695	353
3755	31	38	37
3756	0	1	0
3757	275	455	256
3758	57	67	40
3759	0	1	0
3760	0	0	0
3761	27	37	36
3762	52	75	44
3763	34	61	23
3764	56	73	47
3765	2	2	3
3766	203	274	149
3767	14	25	14
3768	26	30	22
3769	243	389	178
3770	252	415	207
3771	23	36	16
3772	1	1	1
3773	155	226	171
3774	2	5	4
3775	1	1	0
3776	2103	2955	1657
3777	377	618	441
3778	66	88	74
3779	115	139	88
3780	89	129	54
3781	82	100	64
3782	85	46	49
3783	168	214	109
3784	131	168	74
3785	152	219	119
3786	170	314	140
3787	4	9	7
3788	1	1	0
3789	13	16	16
3790	36	43	25
3791	272	396	176
3792	53	92	77
3793	7	5	2
3794	1	2	2
3795	54	86	53
3796	172	235	158
3797	291	539	229
3798	6	12	8
3799	24	23	24
3800	952	1401	1260
3801	74	120	51
3802	11	11	13
3803	106	191	117
3804	140	194	287
3805	8	10	7
3806	1373	2011	1432
3807	26	43	26
3808	2	2	0
3809	100	148	84
3810	11	20	14
3811	18	20	22
3812	99	139	76
3813	117	159	87
3814	53	76	46
3815	54	69	39
3816	88	159	76
3817	7	11	7
3818	40	58	37
3819	51	68	31
3820	132	213	86
3821	50	76	47
3822	93	151	57
3823	87	105	46
3824	2	0	0
3825	0	1	0
3826	105	132	68
3827	57	88	37
3828	137	175	148
3829	57	87	60
3830	252	326	176
3831	0	1	1
3832	2	1	0
3833	226	303	196
3834	226	387	224
3835	73	126	50
3836	3	7	4
3837	68	81	59
3838	36	69	39
3839	3	7	9
3840	68	101	65
3841	140	235	85
3842	224	382	264
3843	118	184	56
3844	13	23	22
3845	57	73	55
3846	35	62	25
3847	53	80	43
3848	25	28	21
3849	73	80	50
3850	335	400	263
3851	59	64	39
3852	131	180	92
3853	35	41	22
3854	166	266	183
3855	69	80	61
3856	58	108	54
3857	72	104	85
3858	15	31	10
3859	150	215	167
3860	100	138	83
3861	34	38	28
3862	43	65	49
3863	61	68	57
3864	21	22	24
3865	223	364	260
3866	103	127	72
3867	68	73	40
3868	10	15	4
3869	1	5	3
3870	42	59	42
3871	34	44	54
3872	64	114	69
3873	12	18	13
3874	122	206	71
3875	18	24	13
3876	2	2	1
3877	107	122	102
3878	150	213	121
3879	0	2	1
3880	77	108	57
3881	33	31	17
3882	83	105	97
3883	84	117	63
3884	25	39	31
3885	69	110	43
3886	34	35	58
3887	97	125	88
3888	265	387	191
3889	171	263	182
3890	45	86	37
3891	30	37	13
3892	325	538	361
3893	178	246	106
3894	21	28	20
3895	363	534	217
3896	0	0	0
3897	0	0	0
3898	0	1	0
3899	0	0	0
3900	185	229	142
3901	117	150	103
3902	27	17	10
3903	90	129	71
3904	7	11	10
3905	6	2	3
3906	22	19	16
3907	94	123	130
3908	49	75	55
3909	86	127	38
3910	24	53	17
3911	6	2	1
3912	0	1	4
3913	348	467	370
3914	15	19	10
3915	39	31	25
3916	26	50	18
3917	6	17	7
3918	15	25	9
3919	271	335	233
3920	6	12	4
3921	211	296	131
3922	92	108	83
3923	7	13	16
3924	358	577	460
3925	92	115	60
3926	20	29	60
3927	49	87	34
3928	90	167	73
3929	129	162	117
3930	22	34	24
3931	48	61	48
3932	194	302	128
3933	44	45	14
3934	66	86	44
3935	13	22	14
3936	64	110	67
3937	881	1321	706
3938	8	5	4
3939	17	29	23
3940	25	48	10
3941	0	0	1
3942	12	20	14
3943	52	90	28
3944	144	204	103
3945	171	259	122
3946	101	146	87
3947	357	594	329
3948	243	411	182
3949	54	91	48
3950	86	140	92
3951	118	136	101
3952	119	186	97
3953	24	34	24
3954	36	54	29
3955	110	166	98
3956	119	169	98
3957	39	54	30
3958	174	280	180
3959	121	199	101
3960	245	182	169
3961	1011	1472	892
3962	26	35	40
3963	202	336	152
3964	2	1	0
3965	36	30	26
3966	473	706	302
3967	136	181	132
3968	46	46	30
3969	5	7	8
3970	11	21	14
3971	4	3	9
3972	0	0	0
3973	4	2	2
3974	0	0	0
3975	0	0	0
3976	2	1	0
3977	8	6	15
3978	0	0	0
3979	0	0	0
3980	0	0	0
3981	21	50	11
3982	8	18	8
3983	23	37	20
3984	2	3	2
3985	3	3	2
3986	22	26	20
3987	7	11	5
3988	4	6	3
3989	3	3	4
3990	11	15	8
3991	4	1	2
3992	1	2	0
3993	61	78	50
3994	47	67	91
3995	1	2	3
3996	311	364	188
3997	0	0	0
3998	1	1	0
3999	304	388	296
4000	0	0	1
4001	188	286	133
4002	0	0	1
4003	17	22	18
4004	310	430	211
4005	74	106	65
4006	27	31	14
4007	1	1	0
4008	56	95	55
4009	66	110	37
4010	350	468	276
4011	12	10	9
4012	46	65	42
4013	83	101	52
4014	0	0	0
4015	235	383	160
4016	24	44	28
4017	82	127	49
4018	314	531	280
4019	1	2	1
4020	547	790	755
4021	8	9	10
4022	52	70	41
4023	575	813	434
4024	1	0	1
4025	50	53	34
4026	0	0	0
4027	14	7	11
4028	328	426	358
4029	88	153	107
4030	18	27	14
4031	324	422	277
4032	85	157	71
4033	541	785	387
4034	599	888	448
4035	35	50	21
4036	938	1441	760
4037	78	77	28
4038	0	0	1
4039	16	34	16
4040	0	0	1
4041	71	107	55
4042	163	202	142
4043	47	53	22
4044	59	95	47
4045	72	104	46
4046	262	399	219
4047	88	123	92
4048	3	2	3
4049	33	37	26
4050	142	199	97
4051	45	67	54
4052	27	46	29
4053	451	603	361
4054	1	4	7
4055	5	12	15
4056	0	1	0
4057	0	0	0
4058	52	69	32
4059	76	113	60
4060	38	61	28
4061	52	61	71
4062	231	328	116
4063	122	144	79
4064	74	97	54
4065	19	28	29
4066	73	101	69
4067	14	15	9
4068	232	320	139
4069	74	138	74
4070	96	138	88
4071	72	109	72
4072	173	235	148
4073	656	691	683
4074	2	5	2
4075	1	4	2
4076	221	341	189
4077	195	330	131
4078	56	102	57
4079	37	70	24
4080	11	9	4
4081	0	0	3
4082	17	14	11
4083	111	199	105
4084	4	5	0
4085	1	1	1
4086	9	12	1
4087	39	41	38
4088	1464	2026	1937
4089	208	354	160
4090	13	8	11
4091	29	29	15
4092	347	424	509
4093	89	95	45
4094	4	6	3
4095	247	384	206
4096	74	96	59
4097	2	2	0
4098	0	0	0
4099	148	209	135
4100	128	234	96
4101	238	343	162
4102	102	127	94
4103	20	23	22
4104	170	245	195
4105	542	787	738
4106	1	0	2
4107	31	51	35
4108	56	72	43
4109	55	56	49
4110	24	27	16
4111	82	120	53
4112	184	249	142
4113	144	162	86
4114	0	1	0
4115	173	258	99
4116	113	195	72
4117	31	24	24
4118	373	463	261
4119	577	625	572
4120	4	5	2
4121	168	205	118
4122	43	59	38
4123	451	669	389
4124	14	20	19
4125	0	0	0
4126	45	84	37
4127	55	83	38
4128	152	255	108
4129	60	90	49
4130	332	528	279
4131	145	268	124
4132	103	186	73
4133	61	70	38
4134	38	64	36
4135	12	14	9
4136	13	25	11
4137	91	149	73
4138	160	282	105
4139	325	445	236
4140	146	229	98
4141	31	52	31
4142	43	42	25
4143	23	45	26
4144	37	36	21
4145	120	167	87
4146	1	1	2
4147	37	52	30
4148	149	229	129
4149	23	38	31
4150	62	96	81
4151	1665	2579	1977
4152	47	64	35
4153	38	73	29
4154	472	762	601
4155	622	847	803
4156	0	0	0
4157	12	8	18
4158	76	87	53
4159	150	273	171
4160	174	242	153
4161	91	118	71
4162	222	336	156
4163	14	16	15
4164	37	56	26
4165	23	41	19
4166	0	0	0
4167	25	29	39
4168	1	2	0
4169	0	1	1
4170	0	0	0
4171	2	3	4
4172	22	28	15
4173	50	56	41
4174	9	17	11
4175	582	804	450
4176	50	57	38
4177	142	204	67
4178	5	4	5
4179	38	54	31
4180	5	3	5
4181	62	105	61
4182	49	59	32
4183	12	13	10
4184	903	1358	690
4185	69	88	48
4186	3	5	2
4187	21	23	15
4188	20	40	17
4189	69	123	55
4190	16	28	15
4191	180	326	105
4192	13	17	6
4193	10	8	5
4194	19	26	25
4195	74	130	82
4196	7	7	3
4197	0	0	0
4198	328	464	509
4199	11	21	11
4200	22	16	9
4201	120	153	122
4202	14	22	13
4203	115	94	96
4204	55	54	63
4205	144	153	131
4206	35	32	24
4207	6	8	4
4208	0	0	0
4209	0	0	0
4210	0	0	0
4211	0	0	0
4212	0	0	0
4213	0	0	0
4214	0	0	0
4215	0	0	0
4216	0	0	0
4217	0	0	0
4218	0	0	0
4219	0	0	0
4220	0	0	0
4221	0	0	0
4222	2	7	4
4223	8	5	10
4224	70	109	64
4225	0	0	0
4226	1	1	1
4227	19	25	25
4228	114	157	67
4229	1154	1318	1187
4230	9	23	7
4231	0	0	0
4232	89	100	63
4233	0	1	0
4234	164	199	153
4235	28	32	19
4236	6	3	7
4237	1503	2118	1404
4238	69	92	48
4239	12	18	14
4240	5	7	0
4241	84	124	105
4242	69	152	64
4243	112	202	131
4244	178	303	138
4245	68	99	64
4246	0	0	0
4247	274	250	212
4248	40	54	37
4249	126	162	83
4250	113	159	95
4251	121	178	83
4252	56	102	63
4253	269	420	177
4254	174	270	153
4255	12	22	8
4256	58	97	47
4257	101	117	80
4258	403	632	381
4259	657	967	633
4260	1	0	1
4261	23	31	12
4262	276	358	342
4263	20	44	19
4264	6	3	3
4265	101	117	56
4266	107	90	60
4267	12	21	8
4268	301	458	279
4269	88	161	85
4270	96	118	78
4271	15	15	16
4272	140	172	94
4273	5	10	8
4274	15	35	17
4275	32	59	26
4276	268	407	215
4277	42	68	32
4278	76	118	113
4279	0	0	0
4280	25	31	22
4281	192	270	146
4282	49	60	28
4283	145	230	132
4284	368	589	320
4285	1	4	1
4286	903	1530	768
4287	54	53	43
4288	37	46	37
4289	28	50	19
4290	10	10	3
4291	39	72	20
4292	72	83	68
4293	1	0	0
4294	29	37	19
4295	0	1	0
4296	11	26	8
4297	13	29	18
4298	0	1	0
4299	0	0	0
4300	14	18	19
4301	207	300	127
4302	22	37	15
4303	44	39	20
4304	88	138	62
4305	8	16	2
4306	68	102	39
4307	73	148	109
4308	4	4	2
4309	28	47	21
4310	296	386	229
4311	165	237	92
4312	2179	2862	2222
4313	53	69	39
4314	1	1	1
4315	6	3	3
4316	99	102	59
4317	73	108	42
4318	3	7	1
4319	243	332	195
4320	372	581	329
4321	62	58	45
4322	193	275	239
4323	41	87	40
4324	37	34	37
4325	62	76	67
4326	42	90	48
4327	62	66	67
4328	31	31	33
4329	0	0	0
4330	22	39	15
4331	49	65	50
4332	3	8	3
4333	33	36	34
4334	0	0	0
4335	20	44	13
4336	21	40	16
4337	98	143	110
4338	25	34	26
4339	86	96	59
4340	24	33	18
4341	438	664	344
4342	124	187	89
4343	144	165	84
4344	0	0	0
4345	3	2	2
4346	2	3	2
4347	0	0	0
4348	31	56	17
4349	11	9	10
4350	79	147	92
4351	0	1	0
4352	330	448	314
4353	1	0	0
4354	81	142	64
4355	259	300	205
4356	64	94	56
4357	40	48	30
4358	11	7	9
4359	163	188	161
4360	129	137	92
4361	200	272	281
4362	10	13	25
4363	39	49	49
4364	0	0	0
4365	10	16	8
4366	104	164	92
4367	49	75	56
4368	0	0	0
4369	164	225	136
4370	50	55	73
4371	0	0	0
4372	0	0	0
4373	197	302	205
4374	140	207	108
4375	10	9	6
4376	0	2	1
4377	0	0	0
4378	0	0	0
4379	408	577	399
4380	311	440	276
4381	0	0	0
4382	1	4	1
4383	35	38	26
4384	9	14	9
4385	235	297	226
4386	0	2	2
4387	24	40	32
4388	1	3	2
4389	17	28	11
4390	134	211	128
4391	70	144	78
4392	123	175	91
4393	0	0	0
4394	147	217	93
4395	83	99	64
4396	173	155	123
4397	16	24	7
4398	2	5	3
4399	46	53	36
4400	1	2	1
4401	270	452	289
4402	0	1	0
4403	76	115	51
4404	73	115	89
4405	0	0	0
4406	134	158	118
4407	225	367	187
4408	307	392	244
4409	9	11	17
4410	4	1	3
4411	309	429	479
4412	0	1	0
4413	720	942	698
4414	3	14	0
4415	3	5	2
4416	142	142	161
4417	36	63	35
4418	9	13	8
4419	151	259	135
4420	0	0	0
4421	123	185	129
4422	1	1	0
4423	10	30	7
4424	36	45	40
4425	21	27	20
4426	127	161	68
4427	54	92	97
4428	1187	1815	1058
4429	11	9	6
4430	228	300	146
4431	0	0	0
4432	190	206	217
4433	33	47	30
4434	17	19	5
4435	13	18	13
4436	44	63	37
4437	8	17	5
4438	38	39	14
4439	5	10	5
4440	0	0	0
4441	0	0	0
4442	5	3	1
4443	186	250	186
4444	145	269	105
4445	97	139	66
4446	51	75	60
4447	193	318	148
4448	89	135	70
4449	38	73	49
4450	1	2	2
4451	67	75	73
4452	15	30	17
4453	0	0	1
4454	111	146	123
4455	0	0	0
4456	115	127	73
4457	13	14	7
4458	44	50	35
4459	178	320	178
4460	279	376	287
4461	4	8	4
4462	60	58	34
4463	133	161	87
4464	112	104	112
4465	106	129	88
4466	40	39	41
4467	53	70	60
4468	79	121	36
4469	8	15	3
4470	18	19	11
4471	4	13	4
4472	91	132	55
4473	397	594	324
4474	258	415	193
4475	676	1025	534
4476	0	0	0
4477	0	0	0
4478	256	360	212
4479	10	6	4
4480	79	140	50
4481	18	21	9
4482	45	87	57
4483	334	404	336
4484	0	0	0
4485	60	131	34
4486	7	11	9
4487	928	1459	715
4488	263	400	244
4489	3	7	3
4490	52	67	52
4491	0	0	0
4492	484	662	362
4493	76	92	51
4494	0	8	3
4495	0	0	0
4496	30	56	12
4497	21	41	19
4498	277	435	191
4499	127	177	141
4500	65	101	59
4501	183	219	106
4502	23	27	13
4503	33	60	23
4504	129	209	92
4505	24	32	17
4506	108	152	77
4507	0	0	0
4508	475	759	430
4509	325	555	250
4510	32	56	35
4511	92	150	123
4512	159	181	112
4513	3	2	0
4514	161	329	167
4515	173	261	114
4516	9	15	7
4517	0	0	0
4518	30	28	24
4519	151	231	146
4520	53	71	31
4521	148	207	93
4522	154	262	242
4523	235	309	165
4524	19	30	15
4525	0	0	0
4526	0	0	0
4527	4	11	4
4528	131	179	180
4529	110	133	118
4530	781	1122	1007
4531	74	99	65
4532	123	230	106
4533	142	199	119
4534	3	9	6
4535	229	382	191
4536	128	216	109
4537	6	23	15
4538	61	73	46
4539	0	0	1
4540	25	45	17
4541	3	5	5
4542	0	0	0
4543	0	0	0
4544	0	0	0
4545	0	1	0
4546	0	0	0
4547	1	0	1
4548	0	0	0
4549	3	4	1
4550	0	0	0
4551	0	0	0
4552	2	8	1
4553	0	0	0
4554	0	0	0
4555	27	52	21
4556	20	4	2
4557	111	164	98
4558	3	14	6
4559	7	10	2
4560	70	64	34
4561	33	50	48
4562	113	184	118
4563	85	107	88
4564	609	928	493
4565	0	0	0
4566	112	133	98
4567	38	65	18
4568	60	80	44
4569	8	14	7
4570	401	534	259
4571	40	22	32
4572	24	51	21
4573	120	190	90
4574	336	468	228
4575	139	171	62
4576	36	64	35
4577	144	203	120
4578	49	55	61
4579	134	160	89
4580	33	47	28
4581	35	47	22
4582	291	447	338
4583	42	63	44
4584	65	77	35
4585	354	513	287
4586	102	152	57
4587	0	1	2
4588	31	31	18
4589	2	3	1
4590	65	84	58
4591	0	1	0
4592	94	136	68
4593	111	103	71
4594	392	645	276
4595	34	46	25
4596	10	11	6
4597	0	0	0
4598	37	36	30
4599	959	1480	811
4600	41	63	41
4601	50	51	27
4602	0	0	0
4603	0	3	3
4604	154	234	101
4605	10	6	8
4606	73	84	66
4607	61	72	61
4608	0	0	0
4609	3	4	1
4610	149	209	120
4611	32	41	35
4612	208	289	155
4613	149	226	106
4614	22	36	18
4615	12	32	22
4616	21	30	13
4617	131	205	101
4618	57	109	64
4619	1220	1870	1644
4620	406	531	474
4621	770	1062	755
4622	548	888	480
4623	73	95	58
4624	404	628	374
4625	22	25	21
4626	51	65	55
4627	0	0	0
4628	245	353	177
4629	80	109	37
4630	328	459	407
4631	243	364	162
4632	198	241	107
4633	81	146	68
4634	104	152	81
4635	4	4	4
4636	25	22	9
4637	1	0	1
4638	77	128	60
4639	131	154	138
4640	37	44	32
4641	4	4	4
4642	0	0	0
4643	44	67	32
4644	87	111	50
4645	20	37	32
4646	8	12	9
4647	266	388	182
4648	75	85	58
4649	0	0	0
4650	0	1	0
4651	30	43	21
4652	141	220	100
4653	4	6	6
4654	49	70	39
4655	239	303	148
4656	23	36	19
4657	23	27	21
4658	102	123	87
4659	3	1	3
4660	206	330	170
4661	179	252	89
4662	0	0	1
4663	164	238	108
4664	37	41	33
4665	48	69	32
4666	353	466	420
4667	123	156	62
4668	316	381	352
4669	85	114	76
4670	118	134	117
4671	44	50	36
4672	8	12	5
4673	69	93	57
4674	79	150	63
4675	9	13	4
4676	34	55	21
4677	123	186	135
4678	122	163	75
4679	58	69	54
4680	83	142	93
4681	54	64	33
4682	0	0	0
4683	194	267	228
4684	11	16	8
4685	795	1341	925
4686	294	142	167
4687	11	22	16
4688	30	67	28
4689	683	974	604
4690	0	0	0
4691	122	198	113
4692	63	113	55
4693	60	73	33
4694	46	57	41
4695	6	4	6
4696	9	13	5
4697	17	30	38
4698	354	569	255
4699	3	6	3
4700	35	42	23
4701	8	7	5
4702	96	134	73
4703	148	263	126
4704	17	29	13
4705	1	0	1
4706	15	49	23
4707	4	14	14
4708	72	117	54
4709	89	92	66
4710	363	482	377
4711	20	37	9
4712	0	0	0
4713	2	2	4
4714	448	721	387
4715	25	56	31
4716	246	391	169
4717	0	4	2
4718	1	2	1
4719	50	83	42
4720	22	57	43
4721	46	71	36
4722	53	72	28
4723	23	27	19
4724	47	87	40
4725	4	12	5
4726	37	44	44
4727	100	111	105
4728	70	114	76
4729	50	62	37
4730	13	27	7
4731	295	451	250
4732	0	0	0
4733	148	210	103
4734	8	6	4
4735	82	143	79
4736	31	12	19
4737	3	4	7
4738	85	123	75
4739	91	112	55
4740	242	348	206
4741	192	367	197
4742	16	16	5
4743	7	16	3
4744	10	21	20
4745	411	598	371
4746	256	407	207
4747	0	0	0
4748	176	301	128
4749	179	251	112
4750	311	432	263
4751	12	17	9
4752	1	1	0
4753	14	24	12
4754	159	254	118
4755	24	27	10
4756	6	4	5
4757	1	0	0
4758	671	872	555
4759	12	19	0
4760	23	38	11
4761	109	174	99
4762	38	48	41
4763	6	4	1
4764	153	169	106
4765	4	13	4
4766	102	154	69
4767	121	187	131
4768	49	63	30
4769	3	3	4
4770	178	314	146
4771	26	37	33
4772	26	45	32
4773	18	45	15
4774	18	24	28
4775	80	148	63
4776	0	0	0
4777	346	567	294
4778	63	64	30
4779	143	225	108
4780	84	107	79
4781	137	140	94
4782	1	2	0
4783	0	0	0
4784	232	374	230
4785	0	0	1
4786	8	6	0
4787	168	192	128
4788	1	0	0
4789	11	15	2
4790	24	26	19
4791	475	654	401
4792	18	21	13
4793	202	248	181
4794	77	158	70
4795	96	154	75
4796	29	38	26
4797	0	0	0
4798	14	12	12
4799	43	74	27
4800	62	103	65
4801	17	21	27
4802	147	228	91
4803	2	1	1
4804	161	192	111
4805	4	2	3
4806	12	27	19
4807	7	16	12
4808	0	0	0
4809	50	72	55
4810	2	5	0
4811	657	1049	466
4812	300	438	207
4813	20	38	27
4814	93	121	58
4815	30	38	38
4816	22	26	20
4817	56	105	47
4818	199	251	136
4819	184	233	193
4820	20	35	19
4821	0	1	0
4822	67	84	42
4823	21	17	24
4824	70	103	109
4825	129	144	137
4826	1	2	0
4827	16	21	24
4828	163	202	104
4829	179	258	144
4830	71	104	74
4831	25	46	21
4832	9	26	10
4833	406	577	331
4834	185	270	138
4835	39	44	25
4836	372	504	376
4837	79	97	55
4838	2	2	1
4839	233	314	129
4840	37	26	28
4841	0	2	0
4842	45	50	37
4843	158	259	157
4844	41	36	26
4845	43	60	32
4846	118	213	83
4847	1	2	1
4848	699	783	776
4849	0	0	0
4850	168	250	196
4851	73	123	71
4852	53	58	60
4853	378	571	436
4854	6	14	7
4855	3	12	3
4856	13	11	7
4857	14	8	9
4858	5	4	1
4859	30	46	33
4860	96	141	63
4861	1	0	0
4862	9	12	8
4863	6	14	6
4864	7	16	9
4865	12	22	7
4866	37	56	45
4867	4	1	0
4868	0	0	0
4869	7	13	13
4870	64	65	46
4871	21	25	17
4872	205	331	148
4873	36	34	19
4874	88	113	67
4875	104	135	74
4876	26	29	15
4877	28	62	27
4878	20	32	27
4879	2	7	5
4880	9	20	11
4881	112	172	74
4882	185	282	135
4883	1	0	0
4884	54	56	64
4885	55	54	59
4886	13	10	18
4887	4	1	2
4888	0	0	0
4889	72	95	58
4890	80	128	63
4891	24	30	35
4892	169	231	78
4893	21	6	14
4894	17	27	7
4895	42	50	35
4896	1	1	0
4897	195	257	201
4898	21	27	17
4899	80	113	53
4900	2198	2844	2337
4901	13	13	10
4902	80	147	55
4903	89	140	66
4904	156	238	152
4905	19	13	15
4906	53	83	49
4907	194	318	118
4908	0	0	0
4909	207	228	204
4910	3	4	4
4911	0	0	2
4912	51	69	28
4913	52	63	41
4914	48	66	44
4915	121	178	97
4916	86	136	56
4917	199	301	124
4918	106	177	102
4919	23	54	20
4920	8	48	19
4921	19	44	11
4922	200	334	229
4923	4	1	0
4924	236	297	147
4925	47	51	30
4926	39	32	23
4927	28	38	16
4928	24	52	19
4929	92	172	84
4930	223	380	157
4931	110	146	106
4932	17	21	13
4933	216	303	168
4934	214	343	310
4935	118	179	81
4936	665	1002	533
4937	141	179	128
4938	25	37	20
4939	20	33	15
4940	26	34	17
4941	55	76	50
4942	22	37	24
4943	67	93	79
4944	460	666	328
4945	18	15	10
4946	1010	1470	1036
4947	216	197	256
4948	1	1	0
4949	97	150	103
4950	7	12	4
4951	92	137	53
4952	14	15	26
4953	168	256	145
4954	52	72	42
4955	87	132	47
4956	48	65	38
4957	127	186	102
4958	84	160	58
4959	53	56	52
4960	275	321	247
4961	0	0	0
4962	45	80	28
4963	0	1	0
4964	20	26	24
4965	5	4	6
4966	320	513	336
4967	60	82	51
4968	0	0	0
4969	19	40	16
4970	13	19	10
4971	13	29	10
4972	12	12	7
4973	15	18	10
4974	0	0	0
4975	86	118	56
4976	3	3	5
4977	37	89	29
4978	28	47	22
4979	79	98	61
4980	120	198	147
4981	58	98	51
4982	7	11	7
4983	73	114	54
4984	93	150	92
4985	32	45	27
4986	123	200	113
4987	21	30	17
4988	93	152	90
4989	461	689	312
4990	90	84	83
4991	5	6	2
4992	26	23	22
4993	0	0	0
4994	0	0	0
4995	579	828	446
4996	2	6	3
4997	78	136	83
4998	119	209	110
4999	531	722	371
5000	29	48	28
5001	0	2	4
5002	9	20	9
5003	17	18	12
5004	71	138	96
5005	24	41	26
5006	35	53	29
5007	118	240	115
5008	25	34	36
5009	80	137	76
5010	72	105	67
5011	153	153	81
5012	87	109	65
5013	2	1	0
5014	95	157	81
5015	20	29	17
5016	22	22	12
5017	117	86	66
5018	0	1	2
5019	34	39	43
5020	275	433	233
5021	68	86	78
5022	22	21	29
5023	48	62	39
5024	166	269	130
5025	172	235	141
5026	142	201	108
5027	0	4	4
5028	274	322	213
5029	19	29	20
5030	42	50	41
5031	8	4	4
5032	2	0	0
5033	102	167	132
5034	0	0	0
5035	277	329	195
5036	308	427	270
5037	59	89	41
5038	220	401	255
5039	28	44	33
5040	39	84	28
5041	74	110	73
5042	40	69	54
5043	0	0	0
5044	52	86	45
5045	0	0	0
5046	2	3	4
5047	131	215	101
5048	42	61	73
5049	152	201	105
5050	1	2	2
5051	22	13	40
5052	0	0	0
5053	0	0	0
5054	0	0	0
5055	0	0	1
5056	0	0	0
5057	0	0	0
5058	0	0	0
5059	0	0	0
5060	0	1	0
5061	0	0	0
5062	7	4	6
5063	0	0	1
5064	1	4	5
5065	1	7	4
5066	3	2	0
5067	6	8	7
5068	256	418	192
5069	63	99	42
5070	18	28	12
5071	777	1120	554
5072	15	28	11
5073	33	41	17
5074	0	0	0
5075	50	67	36
5076	50	70	54
5077	29	42	22
5078	5	8	8
5079	0	0	0
5080	0	0	0
5081	67	82	38
5082	27	42	26
5083	34	54	28
5084	21	31	11
5085	708	1023	604
5086	11	22	25
5087	54	72	52
5088	31	44	32
5089	86	140	55
5090	1705	2398	1413
5091	53	54	42
5092	147	231	122
5093	23	41	19
5094	100	123	60
5095	3	5	1
5096	201	210	194
5097	71	130	62
5098	15	40	19
5099	234	348	144
5100	378	562	239
5101	84	111	62
5102	0	0	0
5103	93	141	84
5104	148	207	146
5105	82	109	47
5106	51	87	51
5107	65	121	45
5108	162	183	95
5109	347	554	206
5110	71	86	44
5111	342	508	315
5112	58	94	49
5113	0	0	0
5114	52	81	72
5115	55	69	54
5116	32	34	13
5117	61	100	72
5118	62	151	97
5119	8	8	2
5120	159	221	125
5121	0	0	0
5122	38	87	27
5123	1	2	9
5124	45	47	27
5125	10	17	7
5126	58	122	62
5127	184	243	125
5128	827	1116	590
5129	0	2	1
5130	0	0	0
5131	70	128	63
5132	251	344	148
5133	1	0	0
5134	39	43	33
5135	7	7	10
5136	24	28	27
5137	330	423	254
5138	43	59	38
5139	42	84	48
5140	39	42	46
5141	256	387	213
5142	72	130	74
5143	119	134	69
5144	126	142	135
5145	25	26	16
5146	20	30	19
5147	79	134	68
5148	203	287	153
5149	111	192	113
5150	16	13	19
5151	202	333	175
5152	547	767	544
5153	34	33	27
5154	22	41	14
5155	67	71	72
5156	335	497	230
5157	86	120	52
5158	101	155	86
5159	76	82	34
5160	48	62	58
5161	258	378	176
5162	1	4	2
5163	127	147	100
5164	0	0	0
5165	12	28	19
5166	334	480	209
5167	65	113	76
5168	314	504	285
5169	27	38	42
5170	253	301	159
5171	10	7	6
5172	451	806	369
5173	0	0	0
5174	92	126	61
5175	235	342	189
5176	53	79	33
5177	13	24	15
5178	385	487	265
5179	72	120	80
5180	18	45	23
5181	50	109	48
5182	110	154	84
5183	158	206	115
5184	296	434	210
5185	5	4	4
5186	98	118	59
5187	73	105	72
5188	6	6	6
5189	0	0	0
5190	373	474	394
5191	63	98	110
5192	154	291	131
5193	127	215	155
5194	1	4	2
5195	3	2	7
5196	2	1	0
5197	2	1	2
5198	128	211	94
5199	9	11	11
5200	147	183	99
5201	14	6	8
5202	207	274	138
5203	0	0	0
5204	0	2	0
5205	0	0	0
5206	20	30	15
5207	184	247	155
5208	97	201	87
5209	79	97	76
5210	188	282	158
5211	286	373	220
5212	27	45	27
5213	291	442	255
5214	25	53	31
5215	19	5	8
5216	51	59	35
5217	201	309	164
5218	47	68	38
5219	311	432	193
5220	14	17	9
5221	843	1217	874
5222	88	131	76
5223	109	136	68
5224	254	421	291
5225	1	1	0
5226	36	63	34
5227	57	101	46
5228	0	0	0
5229	3	1	3
5230	93	120	82
5231	12	12	20
5232	125	207	84
5233	174	282	161
5234	16	21	13
5235	154	226	97
5236	296	462	226
5237	3	13	4
5238	274	274	206
5239	426	660	279
5240	18	32	17
5241	11	24	13
5242	19	31	11
5243	49	86	53
5244	35	36	29
5245	101	128	64
5246	246	355	246
5247	85	94	55
5248	34	52	21
5249	211	334	200
5250	0	0	0
5251	133	139	114
5252	25	39	32
5253	39	59	35
5254	2	0	2
5255	0	1	1
5256	49	46	24
5257	37	50	21
5258	0	0	0
5259	10	17	18
5260	4	5	1
5261	65	85	47
5262	58	56	58
5263	222	280	170
5264	12	13	10
5265	95	131	130
5266	71	98	46
5267	336	547	295
5268	77	190	149
5269	17	43	23
5270	13	24	12
5271	180	301	219
5272	91	120	83
5273	24	33	27
5274	0	0	0
5275	40	57	30
5276	3	3	7
5277	70	94	58
5278	98	133	59
5279	45	58	16
5280	354	467	231
5281	236	377	203
5282	23	16	4
5283	357	506	358
5284	0	1	0
5285	50	122	42
5286	444	674	363
5287	0	3	1
5288	57	74	40
5289	39	95	44
5290	0	3	1
5291	102	171	95
5292	302	375	309
5293	15	30	9
5294	257	467	263
5295	6	5	0
5296	33	44	36
5297	51	85	29
5298	57	91	44
5299	0	0	0
5300	128	154	143
5301	0	0	0
5302	304	428	161
5303	191	270	166
5304	33	39	8
5305	17	14	12
5306	152	216	125
5307	371	608	357
5308	1	4	2
5309	120	139	72
5310	0	0	0
5311	59	77	66
5312	20	33	8
5313	118	152	86
5314	0	0	1
5315	1	10	5
5316	1128	1643	861
5317	45	57	51
5318	0	1	2
5319	465	669	426
5320	185	259	182
5321	20	32	14
5322	173	221	122
5323	154	305	141
5324	20	33	12
5325	106	145	86
5326	41	67	29
5327	45	62	37
5328	260	302	277
5329	84	140	66
5330	51	87	35
5331	177	274	127
5332	102	153	89
5333	36	66	37
5334	60	66	36
5335	123	166	77
5336	37	63	64
5337	10	14	11
5338	133	210	143
5339	180	259	127
5340	1	1	0
5341	0	0	0
5342	43	67	88
5343	75	87	57
5344	182	305	134
5345	608	796	560
5346	11	24	10
5347	104	160	70
5348	303	437	323
5349	436	667	344
5350	69	88	64
5351	0	2	0
5352	73	86	84
5353	56	75	62
5354	104	230	107
5355	79	143	68
5356	9	12	13
5357	29	61	28
5358	167	267	165
5359	58	62	54
5360	87	129	66
5361	78	108	62
5362	21	20	23
5363	54	93	51
5364	11	27	10
5365	0	0	0
5366	1	1	0
5367	59	93	53
5368	115	130	90
5369	32	49	29
5370	452	683	363
5371	72	69	52
5372	39	59	34
5373	41	40	23
5374	82	162	105
5375	0	2	1
5376	0	0	0
5377	63	72	46
5378	1038	1375	921
5379	192	296	179
5380	79	85	49
5381	0	0	0
5382	107	187	90
5383	26	42	24
5384	9	7	2
5385	42	47	32
5386	5	7	5
5387	208	296	154
5388	175	257	148
5389	64	78	52
5390	29	47	21
5391	2	1	2
5392	0	1	1
5393	0	0	0
5394	301	384	318
5395	40	61	49
5396	14	16	22
5397	0	0	0
5398	2	1	5
5399	22	29	16
5400	44	103	74
5401	3	5	3
5402	71	96	74
5403	132	195	133
5404	32	49	40
5405	89	136	98
5406	164	270	185
5407	49	46	25
5408	461	593	382
5409	104	151	75
5410	48	49	35
5411	0	0	0
5412	0	0	0
5413	39	55	37
5414	0	0	0
5415	4	6	5
5416	0	0	0
5417	116	166	94
5418	37	49	26
5419	75	86	50
5420	151	186	111
5421	15	14	7
5422	109	153	84
5423	65	79	27
5424	112	160	69
5425	4	7	1
5426	77	128	63
5427	632	903	754
5428	139	189	95
5429	72	114	64
5430	28	37	29
5431	64	87	44
5432	174	289	141
5433	29	66	44
5434	141	235	94
5435	98	195	111
5436	0	1	0
5437	29	39	27
5438	48	75	55
5439	56	75	31
5440	140	136	122
5441	24	36	47
5442	267	332	202
5443	17	22	24
5444	16	16	17
5445	173	211	127
5446	9	12	10
5447	3	1	2
5448	136	226	124
5449	8	19	9
5450	33	63	38
5451	73	84	69
5452	149	236	91
5453	89	65	51
5454	13	26	12
5455	6	12	2
5456	31	36	43
5457	142	138	120
5458	45	83	29
5459	117	155	98
5460	112	136	73
5461	13	35	11
5462	121	179	77
5463	80	108	56
5464	243	392	229
5465	57	67	31
5466	619	891	412
5467	129	188	97
5468	44	60	32
5469	0	0	0
5470	5	5	7
5471	1	2	0
5472	16	20	13
5473	8	11	3
5474	7	9	10
5475	0	1	0
5476	18	20	11
5477	0	1	0
5478	44	53	52
5479	5	8	2
5480	481	755	363
5481	4	3	6
5482	3	11	6
5483	2	2	2
5484	0	1	1
5485	0	0	0
5486	0	2	0
5487	9	18	12
5488	7	15	14
5489	0	0	0
5490	0	1	2
5491	0	0	0
5492	0	0	0
5493	0	0	0
5494	0	0	0
5495	0	0	0
5496	8	31	19
5497	0	2	0
5498	1	1	1
5499	0	0	0
5500	1	1	1
5501	1	1	3
5502	13	15	9
5503	78	116	83
5504	3	1	3
5505	0	0	0
5506	0	0	0
5507	76	66	38
5508	1	1	1
5509	21	21	10
5510	7	6	7
5511	0	0	0
5512	28	46	25
5513	53	94	41
5514	3	15	7
5515	28	29	24
5516	593	912	507
5517	588	868	400
5518	72	102	110
5519	77	103	85
5520	26	59	28
5521	21	28	32
5522	52	61	57
5523	102	181	79
5524	78	152	59
5525	36	52	30
5526	185	262	128
5527	0	0	0
5528	31	31	25
5529	3	3	2
5530	0	0	0
5531	121	180	98
5532	33	35	25
5533	9	2	8
5534	188	317	247
5535	829	1126	669
5536	55	78	44
5537	90	122	68
5538	261	414	203
5539	27	41	21
5540	211	222	194
5541	692	670	653
5542	236	346	131
5543	1	1	0
5544	23	28	22
5545	15	34	14
5546	165	255	106
5547	11	24	11
5548	38	35	22
5549	89	136	50
5550	40	59	37
5551	4	9	4
5552	280	346	348
5553	32	47	28
5554	20	30	11
5555	0	2	1
5556	75	93	50
5557	8	11	8
5558	93	141	74
5559	19	12	13
5560	12	10	8
5561	171	232	108
5562	2	0	0
5563	211	300	187
5564	2	1	4
5565	153	202	161
5566	18	29	8
5567	35	57	23
5568	76	141	63
5569	76	100	75
5570	16	16	11
5571	10	4	1
5572	161	268	105
5573	41	82	34
5574	56	69	60
5575	82	132	65
5576	5	6	10
5577	634	946	820
5578	0	0	0
5579	0	0	0
5580	1	1	2
5581	6	10	10
5582	0	0	0
5583	18	24	25
5584	404	533	291
5585	44	74	35
5586	4	2	2
5587	332	504	191
5588	20	22	18
5589	213	401	217
5590	110	137	76
5591	28	60	28
5592	33	49	20
5593	58	96	45
5594	31	35	22
5595	103	134	99
5596	23	30	20
5597	583	777	433
5598	46	49	44
5599	184	233	160
5600	10	25	21
5601	23	24	24
5602	56	85	45
5603	35	59	45
5604	46	61	34
5605	207	276	138
5606	170	227	146
5607	12	21	6
5608	344	512	282
5609	14	22	17
5610	9	18	15
5611	201	315	154
5612	37	72	27
5613	1	0	2
5614	51	71	54
5615	470	622	405
5616	0	0	0
5617	144	238	153
5618	18	32	11
5619	0	0	0
5620	0	0	0
5621	120	208	83
5622	29	35	12
5623	19	37	22
5624	3	13	5
5625	632	913	547
5626	441	592	492
5627	192	257	243
5628	7	4	3
5629	355	489	366
5630	0	0	0
5631	280	418	208
5632	0	0	0
5633	297	480	218
5634	25	31	17
5635	31	45	19
5636	30	51	16
5637	17	42	29
5638	19	39	33
5639	72	96	62
5640	470	742	408
5641	61	49	51
5642	9	18	9
5643	0	0	1
5644	152	296	97
5645	75	118	110
5646	253	365	195
5647	88	178	88
5648	0	0	0
5649	109	178	84
5650	79	134	60
5651	45	58	33
5652	115	210	134
5653	12	13	9
5654	9	6	11
5655	0	0	1
5656	24	21	23
5657	60	82	28
5658	14	36	21
5659	36	65	59
5660	309	456	204
5661	7	10	16
5662	11	11	7
5663	70	125	48
5664	580	892	436
5665	19	30	21
5666	484	622	346
5667	39	47	22
5668	33	46	37
5669	20	36	11
5670	189	255	139
5671	46	60	31
5672	12	12	4
5673	841	1017	567
5674	39	72	30
5675	238	300	160
5676	139	177	150
5677	60	89	38
5678	0	0	0
5679	2	1	0
5680	15	27	27
5681	0	5	1
5682	42	62	33
5683	0	0	0
5684	3	9	2
5685	17	19	15
5686	184	331	186
5687	9	5	4
5688	30	36	32
5689	60	86	34
5690	54	82	33
5691	28	43	18
5692	40	68	73
5693	20	28	18
5694	85	85	47
5695	39	35	30
5696	180	231	89
5697	0	0	4
5698	194	327	150
5699	27	56	32
5700	321	577	336
5701	6	7	5
5702	0	0	0
5703	54	76	32
5704	1	1	0
5705	0	1	0
5706	108	195	98
5707	25	73	30
5708	0	1	0
5709	29	55	35
5710	55	91	54
5711	32	54	27
5712	50	109	56
5713	23	30	25
5714	8	14	14
5715	0	0	0
5716	303	388	262
5717	251	352	179
5718	64	88	38
5719	13	11	10
5720	170	215	171
5721	95	136	50
5722	483	682	399
5723	10	16	6
5724	0	0	0
5725	80	76	78
5726	89	140	67
5727	0	0	6
5728	172	349	212
5729	0	0	0
5730	519	771	456
5731	60	88	52
5732	142	240	107
5733	46	52	42
5734	15	27	23
5735	67	66	71
5736	14	22	15
5737	771	1192	906
5738	76	110	30
5739	5	7	8
5740	194	216	120
5741	67	88	47
5742	67	133	64
5743	0	0	0
5744	64	90	29
5745	14	23	14
5746	0	0	0
5747	0	0	0
5748	0	0	0
5749	65	117	37
5750	43	71	30
5751	0	0	0
5752	57	111	42
5753	36	51	25
5754	26	35	19
5755	302	512	323
5756	17	36	12
5757	56	72	35
5758	58	68	36
5759	0	0	0
5760	15	31	19
5761	8	12	21
5762	43	58	49
5763	283	425	252
5764	69	75	26
5765	150	236	163
5766	78	113	55
5767	679	915	528
5768	31	37	24
5769	96	169	77
5770	38	61	24
5771	45	88	32
5772	124	184	178
5773	14	27	13
5774	363	520	242
5775	17	35	21
5776	1	0	0
5777	60	58	38
5778	0	0	0
5779	31	47	17
5780	50	56	30
5781	6	4	3
5782	70	122	62
5783	5	12	9
5784	91	99	110
5785	0	0	0
5786	136	234	143
5787	116	175	87
5788	8	14	8
5789	68	117	55
5790	94	143	59
5791	23	24	11
5792	34	46	38
5793	209	384	209
5794	154	210	153
5795	53	111	37
5796	216	358	200
5797	7	4	5
5798	1	0	0
5799	24	35	47
5800	695	1084	637
5801	227	354	200
5802	46	47	29
5803	11	9	9
5804	205	335	169
5805	66	116	66
5806	35	46	25
5807	17	30	14
5808	15	27	20
5809	209	263	203
5810	784	1134	972
5811	2	0	3
5812	0	0	0
5813	70	111	67
5814	27	26	15
5815	103	158	78
5816	0	0	0
5817	187	244	113
5818	164	298	133
5819	34	61	48
5820	27	32	22
5821	47	81	31
5822	138	217	105
5823	0	0	0
5824	72	68	35
5825	76	71	72
5826	14	8	7
5827	6	11	8
5828	389	527	332
5829	8	5	9
5830	1321	1982	947
5831	140	165	124
5832	24	22	16
5833	85	135	62
5834	193	251	142
5835	66	102	51
5836	19	52	20
5837	80	130	72
5838	4	10	4
5839	0	0	0
5840	2	0	0
5841	0	0	1
5842	38	58	18
5843	44	64	47
5844	85	155	111
5845	145	162	124
5846	34	48	30
5847	301	324	352
5848	215	247	192
5849	0	0	2
5850	0	0	0
5851	67	93	45
5852	59	104	59
5853	9	8	9
5854	50	75	40
5855	87	121	53
5856	42	43	42
5857	4	6	3
5858	0	0	6
5859	37	32	20
5860	6	1	1
5861	237	304	167
5862	249	326	293
5863	0	1	0
5864	79	121	90
5865	15	19	16
5866	0	0	0
5867	0	0	0
5868	122	162	164
5869	265	357	179
5870	91	157	78
5871	0	2	4
5872	305	426	241
5873	0	2	2
5874	0	5	3
5875	13	21	12
5876	313	500	257
5877	308	478	286
5878	54	65	43
5879	60	78	89
5880	369	507	379
5881	0	0	0
5882	0	0	0
5883	67	75	51
5884	11	31	40
5885	8	12	8
5886	87	96	99
5887	90	147	94
5888	402	570	341
5889	191	249	153
5890	20	28	24
5891	259	327	209
5892	50	78	35
5893	110	169	87
5894	138	254	126
5895	33	61	21
5896	0	0	0
5897	26	52	42
5898	525	839	477
5899	294	477	217
5900	0	0	0
5901	41	61	40
5902	25	35	18
5903	65	96	50
5904	33	13	39
5905	20	31	15
5906	103	123	99
5907	0	0	0
5908	59	93	35
5909	53	74	62
5910	8	10	4
5911	36	48	36
5912	102	151	100
5913	26	27	29
5914	0	0	0
5915	132	184	140
5916	229	370	185
5917	46	69	67
5918	6	1	12
5919	49	65	22
5920	37	62	22
5921	62	96	58
5922	239	378	343
5923	58	88	69
5924	4	6	7
5925	151	149	116
5926	127	224	98
5927	20	39	20
5928	66	88	66
5929	49	55	51
5930	21	22	15
5931	64	105	24
5932	50	68	45
5933	43	35	33
5934	81	108	82
5935	12	15	3
5936	237	363	203
5937	0	0	0
5938	83	113	65
5939	86	106	75
5940	7	8	7
5941	577	912	461
5942	205	365	245
5943	174	238	232
5944	76	128	80
5945	0	0	0
5946	107	194	103
5947	49	65	80
5948	12	24	19
5949	255	364	260
5950	0	0	0
5951	66	116	43
5952	182	221	147
5953	110	148	93
5954	159	276	169
5955	14	20	12
5956	158	271	144
5957	75	138	64
5958	45	83	75
5959	0	1	1
5960	8	12	10
5961	144	241	82
5962	13	22	14
5963	87	118	103
5964	0	1	0
5965	38	79	38
5966	5	3	6
5967	69	56	57
5968	16	16	9
5969	577	903	432
5970	8	21	10
5971	16	30	28
5972	657	934	429
5973	94	155	61
5974	15	19	9
5975	220	228	255
5976	0	0	0
5977	102	134	108
5978	20	25	16
5979	48	83	49
5980	11	27	16
5981	5	2	7
5982	231	338	232
5983	67	99	56
5984	6	9	4
5985	71	115	98
5986	5	5	2
5987	70	91	80
5988	603	945	439
5989	13	12	14
5990	31	44	30
5991	71	130	73
5992	53	78	32
5993	447	733	324
5994	1002	629	666
5995	1553	2128	1425
5996	41	36	25
5997	284	321	329
5998	4	6	10
5999	0	0	0
6000	0	0	0
6001	56	88	29
6002	46	66	33
6003	1	1	3
6004	25	53	36
6005	1	2	1
6006	24	8	5
6007	67	89	54
6008	47	63	34
6009	379	479	197
6010	70	89	78
6011	83	166	85
6012	1	2	1
6013	432	627	343
6014	35	51	25
6015	16	23	12
6016	124	166	91
6017	0	0	0
6018	269	433	224
6019	2	1	7
6020	223	316	247
6021	1	0	2
6022	125	166	59
6023	156	245	185
6024	0	0	0
6025	112	123	83
6026	141	227	120
6027	15	43	14
6028	0	1	2
6029	179	315	245
6030	345	403	355
6031	227	337	154
6032	0	0	0
6033	95	147	88
6034	0	0	0
6035	191	285	167
6036	39	46	16
6037	0	0	1
6038	23	23	10
6039	19	23	20
6040	0	0	0
6041	8	16	11
6042	84	126	62
6043	93	120	69
6044	82	116	68
6045	67	69	53
6046	10	7	8
6047	15	15	21
6048	126	229	88
6049	25	49	27
6050	644	898	501
6051	173	255	213
6052	28	32	30
6053	0	0	1
6054	1	4	2
6055	3	3	4
6056	27	29	26
6057	21	33	23
6058	302	444	459
6059	122	265	121
6060	95	183	59
6061	346	476	180
6062	105	190	99
6063	10	29	8
6064	82	119	80
6065	0	0	0
6066	0	0	0
6067	66	71	68
6068	3	10	6
6069	0	1	1
6070	24	18	11
6071	13	18	9
6072	0	2	2
6073	64	95	53
6074	79	193	122
6075	85	107	54
6076	83	115	49
6077	7	12	10
6078	0	0	0
6079	0	1	0
6080	13	22	10
6081	4	6	2
6082	0	0	0
6083	0	1	0
6084	0	1	1
6085	0	0	0
6086	0	1	1
6087	51	45	36
6088	0	0	0
6089	0	0	0
6090	0	0	0
6091	0	0	0
6092	1	1	3
6093	0	0	0
6094	0	0	0
6095	5	10	2
6096	15	15	13
6097	5	2	4
6098	47	78	39
6099	19	44	31
6100	9	22	6
6101	15	16	14
6102	68	112	71
6103	36	70	26
6104	203	279	147
6105	59	87	39
6106	58	100	98
6107	64	133	62
6108	1	1	0
6109	432	603	381
6110	83	151	73
6111	0	0	0
6112	124	194	124
6113	24	34	28
6114	6	9	6
6115	20	28	12
6116	276	361	259
6117	118	165	67
6118	78	118	49
6119	181	192	96
6120	25	41	23
6121	0	0	0
6122	10	20	11
6123	460	548	436
6124	1	0	0
6125	136	185	135
6126	18	25	13
6127	55	63	28
6128	44	61	38
6129	32	37	28
6130	65	90	44
6131	205	313	186
6132	153	276	133
6133	7	11	5
6134	486	847	498
6135	580	880	580
6136	35	35	22
6137	179	231	167
6138	4	8	5
6139	187	287	167
6140	16	28	18
6141	30	45	20
6142	92	144	90
6143	428	569	432
6144	18	22	12
6145	33	44	17
6146	105	158	71
6147	52	94	75
6148	327	383	363
6149	58	103	63
6150	47	55	51
6151	1	1	1
6152	20	22	15
6153	0	0	0
6154	66	99	37
6155	192	319	173
6156	45	68	20
6157	65	67	68
6158	917	1458	812
6159	27	82	23
6160	58	63	48
6161	10	14	13
6162	45	83	45
6163	329	502	317
6164	56	98	62
6165	362	544	319
6166	41	53	30
6167	21	45	23
6168	261	400	229
6169	4	7	10
6170	1	0	0
6171	339	440	265
6172	26	33	13
6173	56	87	34
6174	1	1	1
6175	0	0	0
6176	42	51	49
6177	55	51	85
6178	0	0	0
6179	35	44	44
6180	301	466	229
6181	85	111	58
6182	115	161	89
6183	0	4	0
6184	16	29	15
6185	393	716	705
6186	2	4	1
6187	2	11	6
6188	32	50	28
6189	0	1	0
6190	17	14	12
6191	1	1	2
6192	46	75	53
6193	7	8	5
6194	129	193	102
6195	0	0	0
6196	229	320	182
6197	95	146	80
6198	104	179	87
6199	46	78	32
6200	111	145	64
6201	114	184	72
6202	54	83	40
6203	95	123	92
6204	44	98	33
6205	49	94	30
6206	2	3	2
6207	30	41	21
6208	82	108	51
6209	19	53	23
6210	55	77	50
6211	3	11	9
6212	1	6	3
6213	12	27	16
6214	102	112	104
6215	4	9	3
6216	45	88	41
6217	662	927	674
6218	38	47	35
6219	685	1172	546
6220	54	93	54
6221	26	42	24
6222	87	107	63
6223	64	88	41
6224	130	210	89
6225	0	0	0
6226	13	28	17
6227	119	194	90
6228	88	167	69
6229	30	26	11
6230	3	2	1
6231	18	27	16
6232	474	703	464
6233	180	210	164
6234	9	18	8
6235	186	270	210
6236	0	0	0
6237	286	383	205
6238	40	84	29
6239	28	37	33
6240	97	135	68
6241	64	111	68
6242	1	0	0
6243	174	237	103
6244	0	0	0
6245	8	17	6
6246	39	63	34
6247	36	70	30
6248	711	895	882
6249	0	0	0
6250	168	230	131
6251	112	133	59
6252	26	50	28
6253	182	301	191
6254	99	109	73
6255	45	54	32
6256	14	36	19
6257	44	77	38
6258	0	0	0
6259	28	65	33
6260	1	0	0
6261	12	27	12
6262	158	227	79
6263	59	101	91
6264	124	170	80
6265	119	172	101
6266	0	0	1
6267	3	2	1
6268	70	88	37
6269	28	29	20
6270	179	235	132
6271	19	16	15
6272	35	71	44
6273	65	100	48
6274	921	1198	963
6275	802	1036	628
6276	56	101	43
6277	22	56	30
6278	0	0	0
6279	75	117	51
6280	53	60	33
6281	9	8	6
6282	13	21	7
6283	75	97	48
6284	3	1	3
6285	60	69	41
6286	9	9	9
6287	366	483	268
6288	317	487	296
6289	18	39	21
6290	92	141	107
6291	285	395	360
6292	242	342	193
6293	18	19	16
6294	35	38	28
6295	94	106	72
6296	336	473	296
6297	82	132	80
6298	55	87	60
6299	323	401	214
6300	385	604	318
6301	0	0	0
6302	174	210	214
6303	76	133	88
6304	21	19	10
6305	8	22	18
6306	138	182	82
6307	142	213	113
6308	0	0	0
6309	85	135	69
6310	29	28	20
6311	65	89	52
6312	21	34	21
6313	115	129	67
6314	0	1	1
6315	66	98	51
6316	17	15	12
6317	80	77	67
6318	325	425	253
6319	1	3	1
6320	468	797	379
6321	11	22	9
6322	47	87	41
6323	45	63	25
6324	43	57	39
6325	4	1	1
6326	152	216	115
6327	2	1	1
6328	58	85	55
6329	11	28	10
6330	19	24	24
6331	315	453	214
6332	733	1024	513
6333	100	137	99
6334	38	39	40
6335	6	10	10
6336	74	87	38
6337	56	42	32
6338	1479	2093	1345
6339	60	94	43
6340	7	3	9
6341	41	53	30
6342	44	71	41
6343	1	1	1
6344	70	81	41
6345	77	169	131
6346	0	8	11
6347	0	0	0
6348	8	6	1
6349	5	0	3
6350	297	356	248
6351	33	40	19
6352	162	224	117
6353	67	105	52
6354	121	147	116
6355	0	2	1
6356	262	351	159
6357	1	3	4
6358	16	19	20
6359	112	143	59
6360	158	208	116
6361	0	0	0
6362	213	338	175
6363	663	890	524
6364	85	126	48
6365	2	3	1
6366	125	188	110
6367	38	48	43
6368	67	92	48
6369	156	212	129
6370	394	591	354
6371	82	134	67
6372	32	54	25
6373	937	1413	910
6374	116	134	72
6375	56	81	34
6376	47	56	35
6377	54	84	32
6378	134	166	100
6379	12	13	14
6380	14	9	14
6381	36	71	26
6382	6	9	4
6383	8	12	6
6384	1	0	0
6385	42	54	23
6386	25	42	15
6387	9	7	5
6388	9	15	6
6389	4	3	2
6390	121	171	95
6391	9	21	8
6392	359	456	245
6393	6	7	9
6394	12	18	11
6395	0	0	0
6396	43	48	26
6397	0	0	0
6398	20	16	14
6399	47	72	70
6400	0	0	0
6401	16	17	12
6402	210	361	173
6403	81	134	73
6404	8	9	9
6405	65	99	54
6406	165	239	106
6407	59	54	52
6408	216	316	235
6409	112	195	102
6410	50	59	34
6411	0	1	0
6412	42	42	50
6413	190	325	149
6414	6	5	6
6415	72	104	60
6416	68	112	43
6417	91	112	90
6418	140	214	108
6419	1606	2189	1570
6420	187	252	155
6421	114	126	86
6422	31	47	48
6423	0	0	0
6424	6	6	6
6425	133	226	104
6426	379	522	310
6427	38	38	17
6428	424	481	479
6429	0	1	0
6430	51	104	56
6431	12	12	10
6432	19	21	22
6433	126	145	97
6434	122	168	80
6435	0	0	0
6436	39	47	26
6437	16	36	15
6438	40	18	19
6439	0	0	0
6440	130	190	65
6441	47	72	27
6442	99	157	87
6443	16	23	14
6444	0	0	0
6445	128	208	112
6446	30	49	26
6447	394	465	457
6448	18	32	23
6449	0	0	0
6450	480	640	374
6451	2	4	4
6452	13	21	17
6453	22	37	12
6454	51	44	57
6455	44	71	25
6456	11	9	8
6457	131	204	124
6458	19	22	30
6459	172	235	208
6460	0	0	0
6461	118	170	114
6462	1	1	0
6463	2	1	0
6464	0	2	1
6465	43	65	32
6466	132	213	208
6467	45	65	61
6468	28	29	43
6469	57	90	41
6470	57	116	41
6471	19	14	18
6472	130	176	129
6473	1	0	0
6474	245	327	168
6475	133	175	82
6476	133	194	100
6477	0	0	1
6478	73	101	55
6479	18	16	20
6480	105	140	80
6481	4	3	2
6482	152	222	106
6483	12	20	11
6484	1	2	2
6485	108	136	93
6486	33	52	19
6487	2200	2420	2212
6488	173	225	148
6489	295	423	200
6490	79	134	79
6491	50	68	39
6492	35	63	28
6493	189	245	133
6494	14	12	15
6495	19	28	7
6496	145	215	142
6497	95	118	59
6498	811	1156	678
6499	23	49	26
6500	97	132	124
6501	109	130	73
6502	10	9	7
6503	73	90	66
6504	23	37	34
6505	90	109	62
6506	92	141	49
6507	40	13	22
6508	71	105	51
6509	0	0	0
6510	256	324	146
6511	163	241	119
6512	0	2	1
6513	36	20	34
6514	6	8	5
6515	173	257	198
6516	1	4	3
6517	35	51	40
6518	569	703	568
6519	201	319	183
6520	25	53	37
6521	9	17	4
6522	76	122	68
6523	1	1	0
6524	361	578	296
6525	50	81	32
6526	101	151	67
6527	45	59	25
6528	256	363	154
6529	0	1	0
6530	308	474	228
6531	171	221	119
6532	346	483	353
6533	59	125	56
6534	13	13	10
6535	22	17	15
6536	273	392	226
6537	33	58	22
6538	0	0	0
6539	4	1	7
6540	63	95	61
6541	1	1	2
6542	16	31	20
6543	64	93	46
6544	34	52	26
6545	25	21	12
6546	43	81	38
6547	87	138	63
6548	0	0	0
6549	8	20	19
6550	0	1	0
6551	2	0	1
6552	133	169	68
6553	31	40	22
6554	434	548	459
6555	40	77	35
6556	64	117	96
6557	24	30	11
6558	30	36	30
6559	5	14	8
6560	181	241	211
6561	0	0	0
6562	1	2	0
6563	7	8	3
6564	2	1	2
6565	82	119	56
6566	10	22	10
6567	192	260	231
6568	58	88	53
6569	53	129	51
6570	13	26	16
6571	0	0	0
6572	44	62	32
6573	239	319	163
6574	40	54	29
6575	79	133	47
6576	14	20	13
6577	24	27	22
6578	44	61	50
6579	106	131	91
6580	80	109	60
6581	142	156	178
6582	90	106	90
6583	233	329	233
6584	209	289	186
6585	25	32	16
6586	2	0	0
6587	6	4	2
6588	1	0	0
6589	0	0	5
6590	6	8	5
6591	0	0	3
6592	32	30	25
6593	10	8	13
6594	0	3	1
6595	0	3	1
6596	0	2	4
6597	0	0	0
6598	9	10	16
6599	0	0	0
