	-24	-23	-22	-21	-20	-19	-18	-17	-16	-15	-14	-13	-12	-11	-10	-9	-8	-7	-6	-5	-4	-3	-2	-1	0	1	2	3	4	5	6	7	8
HIS-PRO-CYS (HPC)	1	9	6	6	5	3	1	2	0	0	0	1	3	24	2	1	0	2	0	1	3	3	0	2	6	2	2	5	7	9	1	5	3
CYS-TYR-TYR (CYY)	3	3	2	2	7	6	5	4	0	5	7	4	1	26	4	2	4	2	2	7	4	2	4	4	2	4	3	12	8	4	15	17	6
ASP-ASN-PRO (DNP)	34	68	28	43	59	34	46	50	38	33	56	42	127	252	80	60	84	32	35	64	27	47	53	25	23	30	39	42	77	50	60	59	27
ARG-LYS-LYS (RKK)	434	530	386	429	621	370	533	761	362	563	820	491	1473	2392	573	567	814	481	597	881	460	501	635	376	339	265	257	501	544	259	439	733	264
ARG-TRP-ARG (RWR)	18	29	17	43	41	16	26	45	33	54	93	35	77	125	43	25	23	17	22	60	16	20	33	24	9	16	20	17	3	5	10	10	13
VAL-GLY-TRP (VGW)	18	18	19	18	25	10	9	22	14	16	32	14	35	81	47	26	36	14	17	33	11	21	27	17	10	21	17	6	8	13	9	3	7
ARG-TYR-LYS (RYK)	38	99	45	51	84	50	53	76	46	55	62	66	156	259	66	48	60	76	52	73	41	43	71	67	52	56	45	79	80	35	44	56	51
TRP-HIS-VAL (WHV)	8	8	3	10	2	0	10	24	10	2	8	1	3	22	3	3	11	6	8	11	2	1	6	1	2	0	1	6	8	0	2	4	7
THR-PRO-TRP (TPW)	10	12	10	8	17	8	4	7	11	12	13	8	30	50	14	13	24	9	9	10	5	9	17	7	20	28	11	17	15	10	18	2	2
ASP-ASP-PRO (DDP)	64	100	72	73	114	62	57	90	75	69	125	128	202	396	109	115	146	61	114	195	80	75	101	55	49	108	91	40	131	119	127	143	63
VAL-TRP-MET (VWM)	2	1	5	4	22	2	2	2	7	4	11	2	6	16	2	6	0	4	7	6	3	2	5	1	2	9	2	2	0	1	1	5	1
TRP-GLY-HIS (WGH)	8	4	5	8	5	3	11	14	8	13	20	10	12	28	11	12	11	5	6	7	2	6	5	2	6	3	1	3	1	2	7	11	4
ILE-GLY-TRP (IGW)	15	32	7	19	29	17	24	20	12	30	44	14	51	94	38	22	36	23	30	50	21	23	43	32	23	36	15	5	12	18	18	5	12
TRP-ASN-TRP (WNW)	2	8	7	1	7	4	7	16	13	13	18	8	26	26	7	4	4	8	4	4	5	2	4	7	7	1	2	6	10	6	2	0	2
ARG-TRP-LYS (RWK)	13	27	14	17	29	22	24	41	16	32	43	17	64	95	29	22	16	38	28	34	43	24	44	26	22	17	17	18	6	3	17	31	8
PHE-MET-CYS (FMC)	2	2	2	4	2	3	2	0	0	1	3	0	1	11	1	3	0	2	1	5	1	2	2	5	8	12	2	1	5	10	3	4	4
MET-ARG-TRP (MRW)	7	12	6	11	9	8	14	25	10	8	30	5	16	45	12	16	29	14	13	19	13	11	21	11	7	9	2	4	16	14	6	0	3
PRO-PRO-TRP (PPW)	1	4	0	2	7	3	2	3	2	5	3	5	16	18	7	7	4	10	2	3	5	6	7	8	8	6	4	6	9	2	3	3	2
GLY-GLY-GLY (GGG)	199	299	169	190	272	179	224	280	167	273	417	211	444	821	270	275	476	242	216	357	188	271	360	164	66	163	117	33	95	97	59	143	160
ARG-LEU-LYS (RLK)	310	407	304	300	432	263	398	551	321	339	556	388	973	1493	475	317	409	321	389	556	343	433	487	352	287	343	391	568	448	196	328	493	191
ARG-PRO-TRP (RPW)	12	26	17	17	18	9	19	20	13	20	20	20	37	61	29	17	35	4	17	19	6	29	13	10	13	12	11	16	16	14	12	3	3
PRO-PRO-GLY (PPG)	57	98	52	76	87	50	78	72	39	69	117	54	159	255	57	85	77	37	36	49	45	66	76	56	104	129	61	82	105	41	25	41	50
GLU-THR-TRP (ETW)	15	26	17	9	16	18	11	18	12	9	27	17	37	56	9	12	29	16	13	21	12	16	21	11	3	16	13	12	10	26	16	5	7
THR-ASP-TRP (TDW)	6	14	10	13	22	19	13	40	11	13	20	21	41	76	29	13	26	14	26	58	16	30	40	51	20	33	11	9	16	23	13	4	11
PRO-GLY-TRP (PGW)	16	32	24	27	39	15	14	42	17	37	50	25	43	89	25	23	17	19	17	23	51	42	36	21	31	48	11	2	15	16	15	7	4
GLY-ASP-PRO (GDP)	35	54	27	41	57	31	52	65	27	32	81	34	90	159	67	66	90	45	38	66	30	45	67	20	12	30	16	19	43	37	43	66	17
ARG-MET-TRP (RMW)	5	6	4	2	6	6	10	19	7	6	13	6	14	22	5	7	14	5	8	8	5	4	7	4	5	2	4	3	8	2	1	2	2
VAL-THR-TRP (VTW)	10	16	10	10	16	10	6	18	8	14	18	10	36	48	15	16	12	9	13	13	13	16	23	9	6	23	18	15	16	11	9	3	15
TYR-ARG-TRP (YRW)	11	13	3	4	9	3	7	10	9	6	6	9	37	30	12	13	16	10	5	14	9	14	9	10	9	4	3	3	3	4	1	2	6
ASP-ARG-TRP (DRW)	12	33	16	12	15	8	16	11	11	24	27	8	30	57	27	32	41	15	12	23	12	19	21	10	5	17	22	6	13	12	7	1	4
ALA-SER-TRP (ASW)	20	29	19	22	37	22	16	32	13	20	21	18	30	63	14	18	13	18	17	20	9	10	21	8	4	32	17	12	24	17	16	5	12
ARG-PHE-LYS (RFK)	85	130	66	84	119	56	108	152	86	73	141	90	237	339	107	84	108	80	91	111	86	76	137	68	54	78	78	157	145	82	82	74	66
LYS-LYS-LYS (KKK)	907	1493	848	1018	1585	900	1228	1821	891	1329	2247	942	2436	4302	1190	1418	2374	1111	1279	1926	895	1032	1571	818	1063	1647	597	920	1653	472	893	1482	529
TYR-PHE-TRP (YFW)	3	6	2	3	5	3	7	2	1	2	0	2	4	13	2	3	3	2	5	6	6	6	7	1	2	8	3	8	5	8	9	0	1
SER-TRP-TRP (SWW)	3	3	2	9	5	2	7	12	10	7	10	5	6	15	2	2	2	1	4	0	7	10	8	5	5	11	4	1	1	0	2	1	0
HIS-PRO-TRP (HPW)	24	40	13	16	23	13	13	15	5	20	39	12	14	49	14	12	10	5	7	10	5	4	18	11	29	21	10	13	26	15	11	7	10
GLN-PRO-TRP (QPW)	17	15	3	11	8	5	3	4	6	4	10	4	7	25	9	8	7	4	8	9	6	7	2	6	8	7	9	12	10	6	14	8	11
VAL-MET-PRO (VMP)	44	50	36	41	41	26	31	50	29	24	34	43	55	114	37	33	52	34	46	43	29	19	36	15	10	36	39	30	18	14	38	80	22
ARG-PHE-ARG (RFR)	89	112	79	63	88	60	90	104	59	61	110	58	141	267	78	96	82	70	59	116	58	106	112	91	62	92	74	126	96	67	54	65	42
ASP-MET-TRP (DMW)	1	3	6	4	4	4	1	1	1	6	7	6	6	12	3	3	4	2	0	3	5	4	4	3	2	7	6	3	6	7	4	3	1
TRP-TRP-ALA (WWA)	3	3	0	3	4	3	6	10	5	2	4	6	7	11	3	4	4	6	1	2	4	4	3	3	4	1	4	0	1	0	2	5	3
PHE-CYS-MET (FCM)	1	7	2	8	6	1	10	6	7	6	7	2	5	16	4	3	7	3	3	5	6	8	6	3	2	6	9	2	6	3	6	7	4
SER-PRO-GLY (SPG)	73	95	45	59	83	52	55	76	55	58	104	55	165	249	85	66	120	50	63	89	71	82	95	83	128	137	54	89	130	46	23	62	68
TYR-TRP-ARG (YWR)	4	13	7	8	10	4	9	15	15	15	20	16	24	46	18	18	22	13	15	20	10	15	27	17	19	44	18	7	4	4	17	10	7
THR-ASN-ARG (TNR)	68	116	87	72	129	66	63	104	42	66	100	57	145	268	65	81	101	45	68	113	54	76	115	59	97	146	71	122	140	84	57	46	62
ARG-TRP-TRP (RWW)	6	5	2	3	6	2	2	4	10	15	16	16	11	19	28	4	5	1	1	11	1	9	4	6	3	7	6	3	0	2	2	2	0
ARG-TYR-TRP (RYW)	6	10	4	7	6	12	11	8	15	11	11	11	20	29	8	5	13	8	10	14	5	6	14	6	7	5	8	8	14	8	8	12	4
HIS-CYS-ARG (HCR)	1	7	4	4	8	5	3	8	2	6	4	5	5	16	4	5	10	3	7	23	2	7	8	2	6	5	5	4	2	2	3	3	0
GLY-PRO-PRO (GPP)	41	65	36	43	50	36	45	47	34	41	61	28	80	149	50	91	112	30	49	46	25	38	44	21	9	22	43	42	81	33	48	84	43
LEU-GLY-TRP (LGW)	27	30	22	24	26	15	21	30	21	27	30	20	46	82	31	29	38	17	33	34	27	31	52	31	46	48	13	8	13	23	17	2	5
