	-27	-26	-25	-24	-23	-22	-21	-20	-19	-18	-17	-16	-15	-14	-13	-12	-11	-10	-9	-8	-7	-6	-5	-4	-3	-2	-1	0	1	2	3	4	5
TRP-CYS (WC)	47	29	30	48	29	58	37	47	40	43	37	25	39	72	30	39	40	34	32	46	41	45	40	30	35	41	37	45	28	42	42	27	16
PRO-GLY (PG)	519	537	474	552	528	469	500	518	469	516	521	460	894	1020	544	707	648	524	602	593	437	577	576	549	697	616	555	587	775	481	471	509	429
MET-CYS (MC)	46	48	49	41	38	38	41	36	38	52	58	29	56	61	38	36	36	32	30	37	25	42	46	41	43	48	44	62	40	29	34	50	27
MET-HIS (MH)	70	92	61	78	67	58	70	84	53	59	70	67	61	96	57	83	83	79	76	85	65	74	45	47	55	64	62	88	56	49	42	99	63
PRO-ASP (PD)	583	595	564	624	647	550	673	600	591	662	722	550	894	874	647	778	748	594	581	618	529	652	582	682	786	649	604	612	630	412	649	596	702
TRP-TRP (WW)	41	55	34	40	52	33	41	48	36	56	48	31	42	62	44	49	46	45	44	59	33	42	64	37	60	61	64	66	43	51	54	26	28
ASN-ARG (NR)	647	605	585	528	612	460	586	566	539	692	654	502	753	813	599	638	669	529	649	619	545	621	619	556	654	613	552	677	806	569	711	763	486
TRP-HIS (WH)	29	38	33	29	28	25	35	34	29	46	19	27	23	39	25	37	30	27	27	36	21	26	29	23	18	30	52	54	14	28	22	23	24
GLY-GLY (GG)	1417	1448	1157	1446	1527	1218	1427	1487	1241	1424	1599	1252	1699	1805	1349	1518	1836	1285	1377	1570	1214	1381	1559	1161	1413	1818	1249	1061	1620	1158	1012	1150	1123
GLY-CYS (GC)	193	155	151	180	152	175	171	179	135	189	192	152	178	201	127	155	152	149	159	180	142	164	186	123	130	202	116	126	133	102	132	156	90
GLY-ASP (GD)	960	917	843	944	978	826	916	935	852	1024	996	778	988	1179	921	901	980	840	939	1034	894	964	979	893	954	1192	814	747	877	645	833	797	917
GLY-ILE (GI)	855	1000	785	998	950	783	953	853	802	962	1028	896	994	1155	884	907	986	760	947	1122	823	953	1052	820	923	1073	834	761	839	670	870	755	691
PRO-TYR (PY)	295	314	258	312	308	267	323	332	249	334	326	265	339	382	226	351	299	280	338	295	288	317	318	271	394	297	300	256	284	231	277	374	273
HIS-CYS (HC)	55	72	44	64	47	47	56	64	38	65	59	56	62	72	37	46	67	67	56	67	43	48	61	54	97	59	62	30	87	49	51	65	50
ALA-CYS (AC)	134	139	120	117	156	103	134	122	102	115	140	118	140	148	112	133	101	115	140	128	99	124	103	122	117	162	85	111	93	90	89	108	89
GLY-HIS (GH)	250	279	243	311	290	227	271	292	222	306	318	269	290	341	276	301	309	261	277	320	273	302	288	248	255	395	276	217	215	193	235	325	183
CYS-GLY (CG)	174	170	140	191	178	147	182	195	146	172	170	152	164	203	138	174	212	139	191	179	125	181	204	141	153	174	159	137	187	133	168	123	113
MET-TRP (MW)	40	46	35	46	42	27	30	39	31	26	40	38	71	48	33	31	32	30	35	41	36	41	38	28	44	36	34	58	43	41	46	45	36
GLY-TRP (GW)	179	161	107	143	149	113	141	151	130	137	157	127	144	169	123	149	138	134	135	156	112	133	145	115	151	206	128	122	131	130	154	98	93
CYS-ILE (CI)	164	165	149	179	149	134	144	164	138	191	195	134	148	185	128	159	137	146	182	175	115	152	186	130	145	133	131	149	149	95	253	136	123
ASP-PRO (DP)	515	582	507	582	544	522	615	586	529	609	574	525	630	693	547	581	647	527	661	713	472	558	564	494	581	601	506	727	558	688	539	584	431
MET-ALA (MA)	220	209	180	182	190	147	242	195	173	216	228	165	204	228	192	193	175	159	177	194	177	235	202	177	218	175	144	270	198	116	202	141	129
HIS-TRP (HW)	36	35	23	42	47	23	55	36	23	42	28	43	47	47	29	39	48	48	67	28	41	27	30	32	44	42	34	33	59	40	61	35	28
TYR-TRP (YW)	64	88	70	80	76	67	68	80	45	71	70	62	69	86	56	65	88	66	74	81	65	73	73	66	84	77	69	80	88	104	67	42	55
CYS-CYS (CC)	32	35	26	46	25	17	38	37	26	30	35	16	25	36	23	24	27	17	21	30	20	23	39	36	31	28	37	17	52	33	40	54	20
TRP-LEU (WL)	214	193	169	182	227	167	180	182	176	218	209	142	171	221	192	198	179	145	210	216	177	218	222	142	200	197	211	194	133	170	188	154	119
LYS-GLU (KE)	2550	2549	2256	2543	2570	2218	2473	2512	2283	2575	2609	2318	2738	3014	2402	2654	2633	2301	2519	2665	2227	2824	2664	2415	2609	2473	2204	2472	3008	1957	2805	2454	3104
HIS-PRO (HP)	321	297	243	319	273	268	274	266	222	271	282	237	332	335	273	291	344	231	289	287	238	221	281	259	288	253	295	290	319	291	321	340	257
GLY-GLU (GE)	1124	1126	961	1100	1023	974	1074	1070	950	1134	1073	968	1137	1260	963	1023	1094	983	1110	1129	966	1122	1154	1099	1152	1452	1021	887	1058	835	972	908	1117
TRP-GLN (WQ)	104	83	68	80	98	76	89	106	87	108	129	73	93	104	83	87	110	57	85	105	62	99	89	69	92	80	100	78	67	86	82	87	77
HIS-MET (HM)	60	96	61	71	54	60	63	62	61	53	50	51	58	73	66	52	60	47	78	59	44	67	78	44	67	50	57	67	80	43	101	50	48
GLY-ALA (GA)	984	987	839	940	927	901	920	939	814	1018	1095	909	988	1085	850	995	1040	802	1062	1015	891	1079	1026	756	977	1085	816	782	948	731	785	709	672
HIS-PHE (HF)	186	145	159	190	184	155	159	177	174	152	172	142	193	203	155	182	154	165	164	179	131	185	213	142	192	163	180	165	218	129	214	211	154
ARG-SER (RS)	823	803	702	814	752	706	787	815	721	911	827	787	902	934	723	899	847	726	794	883	795	915	797	730	820	856	684	772	959	598	926	734	543
GLY-PHE (GF)	683	596	578	625	629	537	652	624	537	680	696	541	539	690	554	575	626	538	587	723	592	630	648	567	548	777	555	496	496	531	470	605	388
TYR-ALA (YA)	471	473	441	503	502	365	477	515	393	489	493	371	466	540	464	479	475	402	465	443	424	520	528	420	568	498	398	452	681	348	485	373	368
ALA-ALA (AA)	1650	1687	1473	1636	1777	1378	1611	1554	1418	1548	1671	1303	1584	1738	1354	1539	1677	1462	1610	1637	1381	1708	1466	1351	1591	1570	1063	1481	1621	977	1362	1297	1178
GLY-THR (GT)	814	778	673	774	830	672	816	756	715	918	907	664	844	891	708	816	818	694	895	883	680	817	818	670	851	850	613	649	740	578	873	657	645
ARG-TYR (RY)	405	385	371	410	389	369	428	416	348	411	423	336	443	455	329	402	404	329	399	445	359	381	455	354	340	400	318	414	468	332	504	441	286
CYS-HIS (CH)	80	65	43	70	62	44	63	64	54	73	83	43	52	74	54	58	73	74	68	61	65	68	78	60	56	80	61	61	52	44	82	84	57
ASN-PRO (NP)	561	647	542	614	665	601	674	609	562	616	637	478	724	711	525	634	643	570	687	698	561	614	584	549	675	544	501	769	788	555	707	571	426
TRP-PRO (WP)	55	57	27	58	53	29	56	61	36	67	59	47	69	60	48	55	58	55	71	63	51	46	48	48	64	52	67	60	29	36	44	53	35
PRO-TRP (PW)	78	84	86	85	109	83	97	80	95	77	112	72	107	105	71	94	103	69	90	98	89	97	116	72	119	93	93	98	111	107	95	58	65
ASN-MET (NM)	240	226	213	206	249	200	203	258	225	231	173	175	225	254	191	214	202	210	193	245	208	244	246	200	237	220	209	248	283	184	311	220	155
PRO-GLU (PE)	929	973	851	986	922	839	929	1023	794	938	967	872	1141	1082	936	1057	875	898	915	885	843	975	890	903	1163	971	923	875	1054	636	952	860	1250
GLU-MET (EM)	368	345	304	353	352	330	365	359	316	337	349	345	338	398	320	414	337	322	389	366	327	327	350	334	360	369	273	330	325	423	422	362	236
GLY-TYR (GY)	517	511	459	516	528	445	516	537	410	603	559	481	573	580	516	486	552	504	534	561	541	509	600	430	503	644	511	442	470	389	424	520	362
GLY-VAL (GV)	915	943	846	922	926	781	913	948	810	959	968	823	1041	999	795	887	850	756	892	970	846	918	967	858	955	1071	954	811	805	641	758	645	661
ARG-ARG (RR)	883	986	776	967	962	759	940	976	810	1070	973	871	1056	1085	857	1071	998	836	999	1062	944	1030	1140	871	937	1081	820	844	1042	788	1242	1038	699
ARG-PRO (RP)	463	473	417	471	484	388	442	448	458	512	576	465	543	544	393	503	458	427	496	484	472	496	497	410	488	475	457	555	600	442	508	538	388
