	F0	F1	F2
0	22	15	22
1	1	2	0
2	149	160	171
3	101	141	121
4	33	42	37
5	31	26	35
6	8	10	9
7	24	34	24
8	23	26	30
9	4	7	8
10	43	35	26
11	82	64	75
12	69	48	43
13	616	625	638
14	1	1	2
15	362	374	343
16	0	0	0
17	0	1	1
18	77	87	72
19	21	24	15
20	18	17	17
21	12	18	25
22	0	0	0
23	0	0	0
24	7	2	4
25	6	17	13
26	5	5	6
27	193	159	178
28	6	11	3
29	5	5	4
30	0	1	1
31	28	34	22
32	30	26	20
33	40	71	44
34	9	3	5
35	3	6	4
36	10	9	12
37	150	176	152
38	16	11	8
39	1	7	8
40	9	6	11
41	162	190	164
42	3	6	5
43	37	53	32
44	13	10	4
45	14	12	14
46	12	12	11
47	37	26	19
48	6	10	7
49	90	99	73
50	83	85	50
51	1	3	0
52	83	103	91
53	29	29	20
54	36	18	19
55	5	3	5
56	0	0	0
57	131	123	130
58	109	121	112
59	11	8	3
60	10	5	3
61	2	1	0
62	18	9	9
63	16	12	10
64	16	18	20
65	13	13	11
66	15	16	10
67	133	132	99
68	4	2	0
69	1	3	2
70	0	0	0
71	15	23	20
72	61	70	58
73	7	11	9
74	9	14	4
75	2	10	2
76	59	49	54
77	0	0	1
78	10	5	5
79	56	43	31
80	7	11	4
81	15	13	20
82	26	30	41
83	16	14	16
84	27	27	23
85	285	281	253
86	8	10	7
87	48	45	28
88	214	198	191
89	5	5	5
90	7	5	9
91	64	67	55
92	25	22	11
93	32	23	28
94	53	47	47
95	6	6	14
96	12	12	10
97	70	78	59
98	55	45	36
99	16	18	13
100	3	4	1
101	177	174	115
102	43	40	39
103	70	51	50
104	8	3	3
105	25	17	18
106	64	87	55
107	13	7	7
108	0	0	0
109	8	12	12
110	3	3	1
111	7	5	5
112	0	0	0
113	2	0	4
114	28	35	22
115	0	0	0
116	14	9	9
117	2	0	2
118	13	10	6
119	31	15	27
120	183	155	138
121	14	16	20
122	3	2	0
123	326	326	320
124	42	43	28
125	127	93	98
126	11	12	5
127	33	26	26
128	4	8	4
129	21	19	25
130	0	1	1
131	33	31	9
132	26	26	10
133	48	30	25
134	176	212	140
135	51	54	68
136	1	0	2
137	8	7	8
138	99	88	85
139	7	4	6
140	20	15	11
141	150	135	113
142	20	14	11
143	8	15	11
144	246	279	264
145	65	54	42
146	1	0	1
147	0	0	0
148	8	15	8
149	269	294	183
150	17	8	20
151	23	25	23
152	29	20	20
153	21	34	30
154	211	222	168
155	71	57	30
156	1	1	0
157	1	3	2
158	5	3	3
159	2	3	1
160	12	18	8
161	236	217	169
162	41	46	73
163	1	2	4
164	18	12	11
165	1	0	0
166	0	1	1
167	23	23	21
168	40	41	29
169	17	25	25
170	5	5	5
171	20	21	15
172	9	9	6
173	22	27	27
174	158	168	139
175	0	2	0
176	30	18	14
177	3	1	2
178	0	0	0
179	10	10	7
180	0	0	0
181	5	8	5
182	1	4	3
183	4	3	1
184	3	2	2
185	27	25	13
186	15	21	18
187	48	32	21
188	0	0	0
189	3	5	1
190	13	8	14
191	6	4	3
192	4	3	2
193	76	62	52
194	3	3	3
195	3	3	3
196	1	1	2
197	0	0	0
198	2	3	6
199	18	26	18
200	0	2	1
201	219	206	166
202	2	2	1
203	103	107	93
204	46	54	56
205	8	8	4
206	15	22	10
207	0	0	0
208	54	40	37
209	10	11	11
210	5	2	2
211	1	3	5
212	11	11	12
213	87	69	84
214	118	124	85
215	1	2	0
216	53	67	52
217	4	1	1
218	32	40	31
219	21	14	10
220	12	20	7
221	342	331	330
222	103	81	74
223	30	15	15
224	62	67	61
225	384	422	334
226	6	5	5
227	23	10	14
228	22	22	20
229	12	15	6
230	8	13	10
231	0	0	0
232	34	39	42
233	0	0	0
234	0	0	0
235	4	12	7
236	1	17	6
237	38	61	45
238	13	10	9
239	1	2	1
240	12	8	15
241	13	14	8
242	18	15	9
243	1	0	1
244	4	4	3
245	0	0	0
246	0	1	2
247	51	70	45
248	18	19	9
249	0	1	0
250	10	14	8
251	25	38	35
252	44	9	19
253	5	6	3
254	20	27	15
255	50	73	54
256	0	0	1
257	70	53	38
258	49	34	30
259	25	25	15
260	9	10	4
261	21	21	14
262	29	29	30
263	10	12	7
264	33	33	44
265	8	6	13
266	19	23	12
267	18	22	10
268	16	14	32
269	5	11	7
270	4	6	5
271	1	1	0
272	30	24	24
273	1	2	1
274	4	4	3
275	11	7	13
276	5	3	1
277	85	66	70
278	460	452	427
279	130	124	100
280	2	2	2
281	11	9	10
282	110	116	108
283	70	78	52
284	26	35	24
285	216	240	235
286	67	64	66
287	51	59	71
288	32	32	28
289	44	56	50
290	2	1	4
291	7	9	11
292	24	30	27
293	6	1	3
294	2	2	2
295	209	210	171
296	9	11	13
297	110	109	83
298	108	108	115
299	38	29	36
300	1	2	3
301	21	17	23
302	20	18	11
303	0	0	2
304	64	64	50
305	109	98	64
306	32	19	24
307	17	12	11
308	2	1	3
309	4	7	3
310	39	39	28
311	115	113	123
312	345	328	287
313	1049	1113	1062
314	38	27	36
315	6	11	6
316	9	14	5
317	85	89	47
318	6	5	1
319	6	11	9
320	28	27	19
321	19	13	14
322	0	0	0
323	10	22	17
324	8	6	0
325	23	25	28
326	2	7	7
327	134	113	97
328	13	11	9
329	8	6	8
330	9	13	10
331	14	27	24
332	0	0	0
333	7	9	12
334	2	2	1
335	56	42	43
336	23	27	15
337	11	14	18
338	44	34	35
339	2	3	0
340	10	9	9
341	47	30	37
342	14	8	13
343	149	146	112
344	9	5	8
345	18	11	13
346	12	6	8
347	1	0	3
348	25	28	26
349	36	34	31
350	33	33	28
351	1702	1782	2031
352	18	29	11
353	7	6	2
354	1	3	3
355	17	5	14
356	32	23	14
357	87	80	47
358	1	3	2
359	0	0	0
360	0	0	0
361	1	0	1
362	402	428	243
363	5	8	5
364	27	26	35
365	47	42	45
366	0	1	0
367	48	49	42
368	3	3	3
369	10	10	13
370	17	23	13
371	4	2	0
372	1	0	1
373	1	3	3
374	172	176	212
375	0	0	0
376	1	2	0
377	2	7	9
378	4	5	3
379	68	40	30
380	18	29	28
381	1	0	0
382	130	147	102
383	340	331	257
384	2	3	1
385	0	2	0
386	16	12	16
387	111	97	115
388	86	103	68
389	11	6	2
390	150	139	109
391	175	201	178
392	2	2	1
393	66	59	56
394	96	102	76
395	156	151	98
396	0	0	0
397	9	18	5
398	93	83	87
399	337	357	416
400	1	0	1
401	7	6	9
402	149	145	80
403	4	3	0
404	10	6	5
405	9	13	10
406	8	6	7
407	16	15	14
408	580	555	432
409	63	57	42
410	12	12	9
411	59	72	60
412	3	1	0
413	0	0	0
414	7	16	9
415	0	0	0
416	5	1	4
417	26	22	11
418	49	58	46
419	3	3	0
420	4	4	3
421	12	15	10
422	19	16	15
423	13	12	13
424	1	1	1
425	3	7	2
426	9	5	1
427	8	7	7
428	2	2	1
429	32	44	42
430	105	109	119
431	455	452	415
432	28	26	15
433	19	11	18
434	0	0	0
435	23	17	18
436	30	38	31
437	44	59	36
438	0	0	0
439	6	7	6
440	12	15	10
441	3	2	1
442	69	69	50
443	2	1	3
444	0	0	2
445	22	13	20
446	75	73	45
447	88	87	58
448	26	29	15
449	0	0	0
450	15	25	14
451	2	4	2
452	69	74	54
453	0	6	2
454	41	45	28
455	5	0	0
456	17	13	15
457	170	144	118
458	4	10	8
459	1	0	0
460	0	0	0
461	0	0	0
462	85	87	58
463	51	58	28
464	1051	1156	1085
465	19	11	8
466	43	50	34
467	157	152	135
468	1	4	0
469	5	4	6
470	4	9	3
471	92	77	77
472	197	185	163
473	5	6	9
474	1	0	0
475	16	11	23
476	0	0	0
477	23	23	24
478	7	2	2
479	2	2	1
480	0	0	0
481	5	1	1
482	43	40	48
483	3	6	4
484	3	2	3
485	32	23	30
486	55	54	52
487	1	3	1
488	13	11	12
489	45	78	63
490	0	1	0
491	16	10	13
492	70	55	53
493	2	8	2
494	112	113	99
495	41	34	51
496	7	2	3
497	0	5	0
498	17	12	21
499	2	3	2
500	21	23	19
501	7	2	11
502	64	50	23
503	33	37	23
504	17	8	11
505	9	11	8
506	3	3	2
507	153	124	77
508	0	1	0
509	0	0	0
510	31	27	16
511	11	4	8
512	1	1	1
513	27	9	11
514	178	170	139
515	12	12	11
516	5	1	0
517	16	5	9
518	14	14	10
519	5	6	7
520	6	2	4
521	21	22	20
522	0	0	0
523	64	75	90
524	87	69	49
525	6	1	3
526	47	46	24
527	8	10	11
528	7	2	6
529	0	0	0
530	0	1	1
531	0	1	1
532	88	68	63
533	2	6	2
534	91	82	78
535	0	0	0
536	4	11	2
537	29	31	23
538	2	1	2
539	4	3	3
540	6	5	4
541	6	3	5
542	0	0	0
543	4	1	0
544	88	73	88
545	1	0	2
546	1	0	0
547	26	23	18
548	0	1	0
549	27	28	22
550	32	35	24
551	1	2	2
552	12	12	12
553	166	150	130
554	15	8	7
555	6	5	5
556	0	0	0
557	9	9	11
558	2	0	5
559	0	0	0
560	17	24	18
561	7	8	9
562	5	8	9
563	9	15	10
564	2	6	11
565	136	121	120
566	19	10	11
567	13	12	9
568	34	22	19
569	453	474	454
570	21	8	11
571	1	3	1
572	70	64	53
573	0	0	0
574	0	0	0
575	140	190	108
576	5	0	1
577	15	11	8
578	7	23	4
579	0	0	0
580	30	34	28
581	53	52	41
582	0	0	0
583	26	24	10
584	1	0	0
585	86	83	63
586	2	1	1
587	57	75	48
588	19	11	7
589	0	0	0
590	1	2	0
591	7	3	4
592	30	36	23
593	54	50	37
594	34	32	33
595	0	0	1
596	24	32	25
597	1068	960	940
598	52	60	67
599	92	94	79
600	15	17	10
601	6	8	3
602	3	8	5
603	42	51	37
604	360	338	236
605	44	27	21
606	147	166	149
607	31	17	12
608	0	2	1
609	1667	1695	1493
610	33	28	45
611	107	131	94
612	0	0	0
613	0	0	1
614	26	48	28
615	0	1	1
616	5	3	17
617	12	18	9
618	28	26	27
619	8	9	10
620	6	12	5
621	16	13	11
622	2	3	1
623	11	8	8
624	25	31	12
625	67	65	65
626	0	1	3
627	42	43	31
628	24	19	12
629	8	10	7
630	18	30	19
631	20	17	9
632	77	88	51
633	1	1	2
634	40	28	22
635	0	0	0
636	0	0	1
637	0	0	0
638	260	276	264
639	25	25	20
640	64	56	55
641	6	11	7
642	132	111	120
643	7	5	9
644	211	202	198
645	5	8	1
646	7	5	3
647	38	39	28
648	18	13	8
649	29	33	17
650	8	12	2
651	0	0	0
652	43	50	50
653	1	4	2
654	38	62	50
655	0	2	0
656	39	48	37
657	18	9	7
658	296	276	200
659	28	29	11
660	135	130	110
661	102	109	103
662	3	3	0
663	0	1	0
664	11	13	11
665	3	2	4
666	35	24	20
667	14	16	11
668	33	29	20
669	0	1	2
670	2	2	0
671	32	31	24
672	6	5	6
673	17	24	19
674	9	9	11
675	2	1	0
676	0	1	1
677	124	110	112
678	1	1	3
679	34	26	34
680	21	18	10
681	60	49	52
682	8	7	13
683	115	113	109
684	13	9	16
685	3	2	6
686	0	0	0
687	29	37	30
688	4	7	1
689	26	42	18
690	0	0	0
691	22	19	16
692	346	325	288
693	13	18	10
694	40	56	51
695	0	0	0
696	40	57	43
697	1	0	0
698	6	7	5
699	9	11	13
700	0	0	0
701	23	20	14
702	7	9	7
703	3	1	2
704	0	0	0
705	11	14	8
706	14	11	7
707	0	0	0
708	13	10	9
709	0	0	0
710	23	29	32
711	24	29	20
712	18	10	9
713	75	94	95
714	68	93	58
715	76	103	58
716	16	8	7
717	15	13	7
718	7	2	2
719	9	12	5
720	10	3	4
721	10	18	7
722	1	1	1
723	204	175	179
724	9	14	7
725	67	65	57
726	9	4	6
727	31	32	29
728	40	22	19
729	10	9	3
730	44	41	35
731	45	42	59
732	197	187	125
733	4	6	7
734	3	2	1
735	61	82	53
736	22	24	19
737	58	50	65
738	8	9	6
739	0	0	0
740	152	125	125
741	10	4	3
742	6	10	6
743	42	37	48
744	486	531	508
745	11	25	23
746	134	118	93
747	47	50	35
748	7	2	7
749	1	5	3
750	0	1	1
751	84	74	64
752	0	0	2
753	230	188	218
754	4	5	1
755	5	3	3
756	176	147	146
757	45	55	35
758	6	5	7
759	6	7	3
760	7	8	9
761	61	65	42
762	304	322	210
763	64	62	45
764	24	23	16
765	64	68	111
766	3	1	5
767	1	3	2
768	0	0	0
769	108	153	96
770	23	25	21
771	448	518	486
772	19	15	10
773	8	5	6
774	3	3	4
775	38	47	38
776	17	10	6
777	1	1	2
778	16	18	12
779	12	19	14
780	23	27	37
781	5	9	2
782	14	13	7
783	122	130	124
784	12	11	11
785	4	3	7
786	0	0	0
787	22	15	10
788	38	52	66
789	23	27	15
790	10	10	11
791	26	25	24
792	37	28	28
793	192	169	170
794	30	29	29
795	16	13	10
796	7	19	14
797	2	2	4
798	5	2	5
799	8	6	2
800	30	30	21
801	30	28	27
802	5	6	4
803	464	395	291
804	52	69	45
805	15	13	16
806	66	61	44
807	5	0	0
808	18	16	17
809	0	1	2
810	13	14	15
811	5	7	5
812	26	34	22
813	76	80	68
814	3	1	2
815	0	0	0
816	0	0	0
817	8	4	0
818	7	15	8
819	366	315	281
820	11	12	12
821	3	0	2
822	5	4	5
823	5	5	3
824	86	97	77
825	8	12	7
826	36	30	25
827	83	71	61
828	40	35	31
829	74	66	46
830	16	17	10
831	71	75	52
832	12	9	7
833	31	39	27
834	96	162	50
835	5	5	3
836	28	18	22
837	94	100	73
838	47	46	34
839	9	2	5
840	7	8	4
841	11	2	2
842	16	6	5
843	9	11	5
844	0	0	0
845	1	2	0
846	85	77	58
847	6	8	5
848	34	27	24
849	3	4	2
850	6	15	15
851	2	2	3
852	2	2	2
853	0	1	0
854	4	4	1
855	14	7	6
856	2	0	3
857	44	61	40
858	0	3	1
859	0	0	0
860	1	4	0
861	0	3	3
862	8	9	11
863	4	2	12
864	35	32	36
865	76	62	42
866	39	49	28
867	12	12	6
868	24	16	8
869	0	0	0
870	0	0	0
871	28	29	14
872	3	1	2
873	39	53	27
874	43	47	39
875	8	8	11
876	1	0	0
877	69	109	69
878	0	0	0
879	44	38	36
880	11	9	3
881	4	4	1
882	71	68	43
883	4	11	2
884	3	8	8
885	0	0	0
886	0	0	0
887	1	3	3
888	9	11	8
889	2	6	5
890	92	75	60
891	53	71	68
892	3	3	3
893	37	61	45
894	3	1	3
895	40	45	45
896	2	2	2
897	0	0	0
898	67	81	64
899	16	24	23
900	15	11	8
901	1	1	0
902	5	9	7
903	7	9	5
904	2	2	2
905	9	6	1
906	21	20	9
907	11	19	15
908	26	38	11
909	0	0	0
910	46	70	43
911	10	4	9
912	28	31	26
913	79	67	64
914	30	32	30
915	4	6	2
916	1	1	0
917	6	4	4
918	32	18	29
919	0	0	0
920	0	0	0
921	3	2	2
922	15	17	8
923	23	26	14
924	1	4	6
925	14	10	11
926	13	10	10
927	44	62	40
928	32	35	16
929	67	51	46
930	14	19	22
931	0	0	0
932	0	0	0
933	28	19	17
934	10	16	24
935	79	85	53
936	22	17	26
937	3	1	1
938	98	91	58
939	6	3	8
940	0	0	0
941	54	67	68
942	0	0	0
943	2	1	3
944	17	24	17
945	23	16	13
946	100	80	67
947	51	38	30
948	115	96	64
949	0	1	0
950	8	8	13
951	385	398	355
952	11	8	9
953	12	13	26
954	0	0	0
955	8	11	10
956	0	3	3
957	1	1	1
958	3	0	5
959	0	1	1
960	76	84	88
961	69	90	60
962	54	48	42
963	153	125	151
964	16	14	12
965	1	0	1
966	14	5	14
967	0	0	0
968	138	119	114
969	35	40	34
970	4	6	8
971	15	10	11
972	226	201	253
973	30	15	25
974	0	1	4
975	0	0	0
976	1	2	2
977	11	10	25
978	85	74	76
979	1	0	1
980	2	2	1
981	0	0	0
982	10	12	5
983	53	47	30
984	1171	1086	972
985	10	11	11
986	54	62	48
987	105	63	51
988	20	22	11
989	491	512	432
990	204	207	238
991	7	15	6
992	3	11	8
993	4	1	1
994	28	17	15
995	11	9	6
996	9	17	4
997	13	7	9
998	12	14	9
999	2	2	2
1000	13	6	6
1001	128	157	138
1002	5	4	6
1003	0	0	0
1004	6	6	5
1005	2	5	1
1006	59	61	56
1007	0	0	0
1008	7	19	16
1009	170	133	120
1010	15	11	14
1011	10	5	5
1012	30	29	23
1013	7	3	3
1014	5	9	5
1015	25	20	28
1016	384	349	279
1017	23	15	12
1018	458	469	431
1019	0	0	0
1020	22	17	15
1021	211	222	185
1022	6	7	8
1023	0	0	0
1024	46	32	43
1025	21	37	20
1026	1	2	0
1027	150	137	112
1028	19	22	27
1029	13	8	9
1030	16	9	6
1031	6	1	5
1032	16	15	18
1033	41	42	42
1034	4	3	1
1035	9	4	3
1036	5	8	10
1037	4	2	4
1038	15	12	6
1039	10	11	3
1040	188	193	151
1041	36	29	17
1042	74	58	66
1043	2	3	0
1044	10	11	5
1045	9	11	5
1046	0	0	0
1047	4	2	2
1048	9	15	13
1049	0	1	0
1050	11	10	8
1051	33	30	31
1052	0	0	0
1053	23	22	24
1054	0	0	0
1055	43	28	47
1056	67	60	51
1057	14	15	20
1058	26	16	14
1059	0	0	0
1060	698	686	552
1061	4	13	4
1062	1345	1426	1060
1063	29	39	18
1064	309	300	276
1065	43	58	50
1066	4	3	3
1067	5	9	6
1068	0	0	0
1069	16	11	9
1070	3	6	4
1071	22	11	13
1072	0	0	0
1073	95	96	94
1074	66	68	71
1075	6	10	3
1076	4	8	5
1077	1	2	2
1078	170	146	137
1079	10	6	4
1080	2	5	3
1081	0	0	0
1082	0	0	0
1083	8	4	6
1084	54	71	61
1085	27	39	32
1086	15	18	9
1087	4	7	2
1088	9	11	4
1089	0	0	1
1090	0	0	0
1091	5	8	10
1092	166	194	111
1093	26	18	17
1094	6	4	2
1095	14	14	14
1096	213	256	166
1097	0	1	4
1098	5	7	8
1099	16	14	19
1100	5	0	1
1101	91	114	111
1102	103	96	100
1103	17	22	15
1104	2	3	1
1105	104	76	60
1106	7	1	4
1107	157	148	141
1108	80	68	67
1109	5	1	3
1110	0	2	0
1111	0	0	0
1112	35	16	14
1113	6	9	4
1114	6	7	2
1115	0	1	0
1116	16	24	18
1117	9	4	3
1118	0	0	0
1119	152	144	141
1120	0	0	2
1121	3	4	3
1122	1	1	3
1123	0	0	0
1124	5	5	6
1125	0	0	0
1126	16	27	28
1127	8	5	5
1128	0	0	1
1129	0	0	0
1130	7	10	2
1131	3	6	1
1132	2	3	2
1133	4	2	2
1134	9	11	17
1135	31	26	26
1136	36	32	20
1137	422	350	237
1138	3	8	2
1139	14	8	8
1140	15	15	12
1141	1	1	0
1142	1	2	2
1143	21	15	7
1144	53	54	54
1145	26	27	24
1146	0	0	0
1147	39	31	28
1148	72	56	58
1149	17	15	12
1150	0	1	2
1151	73	88	55
1152	429	404	407
1153	4	2	3
1154	56	61	34
1155	15	20	15
1156	7	2	3
1157	175	191	128
1158	1	0	0
1159	0	0	3
1160	44	55	57
1161	29	26	32
1162	20	17	18
1163	24	25	16
1164	6	9	6
1165	94	75	54
1166	0	0	0
1167	5	3	1
1168	4	5	7
1169	3	3	1
1170	173	157	146
1171	15	10	7
1172	586	544	555
1173	5	8	8
1174	2	1	1
1175	1	1	1
1176	118	73	79
1177	20	27	21
1178	77	70	67
1179	0	0	0
1180	1	2	1
1181	30	26	16
1182	0	0	0
1183	11	10	6
1184	31	21	19
1185	3	5	4
1186	233	243	209
1187	924	871	842
1188	10	9	4
1189	14	11	10
1190	2	7	3
1191	3	9	10
1192	25	17	20
1193	61	56	38
1194	1	1	0
1195	0	0	0
1196	1	7	7
1197	0	0	0
1198	0	1	2
1199	1	8	4
1200	0	0	0
1201	3	0	1
1202	0	1	1
1203	0	0	0
1204	17	21	17
1205	157	193	128
1206	19	21	17
1207	77	71	68
1208	8	3	11
1209	93	89	76
1210	136	141	139
1211	77	77	69
1212	5	7	10
1213	0	0	0
1214	0	0	0
1215	192	158	115
1216	33	21	30
1217	28	40	24
1218	20	13	29
1219	0	0	0
1220	46	43	24
1221	0	1	0
1222	1	0	5
1223	6	7	5
1224	34	38	29
1225	5	2	2
1226	23	17	13
1227	25	18	25
1228	2	0	3
1229	23	15	22
1230	0	0	0
1231	395	380	342
1232	8	7	7
1233	24	27	24
1234	18	18	27
1235	41	60	27
1236	10	18	8
1237	30	35	35
1238	17	13	10
1239	11	9	7
1240	12	6	11
1241	0	0	0
1242	167	202	154
1243	0	0	0
1244	0	0	0
1245	0	1	0
1246	1	1	3
1247	351	350	362
1248	1	7	1
1249	10	4	4
1250	14	24	16
1251	38	30	19
1252	28	23	19
1253	11	8	6
1254	12	9	9
1255	31	40	28
1256	0	0	0
1257	4	2	3
1258	6	2	4
1259	532	523	441
1260	8	7	6
1261	13	10	6
1262	3	4	4
1263	9	9	6
1264	2	0	1
1265	155	151	135
1266	39	43	24
1267	33	32	28
1268	2	3	1
1269	596	547	448
1270	14	13	7
1271	13	9	6
1272	8	6	5
1273	32	19	10
1274	8	4	3
1275	214	247	211
1276	5	1	3
1277	0	2	0
1278	257	266	169
1279	20	20	21
1280	35	36	39
1281	35	26	19
1282	0	0	0
1283	78	93	58
1284	5	3	2
1285	22	29	25
1286	21	30	30
1287	13	18	14
1288	57	39	32
1289	41	28	24
1290	18	10	18
1291	2	1	0
1292	10	6	8
1293	107	78	60
1294	6	4	6
1295	1	0	0
1296	10	15	14
1297	0	1	0
1298	0	0	0
1299	0	1	0
1300	7	8	10
1301	31	19	19
1302	48	55	38
1303	114	111	93
1304	11	17	17
1305	12	15	13
1306	128	147	151
1307	10	23	17
1308	27	27	20
1309	487	484	446
1310	14	26	17
1311	31	23	25
1312	28	29	27
1313	0	1	1
1314	0	0	0
1315	4	2	3
1316	38	37	31
1317	12	12	18
1318	73	68	46
1319	145	127	132
1320	29	24	14
1321	686	659	704
1322	1	1	1
1323	345	321	329
1324	527	513	498
1325	16	24	11
1326	4	7	2
1327	9	7	5
1328	13	10	13
1329	312	349	279
1330	29	33	31
1331	38	34	38
1332	14	7	6
1333	21	13	10
1334	8	13	15
1335	14	15	20
1336	18	20	16
1337	5	6	6
1338	24	33	25
1339	22	25	24
1340	39	58	89
1341	32	33	30
1342	9	5	3
1343	8	8	3
1344	11	2	11
1345	141	148	115
1346	69	57	68
1347	6	6	21
1348	1	0	0
1349	0	1	0
1350	1	0	0
1351	1	3	0
1352	0	0	0
1353	42	71	73
1354	92	97	63
1355	0	0	0
1356	75	77	62
1357	640	651	543
1358	5	4	4
1359	6	6	3
1360	6	5	4
1361	2	2	3
1362	56	47	39
1363	269	301	196
1364	8	8	2
1365	12	8	6
1366	18	22	16
1367	0	0	2
1368	60	69	69
1369	11	24	21
1370	76	42	63
1371	55	54	43
1372	19	17	10
1373	0	0	0
1374	0	0	0
1375	116	111	86
1376	1	3	0
1377	4	5	0
1378	23	28	19
1379	115	99	84
1380	0	0	0
1381	2	2	1
1382	40	36	31
1383	11	5	9
1384	39	25	25
1385	24	29	20
1386	13	15	20
1387	121	87	102
1388	9	7	5
1389	38	28	25
1390	373	369	260
1391	3	3	1
1392	235	254	194
1393	7	3	2
1394	27	10	9
1395	0	0	0
1396	74	58	56
1397	0	0	0
1398	46	35	33
1399	4	5	2
1400	0	0	0
1401	15	17	15
1402	12	5	4
1403	0	0	0
1404	0	0	0
1405	18	29	11
1406	4	3	7
1407	13	16	6
1408	10	17	9
1409	5	3	3
1410	6	3	8
1411	0	2	3
1412	0	0	0
1413	41	48	26
1414	3	2	2
1415	0	0	0
1416	3	2	2
1417	60	36	40
1418	158	215	158
1419	20	21	15
1420	53	55	40
1421	10	14	9
1422	0	2	1
1423	0	0	0
1424	1	0	0
1425	2	1	1
1426	4	4	9
1427	11	15	8
1428	1	2	1
1429	9	7	1
1430	116	100	104
1431	25	17	15
1432	38	29	23
1433	0	0	0
1434	3	5	5
1435	17	18	17
1436	0	4	2
1437	0	0	0
1438	0	0	0
1439	0	0	0
1440	23	17	18
1441	0	1	1
1442	6	5	6
1443	11	9	8
1444	31	25	15
1445	49	52	49
1446	28	19	25
1447	1	1	1
1448	11	12	12
1449	0	0	1
1450	0	0	0
1451	2	0	1
1452	18	33	18
1453	9	8	4
1454	41	19	28
1455	178	187	164
1456	40	31	31
1457	0	0	0
1458	22	33	24
1459	6	4	7
1460	22	8	15
1461	1	0	0
1462	12	7	9
1463	114	96	101
1464	7	12	8
1465	40	35	40
1466	1	3	1
1467	37	41	36
1468	5	6	5
1469	11	12	8
1470	56	67	69
1471	29	27	22
1472	42	34	15
1473	11	20	21
1474	2	1	4
1475	24	23	18
1476	23	18	9
1477	35	29	30
1478	305	303	231
1479	18	18	12
1480	52	56	42
1481	80	92	57
1482	45	49	38
1483	29	38	24
1484	21	18	16
1485	4	5	1
1486	2	1	2
1487	0	0	0
1488	56	54	38
1489	271	305	328
1490	9	8	6
1491	0	0	0
1492	4	7	7
1493	3	2	1
1494	22	15	14
1495	0	0	0
1496	59	74	47
1497	19	28	24
1498	0	1	0
1499	11	12	10
1500	6	15	8
1501	39	41	37
1502	359	307	250
1503	24	15	11
1504	9	13	8
1505	127	109	94
1506	0	0	0
1507	0	1	0
1508	36	32	42
1509	43	53	49
1510	8	10	15
1511	37	24	21
1512	1	1	1
1513	10	11	13
1514	2	5	3
1515	7	25	17
1516	4	1	0
1517	2	1	1
1518	465	477	371
1519	0	0	0
1520	43	46	25
1521	15	27	18
1522	13	13	7
1523	102	84	58
1524	0	0	1
1525	8	1	2
1526	2	1	4
1527	82	86	61
1528	81	77	64
1529	3	2	2
1530	51	52	46
1531	99	100	51
1532	16	19	17
1533	24	13	6
1534	9	9	2
1535	134	142	106
1536	17	16	11
1537	0	2	1
1538	17	12	11
1539	32	31	26
1540	122	117	82
1541	72	64	52
1542	0	1	0
1543	0	0	0
1544	93	111	62
1545	396	376	350
1546	0	0	0
1547	31	30	27
1548	0	0	0
1549	0	0	0
1550	133	131	123
1551	210	202	182
1552	53	63	41
1553	9	5	4
1554	13	8	6
1555	17	27	20
1556	99	102	72
1557	0	1	0
1558	0	1	0
1559	20	14	10
1560	38	28	13
1561	28	28	36
1562	14	14	10
1563	19	17	18
1564	1	0	1
1565	19	34	33
1566	94	93	75
1567	21	19	16
1568	0	0	0
1569	36	44	29
1570	35	47	24
1571	0	4	0
1572	33	42	31
1573	71	84	77
1574	0	0	1
1575	2	4	3
1576	17	11	13
1577	111	110	109
1578	34	34	24
1579	15	16	12
1580	190	204	179
1581	20	23	27
1582	0	0	0
1583	49	51	40
1584	187	211	167
1585	24	15	19
1586	9	11	7
1587	0	0	0
1588	904	953	889
1589	0	0	0
1590	0	0	0
1591	2	4	1
1592	8	5	6
1593	0	0	1
1594	1	0	0
1595	2	6	2
1596	10	10	9
1597	4	4	7
1598	4	4	5
1599	0	0	0
1600	12	9	14
1601	14	22	13
1602	11	8	3
1603	43	32	29
1604	55	54	63
1605	28	27	28
1606	25	27	23
1607	0	0	0
1608	175	155	146
1609	66	69	72
1610	0	2	2
1611	0	0	0
1612	1	2	1
1613	4	8	6
1614	8	11	3
1615	46	34	38
1616	8	7	4
1617	0	0	0
1618	15	16	11
1619	12	5	14
1620	8	4	5
1621	36	25	24
1622	3	4	1
1623	0	0	0
1624	0	0	3
1625	83	103	88
1626	9	8	7
1627	0	0	0
1628	6	2	5
1629	618	589	568
1630	16	14	21
1631	19	27	39
1632	105	74	74
1633	33	32	25
1634	16	14	11
1635	11	11	3
1636	1	1	0
1637	21	17	20
1638	48	36	26
1639	2	3	0
1640	28	31	30
1641	28	30	27
1642	751	768	825
1643	1	1	1
1644	0	0	0
1645	11	4	7
1646	20	23	22
1647	1	0	1
1648	70	84	68
1649	0	1	1
1650	910	937	793
1651	22	30	18
1652	2	0	2
1653	54	47	35
1654	14	18	14
1655	154	140	95
1656	0	3	5
1657	1	4	1
1658	76	76	69
1659	54	54	51
1660	1	0	1
1661	8	16	5
1662	17	16	21
1663	22	26	15
1664	16	10	14
1665	13	11	6
1666	0	0	0
1667	59	69	69
1668	3	4	3
1669	142	129	127
1670	109	105	109
1671	8	9	8
1672	29	23	18
1673	9	16	6
1674	16	4	5
1675	2	2	1
1676	18	29	16
1677	69	77	57
1678	42	43	27
1679	5	10	3
1680	95	103	78
1681	19	14	17
1682	21	19	13
1683	18	25	13
1684	91	68	57
1685	54	76	66
1686	2	3	2
1687	3	1	0
1688	1	6	6
1689	2	2	2
1690	0	3	1
1691	0	0	0
1692	0	1	3
1693	0	0	0
1694	0	2	1
1695	5	9	8
1696	3	4	2
1697	0	0	0
1698	0	0	0
1699	2	4	4
1700	47	42	25
1701	16	13	17
1702	172	183	130
1703	2	8	6
1704	140	136	129
1705	174	168	133
1706	334	348	330
1707	50	51	41
1708	3	4	1
1709	11	17	12
1710	1	4	1
1711	0	1	0
1712	66	88	59
1713	20	16	14
1714	27	22	17
1715	73	45	35
1716	112	105	104
1717	20	29	31
1718	707	614	611
1719	2	6	2
1720	10	10	8
1721	74	64	48
1722	0	0	0
1723	0	0	0
1724	6	7	3
1725	26	18	33
1726	7	10	5
1727	60	50	60
1728	19	26	24
1729	1595	1592	1445
1730	0	0	0
1731	15	11	9
1732	1	2	0
1733	230	196	186
1734	63	45	39
1735	89	64	99
1736	0	5	3
1737	5	9	10
1738	17	12	17
1739	13	16	23
1740	9	10	8
1741	615	557	418
1742	0	0	0
1743	16	19	8
1744	5	3	7
1745	3	4	4
1746	33	19	23
1747	6	6	6
1748	7	5	7
1749	1	4	1
1750	1	4	1
1751	35	22	21
1752	141	167	146
1753	28	36	26
1754	3	6	4
1755	0	0	0
1756	23	23	19
1757	40	38	26
1758	17	16	16
1759	25	27	25
1760	0	1	0
1761	44	41	61
1762	3	2	2
1763	3	1	0
1764	0	0	0
1765	0	0	0
1766	0	1	0
1767	0	2	1
1768	0	0	0
1769	0	1	2
1770	191	176	133
1771	237	256	252
1772	14	7	7
1773	16	16	12
1774	31	32	15
1775	17	17	8
1776	97	113	103
1777	2	3	4
1778	396	413	399
1779	33	43	49
1780	20	31	40
1781	344	293	252
1782	570	618	598
1783	11	17	12
1784	87	100	82
1785	13	19	19
1786	0	0	0
1787	87	116	62
1788	93	93	64
1789	16	24	14
1790	10	8	6
1791	1	5	4
1792	7	5	4
1793	0	1	1
1794	2	1	7
1795	16	24	18
1796	411	425	273
1797	1502	1390	1100
1798	20	31	19
1799	3	5	2
1800	4	3	2
1801	15	11	14
1802	10	4	1
1803	155	100	104
1804	32	28	21
1805	696	810	625
1806	3	6	4
1807	71	51	33
1808	21	14	10
1809	103	96	100
1810	12	16	3
1811	0	1	1
1812	12	13	13
1813	2	1	2
1814	18	16	8
1815	19	12	10
1816	4	4	8
1817	11	9	4
1818	19	12	15
1819	0	0	0
1820	3	2	2
1821	3	3	4
1822	146	154	125
1823	198	187	196
1824	34	43	41
1825	0	0	0
1826	11	16	8
1827	22	8	16
1828	125	118	94
1829	1	3	6
1830	22	16	13
1831	9	7	4
1832	13	14	13
1833	2	2	0
1834	31	33	37
1835	157	118	82
1836	6	12	6
1837	78	88	74
1838	49	59	45
1839	13	8	4
1840	7	5	7
1841	49	46	38
1842	36	33	20
1843	78	48	40
1844	32	37	27
1845	6	8	8
1846	1	0	0
1847	79	85	71
1848	21	21	13
1849	3	2	1
1850	1	2	3
1851	178	169	153
1852	14	15	15
1853	4	4	4
1854	242	265	208
1855	17	9	15
1856	1	2	0
1857	3	3	1
1858	37	19	14
1859	8	6	1
1860	8	4	3
1861	82	73	67
1862	25	24	19
1863	5	5	11
1864	14	12	11
1865	2	1	1
1866	124	119	100
1867	1	1	4
1868	217	243	175
1869	12	12	8
1870	45	39	20
1871	18	12	13
1872	91	91	118
1873	17	18	7
1874	31	33	24
1875	8	10	10
1876	18	21	9
1877	88	67	82
1878	23	27	16
1879	22	25	11
1880	22	18	14
1881	275	281	231
1882	60	49	48
1883	5	14	2
1884	5	12	4
1885	49	58	56
1886	140	143	92
1887	8	12	3
1888	1	0	1
1889	10	7	14
1890	9	4	12
1891	9	17	4
1892	3	2	0
1893	0	0	1
1894	40	30	25
1895	0	0	0
1896	63	62	64
1897	39	45	32
1898	1	3	3
1899	8	10	2
1900	1	0	0
1901	4	5	0
1902	2	5	5
1903	10	7	2
1904	0	1	0
1905	11	6	9
1906	33	30	26
1907	10	13	11
1908	14	9	13
1909	0	3	0
1910	2	3	2
1911	14	16	18
1912	113	97	54
1913	22	29	31
1914	33	27	21
1915	1	2	0
1916	14	13	7
1917	0	0	0
1918	101	96	82
1919	3	5	5
1920	35	48	38
1921	0	0	0
1922	45	33	29
1923	76	54	50
1924	11	13	15
1925	7	5	4
1926	42	40	23
1927	15	12	15
1928	121	100	74
1929	7	8	5
1930	1	0	1
1931	6	7	10
1932	14	19	17
1933	2	3	3
1934	32	35	32
1935	58	71	55
1936	3	5	0
1937	1	0	2
1938	0	0	0
1939	363	361	331
1940	3	0	2
1941	94	109	113
1942	61	41	24
1943	0	1	0
1944	2	2	14
1945	4	1	3
1946	4	7	4
1947	13	26	13
1948	4	0	5
1949	9	4	4
1950	1	4	0
1951	3	9	8
1952	34	48	31
1953	0	1	1
1954	7	1	0
1955	0	1	0
1956	56	71	59
1957	0	0	0
1958	7	6	7
1959	0	0	0
1960	190	171	205
1961	35	37	18
1962	58	42	21
1963	45	34	30
1964	10	11	11
1965	8	11	8
1966	1	4	1
1967	0	1	0
1968	1	2	1
1969	111	133	119
1970	161	139	117
1971	1	1	1
1972	3	2	2
1973	8	10	4
1974	11	26	14
1975	2	2	2
1976	12	11	14
1977	94	82	77
1978	41	46	38
1979	130	125	78
1980	0	0	1
1981	25	29	22
1982	106	89	51
1983	26	8	18
1984	4	2	2
1985	11	7	9
1986	7	7	7
1987	8	8	6
1988	0	0	0
1989	4	4	4
1990	6	4	11
1991	6	8	7
1992	176	128	122
1993	0	0	0
1994	0	0	0
1995	50	48	49
1996	75	80	65
1997	11	15	9
1998	19	13	10
1999	28	25	23
2000	10	8	5
2001	2	1	1
2002	7	6	4
2003	15	11	7
2004	34	15	19
2005	13	18	21
2006	29	25	19
2007	239	209	156
2008	24	13	13
2009	25	19	21
2010	14	29	18
2011	0	1	1
2012	96	83	103
2013	7	5	2
2014	38	41	42
2015	7	5	0
2016	10	5	5
2017	2	2	0
2018	0	0	0
2019	2	0	3
2020	0	1	1
2021	0	1	0
2022	22	25	15
2023	3	5	6
2024	72	48	48
2025	11	18	17
2026	123	125	114
2027	51	43	27
2028	110	112	95
2029	124	133	86
2030	11	7	8
2031	268	269	278
2032	41	63	66
2033	8	7	6
2034	2	5	10
2035	11	10	11
2036	8	13	11
2037	5	7	9
2038	32	32	19
2039	38	41	26
2040	36	43	37
2041	80	56	57
2042	29	47	32
2043	41	32	31
2044	1	3	6
2045	8	6	5
2046	0	0	0
2047	5	10	3
2048	21	23	24
2049	305	292	214
2050	2	1	2
2051	0	0	0
2052	16	21	23
2053	66	92	58
2054	58	48	55
2055	0	0	0
2056	6	5	3
2057	5	4	7
2058	28	12	26
2059	43	50	41
2060	150	129	115
2061	9	12	11
2062	14	9	10
2063	0	0	0
2064	0	0	0
2065	9	5	4
2066	17	19	16
2067	652	645	512
2068	2	4	2
2069	2	1	0
2070	1	1	0
2071	0	1	0
2072	3	4	8
2073	27	32	33
2074	5	3	3
2075	11	8	11
2076	0	0	0
2077	12	8	13
2078	0	0	0
2079	3	7	11
2080	23	14	18
2081	8	7	4
2082	1	4	4
2083	2	3	3
2084	118	113	85
2085	8	9	8
2086	9	15	10
2087	209	203	147
2088	0	1	0
2089	104	123	101
2090	227	264	227
2091	46	51	40
2092	2	0	3
2093	179	152	165
2094	3	6	2
2095	1	3	1
2096	6	7	4
2097	3	0	5
2098	0	1	0
2099	0	2	2
2100	4	6	7
2101	5	4	5
2102	14	11	18
2103	66	72	62
2104	0	0	0
2105	4	5	5
2106	0	0	0
2107	234	231	215
2108	6	5	5
2109	5	5	2
2110	0	0	0
2111	50	56	52
2112	0	0	0
2113	21	16	12
2114	18	6	4
2115	0	0	0
2116	10	7	4
2117	28	25	22
2118	1	3	1
2119	0	0	0
2120	0	0	0
2121	0	0	0
2122	341	347	374
2123	27	26	15
2124	1	3	3
2125	0	0	0
2126	4	1	2
2127	0	0	0
2128	357	341	245
2129	2	1	1
2130	3	3	3
2131	174	189	124
2132	32	21	22
2133	115	97	90
2134	1	2	0
2135	0	0	0
2136	63	49	44
2137	20	20	19
2138	80	89	65
2139	31	34	46
2140	11	20	18
2141	0	0	0
2142	898	907	761
2143	6	6	11
2144	152	120	129
2145	14	14	16
2146	306	256	222
2147	4	2	2
2148	48	46	60
2149	6	4	5
2150	32	24	20
2151	23	10	11
2152	1	2	1
2153	1	6	3
2154	39	47	26
2155	119	131	121
2156	94	74	61
2157	6	2	7
2158	1	0	0
2159	999	1142	963
2160	1	0	1
2161	29	26	38
2162	42	39	19
2163	8	12	5
2164	47	46	43
2165	0	0	0
2166	6	5	5
2167	6	2	5
2168	2	2	2
2169	66	65	39
2170	13	18	14
2171	0	0	0
2172	0	0	0
2173	2	5	2
2174	7	7	2
2175	99	108	58
2176	5	4	2
2177	4	2	2
2178	0	0	0
2179	2	2	3
2180	0	1	1
2181	4	8	5
2182	6	9	5
2183	5	8	4
2184	5	3	5
2185	107	92	88
2186	1	0	1
2187	282	312	270
2188	15	6	17
2189	67	76	52
2190	5	3	4
2191	0	0	0
2192	19	28	28
2193	0	1	0
2194	1	0	0
2195	68	53	42
2196	11	11	7
2197	7	9	9
2198	12	16	12
2199	2	0	6
2200	3	1	4
2201	78	78	102
2202	4	2	3
2203	2	0	3
2204	0	0	2
2205	57	46	40
2206	2	1	1
2207	4	3	2
2208	26	11	18
2209	2	2	0
2210	645	640	600
2211	0	0	0
2212	0	0	0
2213	17	9	9
2214	28	26	17
2215	27	28	18
2216	56	74	51
2217	12	10	14
2218	22	18	13
2219	30	36	19
2220	407	364	359
2221	20	16	17
2222	20	20	13
2223	5	4	1
2224	3	7	1
2225	11	7	8
2226	35	34	25
2227	28	26	29
2228	2	4	0
2229	6	10	7
2230	11	10	9
2231	8	10	17
2232	1	1	0
2233	2	4	2
2234	3	12	5
2235	8	6	7
2236	0	0	1
2237	31	26	18
2238	145	149	139
2239	71	70	63
2240	5	1	3
2241	14	22	15
2242	34	28	36
2243	1	1	0
2244	14	23	16
2245	123	148	130
2246	9	15	12
2247	43	54	40
2248	19	22	19
2249	11	7	16
2250	13	11	9
2251	9	4	6
2252	17	17	10
2253	0	0	0
2254	1	1	0
2255	6	1	0
2256	4	7	9
2257	2	5	2
2258	0	0	0
2259	0	3	0
2260	27	19	20
2261	1	2	0
2262	2	1	3
2263	22	27	19
2264	1	2	5
2265	1	0	0
2266	85	102	70
2267	20	18	12
2268	19	28	15
2269	20	26	24
2270	24	13	16
2271	3	7	6
2272	211	225	153
2273	0	0	1
2274	6	12	11
2275	0	1	1
2276	27	30	36
2277	149	128	105
2278	4	2	2
2279	0	0	0
2280	26	17	16
2281	176	162	160
2282	30	24	31
2283	29	25	35
2284	26	26	20
2285	0	3	3
2286	27	33	24
2287	0	0	0
2288	5	2	2
2289	8	14	10
2290	0	0	0
2291	31	30	24
2292	15	21	9
2293	40	39	31
2294	29	36	32
2295	31	25	18
2296	7	3	4
2297	100	82	84
2298	16	16	9
2299	146	159	140
2300	26	26	14
2301	141	153	149
2302	1	0	1
2303	7	18	9
2304	0	0	0
2305	0	0	0
2306	5	12	2
2307	13	11	10
2308	33	37	31
2309	7	4	4
2310	31	26	17
2311	44	41	37
2312	1	0	0
2313	19	8	9
2314	8	15	9
2315	11	11	8
2316	77	60	39
2317	5	5	6
2318	292	310	264
2319	6	2	2
2320	88	88	81
2321	1	1	3
2322	16	27	16
2323	2	0	0
2324	27	27	11
2325	690	669	582
2326	1	1	4
2327	6	7	12
2328	1	1	1
2329	71	104	50
2330	26	23	13
2331	37	31	24
2332	15	5	16
2333	12	19	16
2334	229	183	172
2335	11	11	7
2336	0	0	0
2337	50	50	30
2338	24	25	15
2339	23	30	14
2340	4	3	6
2341	0	0	0
2342	6	6	2
2343	5	11	3
2344	31	41	36
2345	0	0	0
2346	2	6	6
2347	218	173	145
2348	23	25	20
2349	18	22	14
2350	9	27	20
2351	37	59	29
2352	3	5	2
2353	22	21	24
2354	733	834	713
2355	27	28	22
2356	75	80	60
2357	0	0	0
2358	219	217	147
2359	0	1	0
2360	0	0	0
2361	11	15	12
2362	8	5	9
2363	3	5	1
2364	0	0	0
2365	17	24	14
2366	0	1	0
2367	5	3	4
2368	0	0	0
2369	74	62	48
2370	192	136	133
2371	23	24	25
2372	77	86	82
2373	36	40	27
2374	64	57	49
2375	19	17	15
2376	1	0	0
2377	2	2	0
2378	57	53	65
2379	18	26	16
2380	17	12	18
2381	12	8	8
2382	68	77	82
2383	13	9	5
2384	1	2	1
2385	7	7	2
2386	0	0	0
2387	64	49	53
2388	1	0	0
2389	0	1	0
2390	107	118	90
2391	34	36	22
2392	23	35	31
2393	3	9	4
2394	27	19	25
2395	4	1	1
2396	2	4	2
2397	1	0	2
2398	7	10	6
2399	7	7	3
2400	138	116	113
2401	29	29	36
2402	310	312	313
2403	2	2	6
2404	1	5	2
2405	0	0	0
2406	1	2	0
2407	2	2	2
2408	16	19	13
2409	10	12	7
2410	3	6	3
2411	29	15	19
2412	14	14	8
2413	121	114	85
2414	37	41	62
2415	11	9	7
2416	36	31	33
2417	728	706	684
2418	30	34	38
2419	9	8	6
2420	31	23	18
2421	24	27	27
2422	8	7	6
2423	21	26	23
2424	27	29	11
2425	11	9	14
2426	17	11	14
2427	23	24	18
2428	16	15	11
2429	641	633	569
2430	17	21	13
2431	76	84	91
2432	9	13	10
2433	3	3	4
2434	20	15	12
2435	1	3	3
2436	3	4	0
2437	13	17	12
2438	6	5	4
2439	2	9	5
2440	51	68	51
2441	0	0	0
2442	1001	1065	921
2443	13	15	18
2444	12	23	19
2445	1	4	1
2446	1	2	1
2447	0	0	0
2448	3	7	5
2449	56	50	51
2450	12	18	15
2451	2	4	5
2452	16	24	14
2453	1	0	3
2454	6	6	3
2455	22	30	27
2456	5	3	4
2457	89	91	74
2458	26	31	32
2459	14	14	12
2460	67	78	37
2461	195	188	125
2462	22	17	14
2463	2	3	0
2464	0	0	0
2465	111	108	74
2466	3	7	7
2467	1	2	5
2468	14	12	14
2469	31	26	25
2470	4	3	0
2471	49	43	44
2472	0	2	2
2473	84	67	111
2474	12	7	11
2475	0	0	0
2476	55	61	38
2477	4	6	7
2478	7	10	10
2479	1	4	4
2480	59	70	54
2481	0	2	2
2482	56	53	57
2483	30	31	25
2484	0	0	0
2485	12	12	16
2486	116	115	117
2487	52	45	52
2488	19	23	12
2489	110	109	109
2490	46	47	36
2491	1	0	0
2492	22	23	23
2493	80	74	63
2494	1	1	0
2495	3	5	1
2496	10	13	6
2497	9	5	7
2498	62	81	73
2499	2	4	3
2500	14	20	15
2501	0	0	0
2502	19	22	25
2503	33	32	47
2504	7	4	8
2505	34	25	17
2506	29	42	38
2507	72	74	66
2508	65	68	67
2509	5	8	13
2510	0	0	0
2511	42	40	33
2512	62	62	47
2513	7	16	12
2514	1	1	1
2515	133	114	77
2516	96	73	61
2517	110	108	77
2518	54	59	41
2519	39	23	35
2520	68	53	64
2521	91	80	107
2522	0	2	1
2523	111	104	76
2524	5	2	6
2525	3	2	1
2526	0	0	0
2527	6	3	2
2528	9	7	6
2529	6	8	6
2530	0	0	0
2531	5	6	2
2532	164	156	152
2533	145	155	142
2534	0	0	0
2535	122	119	155
2536	26	19	18
2537	269	276	239
2538	0	0	0
2539	0	0	0
2540	4	1	3
2541	0	3	4
2542	1	6	6
2543	214	226	264
2544	15	5	7
2545	48	25	45
2546	12	5	5
2547	181	174	180
2548	267	291	207
2549	13	8	11
2550	43	30	40
2551	197	151	142
2552	0	0	0
2553	20	15	17
2554	15	22	10
2555	105	99	97
2556	18	10	6
2557	0	0	0
2558	67	55	43
2559	0	1	0
2560	95	77	64
2561	13	11	11
2562	0	0	0
2563	9	10	10
2564	22	23	15
2565	0	1	0
2566	0	1	2
2567	570	549	485
2568	0	0	1
2569	35	33	23
2570	30	32	21
2571	20	25	9
2572	92	82	78
2573	23	29	17
2574	1	1	3
2575	3	0	2
2576	1	2	1
2577	433	388	382
2578	18	19	24
2579	198	169	139
2580	14	14	17
2581	0	0	0
2582	0	0	1
2583	8	4	5
2584	1	3	1
2585	33	27	22
2586	0	0	0
2587	4	4	4
2588	125	151	141
2589	10	18	8
2590	10	16	14
2591	10	4	4
2592	4	1	4
2593	10	11	6
2594	0	0	0
2595	14	18	31
2596	18	11	14
2597	5	5	7
2598	62	64	66
2599	8	4	5
2600	3	3	3
2601	0	0	0
2602	108	106	79
2603	3	7	0
2604	148	158	139
2605	0	0	0
2606	0	0	0
2607	1	5	5
2608	9	5	5
2609	126	108	99
2610	21	25	13
2611	0	0	1
2612	3	1	3
2613	0	0	0
2614	1	2	2
2615	0	1	0
2616	0	3	4
2617	5	3	3
2618	37	25	9
2619	0	1	0
2620	27	22	24
2621	35	45	23
2622	119	100	100
2623	11	5	11
2624	1	0	0
2625	0	0	0
2626	0	0	0
2627	2	1	1
2628	0	0	0
2629	16	13	14
2630	29	36	28
2631	7	7	6
2632	1	0	0
2633	17	14	7
2634	5	3	6
2635	14	11	11
2636	22	32	14
2637	6	7	2
2638	0	1	0
2639	2	6	1
2640	0	0	0
2641	37	48	39
2642	7	2	7
2643	22	33	22
2644	3	5	10
2645	3	1	2
2646	0	0	3
2647	1	0	0
2648	0	0	1
2649	56	62	42
2650	89	88	68
2651	13	15	14
2652	17	31	15
2653	11	5	13
2654	22	22	23
2655	4	3	6
2656	2	6	7
2657	33	32	32
2658	17	26	17
2659	1	7	8
2660	3	3	3
2661	4	3	3
2662	14	7	8
2663	8	5	13
2664	81	98	71
2665	62	66	82
2666	3	6	3
2667	8	12	6
2668	5	0	0
2669	4	5	3
2670	3	12	2
2671	1	1	4
2672	0	1	0
2673	4	3	1
2674	21	23	14
2675	37	15	22
2676	2	1	0
2677	3	4	8
2678	5	2	5
2679	14	16	19
2680	0	0	0
2681	0	0	0
2682	27	25	16
2683	1	3	0
2684	1	0	0
2685	0	0	0
2686	0	0	0
2687	3	0	0
2688	107	110	71
2689	41	34	22
2690	18	24	23
2691	11	12	11
2692	0	0	0
2693	26	17	4
2694	4	4	3
2695	31	50	45
2696	1	2	3
2697	20	17	17
2698	7	4	10
2699	38	42	25
2700	0	0	1
2701	5	10	10
2702	31	43	30
2703	10	11	6
2704	9	7	7
2705	6	8	6
2706	24	23	17
2707	32	22	18
2708	1	2	3
2709	29	45	20
2710	12	1	5
2711	55	61	37
2712	34	41	33
2713	57	39	52
2714	3	2	4
2715	22	25	29
2716	0	1	0
2717	0	0	1
2718	0	0	1
2719	2	5	4
2720	6	5	6
2721	0	0	0
2722	40	51	50
2723	6	7	13
2724	176	188	177
2725	205	251	250
2726	3	1	0
2727	40	44	25
2728	7	5	4
2729	37	46	28
2730	100	101	106
2731	0	0	1
2732	0	2	1
2733	6	3	6
2734	0	0	0
2735	0	0	0
2736	2	0	2
2737	29	18	11
2738	27	30	17
2739	5	1	4
2740	20	19	14
2741	2	4	8
2742	61	64	51
2743	158	134	132
2744	0	0	0
2745	11	8	5
2746	3	0	3
2747	8	10	6
2748	1	0	0
2749	11	21	12
2750	40	46	38
2751	6	3	13
2752	12	12	4
2753	10	13	7
2754	16	16	7
2755	32	20	8
2756	146	150	103
2757	0	0	0
2758	0	0	0
2759	17	27	15
2760	50	45	49
2761	0	0	0
2762	24	37	23
2763	453	367	309
2764	40	14	17
2765	35	23	19
2766	4	4	2
2767	9	5	10
2768	21	17	17
2769	707	690	596
2770	0	0	0
2771	3	4	0
2772	127	109	76
2773	3	4	2
2774	7	5	9
2775	8	9	6
2776	19	16	12
2777	0	1	0
2778	1	0	0
2779	251	220	201
2780	307	321	295
2781	20	18	16
2782	17	15	16
2783	0	1	0
2784	7	4	2
2785	0	0	0
2786	7	10	6
2787	7	1	1
2788	95	105	83
2789	25	15	11
2790	4	2	9
2791	3	4	5
2792	8	5	8
2793	447	489	408
2794	77	105	120
2795	443	557	465
2796	0	0	0
2797	81	79	73
2798	0	0	0
2799	13	11	14
2800	21	19	20
2801	293	283	243
2802	57	59	43
2803	22	19	8
2804	26	26	12
2805	2	4	1
2806	36	33	30
2807	670	652	629
2808	27	28	24
2809	282	297	207
2810	18	18	14
2811	45	54	38
2812	7	9	2
2813	6	8	9
2814	13	14	11
2815	1	1	0
2816	16	21	16
2817	17	9	7
2818	0	0	0
2819	5	6	3
2820	250	192	225
2821	42	35	26
2822	23	28	26
2823	0	0	0
2824	34	23	38
2825	69	78	61
2826	237	219	199
2827	10	11	11
2828	2	1	1
2829	9	3	3
2830	1180	1048	994
2831	265	338	239
2832	129	91	117
2833	0	0	0
2834	129	112	89
2835	29	34	21
2836	15	16	13
2837	27	16	11
2838	25	10	14
2839	4	2	3
2840	475	425	431
2841	40	34	26
2842	0	2	1
2843	1	1	0
2844	190	180	118
2845	13	12	14
2846	1322	1180	1057
2847	7	10	13
2848	2	8	2
2849	0	1	1
2850	70	76	48
2851	17	18	5
2852	13	15	5
2853	31	36	20
2854	12	9	10
2855	5	18	13
2856	57	56	21
2857	9	12	2
2858	108	106	115
2859	7	7	12
2860	0	0	0
2861	13	9	4
2862	28	24	15
2863	6	8	3
2864	0	2	2
2865	2	9	3
2866	0	0	1
2867	18	25	20
2868	1	0	0
2869	0	0	0
2870	0	0	0
2871	519	598	453
2872	0	0	0
2873	38	30	25
2874	117	176	126
2875	63	112	80
2876	14	14	14
2877	234	243	207
2878	8	10	8
2879	0	0	0
2880	4	4	1
2881	3	4	6
2882	38	30	18
2883	5	14	5
2884	56	48	48
2885	8	4	11
2886	14	11	6
2887	0	0	0
2888	6	11	5
2889	16	24	12
2890	56	59	74
2891	44	45	30
2892	1	2	2
2893	4	1	1
2894	21	20	15
2895	19	13	15
2896	34	17	25
2897	7	2	9
2898	15	5	14
2899	42	34	19
2900	52	44	36
2901	1	0	0
2902	1	6	2
2903	47	33	32
2904	168	162	167
2905	65	77	47
2906	336	315	300
2907	0	0	0
2908	6	4	6
2909	27	30	22
2910	43	55	37
2911	17	24	13
2912	10	7	8
2913	92	90	75
2914	10	10	6
2915	32	28	30
2916	17	8	6
2917	19	22	16
2918	15	6	11
2919	11	4	6
2920	0	0	0
2921	3	6	6
2922	2	2	4
2923	67	90	57
2924	1	0	2
2925	25	19	26
2926	10	6	6
2927	81	63	79
2928	3	4	5
2929	11	17	10
2930	4	6	10
2931	19	12	12
2932	113	99	97
2933	95	96	88
2934	11	14	7
2935	57	66	67
2936	7	4	6
2937	2	0	2
2938	28	31	34
2939	58	60	44
2940	87	105	69
2941	30	33	27
2942	2	10	8
2943	2	0	5
2944	27	27	13
2945	19	22	17
2946	78	112	84
2947	11	11	12
2948	20	20	27
2949	6	2	2
2950	0	1	0
2951	202	203	212
2952	0	0	0
2953	6	5	11
2954	0	2	4
2955	4	5	4
2956	9	16	16
2957	12	18	13
2958	5	2	3
2959	0	2	0
2960	6	2	5
2961	7	12	3
2962	43	37	47
2963	31	31	29
2964	49	56	48
2965	8	3	3
2966	40	29	23
2967	0	0	0
2968	3	6	3
2969	9	2	4
2970	6	9	4
2971	29	20	24
2972	57	46	41
2973	99	91	94
2974	1	0	0
2975	29	30	34
2976	18	23	26
2977	45	36	41
2978	19	19	15
2979	0	0	0
2980	0	0	0
2981	2	4	1
2982	7	9	6
2983	52	52	33
2984	59	47	52
2985	0	3	1
2986	0	0	0
2987	332	291	286
2988	0	0	0
2989	32	68	30
2990	14	7	7
2991	28	35	20
2992	8	5	19
2993	0	0	0
2994	11	10	12
2995	24	28	18
2996	10	8	7
2997	4	1	4
2998	225	191	140
2999	5	4	6
3000	555	549	506
3001	7	3	2
3002	3	2	2
3003	7	7	11
3004	33	34	28
3005	0	1	0
3006	4	4	2
3007	54	32	32
3008	24	36	20
3009	88	100	91
3010	3	2	2
3011	10	13	4
3012	41	23	21
3013	84	61	111
3014	0	0	0
3015	49	36	31
3016	64	59	32
3017	5	5	10
3018	4	1	2
3019	13	8	7
3020	31	40	32
3021	0	1	0
3022	33	27	27
3023	56	64	46
3024	120	136	112
3025	3	2	2
3026	31	24	21
3027	70	51	57
3028	1758	1817	1562
3029	65	71	47
3030	0	0	0
3031	4	0	3
3032	4	2	5
3033	3	2	2
3034	13	12	6
3035	10	11	5
3036	4	8	0
3037	29	20	20
3038	83	85	75
3039	131	155	151
3040	11	19	13
3041	50	70	72
3042	8	6	14
3043	115	114	127
3044	2	2	2
3045	21	14	11
3046	21	20	14
3047	62	70	53
3048	10	6	9
3049	12	20	11
3050	300	323	241
3051	6	5	3
3052	7	7	1
3053	0	3	1
3054	51	45	29
3055	51	36	23
3056	8	8	13
3057	72	84	75
3058	6	13	7
3059	12	13	13
3060	20	39	27
3061	16	25	14
3062	49	53	56
3063	3	1	4
3064	9	9	14
3065	31	33	31
3066	9	16	15
3067	91	97	78
3068	86	81	70
3069	0	1	0
3070	13	16	16
3071	68	75	61
3072	1	8	6
3073	9	9	12
3074	25	18	23
3075	12	6	3
3076	6	6	2
3077	0	0	0
3078	6	6	4
3079	14	24	17
3080	3	5	3
3081	5	12	9
3082	8	8	8
3083	21	25	14
3084	35	34	29
3085	0	0	0
3086	6	2	2
3087	120	127	128
3088	89	72	65
3089	158	166	176
3090	12	15	18
3091	17	10	13
3092	343	318	268
3093	4	3	2
3094	2	1	4
3095	48	42	43
3096	2	1	0
3097	0	0	0
3098	12	11	11
3099	0	3	0
3100	1	1	0
3101	0	0	0
3102	23	32	31
3103	17	12	18
3104	189	219	199
3105	6	3	4
3106	3	5	9
3107	0	0	1
3108	5	6	1
3109	4	5	4
3110	81	86	97
3111	6	23	4
3112	15	18	11
3113	0	0	0
3114	11	5	5
3115	316	300	277
3116	23	27	24
3117	0	0	0
3118	57	52	43
3119	28	30	22
3120	4	2	2
3121	13	16	12
3122	26	25	18
3123	8	3	3
3124	1	3	0
3125	109	102	80
3126	15	14	10
3127	30	18	14
3128	82	73	62
3129	12	10	7
3130	23	36	12
3131	0	0	0
3132	0	0	0
3133	1	0	0
3134	44	29	36
3135	69	64	52
3136	0	0	0
3137	18	10	8
3138	16	16	8
3139	290	356	249
3140	3	3	2
3141	0	0	0
3142	126	161	110
3143	10	6	3
3144	28	36	34
3145	2	1	0
3146	30	42	39
3147	44	42	40
3148	0	1	0
3149	1	1	0
3150	15	21	6
3151	0	0	0
3152	11	14	6
3153	40	31	53
3154	19	8	15
3155	1	1	2
3156	32	32	29
3157	4	4	4
3158	18	17	11
3159	0	0	0
3160	2	0	2
3161	7	9	4
3162	7	12	10
3163	27	26	18
3164	23	30	21
3165	47	33	33
3166	6	2	5
3167	9	7	7
3168	30	24	28
3169	10	13	4
3170	2	2	0
3171	17	21	9
3172	0	0	0
3173	0	0	0
3174	19	9	19
3175	91	96	86
3176	22	12	23
3177	2	5	0
3178	5	4	3
3179	1	0	1
3180	29	14	16
3181	2181	2516	2327
3182	0	0	0
3183	0	0	0
3184	0	2	1
3185	3	1	1
3186	71	78	51
3187	28	38	27
3188	210	223	196
3189	1	0	0
3190	85	110	82
3191	1	1	0
3192	8	7	9
3193	2	3	3
3194	1	3	0
3195	10	5	8
3196	34	29	24
3197	5	5	2
3198	0	0	0
3199	96	83	62
3200	21	28	16
3201	0	0	1
3202	4	4	1
3203	4	2	6
3204	5	9	2
3205	19	24	18
3206	2905	2884	2676
3207	24	14	15
3208	258	284	192
3209	215	300	219
3210	40	29	22
3211	0	0	1
3212	0	0	0
3213	23	18	14
3214	13	20	11
3215	42	26	23
3216	3	0	0
3217	4	5	4
3218	199	195	157
3219	151	141	111
3220	45	64	51
3221	9	4	7
3222	266	258	212
3223	7	8	9
3224	1	0	3
3225	201	222	198
3226	25	22	20
3227	6	8	10
3228	104	113	93
3229	147	152	114
3230	0	0	0
3231	6	15	14
3232	16	21	18
3233	90	103	109
3234	18	17	11
3235	4	2	10
3236	5	3	2
3237	14	20	18
3238	142	112	95
3239	326	375	313
3240	34	51	33
3241	2	2	2
3242	843	899	628
3243	2	4	3
3244	11	11	15
3245	22	16	17
3246	42	38	32
3247	0	0	0
3248	19	13	16
3249	5	6	7
3250	11	5	6
3251	0	0	0
3252	2	1	0
3253	16	18	10
3254	13	27	16
3255	16	12	14
3256	24	23	20
3257	20	21	18
3258	9	7	4
3259	22	12	10
3260	2	1	1
3261	14	13	15
3262	16	14	16
3263	0	0	3
3264	79	67	79
3265	1	0	0
3266	144	143	120
3267	2	9	4
3268	10	9	8
3269	5	7	10
3270	2	3	0
3271	43	26	54
3272	275	284	263
3273	1	2	0
3274	2	0	2
3275	11	9	5
3276	1	2	2
3277	2	2	3
3278	17	14	19
3279	24	16	15
3280	2	1	4
3281	0	0	0
3282	85	71	92
3283	7	4	1
3284	1	3	0
3285	0	0	0
3286	1	0	0
3287	0	0	0
3288	1	0	0
3289	0	0	0
3290	0	0	0
3291	2	5	1
3292	30	23	15
3293	518	550	505
3294	6	19	11
3295	33	34	26
3296	23	27	14
3297	48	67	57
3298	9	7	7
3299	0	1	1
3300	5	6	3
3301	1	4	3
3302	129	154	147
3303	136	140	164
3304	27	28	23
3305	43	41	16
3306	12	9	7
3307	101	98	71
3308	13	19	17
3309	3	6	6
3310	0	1	3
3311	22	22	23
3312	3	2	1
3313	83	101	63
3314	21	25	17
3315	15	16	20
3316	60	87	49
3317	106	110	89
3318	13	10	11
3319	55	52	44
3320	0	0	0
3321	1	5	4
3322	0	2	0
3323	10	22	11
3324	73	80	74
3325	2	1	0
3326	13	14	17
3327	6	16	14
3328	22	16	22
3329	0	0	0
3330	11	10	11
3331	1	0	1
3332	15	15	7
3333	5	4	4
3334	9	8	7
3335	1	0	3
3336	26	17	22
3337	0	1	0
3338	22	16	16
3339	7	1	3
3340	97	103	87
3341	289	303	217
3342	29	20	30
3343	0	0	0
3344	590	642	484
3345	3	7	7
3346	35	30	28
3347	21	36	25
3348	283	274	277
3349	20	21	19
3350	33	54	34
3351	12	9	8
3352	13	15	14
3353	0	0	0
3354	466	466	450
3355	2	2	0
3356	44	59	36
3357	130	149	104
3358	97	106	109
3359	0	0	0
3360	0	1	0
3361	25	26	14
3362	42	53	34
3363	7	14	10
3364	7	9	6
3365	13	23	12
3366	151	154	131
3367	33	35	24
3368	0	0	0
3369	146	134	94
3370	80	83	70
3371	18	14	15
3372	3	6	9
3373	51	35	43
3374	0	1	0
3375	28	26	23
3376	87	92	79
3377	11	3	6
3378	2	1	0
3379	3951	4313	4298
3380	307	391	311
3381	100	114	95
3382	69	54	47
3383	36	30	36
3384	2	1	0
3385	0	0	0
3386	28	24	24
3387	1	2	0
3388	0	0	0
3389	5	7	4
3390	14	16	18
3391	1	2	0
3392	14	12	8
3393	75	80	76
3394	37	42	34
3395	38	34	44
3396	0	0	0
3397	316	324	329
3398	38	29	33
3399	0	0	0
3400	0	0	0
3401	0	0	0
3402	0	0	0
3403	0	0	0
3404	0	0	0
3405	1	1	0
3406	2	1	3
3407	0	0	0
3408	108	116	98
3409	75	56	40
3410	0	0	1
3411	28	22	17
3412	162	139	114
3413	7	2	2
3414	4	3	5
3415	1	1	0
3416	4	3	3
3417	0	0	0
3418	13	7	8
3419	0	0	0
3420	5	6	4
3421	6	9	7
3422	25	17	9
3423	10	11	9
3424	0	0	0
3425	20	27	41
3426	40	37	30
3427	12	14	7
3428	158	188	125
3429	10	4	9
3430	0	0	1
3431	151	119	110
3432	11	3	3
3433	26	17	15
3434	16	15	10
3435	8	16	10
3436	1	1	0
3437	81	90	49
3438	7	4	8
3439	5	8	0
3440	30	34	25
3441	35	22	31
3442	0	0	0
3443	36	36	15
3444	0	2	0
3445	14	16	5
3446	26	27	27
3447	0	0	0
3448	0	0	0
3449	0	0	0
3450	0	0	0
3451	0	0	0
3452	0	0	0
3453	18	12	16
3454	257	250	254
3455	17	3	6
3456	24	23	13
3457	11	4	9
3458	1	0	0
3459	63	55	71
3460	14	9	21
3461	29	21	24
3462	10	12	16
3463	0	0	0
3464	0	0	0
3465	10	10	11
3466	6	6	6
3467	1	1	3
3468	84	103	66
3469	0	5	3
3470	23	24	16
3471	1	0	0
3472	7	5	7
3473	20	18	12
3474	4	3	2
3475	5	4	4
3476	10	9	15
3477	45	44	47
3478	4	8	3
3479	20	29	16
3480	0	1	1
3481	38	51	29
3482	0	1	0
3483	123	129	126
3484	0	0	0
3485	13	17	17
3486	16	8	7
3487	25	20	19
3488	318	352	280
3489	5	4	3
3490	67	70	65
3491	0	0	0
3492	287	289	330
3493	32	19	46
3494	69	93	84
3495	450	377	348
3496	24	15	25
3497	2	6	4
3498	10	7	4
3499	1	4	12
3500	314	279	222
3501	7	11	6
3502	26	30	18
3503	1	0	0
3504	0	0	2
3505	3	4	2
3506	6	14	6
3507	44	38	31
3508	5	0	2
3509	138	137	136
3510	16	7	10
3511	26	20	24
3512	85	65	35
3513	17	18	15
3514	6	2	8
3515	5	2	0
3516	21	18	21
3517	0	0	1
3518	13	12	12
3519	33	21	29
3520	50	41	55
3521	36	35	27
3522	4	4	3
3523	6	1	1
3524	27	33	24
3525	60	65	89
3526	2	1	1
3527	140	112	108
3528	41	43	52
3529	24	21	14
3530	20	12	14
3531	3	7	0
3532	0	1	1
3533	1	3	6
3534	13	9	6
3535	5	2	2
3536	6	7	0
3537	8	19	10
3538	32	35	37
3539	112	121	87
3540	1	0	0
3541	22	13	11
3542	38	32	24
3543	0	0	1
3544	13	10	8
3545	27	31	20
3546	125	127	121
3547	70	62	48
3548	0	0	0
3549	27	21	27
3550	31	28	27
3551	114	101	89
3552	62	53	56
3553	12	12	0
3554	0	0	0
3555	8	1	7
3556	6	24	6
3557	76	62	37
3558	57	67	34
3559	1	2	0
3560	58	53	37
3561	3	4	4
3562	674	710	582
3563	39	40	35
3564	8	10	10
3565	3	3	3
3566	7	4	4
3567	95	73	85
3568	6	8	8
3569	9	10	7
3570	3	3	1
3571	61	77	51
3572	1	0	1
3573	84	61	67
3574	57	52	23
3575	16	26	14
3576	12	15	15
3577	34	44	25
3578	16	19	14
3579	122	122	87
3580	4	3	3
3581	44	34	45
3582	10	12	9
3583	0	2	0
3584	33	33	25
3585	0	0	1
3586	102	98	87
3587	29	34	24
3588	309	268	251
3589	0	1	2
3590	24	26	14
3591	6	5	6
3592	95	116	94
3593	46	25	40
3594	154	146	132
3595	58	57	33
3596	33	36	29
3597	3	3	5
3598	14	9	10
3599	108	80	88
3600	13	11	12
3601	72	44	26
3602	3	9	5
3603	2	6	2
3604	34	29	18
3605	0	0	0
3606	144	173	168
3607	3	1	2
3608	0	0	0
3609	1	0	2
3610	6	5	4
3611	19	24	16
3612	1	1	4
3613	0	3	1
3614	8	6	6
3615	12	5	4
3616	35	30	14
3617	0	0	0
3618	1	3	2
3619	20	19	23
3620	46	49	42
3621	5	5	1
3622	14	3	9
3623	3	2	5
3624	19	10	28
3625	37	36	32
3626	5	3	6
3627	3	6	6
3628	302	306	330
3629	8	5	5
3630	0	0	0
3631	8	12	7
3632	26	27	20
3633	44	59	58
3634	12	13	14
3635	430	492	418
3636	1	2	3
3637	0	0	0
3638	2	2	2
3639	14	11	11
3640	75	80	57
3641	0	1	0
3642	219	246	195
3643	0	0	0
3644	28	21	23
3645	5	3	2
3646	117	114	88
3647	1	1	0
3648	15	23	13
3649	2	2	0
3650	11	6	13
3651	0	0	0
3652	0	0	1
3653	17	35	21
3654	14	8	17
3655	0	0	0
3656	6	6	13
3657	1	0	0
3658	41	38	38
3659	52	48	35
3660	24	19	8
3661	220	225	144
3662	24	22	22
3663	3	2	2
3664	4	4	1
3665	5	14	10
3666	7	2	5
3667	10	10	14
3668	20	15	5
3669	186	208	203
3670	2	4	4
3671	1	2	3
3672	1437	1253	1029
3673	0	0	0
3674	0	0	0
3675	440	501	497
3676	74	62	64
3677	36	28	25
3678	133	137	162
3679	121	116	139
3680	0	0	0
3681	0	0	0
3682	0	0	0
3683	50	29	51
3684	8	5	11
3685	1	0	1
3686	67	79	71
3687	13	16	16
3688	0	0	0
3689	166	188	152
3690	7	7	10
3691	76	81	44
3692	31	48	23
3693	8	11	9
3694	0	0	0
3695	23	16	21
3696	54	54	52
3697	28	11	7
3698	30	24	21
3699	78	84	79
3700	2	4	2
3701	47	50	58
3702	2	3	0
3703	29	37	20
3704	11	6	18
3705	3	0	1
3706	0	0	0
3707	0	0	0
3708	0	0	0
3709	10	6	8
3710	3	5	4
3711	3	5	2
3712	0	1	2
3713	0	0	0
3714	1	0	0
3715	5	6	1
3716	0	0	0
3717	3	0	1
3718	0	0	0
3719	7	8	5
3720	1	0	0
3721	7	3	9
3722	107	157	142
3723	3	3	4
3724	139	128	105
3725	6	5	9
3726	110	106	80
3727	105	125	86
3728	29	40	22
3729	57	62	46
3730	13	7	10
3731	4	4	4
3732	1	3	0
3733	0	0	1
3734	273	253	297
3735	77	55	44
3736	3	4	4
3737	13	14	9
3738	9	13	13
3739	98	71	55
3740	16	11	16
3741	9	24	24
3742	3	9	3
3743	78	85	56
3744	15	18	14
3745	43	28	36
3746	17	18	12
3747	10	5	5
3748	37	47	34
3749	15	18	16
3750	7	6	4
3751	7	5	2
3752	176	211	199
3753	0	1	0
3754	11	20	6
3755	3	3	1
3756	64	52	48
3757	2	6	5
3758	13	14	11
3759	15	16	10
3760	394	459	391
3761	1190	1163	980
3762	189	225	185
3763	8	19	24
3764	0	0	1
3765	10	8	10
3766	2	3	0
3767	62	66	59
3768	8	4	10
3769	6	5	3
3770	9	10	5
3771	210	239	168
3772	387	368	320
3773	17	12	10
3774	86	84	93
3775	4	13	5
3776	5	4	3
3777	4	4	13
3778	214	231	187
3779	0	0	0
3780	59	59	35
3781	27	28	16
3782	18	25	13
3783	14	14	8
3784	8	2	7
3785	14	11	11
3786	0	0	0
3787	190	196	205
3788	22	23	15
3789	38	48	34
3790	16	24	17
3791	0	0	0
3792	0	0	0
3793	2	3	12
3794	11	21	7
3795	62	53	32
3796	10	7	11
3797	116	114	113
3798	0	0	0
3799	75	60	29
3800	4	1	1
3801	21	21	22
3802	3	6	5
3803	5	7	5
3804	47	53	50
3805	7	14	5
3806	50	49	35
3807	6	5	5
3808	19	10	20
3809	0	0	0
3810	0	2	1
3811	8	9	3
3812	12	12	9
3813	18	24	19
3814	14	15	13
3815	12	14	16
3816	22	27	29
3817	12	9	10
3818	0	0	0
3819	52	38	37
3820	36	31	23
3821	5	2	4
3822	0	2	1
3823	3	2	2
3824	0	0	0
3825	31	50	24
3826	6	4	6
3827	5	4	4
3828	0	0	1
3829	7	6	2
3830	46	31	33
3831	60	73	60
3832	15	9	9
3833	9	15	14
3834	9	8	10
3835	0	0	0
3836	0	1	0
3837	0	0	0
3838	82	104	66
3839	77	87	56
3840	13	22	9
3841	195	179	158
3842	34	23	37
3843	29	20	15
3844	17	24	17
3845	3	2	4
3846	32	49	24
3847	6	5	3
3848	32	21	15
3849	6	4	0
3850	1	0	1
3851	60	84	68
3852	22	11	8
3853	8	13	9
3854	25	30	19
3855	28	18	17
3856	0	0	0
3857	4	6	4
3858	26	16	27
3859	3	6	5
3860	0	0	0
3861	3	3	0
3862	43	35	27
3863	111	100	73
3864	5	13	8
3865	0	0	0
3866	0	0	0
3867	5	5	3
3868	2	4	5
3869	13	10	12
3870	4	1	4
3871	34	28	24
3872	3	5	5
3873	1	2	1
3874	73	56	71
3875	1	3	0
3876	12	11	9
3877	10	12	8
3878	22	20	14
3879	6	12	7
3880	36	44	39
3881	53	41	37
3882	391	367	315
3883	0	0	0
3884	6	2	1
3885	1	0	0
3886	2580	2688	2601
3887	3	1	2
3888	86	63	58
3889	25	24	17
3890	1	0	1
3891	19	30	35
3892	567	603	445
3893	0	0	0
3894	20	22	9
3895	29	20	18
3896	81	82	58
3897	38	38	20
3898	31	30	22
3899	6	14	8
3900	4	9	10
3901	1	0	0
3902	17	14	14
3903	23	27	25
3904	31	27	30
3905	7	9	9
3906	31	27	25
3907	284	315	318
3908	9	9	7
3909	11	14	2
3910	29	19	21
3911	80	94	81
3912	0	1	0
3913	2	6	5
3914	0	0	1
3915	19	16	13
3916	4	5	3
3917	16	17	11
3918	11	24	10
3919	15	11	19
3920	31	41	31
3921	91	88	85
3922	82	86	57
3923	0	0	1
3924	29	29	31
3925	226	208	224
3926	25	28	20
3927	40	38	56
3928	7	7	7
3929	44	31	41
3930	5	4	2
3931	40	65	49
3932	99	97	95
3933	6	2	1
3934	52	63	44
3935	0	0	0
3936	6	9	3
3937	17	15	9
3938	0	2	0
3939	80	87	59
3940	108	110	99
3941	5	2	6
3942	0	0	0
3943	83	86	75
3944	0	2	3
3945	40	26	25
3946	0	1	0
3947	9	15	14
3948	15	19	12
3949	11	6	5
3950	17	12	11
3951	55	33	44
3952	0	0	0
3953	11	9	5
3954	8	10	8
3955	123	102	81
3956	5	1	1
3957	2	4	3
3958	14	20	10
3959	133	159	131
3960	7	6	8
3961	3	3	7
3962	2	2	1
3963	0	0	0
3964	10	7	12
3965	12	13	10
3966	0	0	2
3967	494	517	445
3968	38	46	19
3969	390	403	327
3970	51	41	50
3971	11	23	10
3972	70	72	81
3973	32	41	34
3974	0	0	0
3975	110	111	85
3976	11	7	4
3977	10	3	5
3978	214	210	172
3979	75	69	60
3980	74	53	57
3981	151	151	119
3982	232	228	208
3983	0	0	0
3984	6	8	3
3985	262	280	203
3986	38	65	47
3987	177	185	119
3988	0	2	1
3989	1	0	0
3990	21	14	18
3991	24	28	27
3992	6	6	9
3993	7	9	11
3994	7	7	8
3995	27	26	20
3996	51	73	32
3997	7	19	11
3998	28	22	29
3999	18	25	14
4000	0	0	0
4001	0	3	1
4002	11	6	6
4003	24	18	18
4004	236	223	193
4005	8	16	15
4006	61	81	83
4007	281	485	263
4008	20	18	13
4009	3	4	3
4010	6	6	6
4011	34	47	34
4012	33	29	29
4013	0	3	0
4014	65	63	69
4015	51	39	31
4016	99	109	97
4017	34	24	17
4018	89	83	80
4019	11	16	13
4020	2	1	3
4021	0	0	0
4022	1237	1164	1004
4023	21	12	23
4024	16	16	5
4025	112	89	112
4026	17	16	14
4027	45	62	54
4028	3	8	3
4029	275	289	222
4030	187	181	100
4031	46	59	33
4032	50	38	45
4033	34	38	21
4034	5	8	2
4035	102	105	89
4036	11	8	7
4037	2	0	2
4038	142	148	154
4039	43	45	36
4040	14	14	20
4041	164	140	79
4042	1	5	0
4043	12	20	12
4044	24	30	28
4045	67	58	64
4046	0	3	5
4047	7	1	10
4048	20	18	6
4049	53	65	38
4050	10	10	10
4051	0	0	0
4052	2	0	1
4053	3	1	3
4054	9	7	3
4055	3	5	2
4056	5	3	3
4057	40	24	26
4058	3	6	5
4059	0	0	0
4060	1	6	1
4061	68	83	75
4062	134	125	110
4063	5	13	7
4064	25	23	14
4065	5	10	7
4066	1	5	1
4067	68	85	68
4068	2	2	4
4069	1	0	1
4070	2	1	2
4071	1	8	4
4072	0	0	0
4073	1	1	4
4074	14	15	18
4075	0	2	0
4076	47	58	53
4077	1	0	0
4078	0	0	0
4079	3	0	0
4080	2	1	0
4081	15	20	13
4082	0	0	0
4083	0	3	3
4084	14	23	12
4085	23	17	25
4086	1	2	1
4087	14	15	10
4088	3	6	5
4089	5	4	0
4090	35	32	30
4091	6	5	5
4092	4	3	3
4093	4	6	4
4094	0	0	0
4095	80	94	95
4096	0	0	1
4097	23	27	19
4098	46	27	24
4099	8	9	4
4100	54	49	41
4101	0	3	1
4102	18	16	9
4103	24	18	16
4104	23	20	13
4105	36	32	19
4106	1	0	0
4107	0	0	0
4108	142	113	82
4109	23	24	24
4110	38	25	30
4111	3	7	2
4112	17	4	2
4113	8	10	7
4114	4	7	4
4115	318	296	255
4116	6	5	1
4117	79	89	75
4118	0	0	0
4119	3	4	3
4120	6	4	4
4121	42	35	38
4122	2	2	0
4123	0	0	0
4124	0	0	0
4125	0	0	0
4126	0	0	0
4127	0	0	0
4128	0	0	0
4129	1	0	0
4130	36	32	39
4131	14	25	13
4132	57	76	59
4133	29	34	26
4134	15	16	5
4135	14	16	17
4136	3	4	3
4137	14	16	18
4138	6	7	4
4139	7	6	4
4140	0	0	0
4141	0	0	0
4142	0	0	0
4143	0	0	0
4144	53	74	40
4145	2	5	6
4146	19	22	11
4147	3	2	0
4148	0	0	0
4149	18	14	14
4150	0	0	0
4151	15	27	19
4152	41	35	22
4153	4	7	3
4154	23	27	15
4155	2	2	3
4156	7	8	8
4157	0	1	1
4158	91	105	82
4159	3	5	2
4160	174	172	133
4161	231	244	201
4162	13	12	8
4163	0	3	4
4164	3	3	2
4165	175	174	156
4166	5	6	3
4167	16	6	2
4168	22	32	25
4169	21	23	20
4170	0	0	0
4171	64	60	78
4172	10	5	4
4173	10	7	9
4174	84	104	71
4175	32	24	22
4176	51	47	45
4177	20	14	21
4178	77	57	57
4179	2	2	1
4180	2	1	2
4181	99	105	84
4182	43	36	37
4183	25	30	12
4184	1	1	0
4185	1	2	0
4186	6	5	1
4187	27	21	23
4188	7	2	4
4189	59	92	45
4190	106	111	97
4191	70	67	50
4192	0	0	0
4193	1	1	1
4194	7	4	5
4195	17	21	18
4196	11	9	6
4197	0	0	0
4198	64	48	80
4199	16	20	12
4200	2	2	3
4201	38	21	27
4202	3	9	4
4203	3	4	5
4204	343	330	323
4205	1	3	3
4206	24	21	21
4207	39	31	23
4208	29	34	18
4209	13	11	11
4210	21	14	12
4211	196	182	178
4212	4	5	2
4213	0	8	5
4214	5	3	6
4215	5	19	9
4216	8	7	6
4217	1	0	0
4218	0	0	0
4219	11	4	5
4220	5	6	6
4221	0	0	0
4222	94	85	91
4223	1	0	0
4224	15	20	31
4225	2	1	1
4226	91	87	92
4227	2	5	4
4228	6	9	7
4229	9	16	9
4230	20	17	28
4231	15	15	12
4232	31	36	27
4233	27	37	28
4234	38	54	39
4235	13	21	13
4236	29	25	26
4237	81	72	68
4238	10	4	9
4239	73	74	47
4240	27	43	30
4241	1	0	0
4242	51	58	45
4243	12	11	14
4244	0	2	0
4245	104	63	69
4246	28	22	24
4247	99	72	69
4248	171	229	232
4249	0	0	1
4250	0	0	0
4251	13	20	21
4252	2	4	4
4253	1	1	1
4254	16	6	10
4255	12	15	20
4256	3	11	19
4257	1	0	0
4258	122	167	145
4259	0	1	0
4260	16	19	14
4261	1	1	1
4262	250	219	156
4263	0	0	1
4264	19	19	21
4265	13	23	14
4266	10	13	11
4267	1	0	0
4268	9	8	10
4269	19	23	27
4270	26	33	22
4271	0	2	6
4272	59	46	39
4273	1	8	3
4274	61	55	49
4275	26	17	18
4276	33	24	15
4277	31	29	26
4278	14	24	19
4279	75	53	35
4280	2	4	4
4281	1967	1895	1698
4282	3	7	5
4283	25	4	12
4284	19	11	6
4285	37	37	25
4286	20	21	15
4287	57	60	37
4288	49	38	34
4289	7	1	8
4290	45	36	38
4291	28	26	24
4292	34	27	24
4293	9	7	8
4294	19	20	24
4295	1	0	1
4296	3	2	0
4297	11	14	9
4298	149	177	148
4299	35	16	23
4300	18	22	21
4301	7	10	9
4302	24	26	27
4303	14	16	21
4304	0	2	0
4305	2	4	0
4306	84	62	59
4307	5	7	27
4308	21	23	35
4309	14	4	3
4310	15	22	9
4311	8	10	6
4312	4	2	0
4313	7	13	6
4314	0	0	0
4315	130	120	90
4316	94	75	93
4317	17	12	18
4318	18	23	15
4319	34	40	36
4320	17	25	13
4321	14	15	17
4322	0	0	0
4323	30	28	23
4324	1	2	6
4325	0	0	0
4326	3	5	6
4327	7	2	8
4328	87	78	49
4329	8	13	8
4330	33	26	20
4331	2	3	4
4332	143	142	135
4333	13	12	8
4334	3	5	2
4335	2	4	3
4336	480	495	388
4337	3	2	0
4338	1	2	3
4339	0	1	0
4340	1	1	0
4341	3	7	4
4342	3	0	0
4343	2	0	1
4344	7	0	1
4345	40	26	18
4346	5	10	9
4347	2	1	0
4348	0	0	0
4349	16	12	15
4350	2	4	2
4351	20	21	19
4352	15	21	12
4353	0	1	1
4354	0	0	0
4355	2	3	0
4356	52	47	38
4357	4	6	4
4358	28	24	34
4359	0	2	2
4360	16	11	11
4361	6	2	6
4362	1	2	1
4363	6	8	11
4364	51	58	46
4365	8	2	1
4366	13	19	12
4367	0	0	0
4368	330	310	277
4369	2	1	0
4370	3	2	4
4371	64	72	44
4372	0	1	2
4373	6	9	10
4374	1	1	2
4375	7	12	10
4376	0	0	0
4377	17	12	13
4378	39	40	36
4379	1	5	2
4380	0	1	0
4381	1	4	1
4382	36	23	31
4383	1	1	0
4384	10	8	9
4385	0	1	0
4386	2	2	6
4387	1	4	3
4388	0	0	0
4389	18	34	25
4390	123	146	115
4391	281	329	372
4392	75	71	50
4393	231	214	191
4394	96	71	69
4395	33	43	35
4396	807	793	753
4397	25	28	8
4398	123	127	98
4399	26	22	20
4400	0	0	0
4401	8	9	8
4402	80	91	76
4403	23	32	24
4404	41	55	44
4405	0	0	0
4406	10	7	13
4407	4	2	2
4408	26	35	22
4409	13	11	8
4410	26	31	13
4411	3	3	0
4412	0	1	0
4413	63	49	58
4414	23	34	18
4415	13	14	3
4416	236	259	207
4417	15	27	33
4418	1	1	1
4419	2	5	2
4420	86	70	61
4421	5	2	10
4422	50	55	50
4423	22	11	13
4424	7	7	6
4425	0	0	0
4426	18	15	14
4427	13	4	7
4428	93	92	106
4429	15	21	16
4430	0	0	0
4431	0	0	0
4432	17	11	15
4433	10	13	4
4434	4	1	2
4435	66	64	69
4436	14	9	8
4437	63	48	41
4438	67	104	66
4439	31	37	37
4440	0	0	0
4441	9	4	5
4442	262	248	235
4443	0	0	0
4444	20	11	16
4445	6	6	4
4446	22	22	17
4447	7	6	5
4448	1	3	4
4449	4	4	2
4450	0	0	0
4451	0	0	0
4452	16	21	22
4453	88	74	88
4454	57	40	48
4455	1	1	1
4456	567	570	480
4457	5	14	1
4458	14	10	15
4459	106	93	58
4460	5	3	6
4461	9	8	9
4462	27	46	13
4463	11	17	24
4464	344	344	323
4465	45	63	50
4466	19	30	22
4467	39	43	38
4468	26	45	31
4469	17	17	15
4470	1	1	0
4471	531	562	451
4472	12	9	3
4473	0	0	0
4474	6	10	8
4475	34	47	27
4476	8	5	6
4477	7	8	8
4478	3	3	8
4479	0	0	0
4480	27	30	16
4481	3	5	5
4482	1	0	2
4483	0	0	0
4484	5	7	7
4485	0	0	2
4486	19	10	6
4487	2	1	0
4488	67	74	58
4489	92	86	106
4490	0	0	0
4491	36	39	38
4492	29	25	21
4493	11	11	11
4494	0	0	0
4495	15	19	14
4496	0	0	1
4497	18	23	10
4498	0	0	0
4499	14	12	7
4500	45	29	45
4501	1	2	0
4502	2	2	3
4503	5	2	2
4504	44	33	25
4505	22	18	10
4506	2	1	0
4507	3	2	0
4508	47	52	49
4509	4	6	7
4510	117	116	97
4511	0	1	5
4512	10	20	16
4513	4	8	5
4514	8	8	15
4515	1	0	0
4516	9	10	3
4517	10	12	11
4518	14	14	21
4519	134	143	121
4520	1	0	3
4521	0	0	0
4522	35	29	26
4523	9	11	10
4524	18	21	17
4525	3	9	7
4526	0	1	4
4527	40	43	34
4528	5	5	3
4529	0	0	0
4530	23	18	19
4531	1	2	0
4532	0	0	0
4533	0	1	0
4534	6	4	5
4535	0	0	0
4536	95	104	103
4537	3	2	1
4538	98	85	58
4539	1	3	2
4540	78	75	69
4541	9	11	6
4542	25	24	13
4543	3	2	1
4544	31	37	34
4545	27	16	10
4546	5	10	10
4547	15	15	13
4548	0	0	0
4549	0	0	0
4550	153	123	93
4551	12	8	19
4552	0	1	1
4553	0	0	0
4554	111	109	87
4555	10	6	9
4556	1	2	2
4557	1	0	0
4558	19	25	20
4559	6	5	5
4560	47	52	31
4561	6	2	4
4562	18	16	12
4563	203	169	148
4564	15	15	12
4565	443	408	310
4566	22	16	24
4567	10	9	6
4568	85	71	59
4569	25	22	20
4570	15	21	15
4571	88	88	95
4572	48	43	35
4573	0	0	0
4574	0	0	0
4575	0	0	0
4576	30	26	34
4577	0	3	2
4578	1	2	0
4579	239	336	224
4580	3	6	5
4581	0	0	0
4582	3	2	1
4583	0	1	2
4584	0	0	0
4585	1	3	1
4586	10	19	9
4587	8	5	5
4588	468	465	295
4589	7	6	5
4590	7	7	7
4591	1	12	3
4592	6	2	9
4593	1	4	1
4594	231	234	239
4595	8	9	15
4596	0	2	1
4597	54	46	51
4598	108	125	112
4599	3	5	4
4600	18	13	12
4601	61	44	40
4602	16	16	19
4603	37	34	21
4604	11	8	6
4605	11	10	10
4606	217	224	188
4607	1	0	0
4608	0	1	1
4609	3	0	1
4610	25	29	17
4611	123	112	96
4612	3	3	9
4613	19	13	8
4614	17	14	9
4615	38	34	57
4616	21	15	12
4617	31	20	28
4618	4	7	6
4619	8	9	7
4620	29	22	13
4621	4	3	5
4622	21	23	21
4623	0	0	0
4624	105	87	81
4625	4	10	6
4626	7	6	4
4627	121	132	111
4628	38	46	49
4629	67	55	41
4630	0	0	0
4631	311	323	219
4632	17	30	17
4633	41	52	63
4634	0	0	0
4635	27	27	20
4636	0	2	0
4637	42	30	57
4638	19	14	11
4639	6	10	7
4640	200	183	165
4641	14	14	8
4642	164	157	145
4643	91	95	63
4644	2	3	5
4645	1	0	0
4646	572	524	511
4647	3	7	4
4648	112	105	103
4649	14	6	7
4650	15	20	17
4651	12	14	14
4652	0	0	0
4653	1	0	0
4654	2	8	1
4655	2	0	3
4656	6	12	11
4657	15	10	7
4658	21	15	15
4659	5	9	19
4660	0	0	0
4661	83	74	71
4662	2	1	1
4663	216	211	251
4664	34	26	16
4665	17	13	11
4666	12	16	1
4667	168	167	173
4668	29	32	41
4669	30	18	14
4670	2	3	1
4671	2	1	1
4672	1	3	2
4673	1	0	0
4674	57	66	50
4675	45	52	27
4676	158	156	115
4677	20	24	22
4678	28	6	9
4679	122	81	60
4680	9	5	10
4681	234	207	171
4682	27	21	13
4683	1	3	0
4684	0	0	0
4685	5	10	4
4686	13	18	14
4687	2	8	5
4688	8	6	7
4689	10	11	14
4690	14	42	8
4691	3	2	3
4692	0	0	0
4693	18	24	15
4694	15	9	7
4695	6	4	6
4696	4	6	7
4697	0	3	0
4698	4	7	2
4699	31	35	26
4700	72	68	46
4701	4	3	7
4702	0	0	0
4703	0	0	1
4704	14	16	21
4705	0	3	2
4706	52	47	39
4707	52	50	52
4708	37	27	19
4709	46	63	74
4710	61	36	46
4711	0	1	0
4712	6	3	5
4713	54	53	50
4714	5	6	6
4715	36	31	24
4716	2	1	3
4717	276	234	194
4718	58	63	40
4719	16	18	11
4720	2	0	1
4721	27	25	22
4722	0	0	0
4723	18	27	32
4724	0	0	0
4725	20	21	15
4726	664	720	556
4727	6	2	3
4728	160	153	128
4729	12	13	10
4730	178	188	143
4731	1	5	1
4732	27	24	17
4733	11	19	17
4734	7	4	4
4735	153	179	142
4736	0	0	0
4737	4	9	7
4738	42	32	28
4739	2	3	3
4740	114	84	82
4741	13	6	15
4742	166	174	172
4743	268	255	270
4744	75	74	58
4745	105	108	80
4746	2	1	3
4747	1	0	0
4748	9	8	14
4749	125	116	86
4750	16	10	11
4751	22	22	24
4752	19	19	16
4753	4	2	3
4754	132	155	135
4755	50	45	36
4756	23	21	16
4757	10	18	16
4758	1	1	0
4759	14	8	8
4760	14	26	16
4761	16	18	12
4762	6	6	2
4763	32	25	22
4764	19	16	12
4765	17	16	21
4766	143	145	154
4767	27	22	16
4768	136	103	96
4769	99	108	81
4770	0	0	0
4771	0	0	1
4772	29	14	14
4773	173	182	150
4774	16	13	16
4775	0	1	0
4776	0	0	0
4777	194	146	116
4778	8	4	4
4779	0	0	0
4780	2	5	1
4781	9	7	12
4782	0	0	0
4783	27	39	25
4784	2	3	1
4785	43	54	53
4786	27	26	23
4787	4	10	1
4788	8	10	8
4789	116	100	92
4790	22	27	21
4791	8	11	10
4792	7	6	7
4793	3	0	0
4794	20	19	12
4795	58	63	44
4796	70	58	37
4797	11	8	8
4798	0	0	0
4799	13	16	4
4800	2	0	0
4801	0	3	0
4802	250	237	132
4803	234	277	174
4804	159	85	108
4805	28	24	20
4806	0	0	0
4807	195	197	131
4808	44	41	30
4809	106	110	98
4810	23	18	10
4811	6	6	7
4812	12	17	15
4813	8	11	9
4814	19	17	17
4815	0	1	0
4816	198	204	187
4817	0	0	0
4818	2	3	0
4819	215	193	181
4820	4	3	3
4821	19	13	13
4822	6	3	5
4823	19	16	16
4824	4	11	8
4825	74	86	85
4826	63	67	61
4827	26	36	34
4828	0	1	1
4829	10	9	4
4830	0	1	0
4831	7	3	2
4832	2	5	10
4833	31	26	28
4834	0	0	0
4835	25	18	15
4836	2	2	2
4837	5	8	2
4838	49	39	31
4839	377	382	417
4840	25	38	42
4841	71	92	61
4842	16	13	13
4843	9	11	10
4844	43	60	32
4845	153	163	143
4846	3	3	10
4847	3	3	2
4848	4	5	3
4849	53	51	52
4850	0	2	1
4851	28	28	19
4852	11	8	9
4853	17	25	22
4854	6	10	4
4855	11	8	7
4856	15	22	20
4857	1	1	1
4858	0	0	0
4859	0	0	0
4860	11	12	9
4861	1693	1738	1728
4862	7	13	8
4863	17	18	10
4864	32	19	17
4865	0	0	0
4866	0	1	1
4867	0	1	0
4868	38	48	34
4869	100	99	62
4870	1	1	6
4871	0	0	0
4872	0	0	0
4873	0	3	6
4874	13	13	10
4875	17	18	17
4876	3	2	0
4877	44	67	43
4878	0	0	0
4879	1	0	4
4880	0	0	0
4881	0	0	0
4882	0	0	0
4883	0	0	0
4884	0	0	0
4885	0	0	0
4886	7	9	2
4887	6	5	1
4888	78	54	46
4889	301	329	300
4890	98	72	65
4891	109	152	96
4892	0	0	0
4893	2	1	0
4894	70	58	46
4895	7	10	6
4896	0	0	1
4897	0	0	0
4898	3	4	4
4899	59	69	64
4900	1	4	10
4901	6	17	9
4902	15	18	19
4903	0	3	2
4904	304	397	221
4905	0	0	0
4906	3	4	2
4907	31	34	20
4908	0	3	2
4909	66	57	46
4910	5	11	7
4911	3	2	3
4912	0	0	0
4913	8	4	2
4914	158	146	155
4915	0	0	0
4916	2	4	0
4917	12	7	7
4918	12	8	15
4919	31	21	14
4920	48	56	34
4921	31	38	23
4922	74	90	63
4923	85	111	68
4924	3	2	1
4925	0	0	0
4926	115	110	117
4927	6	9	6
4928	83	89	64
4929	92	77	66
4930	0	0	0
4931	81	90	96
4932	299	303	250
4933	0	0	1
4934	30	52	25
4935	31	32	24
4936	42	40	30
4937	7	4	1
4938	16	13	11
4939	37	37	30
4940	22	29	12
4941	7	9	9
4942	451	469	401
4943	5	1	2
4944	2	2	1
4945	0	2	0
4946	2	3	2
4947	11	10	10
4948	47	47	27
4949	33	41	25
4950	0	0	1
4951	0	0	0
4952	58	48	49
4953	1	4	1
4954	0	1	0
4955	0	0	0
4956	20	13	13
4957	12	4	4
4958	4	9	7
4959	2	3	1
4960	11	3	14
4961	28	20	7
4962	1	5	3
4963	31	35	25
4964	1055	1074	1024
4965	8	6	7
4966	1095	1071	863
4967	1	0	1
4968	2	1	1
4969	0	0	0
4970	2	0	0
4971	30	30	14
4972	64	71	45
4973	1	1	4
4974	1	2	0
4975	9	17	11
4976	20	19	16
4977	17	8	11
4978	26	14	16
4979	44	58	40
4980	39	25	16
4981	9	8	9
4982	15	11	9
4983	0	1	1
4984	0	1	0
4985	0	0	0
4986	30	28	22
4987	12	15	10
4988	8	6	2
4989	1	4	3
4990	10	10	8
4991	55	46	44
4992	0	0	0
4993	0	0	0
4994	2	0	1
4995	2	3	3
4996	4	2	5
4997	44	42	45
4998	34	55	37
4999	179	208	152
5000	6	16	5
5001	21	21	15
5002	4	5	3
5003	224	242	206
5004	92	88	65
5005	1	1	0
5006	2	0	2
5007	90	76	99
5008	5	6	4
5009	15	20	14
5010	75	79	55
5011	2	0	2
5012	13	20	13
5013	0	0	2
5014	23	26	34
5015	59	55	48
5016	170	209	183
5017	1	1	1
5018	9	10	4
5019	33	38	31
5020	913	967	751
5021	6	2	6
5022	15	16	8
5023	39	37	41
5024	379	405	347
5025	2	3	6
5026	38	34	36
5027	10	12	7
5028	49	44	51
5029	51	38	38
5030	2	3	1
5031	0	1	1
5032	10	13	9
5033	10	12	6
5034	91	80	70
5035	285	281	241
5036	23	27	15
5037	74	68	94
5038	15	18	21
5039	3	1	3
5040	0	0	0
5041	0	0	0
5042	4	3	5
5043	16	12	14
5044	0	0	1
5045	1	1	0
5046	128	207	104
5047	10	7	6
5048	31	26	15
5049	1	0	0
5050	0	2	1
5051	1	0	2
5052	75	52	57
5053	36	24	23
5054	15	11	13
5055	387	365	271
5056	23	26	25
5057	0	0	0
5058	63	63	77
5059	3	6	9
5060	7	3	2
5061	2	8	15
5062	493	612	526
5063	7	2	1
5064	0	0	0
5065	2	8	3
5066	1	1	1
5067	7	15	23
5068	2	0	0
5069	88	117	142
5070	2	3	1
5071	16	12	11
5072	166	154	132
5073	136	88	70
5074	43	35	45
5075	6	8	5
5076	162	137	127
5077	49	53	44
5078	39	52	34
5079	3	2	4
5080	18	16	7
5081	2	3	2
5082	3	4	1
5083	2	6	3
5084	5	3	6
5085	21	22	17
5086	18	16	15
5087	5	1	0
5088	1	2	1
5089	78	74	69
5090	17	16	16
5091	21	17	18
5092	105	80	77
5093	4	1	1
5094	25	33	13
5095	64	53	55
5096	0	1	0
5097	11	18	10
5098	357	321	318
5099	55	34	35
5100	6	4	2
5101	23	31	35
5102	77	64	58
5103	10	17	8
5104	1	1	0
5105	38	43	28
5106	867	801	660
5107	2	7	6
5108	2	1	3
5109	17	7	9
5110	137	121	118
5111	91	86	51
5112	7	8	13
5113	5	10	20
5114	7	6	11
5115	13	21	11
5116	210	230	212
5117	0	0	0
5118	7	3	6
5119	10	10	11
5120	54	61	49
5121	272	234	229
5122	10	11	13
5123	9	7	5
5124	0	0	1
5125	1	1	0
5126	2	2	2
5127	615	631	594
5128	0	1	0
5129	1	0	0
5130	6	3	4
5131	104	111	84
5132	8	12	10
5133	2	2	3
5134	1	4	5
5135	0	0	0
5136	22	20	11
5137	3	6	2
5138	1	2	2
5139	23	30	35
5140	115	127	93
5141	2	3	5
5142	12	7	9
5143	5	6	4
5144	0	0	0
5145	14	13	14
5146	100	89	109
5147	0	1	0
5148	3	1	0
5149	5	4	0
5150	57	55	39
5151	52	61	72
5152	2	2	5
5153	0	0	0
5154	0	0	1
5155	136	125	95
5156	5	1	2
5157	69	63	43
5158	0	1	0
5159	24	23	17
5160	28	33	17
5161	47	15	20
5162	80	54	59
5163	19	18	22
5164	4	3	1
5165	85	79	64
5166	12	13	8
5167	5	9	4
5168	60	61	57
5169	5	4	6
5170	38	30	28
5171	113	97	104
5172	13	15	10
5173	120	142	103
5174	4	8	5
5175	1	0	0
5176	1	0	0
5177	44	55	40
5178	0	0	0
5179	20	25	16
5180	42	45	21
5181	0	0	0
5182	92	92	61
5183	52	84	60
5184	55	44	59
5185	253	248	204
5186	67	50	50
5187	32	42	33
5188	48	41	35
5189	4	3	2
5190	0	1	0
5191	11	8	5
5192	3	1	3
5193	30	24	21
5194	6	5	1
5195	7	18	8
5196	6	3	7
5197	44	44	48
5198	52	63	57
5199	1	2	3
5200	1	1	3
5201	323	290	293
5202	11	8	11
5203	160	137	96
5204	151	162	94
5205	0	0	0
5206	378	359	351
5207	0	0	0
5208	80	73	49
5209	3	7	1
5210	17	17	21
5211	31	14	7
5212	51	47	27
5213	40	46	35
5214	12	11	9
5215	53	79	68
5216	48	73	57
5217	0	0	0
5218	0	0	0
5219	13	11	12
5220	14	7	19
5221	6	3	5
5222	44	45	63
5223	115	143	107
5224	26	22	21
5225	89	103	64
5226	18	22	17
5227	10	8	7
5228	49	52	47
5229	53	48	53
5230	61	66	57
5231	75	61	39
5232	5	4	3
5233	3	3	4
5234	25	27	20
5235	0	0	1
5236	130	125	107
5237	0	0	0
5238	0	0	0
5239	0	0	0
5240	0	0	0
5241	0	0	0
5242	17	17	9
5243	23	16	11
5244	28	24	18
5245	4	2	3
5246	3	1	1
5247	13	14	2
5248	1	0	0
5249	58	39	35
5250	40	25	31
5251	206	223	155
5252	1	1	1
5253	1	0	2
5254	122	96	83
5255	11	6	6
5256	34	58	41
5257	0	0	2
5258	9	12	4
5259	44	61	46
5260	36	28	22
5261	55	68	48
5262	5	5	6
5263	0	0	0
5264	14	13	13
5265	3	3	0
5266	244	232	198
5267	0	0	0
5268	0	0	0
5269	7	6	3
5270	0	0	1
5271	10	9	7
5272	1	0	0
5273	0	0	0
5274	17	15	8
5275	0	0	0
5276	0	0	0
5277	3	0	2
5278	3	2	1
5279	37	39	26
5280	7	5	1
5281	35	32	28
5282	0	0	0
5283	43	45	43
5284	251	279	213
5285	7	9	4
5286	0	1	1
5287	12	13	5
5288	0	0	0
5289	23	35	26
5290	108	95	84
5291	23	39	44
5292	281	360	271
5293	15	27	30
5294	21	13	14
5295	81	69	69
5296	0	0	0
5297	15	8	3
5298	45	32	20
5299	0	0	0
5300	91	79	61
5301	11	14	9
5302	8	8	6
5303	34	40	31
5304	63	61	55
5305	81	85	77
5306	174	169	121
5307	11	15	15
5308	8	15	5
5309	68	59	47
5310	94	84	66
5311	19	15	20
5312	0	0	0
5313	55	41	36
5314	15	7	6
5315	0	0	0
5316	19	17	11
5317	2	1	2
5318	15	16	9
5319	16	18	16
5320	55	57	31
5321	461	455	398
5322	14	20	12
5323	12	7	13
5324	28	25	14
5325	22	19	16
5326	37	54	24
5327	1085	1098	1044
5328	0	0	2
5329	10	5	10
5330	2	1	1
5331	54	66	40
5332	1108	1107	1034
5333	38	28	21
5334	4	6	8
5335	13	16	25
5336	22	20	19
5337	595	547	571
5338	4	0	1
5339	22	12	11
5340	207	198	210
5341	29	33	13
5342	1	6	2
5343	7	9	8
5344	118	140	114
5345	14	8	14
5346	3	6	4
5347	1	0	0
5348	3	0	2
5349	140	131	105
5350	61	58	49
5351	87	116	105
5352	8	7	9
5353	16	17	17
5354	19	29	23
5355	7	7	6
5356	78	101	76
5357	36	51	37
5358	2	5	4
5359	1	1	1
5360	0	0	0
5361	10	1	5
5362	0	0	0
5363	0	0	0
5364	45	33	21
5365	11	5	1
5366	19	19	13
5367	18	14	6
5368	11	6	2
5369	120	135	100
5370	6	5	12
5371	4	8	11
5372	5	3	5
5373	23	13	11
5374	8	0	1
5375	88	70	76
5376	2	4	3
5377	0	2	3
5378	3	1	1
5379	106	98	62
5380	18	11	8
5381	0	0	0
5382	5	8	3
5383	34	32	24
5384	0	0	0
5385	15	25	13
5386	58	52	55
5387	1	3	2
5388	3	7	7
5389	5	10	7
5390	0	3	7
5391	29	19	16
5392	3	3	2
5393	34	38	27
5394	40	28	49
5395	6	8	6
5396	0	1	0
5397	7	9	8
5398	178	175	161
5399	7	2	2
5400	0	0	0
5401	188	175	216
5402	5	7	7
5403	62	76	66
5404	0	1	1
5405	41	44	47
5406	1	2	2
5407	4	8	8
5408	8	0	2
5409	28	31	31
5410	49	67	49
5411	0	0	0
5412	3	1	2
5413	8	10	2
5414	33	40	37
5415	8	6	8
5416	220	224	243
5417	1	4	1
5418	10	8	3
5419	18	10	11
5420	6	8	5
5421	0	1	0
5422	5	12	3
5423	38	36	17
5424	27	36	22
5425	6	6	6
5426	13	17	12
5427	22	26	22
5428	1	4	0
5429	14	21	10
5430	8	13	6
5431	7	6	3
5432	265	197	233
5433	85	86	57
5434	45	51	49
5435	3	6	6
5436	1	4	5
5437	6	9	4
5438	76	85	63
5439	4	4	3
5440	6	7	3
5441	242	226	221
5442	50	58	58
5443	1045	1142	998
5444	301	322	231
5445	44	45	26
5446	278	283	241
5447	78	74	53
5448	0	3	4
5449	59	64	42
5450	203	157	163
5451	181	215	174
5452	15	14	13
5453	202	226	217
5454	1	0	0
5455	0	0	0
5456	19	9	23
5457	259	223	171
5458	0	0	0
5459	5	6	6
5460	3	0	0
5461	2	3	3
5462	1	1	2
5463	204	218	211
5464	7	3	3
5465	18	30	13
5466	801	782	692
5467	2	2	5
5468	51	28	44
5469	1	1	0
5470	158	166	157
5471	23	26	8
5472	0	0	0
5473	1	3	2
5474	7	2	5
5475	0	0	0
5476	107	121	97
5477	5	13	11
5478	3	1	1
5479	0	0	0
5480	3	4	0
5481	3	1	4
5482	229	241	190
5483	2	3	3
5484	6	4	4
5485	2	0	0
5486	70	41	47
5487	30	35	25
5488	48	54	76
5489	34	30	29
5490	13	18	12
5491	20	13	10
5492	0	0	0
5493	0	0	0
5494	0	0	2
5495	0	0	0
5496	4	7	5
5497	10	14	17
5498	0	0	0
5499	13	20	8
5500	153	193	113
5501	0	3	1
5502	73	89	103
5503	246	277	180
5504	4	2	0
5505	7	9	2
5506	204	159	119
5507	10	15	10
5508	2	6	6
5509	291	274	281
5510	16	5	3
5511	5	5	1
5512	175	138	111
5513	0	0	2
5514	5	9	7
5515	8	9	6
5516	12	4	12
5517	1	1	0
5518	0	0	0
5519	25	24	15
5520	17	9	8
5521	34	54	35
5522	3	3	0
5523	5	7	4
5524	1	1	2
5525	0	0	0
5526	0	0	0
5527	0	0	0
5528	27	27	31
5529	4	1	4
5530	405	320	330
5531	208	233	186
5532	4	4	3
5533	0	0	0
5534	156	128	89
5535	56	63	32
5536	14	18	20
5537	1	4	4
5538	4	0	1
5539	13	5	7
5540	0	0	0
5541	191	139	128
5542	0	0	0
5543	3	2	1
5544	3	4	3
5545	65	71	45
5546	57	63	59
5547	52	52	63
5548	16	13	9
5549	0	1	0
5550	47	47	36
5551	10	12	5
5552	9	6	5
5553	0	0	0
5554	43	69	49
5555	1	4	3
5556	3	9	1
5557	0	0	0
5558	26	18	16
5559	1	4	5
5560	1	5	2
5561	9	13	10
5562	3	0	0
5563	5	6	5
5564	18	20	7
5565	1770	1743	1472
5566	19	14	11
5567	8	9	4
5568	49	72	51
5569	16	15	11
5570	0	1	2
5571	0	0	0
5572	3	4	1
5573	33	16	20
5574	23	15	18
5575	1	2	5
5576	49	29	36
5577	554	484	463
5578	150	167	113
5579	13	7	3
5580	6	4	2
5581	1	3	5
5582	0	1	0
5583	17	12	20
5584	54	61	50
5585	15	9	11
5586	1	1	1
5587	5	7	2
5588	4	6	3
5589	153	139	130
5590	13	18	14
5591	5	5	7
5592	8	4	4
5593	6	5	2
5594	3	5	2
5595	2	8	6
5596	159	165	120
5597	8	5	6
5598	11	11	8
5599	30	25	13
5600	0	0	0
5601	24	24	18
5602	4	5	1
5603	36	39	32
5604	49	33	33
5605	85	79	63
5606	41	35	27
5607	35	28	32
5608	8	11	23
5609	0	0	1
5610	88	60	62
5611	21	20	15
5612	6	13	12
5613	20	9	12
5614	156	163	139
5615	8	8	5
5616	1	0	0
5617	50	68	61
5618	30	21	19
5619	229	211	135
5620	27	26	32
5621	2	6	8
5622	6	17	2
5623	9	4	13
5624	7	9	4
5625	0	1	3
5626	1	0	0
5627	1	4	1
5628	1	0	0
5629	23	18	14
5630	24	25	22
5631	0	0	0
5632	7	10	4
5633	29	28	16
5634	46	47	58
5635	3	1	3
5636	27	29	27
5637	11	13	6
5638	25	25	8
5639	12	11	6
5640	0	0	0
5641	30	26	19
5642	48	52	51
5643	132	124	89
5644	1	0	1
5645	2	4	2
5646	5	3	3
5647	2	9	5
5648	2	10	4
5649	1	3	2
5650	5	6	1
5651	5	5	0
5652	0	0	0
5653	77	92	62
5654	0	0	0
5655	5	6	3
5656	13	5	10
5657	12	14	10
5658	3	3	3
5659	0	0	1
5660	206	191	143
5661	6	4	3
5662	12	19	18
5663	21	22	25
5664	166	162	161
5665	3	3	2
5666	15	13	6
5667	55	41	55
5668	95	69	80
5669	3	4	4
5670	36	29	21
5671	2	3	3
5672	83	61	54
5673	87	78	79
5674	0	0	0
5675	6	8	3
5676	23	23	21
5677	1	0	0
5678	18	31	18
5679	0	0	0
5680	8	10	4
5681	148	144	115
5682	16	16	10
5683	7	4	9
5684	4	8	9
5685	0	5	1
5686	29	31	28
5687	36	35	24
5688	2	4	1
5689	0	0	0
5690	182	168	130
5691	53	66	42
5692	5	3	5
5693	40	32	23
5694	22	21	16
5695	729	741	729
5696	9	12	4
5697	15	11	16
5698	18	19	30
5699	47	59	47
5700	9	16	16
5701	1	0	0
5702	7	11	3
5703	0	0	0
5704	0	1	0
5705	30	21	16
5706	0	2	3
5707	0	1	1
5708	144	113	137
5709	40	44	36
5710	22	19	15
5711	55	60	45
5712	17	16	17
5713	398	378	376
5714	21	26	28
5715	2	2	1
5716	0	0	0
5717	0	0	1
5718	62	56	53
5719	186	164	129
5720	0	0	0
5721	14	7	6
5722	213	189	202
5723	5	7	9
5724	9	5	8
5725	7	17	7
5726	44	36	18
5727	3	3	6
5728	4	6	3
5729	50	39	40
5730	72	77	81
5731	294	312	337
5732	188	174	130
5733	41	26	22
5734	47	33	27
5735	2	2	2
5736	1	3	3
5737	13	6	14
5738	0	0	0
5739	8	8	1
5740	31	44	32
5741	36	43	28
5742	0	0	0
5743	9	23	12
5744	3	6	1
5745	20	6	4
5746	17	25	15
5747	77	86	77
5748	14	5	9
5749	401	394	356
5750	19	12	12
5751	152	156	112
5752	17	17	11
5753	10	5	3
5754	1	1	0
5755	8	8	6
5756	1	1	3
5757	43	59	31
5758	24	38	23
5759	5	2	2
5760	0	0	0
5761	88	102	82
5762	12	7	11
5763	6	7	5
5764	20	20	14
5765	8	3	8
5766	0	0	0
5767	1	1	1
5768	0	0	0
5769	0	0	1
5770	2	1	2
5771	43	57	31
5772	67	59	59
5773	3	2	3
5774	36	31	27
5775	47	51	41
5776	20	25	21
5777	0	0	0
5778	21	26	15
5779	84	77	61
5780	23	14	15
5781	2	2	3
5782	5	4	8
5783	59	60	49
5784	3	2	4
5785	8	4	7
5786	23	27	29
5787	4	6	5
5788	0	0	0
5789	989	1038	970
5790	399	430	379
5791	1	4	2
5792	406	349	240
5793	18	11	16
5794	283	227	301
5795	18	20	27
5796	14	21	16
5797	27	26	24
5798	2	0	1
5799	13	17	12
5800	141	129	117
5801	125	152	116
5802	4	0	6
5803	0	0	0
5804	7	4	1
5805	16	21	17
5806	20	24	19
5807	0	0	0
5808	4	4	2
5809	1	3	1
5810	63	70	53
5811	99	78	60
5812	149	147	154
5813	18	20	28
5814	0	0	0
5815	6	8	13
5816	116	133	82
5817	62	61	52
5818	28	21	26
5819	26	28	21
5820	34	22	10
5821	178	132	121
5822	1	1	1
5823	14	20	15
5824	521	545	396
5825	46	38	28
5826	0	0	0
5827	8	9	10
5828	12	12	8
5829	4	8	9
5830	10	22	19
5831	136	101	93
5832	3	3	4
5833	20	22	21
5834	7	6	9
5835	61	63	70
5836	25	27	18
5837	9	11	5
5838	42	35	39
5839	28	29	17
5840	196	200	155
5841	0	0	0
5842	50	57	43
5843	6	1	3
5844	0	1	1
5845	44	54	48
5846	0	3	1
5847	0	0	0
5848	4	4	3
5849	0	1	1
5850	2	6	6
5851	17	10	13
5852	6	12	7
5853	0	0	0
5854	161	161	124
5855	14	14	9
5856	32	34	38
5857	3	0	0
5858	98	93	68
5859	60	73	61
5860	27	37	34
5861	14	11	15
5862	11	10	13
5863	1	1	3
5864	21	19	20
5865	45	29	33
5866	0	0	0
5867	0	0	0
5868	0	0	0
5869	106	80	57
5870	4	4	0
5871	0	1	2
5872	2	3	3
5873	61	28	36
5874	67	62	52
5875	1	0	0
5876	55	61	53
5877	0	1	0
5878	1	1	2
5879	0	1	3
5880	5	1	1
5881	2	0	0
5882	0	0	0
5883	33	54	37
5884	18	16	14
5885	20	13	12
5886	0	1	1
5887	2	5	8
5888	10	29	19
5889	80	86	56
5890	40	51	44
5891	11	6	10
5892	0	0	0
5893	0	0	0
5894	293	299	211
5895	20	15	9
5896	0	0	0
5897	16	16	11
5898	2	0	0
5899	13	15	9
5900	0	0	0
5901	1	0	0
5902	61	73	60
5903	17	27	18
5904	14	14	8
5905	23	13	13
5906	94	72	56
5907	20	18	17
5908	179	135	112
5909	0	1	3
5910	6	6	1
5911	0	1	0
5912	6	5	4
5913	8	14	11
5914	30	38	24
5915	27	43	25
5916	83	101	70
5917	186	166	140
5918	215	231	206
5919	3	5	1
5920	0	1	0
5921	14	14	16
5922	0	0	0
5923	18	16	25
5924	1	3	0
5925	511	475	337
5926	69	60	44
5927	10	12	14
5928	12	8	5
5929	60	47	41
5930	1	0	2
5931	36	24	32
5932	579	557	559
5933	25	27	34
5934	3	5	0
5935	2	0	5
5936	0	0	0
5937	49	45	26
5938	41	34	31
5939	10	7	6
5940	17	20	15
5941	11	25	19
5942	8	14	7
5943	6	3	3
5944	0	0	1
5945	2374	2411	2156
5946	25	21	15
5947	7	11	12
5948	377	368	269
5949	57	60	28
5950	1	0	5
5951	12	16	15
5952	1	1	0
5953	5	5	2
5954	1	2	0
5955	40	33	20
5956	17	22	13
5957	0	0	0
5958	33	34	25
5959	2	0	3
5960	16	21	8
5961	106	110	91
5962	195	193	178
5963	10	7	2
5964	0	1	0
5965	2	0	2
5966	0	1	0
5967	0	0	0
5968	38	28	26
5969	199	205	151
5970	42	43	44
5971	3	1	5
5972	34	25	14
5973	2	2	4
5974	98	96	79
5975	49	45	37
5976	0	0	0
5977	0	0	0
5978	1	1	1
5979	71	72	66
5980	22	24	28
5981	24	16	18
5982	137	125	96
5983	0	0	0
5984	6	7	5
5985	35	38	37
5986	10	5	15
5987	14	10	14
5988	6	4	6
5989	14	17	15
5990	6	9	6
5991	104	122	113
5992	11	8	6
5993	22	38	35
5994	1	0	1
5995	13	10	8
5996	1	1	2
5997	3	1	3
5998	84	60	74
5999	59	60	59
6000	6	6	4
6001	8	6	10
6002	15	15	14
6003	15	21	16
6004	8	5	7
6005	28	18	20
6006	2	3	1
6007	1	2	1
6008	96	88	79
6009	21	28	24
6010	25	26	20
6011	250	272	227
6012	7	6	15
6013	33	36	42
6014	10	3	0
6015	6	2	8
6016	39	36	41
6017	12	11	4
6018	20	26	18
6019	6	5	4
6020	0	0	0
6021	6	11	4
6022	2	2	5
6023	28	37	17
6024	8	6	3
6025	13	16	10
6026	13	9	16
6027	6	7	8
6028	30	22	31
6029	127	142	120
