	-24	-23	-22	-21	-20	-19	-18	-17	-16	-15	-14	-13	-12	-11	-10	-9	-8	-7	-6	-5	-4	-3	-2	-1	0	1	2	3	4	5	6	7	8
GLN-ASN-CYS (QNC)	3	2	2	3	2	1	3	6	5	2	5	2	8	14	4	5	5	1	0	0	2	3	1	1	4	3	4	2	1	4	3	1	2
THR-ASN-ARG (TNR)	21	25	16	15	17	10	11	16	13	14	14	13	59	89	13	21	19	11	23	11	16	22	10	13	19	21	24	17	30	13	20	29	17
GLN-HIS-MET (QHM)	8	13	4	11	9	11	14	10	4	8	5	5	7	23	1	5	4	7	4	8	2	2	4	2	4	3	7	8	11	6	7	6	4
CYS-VAL-PRO (CVP)	7	12	10	10	9	13	9	9	5	1	7	4	6	24	10	6	12	2	3	5	8	2	9	2	20	5	3	3	7	1	3	3	12
ILE-PRO-GLY (IPG)	38	45	40	47	45	47	46	39	41	45	64	37	114	180	52	73	78	59	64	60	36	55	57	36	79	65	46	80	60	44	32	49	24
CYS-PRO-GLY (CPG)	7	10	5	4	10	7	8	10	4	7	5	4	20	27	11	9	10	7	9	7	4	7	3	13	5	6	7	18	29	5	3	0	2
TRP-ASP-PRO (WDP)	3	2	2	4	4	5	5	2	1	4	2	0	4	14	5	4	4	2	7	10	4	0	9	6	0	2	0	20	11	3	5	1	5
PRO-PRO-GLY (PPG)	36	37	22	33	24	23	30	37	26	45	29	30	122	101	26	34	33	28	32	17	22	28	20	25	26	34	27	26	37	19	21	26	20
CYS-GLN-LEU (CQL)	3	4	4	6	7	5	7	10	4	3	5	9	5	19	6	4	11	10	3	5	4	7	11	7	7	5	0	8	8	6	6	8	3
ILE-TRP-CYS (IWC)	4	1	2	5	4	7	4	4	3	4	9	4	3	12	3	7	3	3	4	5	5	5	4	1	1	6	3	2	3	4	2	4	2
LEU-HIS-PHE (LHF)	12	6	14	14	7	10	11	6	7	9	10	15	29	36	8	13	10	17	9	14	8	7	14	8	10	13	10	9	14	13	10	16	10
GLN-ASN-ARG (QNR)	33	37	35	22	33	25	28	24	29	41	30	17	44	102	32	28	54	43	42	45	27	40	21	42	31	30	26	35	44	49	52	36	16
ARG-TYR-MET (RYM)	6	5	2	23	4	6	4	6	7	7	5	6	6	16	3	2	2	5	4	6	4	3	3	4	8	5	5	9	7	3	7	4	6
ARG-TRP-LYS (RWK)	3	3	2	4	5	7	6	9	2	11	2	3	5	14	0	2	4	4	5	9	25	3	8	5	2	5	6	3	1	3	5	4	2
ALA-MET-PRO (AMP)	4	4	6	1	3	2	1	2	5	1	3	2	4	9	3	2	2	8	6	1	6	4	4	2	3	2	3	7	3	2	1	4	1
CYS-ALA-GLU (CAE)	2	3	1	6	5	2	0	5	2	4	0	2	4	9	3	3	3	4	6	3	2	3	1	2	1	4	4	10	0	3	3	5	6
CYS-HIS-THR (CHT)	10	7	3	3	7	4	5	8	3	6	4	7	7	15	6	4	2	2	1	11	6	5	5	5	8	3	3	8	9	7	5	2	5
ASP-PRO-PRO (DPP)	13	14	12	8	14	19	12	13	8	18	10	13	17	43	15	28	17	6	16	18	10	17	9	32	11	14	29	10	22	11	22	15	20
GLN-TYR-TRP (QYW)	1	7	4	5	2	4	4	5	2	4	1	5	6	9	4	2	5	4	2	2	2	4	3	3	1	3	2	3	3	1	3	3	4
GLN-MET-HIS (QMH)	8	11	5	11	4	6	3	9	2	5	6	10	3	18	5	9	5	5	9	5	9	14	8	6	3	10	2	8	5	4	1	13	4
GLN-MET-GLU (QME)	11	12	5	6	11	18	13	7	23	13	9	6	10	29	11	11	6	11	8	16	9	9	16	9	12	8	15	17	5	1	12	14	8
TRP-GLY-PHE (WGF)	3	2	4	3	5	3	6	3	2	5	8	2	2	10	3	5	4	5	3	2	2	4	5	2	8	4	1	15	2	2	1	2	0
GLN-MET-CYS (QMC)	2	7	4	6	4	3	8	6	3	16	4	4	9	15	9	7	2	7	4	4	2	8	2	6	7	8	6	6	4	3	2	10	7
GLU-ALA-CYS (EAC)	10	5	5	4	11	2	6	5	3	8	6	8	7	15	6	9	5	4	6	7	2	5	2	5	6	5	12	4	5	4	2	6	5
SER-GLU-CYS (SEC)	3	2	2	6	5	5	3	4	3	9	8	1	4	11	4	3	4	3	1	3	4	7	0	3	4	7	2	4	10	6	5	3	4
VAL-PRO-GLY (VPG)	55	27	52	34	34	32	31	41	39	55	37	45	92	123	42	67	60	52	55	63	36	58	50	40	66	39	35	34	52	42	44	43	41
TRP-GLN-GLN (WQQ)	5	2	2	7	1	3	6	8	3	3	5	4	2	10	2	1	3	0	5	4	0	7	4	6	5	2	3	0	1	7	3	8	10
ILE-GLY-CYS (IGC)	16	12	8	10	12	15	19	15	13	20	19	14	16	35	13	11	15	9	15	14	7	9	13	5	11	23	12	11	21	10	13	21	6
VAL-TYR-ARG (VYR)	13	14	11	16	12	16	8	8	10	12	6	12	14	35	12	23	20	7	21	11	8	15	16	16	14	21	14	9	18	8	20	8	16
GLY-TRP-TRP (GWW)	2	6	3	2	3	4	2	2	4	1	2	3	7	9	7	4	2	5	4	4	2	2	4	1	5	7	1	3	5	6	2	2	5
ILE-HIS-TYR (IHY)	13	6	4	5	4	7	8	8	5	4	6	3	6	14	5	0	2	8	4	8	11	7	8	6	4	2	5	7	2	3	4	3	7
ARG-LEU-LYS (RLK)	132	122	84	130	117	98	134	148	122	152	124	129	260	324	119	135	136	131	105	148	100	150	125	93	137	169	91	132	94	86	120	142	103
ARG-PHE-GLN (RFQ)	18	18	12	17	28	13	17	16	16	19	21	19	15	43	14	21	19	12	14	22	13	14	18	13	24	23	16	14	18	8	13	14	23
TYR-GLN-ALA (YQA)	7	17	6	19	15	8	20	14	12	11	19	18	19	45	27	21	24	14	13	28	18	24	27	22	28	28	10	15	16	25	22	20	8
GLU-TRP-HIS (EWH)	0	5	6	1	3	5	2	7	1	4	1	5	8	9	5	4	2	7	2	3	1	6	3	1	3	6	5	5	2	6	3	2	2
CYS-PHE-GLY (CFG)	9	5	9	8	9	4	9	10	12	8	11	12	9	25	7	7	15	20	4	10	17	18	20	12	6	7	11	11	8	9	5	10	12
HIS-GLY-TYR (HGY)	19	22	16	29	18	15	13	13	22	29	25	23	32	44	13	22	11	18	20	29	12	20	21	10	16	18	6	12	13	16	8	21	9
TRP-LEU-GLY (WLG)	12	15	12	11	15	8	9	14	11	12	15	10	10	25	13	18	11	6	7	12	7	12	9	12	8	3	8	7	11	6	9	6	6
SER-PRO-GLY (SPG)	24	28	18	23	26	19	20	19	20	24	29	26	48	60	23	27	28	18	31	29	16	26	35	20	40	22	19	15	37	19	22	17	19
THR-TRP-LEU (TWL)	15	11	14	10	7	5	6	11	10	13	10	7	8	23	9	10	9	12	9	5	9	7	13	5	13	7	19	11	5	14	7	10	3
PRO-ILE-CYS (PIC)	5	5	5	3	3	0	5	2	3	3	4	2	5	7	1	2	4	1	3	5	2	7	4	2	3	5	1	0	1	0	3	4	0
PRO-PRO-ASP (PPD)	9	11	14	17	11	18	22	14	13	13	31	15	30	37	16	30	14	9	16	12	11	17	13	14	9	13	14	11	13	9	27	11	15
HIS-VAL-TYR (HVY)	6	4	3	4	5	7	3	5	5	3	4	5	5	11	0	2	8	7	4	3	3	5	5	1	5	6	3	12	9	6	1	6	2
THR-CYS-VAL (TCV)	5	9	5	8	3	4	5	15	4	4	9	3	4	12	3	5	6	3	5	6	7	2	3	1	8	4	5	2	5	3	4	5	6
ILE-TRP-VAL (IWV)	6	6	3	1	1	5	4	3	3	7	1	2	4	11	6	4	4	2	7	6	5	3	8	7	10	4	3	10	3	4	6	6	4
VAL-TRP-SER (VWS)	5	7	4	10	4	6	10	8	6	5	12	4	4	15	7	6	6	5	7	7	6	8	7	4	6	5	13	6	7	6	5	2	5
TRP-LYS-THR (WKT)	7	5	6	8	6	6	4	5	3	6	11	1	7	14	7	8	3	7	8	2	10	7	3	6	8	7	9	4	5	9	6	3	3
CYS-GLN-ALA (CQA)	2	3	0	3	5	5	3	3	1	1	3	7	5	8	6	5	5	0	7	3	9	1	6	6	0	2	2	2	6	2	1	3	2
GLN-PRO-TYR (QPY)	11	13	6	13	16	15	14	10	13	13	15	12	16	30	9	4	5	12	8	13	13	26	19	16	13	11	18	11	14	16	6	16	13
TRP-VAL-HIS (WVH)	4	7	3	4	3	3	8	6	0	7	3	3	5	9	4	3	2	4	4	3	3	2	2	11	6	2	9	3	1	3	3	1	1
