	-30	-29	-28	-27	-26	-25	-24	-23	-22	-21	-20	-19	-18	-17	-16	-15	-14	-13	-12	-11	-10	-9	-8	-7	-6	-5	-4	-3	-2	-1	0	1	2
ALA_GCT	12963	12709	11037	13130	13005	11133	12931	12528	11042	12691	12494	10991	12332	12417	11010	12421	12229	11029	12646	12657	11214	13808	12763	11226	13645	11993	11093	13145	14030	9688	13903	9589	8418
ALA_GCC	4762	4799	4151	4550	4715	3976	4616	4735	4028	4715	4743	3920	4650	4671	4161	4506	4630	3935	4607	4645	4066	5121	4495	4301	5003	4556	4043	5168	6073	3704	4639	3148	3059
ALA_GCA	5817	5551	4874	5635	5481	4633	5749	5660	4599	5553	5518	4777	6601	5788	4891	5702	5824	4767	6185	5519	4842	6414	5464	4782	6261	5007	4355	5543	6108	3772	6059	3759	4143
ALA_GCG	743	745	613	761	781	641	742	705	645	680	674	621	1113	1001	714	716	608	637	804	729	641	779	715	617	865	634	637	731	809	491	779	518	458
ARG_CGT	2829	2720	2199	2734	2748	2278	2680	2605	2275	2803	2726	2301	2664	2670	2184	2787	2703	2159	2935	2759	2369	2599	2811	2406	2742	2813	2272	2614	2558	2122	2264	2544	1360
ARG_CGG	378	339	297	352	356	247	321	361	294	340	335	279	556	528	261	475	478	314	427	356	263	333	320	304	347	338	280	311	352	262	359	182	160
ARG_CGC	235	229	201	259	281	170	263	270	216	295	294	211	360	311	190	270	258	248	295	274	203	298	267	222	243	295	240	297	268	256	226	238	181
ARG_CGA	1526	1392	1168	1534	1492	1181	1559	1513	1182	1532	1478	1214	2013	1833	1202	1864	1709	1173	1599	1645	1212	1494	1442	1155	1604	1615	1308	1490	1665	1216	1178	1428	949
ARG_AGA	13101	13045	11230	13203	12856	11109	13392	12956	11153	13415	12973	11312	13267	12914	11880	13936	13320	11069	13688	13226	11410	13021	13485	11720	13278	13573	11039	11870	13135	10751	12504	15510	9934
ARG_AGG	904	951	804	996	971	766	1046	938	800	1050	897	892	1136	1055	866	1209	1125	808	1035	953	861	1011	1060	860	1035	942	722	858	974	827	1098	729	560
ASN_AAT	16118	15705	13165	16070	15581	13260	16163	15482	12885	16444	15583	12917	15918	15069	12476	16523	16271	12833	15455	15556	12989	15727	15648	13059	16267	15694	12980	16457	13902	12996	17679	20633	12683
ASN_AAC	7195	7086	6317	7371	7317	6221	7240	7088	6360	7555	7209	6273	7638	7290	6385	7708	7655	6491	7231	7064	6326	7587	7409	6504	7589	7605	6458	7904	6839	6389	8036	9130	6343
ASP_GAT	21307	20659	18308	21033	20915	18089	21383	20735	18518	21237	20682	18013	21864	21515	18556	20946	20401	18442	20507	21689	19233	22598	22165	18984	22030	21276	18118	21118	20960	16477	21487	19099	23531
ASP_GAC	6395	6231	5806	6449	6155	5526	6341	6174	5673	6358	6356	5766	6886	6792	5973	6366	6293	5857	6481	6625	5862	6905	6708	5990	6242	6542	5586	6204	6652	5262	6322	6061	7727
CYS_TGT	2908	2724	2314	2809	2850	2447	2895	2833	2295	2910	2892	2387	3051	2888	2167	2598	2549	2356	2756	2935	2559	2755	2956	2410	2718	3061	2478	2716	2836	2692	2474	2774	1648
CYS_TGC	321	319	325	396	318	269	369	366	338	374	347	297	399	380	323	297	355	300	398	336	316	436	384	302	386	404	310	361	387	421	247	397	214
GLN_CAA	16741	16166	14188	16698	16316	14032	16569	16346	14188	16677	16630	13652	15651	15744	14524	16672	15919	13910	16597	16018	14249	15621	16708	14509	16694	17350	14686	17442	16066	14019	14050	18625	14167
GLN_CAG	2521	2440	2109	2598	2419	2141	2538	2579	2007	2587	2572	2242	2781	2668	2306	2688	2514	2038	2519	2406	2112	2434	2678	2253	2665	2801	2377	2834	2337	2134	2262	2493	1860
GLU_GAA	30484	30135	26964	31281	30400	26942	31229	30613	27084	30607	30424	27540	31140	30041	27669	29812	29594	27813	31506	30194	26972	30822	29763	27316	31039	30163	26893	28500	30570	24014	28546	26244	44173
GLU_GAG	6237	6074	5348	6335	6369	5285	6401	6101	5338	6197	6207	5652	6577	6503	5277	6082	6700	5533	6122	6139	5422	6085	6149	5232	6578	5805	4997	5517	5757	4535	5698	4785	7349
GLY_GGT	12981	12564	10909	12809	12645	11232	12801	12648	11180	12767	12665	10953	13053	12624	10715	13248	13704	10999	12271	13246	10745	13184	13090	10987	12133	12618	10546	11935	14073	10348	9593	11093	8045
GLY_GGC	1474	1414	1210	1391	1382	1143	1441	1347	1157	1446	1437	1178	1749	1654	1188	1499	1436	1242	1363	1501	1142	1521	1483	1234	1373	1501	1101	1426	1781	1310	867	1255	967
GLY_GGA	4929	5079	4086	5043	4926	4066	5121	5038	3962	5022	4882	4090	5553	5370	4291	5499	5428	4274	5269	5103	4227	5154	5081	4268	5022	4827	4057	4551	5697	3892	3572	4376	3965
GLY_GGG	2256	2233	1751	2290	2108	1836	2357	2236	1682	2157	2157	1760	2538	2422	1958	2374	2350	1851	2131	2268	1812	2220	2334	1790	2354	2248	1834	2194	2781	1935	1588	1294	1951
HIS_CAT	5305	4985	4203	5207	4914	4448	5023	4823	4294	5292	5017	4045	4778	4785	4100	5384	5248	4495	5030	5322	4458	5100	5279	4403	5190	5265	4390	5909	4587	4382	4731	6359	3560
HIS_CAC	2441	2352	2096	2446	2400	2110	2449	2375	2124	2526	2512	2150	2539	2454	2159	2621	2682	2126	2599	2562	2250	2514	2617	2041	2375	2708	2339	2627	2355	2479	2230	2831	1865
ILE_ATT	14211	13893	11894	13981	13754	12207	14096	13819	12149	14423	13928	11798	13877	13687	12145	13918	13637	11905	13456	14471	11825	13766	13637	11993	14362	13636	12000	14338	13118	13142	18219	14150	11449
ILE_ATC	4813	4649	4194	5075	4960	4318	4884	4734	4218	4930	4846	4329	4817	4626	4227	5147	4811	4142	4652	4878	3991	5169	4765	4358	4881	4741	4225	4897	4694	4877	5971	4369	4307
ILE_ATA	4751	4691	3753	4637	4545	3794	4875	4765	3898	4878	4711	4022	4886	4716	4283	5420	4823	4113	4955	4619	3829	4766	4580	3978	4923	4539	3890	4535	4565	4076	5880	4517	4497
LEU_TTA	13515	13173	11340	13646	13295	11554	13676	13386	11724	13654	13205	11338	13262	13033	11525	13505	12860	11405	13107	12626	11381	14026	12894	11054	13327	13630	11532	13599	14905	13750	13325	15516	11169
LEU_TTG	14258	14022	12152	14321	13563	11942	14175	13899	12383	14287	13831	12307	13706	13559	12357	14650	14050	12129	14231	13471	12653	14139	13883	12081	14345	14236	12363	14271	14328	13705	14786	13236	8913
LEU_CTT	2731	2593	2122	2546	2563	2255	2660	2629	2210	2745	2563	2221	2855	2641	2140	2356	2411	2229	2842	2844	2210	2616	2648	2232	2661	2719	2257	3119	2418	2451	2606	3129	1844
LEU_CTC	656	631	547	614	622	507	605	601	575	703	598	495	670	605	554	590	597	522	698	634	566	669	685	517	580	728	564	754	588	670	599	693	426
LEU_CTA	1215	1224	1007	1319	1248	1068	1245	1210	1055	1273	1183	1031	1625	1402	962	1433	1208	989	1396	1208	1062	1203	1303	1012	1234	1242	1086	1282	1118	1137	1231	1267	970
LYS_AAA	25729	25734	22068	26242	25362	22212	26220	25271	22056	26001	25432	22161	26341	25689	21770	25965	26206	22095	28001	25013	21478	24939	25030	21890	26042	25589	22674	26005	24096	20444	25812	29807	25282
LYS_AAG	11064	10896	9727	11065	11188	9641	11274	10937	9427	11255	11025	9469	11499	11349	9269	11734	11216	9555	12176	10749	9454	11018	11107	9592	11220	10935	9149	10733	9970	8683	11574	12082	9655
PHE_TTT	8543	8287	6937	8623	8309	7009	8472	8535	6929	8614	8314	7083	7953	7864	7081	8769	8038	7008	7827	8254	7059	8143	8296	6683	7587	8845	6945	8848	8480	8509	8556	10350	5972
PHE_TTC	4957	4966	4425	5036	4971	4431	5040	5040	4505	5114	4807	4209	4569	4809	4455	5183	4780	4451	5017	4918	4315	5166	4934	4176	4722	5125	4478	5429	5380	5785	5225	5687	4132
PRO_CCT	4351	4179	3500	4385	4073	3638	4437	4080	3459	4382	4168	3624	4584	4385	3349	5164	5004	3683	4965	4330	3444	4207	4295	3484	4372	4250	4006	5592	3993	4386	4177	4633	2821
PRO_CCC	1117	1049	911	1073	1038	825	1082	1097	834	1037	1084	921	1213	1167	882	1235	1145	976	1301	1094	931	1112	1043	914	1117	1106	970	1487	1240	1295	1261	1029	726
PRO_CCA	10489	10578	8905	10695	10324	8858	10695	10448	9163	10778	10153	8978	10938	10905	8786	11868	11324	9512	12285	10527	9174	11049	9881	9185	10898	9960	9741	12062	9675	9731	9583	9725	7720
PRO_CCG	880	848	703	921	857	666	852	843	720	867	802	710	1053	1038	748	951	880	722	1071	880	749	880	801	709	955	835	783	1088	726	856	891	874	463
SER_TCT	8075	7711	6820	8054	7643	7164	7993	7744	6974	8079	7813	6707	7492	7631	6423	7442	7345	6827	7802	7720	6771	7988	7806	6740	7869	8138	7074	9029	8115	7978	8158	8955	5246
SER_TCC	3186	2840	2730	2995	3080	2657	3006	2981	2608	3181	2957	2661	2920	2941	2586	2901	3041	2680	3055	3117	2788	3280	2907	2645	3101	3154	2816	3593	3353	3488	3346	2799	2121
SER_TCA	8453	8294	7131	8578	8727	7108	8864	8680	7230	8607	8713	7232	8467	8375	7108	7764	7824	7060	8707	8105	6959	9293	8211	7191	8774	8527	7537	8982	9475	7803	8710	8730	6284
SER_TCG	2043	1943	1728	2046	1970	1653	1944	1940	1650	1990	2014	1715	2112	2078	1720	2160	1944	1593	2137	1946	1796	2092	1958	1593	2055	1965	1734	2163	1985	1690	2100	2052	1168
SER_AGT	6194	5937	4689	6025	5864	4887	6048	5833	4859	6138	5917	5041	6058	5881	4812	5838	5617	4563	5859	5982	4790	5825	6360	5081	5881	6081	4946	5539	5655	4785	5953	7019	3409
SER_AGC	1594	1553	1277	1660	1532	1341	1792	1689	1434	1683	1618	1328	1620	1575	1378	1495	1534	1256	1587	1568	1382	1711	1563	1344	1571	1678	1331	1597	1609	1513	1321	2028	1026
SER_CTG	1122	1063	864	1120	1018	874	1068	1063	895	1067	1007	918	1293	1204	923	1172	977	869	1101	1050	905	1069	1113	921	1155	1066	957	1212	1020	858	1317	1057	561
THR_ACT	10511	9944	8942	10334	10173	8912	10347	10089	8895	10542	10194	8813	9670	9590	8670	10183	9774	8519	10734	10097	8836	10490	10100	8999	11420	9713	8806	10987	9439	8614	13156	10383	7870
THR_ACC	4687	4574	3940	4328	4524	3929	4553	4406	3989	4661	4609	4104	4277	4015	4033	4620	4492	3904	4572	4425	3894	4942	4301	3995	4888	4402	4054	5061	4683	4224	5873	3688	3648
THR_ACA	5577	5189	4457	5560	5241	4612	5622	5381	4497	5566	5585	4782	5990	5592	4681	5476	5359	4604	5973	5304	4582	5921	5316	4649	6159	5028	4822	5785	5336	4482	7055	4919	4371
THR_ACG	1214	1160	919	1151	1119	944	1168	1140	976	1198	1230	970	1254	1090	1012	1361	1177	902	1279	1154	1023	1234	1134	979	1340	1000	992	1201	1006	913	1571	1016	737
TRP_TGG	3356	3277	2629	3244	3092	2605	3332	3164	2730	3322	3183	2906	3665	3257	2752	3125	3104	2933	3475	3246	2844	3277	3247	2838	3461	3457	2853	3398	3324	3421	3321	2170	2532
TYR_TAT	7847	7644	6433	7975	7500	6433	7760	7640	6336	7776	7539	6304	7850	7629	6083	7189	7229	6438	7150	7591	6394	7513	7478	6184	7131	7780	6151	8039	7308	7093	7736	9756	5749
TYR_TAC	4094	4018	3563	4162	3836	3506	3979	4064	3415	4227	4010	3524	4061	4033	3393	3949	4048	3524	3900	3930	3726	4067	4043	3431	3731	4292	3644	4268	4240	4156	3749	5459	3516
VAL_GTT	12323	11948	10806	12467	12389	10630	12280	12197	10433	12224	11945	10554	11506	11602	10779	11841	11415	10646	11566	12436	10375	12559	11896	10374	12402	11619	10362	12135	11950	10221	12779	9343	13034
VAL_GTC	3700	3716	3361	3864	3687	3288	3688	3673	3282	3729	3773	3422	3540	3633	3323	3693	3705	3533	3499	3791	3401	4109	3861	3369	3798	3630	3485	3895	4063	3368	3908	2760	4450
VAL_GTA	3038	2847	2415	3087	2901	2557	3180	2998	2588	3015	2877	2696	3065	2925	2524	3017	2840	2480	2991	2968	2455	3096	2741	2421	3065	2774	2406	2749	2991	2327	3226	2123	3128
VAL_GTG	3718	3386	2970	3537	3457	2841	3599	3604	2966	3485	3562	2938	3741	3550	3004	3695	3370	2833	3504	3447	2974	3677	3485	2838	3734	3269	2818	3612	3426	2564	4141	2127	2314
TERM_TAA	311	312	267	263	289	257	220	229	227	238	256	224	684	734	219	238	227	221	175	160	237	175	158	174	173	186	167	203	169	160	143	186	193
TERM_TGA	44	45	50	44	50	40	34	52	35	46	68	40	177	194	55	58	44	54	47	60	37	39	49	43	34	38	28	20	36	32	22	27	24
TERM_TAG	66	61	80	114	65	75	60	87	59	90	73	76	230	251	96	78	62	56	56	55	56	56	36	63	45	43	50	39	38	47	39	43	85
MET_ATG	6057	6088	4867	5901	5788	4863	6029	5839	5018	6034	6010	5083	5923	5860	5114	6569	5977	5425	6702	6042	5349	5899	6007	5196	6434	5659	5308	6167	5537	4848	8036	5224	3775
