	-27	-26	-25	-24	-23	-22	-21	-20	-19	-18	-17	-16	-15	-14	-13	-12	-11	-10	-9	-8	-7	-6	-5	-4	-3	-2	-1	0	1	2	3	4	5
PRO-GLY (PG)	769	705	623	769	654	645	760	692	619	756	829	604	1402	1454	728	1113	884	663	821	751	658	817	801	755	950	740	744	747	972	534	549	603	554
ASN-ARG (NR)	908	825	719	821	803	698	855	855	768	1030	839	736	1187	1319	843	916	948	750	1001	878	816	912	926	845	935	798	729	880	1171	689	843	978	702
PRO-ASP (PD)	834	788	790	868	865	781	920	870	785	899	923	741	1381	1245	876	1170	881	770	851	876	735	909	844	921	1135	887	817	835	905	485	799	738	845
PRO-TRP (PW)	128	121	111	131	105	108	121	105	143	130	129	127	159	175	80	145	122	100	143	130	126	170	138	125	169	118	132	154	132	126	133	74	78
GLN-CYS (QC)	104	106	79	98	79	85	112	99	101	97	98	93	132	137	74	88	86	98	116	124	92	120	117	103	120	104	96	90	133	121	94	99	69
GLY-CYS (GC)	230	186	193	254	200	205	230	214	175	247	217	175	249	252	182	217	179	172	209	212	186	205	202	147	182	233	157	140	160	157	154	155	108
ASP-PRO (DP)	846	800	627	866	795	740	869	853	756	877	866	740	945	1053	761	879	935	754	968	960	653	837	875	691	832	889	644	992	755	956	743	814	544
ASN-CYS (NC)	195	173	162	166	160	182	198	184	149	163	184	154	164	220	149	155	171	162	145	182	179	154	206	142	196	178	165	162	257	195	173	193	103
GLY-GLY (GG)	1960	1905	1617	1950	1985	1567	1842	2012	1547	1953	2065	1705	2324	2269	1701	2046	2274	1561	1848	2090	1502	1834	1976	1501	1811	2291	1469	1180	1928	1348	1202	1468	1342
GLY-ILE (GI)	1288	1216	1068	1299	1252	986	1269	1256	1111	1354	1315	1120	1420	1509	1173	1347	1373	1015	1375	1406	1077	1212	1266	1094	1208	1394	1114	982	1023	867	1279	966	917
HIS-LYS (HK)	555	527	421	523	466	443	526	539	509	511	438	411	602	628	461	521	510	466	570	532	367	481	551	458	513	475	484	462	573	319	517	562	660
TRP-CYS (WC)	43	52	44	42	50	49	62	42	50	63	44	52	63	69	55	63	61	62	63	75	55	85	54	63	68	73	52	64	43	48	54	36	44
GLY-ARG (GR)	1109	1122	978	1152	1193	975	1251	1143	1016	1307	1210	950	1330	1301	1006	1161	1201	912	1252	1130	915	1080	1134	914	1100	1266	877	683	862	741	855	922	749
TRP-MET (WM)	79	52	44	59	68	44	47	54	48	57	55	40	64	67	72	58	71	38	56	39	54	45	72	62	58	50	60	64	33	39	76	53	27
GLY-ALA (GA)	1349	1317	1084	1290	1316	1148	1279	1258	1083	1443	1386	1224	1454	1504	1147	1348	1352	1066	1345	1353	1179	1425	1380	1084	1297	1355	1018	1036	1274	838	1162	862	883
TRP-PRO (WP)	72	74	61	63	59	48	83	61	73	83	85	88	91	93	84	89	98	64	100	88	83	91	90	61	113	74	81	95	45	42	64	59	57
ALA-CYS (AC)	164	164	120	181	190	151	156	174	143	187	225	165	181	204	127	176	182	166	200	187	158	183	172	154	179	230	119	173	130	167	126	158	133
ALA-TRP (AW)	118	135	91	143	123	97	109	129	107	140	104	136	158	155	116	151	136	133	153	125	126	158	167	153	172	204	83	114	85	91	128	65	104
LYS-GLU (KE)	3425	3322	2925	3359	3408	2970	3548	3353	2990	3354	3505	3051	3866	4013	3084	3684	3234	2969	3203	3293	2854	3446	3274	2949	3525	3003	2735	3268	3931	2580	3594	3219	4293
PRO-TYR (PY)	463	471	363	458	471	401	427	464	357	493	490	381	541	532	397	461	448	403	443	404	422	495	432	400	526	435	427	458	406	343	388	531	353
GLY-MET (GM)	307	325	267	313	280	285	287	328	270	357	288	310	330	353	290	350	335	279	395	312	291	276	298	240	306	327	243	217	206	192	382	191	186
HIS-TRP (HW)	57	34	42	53	51	48	60	63	41	37	71	76	62	70	53	53	52	63	71	55	75	49	65	62	82	64	56	51	74	64	54	49	58
GLY-ASP (GD)	1354	1374	1168	1334	1412	1138	1285	1233	1138	1441	1369	1017	1440	1508	1265	1313	1371	1201	1329	1409	1190	1360	1304	1198	1267	1598	1123	1025	1157	860	1068	1030	1160
GLU-CYS (EC)	152	170	146	177	164	178	160	186	144	176	188	179	177	195	121	127	158	165	185	151	152	169	184	124	161	173	126	182	139	275	128	163	85
PRO-GLU (PE)	1353	1302	1238	1373	1401	1187	1412	1273	1119	1311	1432	1185	1689	1579	1290	1460	1331	1288	1340	1274	1201	1357	1366	1290	1637	1221	1315	1142	1377	750	1193	1133	1716
ARG-ARG (RR)	1294	1273	1076	1387	1309	1049	1329	1303	1048	1319	1343	1207	1455	1487	1121	1542	1461	1122	1301	1362	1094	1268	1470	1053	1218	1358	1017	1051	1291	939	1707	1137	751
MET-HIS (MH)	114	128	88	102	97	104	98	79	76	92	110	64	109	118	108	123	115	100	115	131	76	93	85	82	102	87	87	147	84	67	70	137	84
PRO-PRO (PP)	1234	1152	990	1190	1118	989	1223	1116	982	1222	1139	943	1494	1347	939	1741	1433	984	1400	1082	979	1174	976	998	1380	927	1211	1279	969	1006	1042	1051	855
MET-ASN (MN)	330	350	297	355	332	316	329	371	329	363	311	371	513	444	336	441	400	323	391	379	350	388	331	328	385	378	264	454	287	219	339	1228	236
ALA-PHE (AF)	714	693	629	763	741	612	703	792	643	779	693	590	688	800	621	849	759	590	791	703	570	720	646	592	649	836	486	776	484	647	614	751	547
MET-TRP (MW)	51	70	40	73	63	27	62	53	30	55	49	58	69	61	45	57	54	41	43	59	44	61	39	54	48	57	61	98	47	39	49	44	22
GLY-ASN (GN)	1141	1167	1008	1172	1178	942	1236	1191	1036	1295	1301	950	1159	1281	1005	1158	1252	1012	1268	1224	966	1146	1166	969	1092	1386	885	887	862	876	1082	1154	914
MET-PHE (MF)	196	201	175	214	201	157	236	212	183	188	167	126	207	226	170	201	196	191	188	195	175	192	189	153	183	186	146	262	179	159	176	465	125
GLY-TRP (GW)	196	237	170	210	184	168	217	158	170	233	217	148	230	208	170	174	188	166	205	185	166	200	178	146	183	226	161	139	157	174	166	96	101
TYR-ARG (YR)	508	549	398	491	529	421	487	485	451	466	489	431	497	582	450	565	534	456	487	545	443	496	531	487	526	574	514	496	686	474	518	595	431
GLY-LEU (GL)	1735	1645	1451	1753	1726	1474	1738	1732	1446	1790	1706	1371	1692	1834	1416	1735	1718	1427	1772	1775	1482	1727	1736	1416	1548	2002	1477	1313	1408	1278	1427	1463	1077
GLY-THR (GT)	1072	1045	896	1009	1086	910	1050	1078	910	1185	1193	910	1087	1141	975	972	1035	805	1153	1056	838	1045	1038	831	1047	1064	866	854	907	767	1175	869	690
ARG-MET (RM)	334	311	249	317	286	226	334	286	247	327	306	292	342	338	227	360	331	280	338	295	275	273	316	260	325	271	237	303	345	227	462	206	184
ASN-PRO (NP)	902	949	713	935	886	822	998	904	750	894	901	735	982	1026	807	926	941	765	997	933	737	962	964	799	1001	811	757	1110	1176	800	1016	941	652
TYR-MET (YM)	192	161	115	177	192	143	165	194	123	183	171	138	141	192	142	181	174	170	191	231	132	152	181	119	208	133	172	192	215	125	241	159	119
GLN-PRO (QP)	979	988	803	980	912	797	965	960	863	974	968	844	1091	1073	774	1060	1043	799	1140	1037	809	963	916	829	959	855	932	912	1021	907	908	1090	740
ARG-ALA (RA)	1376	1290	1141	1212	1226	1050	1260	1242	1135	1281	1251	1158	1374	1343	1062	1225	1198	1073	1199	1197	1111	1322	1216	1000	1193	1176	1039	1102	1284	638	1706	840	754
TYR-CYS (YC)	146	111	121	127	116	105	145	120	96	144	144	113	136	146	112	90	114	110	146	155	136	168	152	119	127	139	122	103	144	131	133	146	95
HIS-PRO (HP)	401	389	378	446	370	351	381	365	286	390	392	336	472	449	344	411	453	381	451	420	356	359	389	356	429	360	451	419	480	328	461	437	301
HIS-GLY (HG)	452	399	364	395	431	367	447	440	355	422	446	349	468	466	378	517	486	390	415	484	323	423	491	375	481	392	353	325	567	323	284	363	341
GLY-HIS (GH)	365	356	320	398	390	299	364	404	315	449	403	320	410	414	338	393	402	296	403	483	368	364	385	276	367	534	355	286	336	278	314	382	278
ASN-MET (NM)	353	319	278	324	298	219	326	293	262	296	289	251	283	346	270	300	300	303	350	338	324	303	337	287	367	275	286	360	352	260	467	244	212
HIS-ARG (HR)	419	394	384	397	429	358	461	386	381	434	414	374	476	468	423	434	406	377	438	431	348	461	491	372	541	386	437	377	522	245	408	455	315
ARG-SER (RS)	1188	1135	948	1212	1127	1001	1196	1156	1051	1279	1186	1043	1282	1249	979	1278	1148	927	1133	1151	992	1236	1193	924	1036	1183	904	1072	1332	800	1335	1073	721
LYS-LYS (KK)	4705	4803	4146	4852	4600	4012	4567	4464	3940	4892	4671	3843	5144	5125	4026	5260	4743	3829	4818	4552	3927	4480	4695	4035	4631	4287	3772	4684	4796	3960	4991	6477	4078
