	F0	F1	F2
0	25	17	21
1	4	4	1
2	197	226	270
3	153	198	158
4	56	53	48
5	34	31	45
6	6	6	2
7	42	47	39
8	33	40	39
9	11	8	12
10	49	56	33
11	107	117	91
12	89	78	68
13	712	853	793
14	3	2	1
15	562	608	517
16	1	0	0
17	0	0	1
18	119	122	89
19	23	35	28
20	41	38	28
21	17	30	61
22	0	0	0
23	0	0	0
24	9	8	11
25	12	18	8
26	16	6	12
27	298	250	219
28	22	28	14
29	7	5	7
30	1	2	0
31	48	30	21
32	38	42	31
33	57	69	51
34	4	7	2
35	10	15	3
36	22	13	10
37	215	198	167
38	19	19	14
39	12	11	11
40	9	9	11
41	225	236	245
42	7	9	9
43	52	50	56
44	10	9	8
45	17	16	18
46	23	17	16
47	52	38	36
48	7	13	4
49	144	147	134
50	128	119	81
51	2	7	0
52	150	132	141
53	32	39	34
54	30	41	25
55	11	11	11
56	1	2	3
57	194	204	160
58	133	122	121
59	13	12	17
60	9	5	10
61	0	2	0
62	14	16	14
63	36	20	15
64	26	16	26
65	24	16	16
66	22	19	22
67	245	235	177
68	3	7	9
69	7	4	1
70	0	0	0
71	33	33	19
72	48	55	53
73	2	9	2
74	19	15	9
75	4	2	1
76	97	99	65
77	1	4	3
78	9	8	3
79	69	64	39
80	11	10	7
81	16	14	10
82	58	57	47
83	20	18	21
84	41	53	25
85	421	406	376
86	8	16	16
87	105	94	62
88	369	295	235
89	5	9	8
90	13	14	6
91	91	72	67
92	37	33	29
93	31	36	33
94	62	56	70
95	10	12	12
96	17	11	9
97	94	106	87
98	87	58	45
99	42	32	26
100	7	2	5
101	268	254	213
102	82	56	95
103	119	84	72
104	11	8	7
105	42	29	28
106	87	86	83
107	14	19	3
108	0	0	0
109	21	10	15
110	6	5	5
111	6	5	4
112	1	0	0
113	2	3	5
114	37	45	38
115	0	2	0
116	34	31	20
117	3	1	4
118	14	8	10
119	27	34	27
120	283	237	180
121	18	17	16
122	4	7	1
123	495	483	472
124	66	68	55
125	161	166	189
126	10	7	16
127	48	35	27
128	11	14	7
129	47	43	28
130	1	0	0
131	40	44	40
132	23	28	25
133	67	45	44
134	201	252	184
135	89	86	80
136	3	2	0
137	15	14	7
138	112	138	104
139	9	7	6
140	32	24	23
141	210	181	144
142	26	25	16
143	18	32	26
144	379	354	344
145	99	55	62
146	1	0	1
147	1	0	2
148	15	20	19
149	266	277	214
150	16	15	10
151	36	33	49
152	24	20	17
153	24	42	33
154	264	305	237
155	88	99	51
156	1	1	1
157	1	7	4
158	6	6	4
159	0	5	4
160	16	13	13
161	319	324	249
162	76	72	122
163	1	3	0
164	26	29	23
165	3	3	1
166	0	1	2
167	29	30	31
168	72	64	61
169	27	24	51
170	12	14	6
171	26	31	22
172	10	26	16
173	46	38	37
174	211	187	163
175	2	2	0
176	38	25	14
177	3	2	5
178	0	0	0
179	14	15	10
180	0	0	0
181	6	7	3
182	9	7	6
183	2	5	2
184	6	5	0
185	26	29	25
186	24	24	29
187	48	57	35
188	0	0	1
189	5	10	3
190	20	17	15
191	12	6	7
192	6	3	1
193	53	51	49
194	5	6	8
195	3	3	5
196	4	1	0
197	0	0	0
198	4	6	4
199	27	18	36
200	0	2	1
201	397	349	250
202	3	1	2
203	124	138	128
204	72	88	68
205	12	9	6
206	13	14	13
207	1	0	0
208	66	60	48
209	17	13	17
210	8	9	7
211	4	4	3
212	13	13	15
213	124	83	129
214	170	160	92
215	4	3	2
216	115	137	92
217	5	5	7
218	53	40	42
219	23	29	24
220	22	16	17
221	500	482	514
222	177	152	129
223	34	33	18
224	102	150	79
225	620	551	489
226	8	22	7
227	42	54	40
228	30	28	44
229	20	6	12
230	18	20	15
231	0	0	0
232	42	46	34
233	0	0	0
234	0	0	0
235	7	13	6
236	10	22	9
237	78	70	52
238	16	12	12
239	2	3	0
240	15	13	14
241	27	19	18
242	14	16	10
243	0	0	0
244	5	3	1
245	0	0	0
246	1	5	3
247	56	71	53
248	21	28	18
249	0	0	0
250	21	28	7
251	40	40	43
252	51	19	22
253	10	5	10
254	28	30	35
255	88	76	81
256	1	0	1
257	106	75	47
258	57	63	35
259	21	37	20
260	10	6	3
261	28	29	17
262	50	67	64
263	16	16	17
264	49	43	58
265	15	10	9
266	23	30	18
267	34	25	22
268	30	36	45
269	13	7	7
270	14	7	2
271	0	1	2
272	33	38	17
273	4	2	5
274	4	11	8
275	19	11	14
276	4	4	5
277	152	163	125
278	637	611	592
279	184	217	125
280	2	8	3
281	26	17	20
282	150	180	136
283	110	85	97
284	44	60	50
285	290	364	291
286	98	87	96
287	65	92	111
288	41	35	36
289	70	63	62
290	2	0	1
291	15	13	14
292	28	30	14
293	4	2	2
294	6	2	5
295	307	277	264
296	22	17	20
297	146	145	107
298	156	163	144
299	43	47	44
300	7	7	1
301	44	32	30
302	19	20	26
303	1	1	0
304	73	87	68
305	160	129	81
306	31	43	38
307	22	26	17
308	4	4	2
309	12	10	4
310	50	55	52
311	172	167	157
312	473	505	370
313	1404	1395	1449
314	48	48	29
315	9	10	9
316	18	11	10
317	171	164	108
318	6	14	3
319	12	17	12
320	32	55	27
321	46	41	27
322	0	0	0
323	19	20	11
324	11	11	9
325	40	42	26
326	13	9	13
327	208	190	167
328	15	12	21
329	5	12	6
330	14	13	9
331	33	28	24
332	0	0	0
333	8	12	16
334	3	8	0
335	67	59	83
336	30	32	21
337	21	27	18
338	48	60	45
339	0	2	2
340	17	14	12
341	68	58	32
342	15	24	7
343	283	237	152
344	14	8	15
345	13	23	11
346	20	11	12
347	2	1	2
348	34	36	32
349	43	37	30
350	42	39	36
351	1860	1972	2112
352	25	29	22
353	9	7	5
354	4	4	3
355	14	15	8
356	28	44	21
357	133	114	91
358	1	1	2
359	0	0	0
360	0	0	0
361	1	1	2
362	470	540	321
363	8	4	8
364	56	70	42
365	69	75	58
366	0	0	1
367	89	116	79
368	14	8	6
369	9	17	7
370	35	34	27
371	1	5	3
372	0	0	1
373	10	6	4
374	224	218	224
375	0	0	0
376	1	2	1
377	17	10	6
378	6	9	5
379	76	58	46
380	38	41	33
381	0	1	2
382	142	173	138
383	407	397	360
384	5	2	7
385	0	0	1
386	24	8	15
387	207	194	210
388	134	180	121
389	9	15	12
390	214	190	99
391	237	231	283
392	5	7	4
393	72	82	66
394	158	172	137
395	197	228	155
396	0	0	0
397	10	11	9
398	123	105	126
399	439	532	589
400	3	3	3
401	16	10	14
402	183	195	114
403	4	1	2
404	14	5	11
405	16	12	12
406	18	13	9
407	28	24	26
408	612	620	491
409	71	75	64
410	25	15	15
411	95	90	86
412	3	0	0
413	0	0	0
414	19	22	24
415	0	2	0
416	2	1	1
417	36	27	19
418	76	74	55
419	2	2	1
420	5	8	3
421	18	15	16
422	25	34	15
423	24	31	13
424	1	2	2
425	11	5	6
426	4	13	7
427	6	13	7
428	0	0	2
429	45	57	47
430	184	134	163
431	616	566	544
432	33	37	23
433	27	13	15
434	0	0	0
435	13	11	16
436	59	70	41
437	49	72	59
438	0	0	0
439	3	3	2
440	32	33	18
441	4	2	2
442	80	87	75
443	2	0	7
444	0	1	0
445	13	13	9
446	33	37	23
447	115	114	39
448	23	36	22
449	0	0	0
450	29	40	17
451	7	2	6
452	94	100	79
453	8	9	3
454	73	72	47
455	2	3	2
456	26	19	32
457	224	228	200
458	10	22	15
459	2	2	0
460	0	0	0
461	0	0	0
462	121	120	79
463	76	66	55
464	1471	1551	1452
465	14	15	23
466	56	42	50
467	286	284	239
468	3	1	2
469	9	9	6
470	10	7	6
471	186	161	142
472	232	273	164
473	14	20	12
474	0	0	0
475	18	20	25
476	3	2	2
477	26	35	26
478	6	10	9
479	2	3	1
480	0	0	0
481	4	4	3
482	57	49	47
483	8	7	5
484	6	3	5
485	70	60	56
486	82	57	52
487	3	1	3
488	19	22	11
489	65	61	68
490	1	2	1
491	15	15	25
492	82	89	95
493	6	6	3
494	132	155	148
495	62	41	48
496	5	3	1
497	5	7	8
498	31	20	26
499	2	2	7
500	41	41	28
501	6	9	11
502	66	77	41
503	33	29	30
504	18	18	17
505	12	16	13
506	6	0	1
507	252	192	124
508	0	0	0
509	0	0	0
510	37	37	34
511	14	10	14
512	2	0	0
513	39	25	22
514	208	183	187
515	24	19	11
516	6	5	0
517	17	15	15
518	34	18	20
519	21	13	19
520	7	4	2
521	24	31	19
522	0	0	0
523	106	92	114
524	90	113	64
525	19	13	12
526	75	53	49
527	17	12	13
528	14	6	7
529	0	0	0
530	0	1	0
531	0	0	0
532	124	131	113
533	9	14	9
534	150	162	120
535	1	0	0
536	12	6	8
537	41	42	30
538	3	2	3
539	3	3	3
540	14	14	10
541	4	2	9
542	0	0	0
543	2	1	2
544	112	119	121
545	1	4	7
546	1	1	0
547	30	39	19
548	0	0	0
549	35	30	24
550	51	36	38
551	0	0	1
552	14	15	15
553	183	182	129
554	3	7	2
555	3	1	2
556	0	0	0
557	20	26	14
558	2	4	3
559	0	0	0
560	32	40	25
561	7	16	9
562	13	18	11
563	28	21	12
564	10	18	18
565	228	197	217
566	29	18	18
567	23	15	16
568	36	29	28
569	634	629	618
570	29	16	17
571	5	1	5
572	63	71	62
573	0	0	0
574	0	0	0
575	156	209	135
576	1	0	0
577	12	12	6
578	17	24	8
579	0	0	0
580	64	53	34
581	98	93	59
582	0	0	0
583	32	44	26
584	0	0	1
585	149	138	84
586	4	2	3
587	97	91	72
588	21	26	13
589	0	0	0
590	1	1	2
591	8	6	4
592	43	44	41
593	77	65	37
594	42	46	34
595	0	0	0
596	37	53	42
597	1402	1281	1228
598	144	134	144
599	164	157	143
600	14	16	16
601	14	13	5
602	9	7	1
603	69	87	51
604	491	435	354
605	33	35	27
606	235	233	242
607	31	32	18
608	2	2	6
609	1894	1856	1665
610	56	59	74
611	159	165	129
612	0	0	0
613	1	0	2
614	70	71	50
615	4	9	5
616	8	15	7
617	21	22	11
618	36	25	30
619	18	25	14
620	6	16	17
621	14	22	19
622	5	11	4
623	11	5	5
624	33	39	22
625	72	79	86
626	1	1	1
627	52	57	45
628	28	18	15
629	18	20	11
630	39	28	30
631	29	26	26
632	116	111	82
633	2	0	2
634	61	41	29
635	0	0	0
636	0	0	0
637	0	3	0
638	474	462	407
639	35	31	32
640	96	84	48
641	3	8	5
642	186	173	168
643	8	13	7
644	406	385	298
645	6	9	9
646	16	16	6
647	46	51	39
648	27	30	32
649	47	46	38
650	12	18	15
651	0	1	0
652	80	65	61
653	5	4	2
654	60	74	69
655	1	1	1
656	45	65	46
657	14	18	7
658	429	466	274
659	34	35	31
660	220	167	127
661	142	136	113
662	2	3	4
663	0	0	0
664	18	12	9
665	10	6	6
666	61	28	30
667	20	24	15
668	50	49	32
669	5	1	3
670	3	3	3
671	49	61	57
672	7	3	7
673	31	42	20
674	31	26	14
675	2	0	1
676	1	0	0
677	197	171	171
678	1	0	2
679	57	69	36
680	20	22	15
681	93	77	90
682	9	12	12
683	172	171	140
684	20	13	14
685	2	6	4
686	0	0	0
687	60	59	39
688	8	9	3
689	28	37	28
690	1	0	1
691	42	35	23
692	379	346	338
693	17	15	11
694	51	50	57
695	0	0	0
696	56	79	60
697	2	5	0
698	6	11	8
699	9	9	14
700	0	0	0
701	45	32	28
702	24	18	18
703	6	2	4
704	0	0	0
705	15	12	12
706	22	8	15
707	0	0	0
708	12	16	14
709	0	0	0
710	22	39	26
711	39	41	24
712	32	14	18
713	116	109	115
714	120	117	67
715	103	107	99
716	21	20	15
717	26	21	17
718	8	14	4
719	5	5	6
720	15	15	17
721	25	22	22
722	3	4	2
723	266	249	263
724	15	19	6
725	67	63	65
726	13	4	3
727	42	40	28
728	54	42	33
729	10	9	4
730	82	104	55
731	56	57	49
732	289	272	147
733	8	8	6
734	2	4	3
735	111	134	97
736	29	26	26
737	79	95	69
738	11	12	11
739	0	1	0
740	223	203	204
741	8	11	7
742	14	14	10
743	46	51	40
744	578	659	568
745	18	23	24
746	176	156	162
747	104	75	46
748	2	4	5
749	5	8	5
750	3	3	1
751	112	119	86
752	2	2	1
753	278	288	260
754	4	3	6
755	2	4	4
756	227	220	151
757	87	71	66
758	7	3	7
759	21	12	5
760	15	11	15
761	110	102	78
762	525	462	302
763	88	107	90
764	46	33	27
765	88	99	101
766	3	1	5
767	2	4	0
768	0	0	1
769	152	180	142
770	45	43	32
771	694	703	633
772	20	12	12
773	15	12	17
774	7	3	8
775	55	72	49
776	15	22	14
777	3	1	3
778	29	32	27
779	11	13	6
780	32	29	22
781	2	3	10
782	30	11	19
783	179	173	179
784	15	17	9
785	10	10	8
786	0	1	0
787	18	27	19
788	84	97	84
789	38	41	31
790	11	11	15
791	28	26	28
792	17	25	25
793	231	239	201
794	43	29	36
795	26	16	17
796	15	18	17
797	5	5	8
798	6	6	2
799	6	6	6
800	50	55	42
801	30	36	31
802	13	11	4
803	616	553	390
804	90	90	79
805	31	19	21
806	95	80	87
807	5	3	4
808	46	33	31
809	2	4	1
810	19	18	21
811	7	2	3
812	45	24	36
813	100	117	69
814	1	3	3
815	0	0	0
816	1	0	2
817	13	11	4
818	12	16	13
819	501	457	352
820	8	11	9
821	3	4	1
822	7	4	1
823	4	12	7
824	94	74	95
825	5	8	9
826	23	27	19
827	115	115	90
828	58	48	57
829	103	82	53
830	18	16	19
831	100	89	62
832	8	9	5
833	43	22	29
834	117	195	85
835	5	2	5
836	37	37	23
837	134	161	134
838	92	70	65
839	9	10	9
840	11	7	6
841	9	9	5
842	12	14	8
843	15	12	7
844	0	0	0
845	0	3	2
846	138	141	93
847	9	13	6
848	51	45	44
849	7	3	3
850	24	16	18
851	8	5	0
852	7	9	9
853	0	0	0
854	8	7	2
855	16	11	9
856	5	1	1
857	94	88	78
858	0	1	1
859	1	0	0
860	0	0	1
861	5	2	2
862	19	27	16
863	3	4	3
864	53	43	53
865	88	81	69
866	70	69	41
867	20	16	14
868	24	26	15
869	1	1	0
870	0	0	0
871	14	21	23
872	4	1	3
873	83	63	76
874	71	64	50
875	12	15	12
876	0	5	2
877	107	112	123
878	0	0	0
879	36	54	27
880	7	13	6
881	1	4	2
882	104	66	44
883	10	8	5
884	9	9	9
885	0	0	0
886	0	0	0
887	3	5	5
888	15	16	19
889	9	7	13
890	111	133	95
891	110	81	97
892	8	4	4
893	54	49	50
894	8	1	9
895	60	68	52
896	4	7	5
897	0	0	0
898	88	92	78
899	27	25	28
900	19	25	13
901	1	0	0
902	9	9	6
903	8	5	8
904	1	4	6
905	12	11	10
906	28	29	27
907	17	17	21
908	31	21	31
909	0	0	0
910	93	85	82
911	18	11	15
912	35	39	56
913	120	99	88
914	59	49	62
915	6	2	7
916	2	2	1
917	15	17	5
918	39	38	44
919	1	0	0
920	0	0	0
921	3	3	3
922	17	15	13
923	31	39	31
924	5	10	5
925	18	20	6
926	20	21	17
927	86	82	56
928	81	56	44
929	77	74	54
930	32	26	26
931	0	0	0
932	0	0	0
933	37	36	33
934	21	22	20
935	117	120	102
936	25	24	24
937	4	3	2
938	125	140	99
939	6	8	6
940	1	0	0
941	86	90	83
942	0	0	0
943	5	4	4
944	31	23	15
945	53	31	29
946	176	159	121
947	62	52	30
948	123	140	86
949	0	0	0
950	9	7	10
951	472	466	394
952	13	13	12
953	19	27	18
954	0	0	0
955	21	16	16
956	2	2	3
957	0	3	0
958	5	2	6
959	3	2	1
960	96	100	137
961	116	149	90
962	75	84	64
963	236	243	256
964	18	20	20
965	2	0	1
966	18	22	15
967	0	0	0
968	246	219	184
969	39	82	43
970	15	10	9
971	22	22	26
972	356	315	297
973	39	25	31
974	6	3	5
975	0	0	0
976	2	2	4
977	35	20	48
978	128	90	98
979	0	0	0
980	1	3	3
981	0	0	0
982	19	11	4
983	56	57	39
984	1363	1335	1179
985	13	8	13
986	85	80	70
987	156	99	92
988	29	25	22
989	638	685	581
990	282	283	317
991	6	8	13
992	8	7	6
993	1	0	1
994	24	34	21
995	7	13	11
996	16	15	6
997	19	10	8
998	15	21	19
999	3	5	5
1000	9	8	9
1001	184	200	184
1002	17	18	21
1003	0	0	0
1004	13	11	20
1005	2	7	10
1006	101	104	79
1007	0	0	0
1008	16	25	16
1009	221	176	181
1010	28	18	20
1011	8	10	12
1012	44	43	43
1013	4	2	7
1014	9	7	9
1015	38	42	52
1016	533	503	324
1017	19	23	10
1018	634	578	542
1019	0	0	0
1020	25	28	22
1021	282	261	222
1022	17	5	9
1023	0	0	0
1024	54	68	63
1025	45	55	64
1026	0	2	1
1027	160	220	165
1028	36	36	28
1029	6	13	6
1030	16	21	13
1031	6	3	5
1032	27	20	40
1033	55	65	45
1034	7	5	5
1035	7	3	4
1036	8	7	10
1037	2	4	10
1038	13	16	12
1039	11	8	7
1040	248	254	247
1041	50	41	37
1042	94	70	79
1043	3	1	4
1044	12	11	8
1045	16	12	12
1046	0	0	0
1047	3	6	0
1048	19	19	21
1049	0	0	0
1050	17	13	14
1051	62	46	41
1052	0	0	0
1053	11	20	27
1054	1	1	0
1055	107	117	91
1056	171	157	94
1057	24	28	22
1058	31	36	29
1059	1	0	0
1060	1157	998	844
1061	12	18	6
1062	1821	1742	1296
1063	65	68	52
1064	502	512	393
1065	58	65	70
1066	1	1	4
1067	7	6	5
1068	0	0	0
1069	21	18	17
1070	13	11	9
1071	25	16	19
1072	0	0	1
1073	115	132	130
1074	85	82	61
1075	3	8	8
1076	4	3	4
1077	0	1	2
1078	238	213	182
1079	10	4	6
1080	5	6	4
1081	2	0	2
1082	0	0	0
1083	8	11	5
1084	118	109	87
1085	35	28	42
1086	31	34	15
1087	13	7	10
1088	12	12	12
1089	1	0	1
1090	0	0	0
1091	8	15	4
1092	330	269	230
1093	38	42	27
1094	8	11	8
1095	17	20	16
1096	362	407	262
1097	2	6	2
1098	17	12	9
1099	19	20	17
1100	2	0	0
1101	137	122	151
1102	122	121	122
1103	21	15	16
1104	3	1	5
1105	154	125	68
1106	4	8	6
1107	240	222	238
1108	111	115	80
1109	9	12	4
1110	0	0	1
1111	3	0	1
1112	40	21	20
1113	11	10	2
1114	6	6	9
1115	0	0	0
1116	36	40	31
1117	5	7	14
1118	0	0	0
1119	217	181	190
1120	4	2	2
1121	3	3	3
1122	7	4	3
1123	0	0	1
1124	12	6	6
1125	2	0	1
1126	39	39	36
1127	13	5	9
1128	0	0	0
1129	1	1	0
1130	6	10	3
1131	8	5	4
1132	1	3	6
1133	5	4	2
1134	23	22	15
1135	41	36	34
1136	57	68	24
1137	576	587	336
1138	1	20	6
1139	8	23	26
1140	27	23	13
1141	0	1	0
1142	4	5	8
1143	26	22	16
1144	129	108	100
1145	38	35	38
1146	0	0	0
1147	46	36	48
1148	77	77	53
1149	28	18	19
1150	1	2	6
1151	100	96	92
1152	600	583	557
1153	7	9	1
1154	88	77	57
1155	30	28	30
1156	6	7	8
1157	316	292	244
1158	0	0	0
1159	1	5	3
1160	81	81	74
1161	52	65	42
1162	34	28	18
1163	40	35	32
1164	18	21	21
1165	144	117	85
1166	0	0	0
1167	5	8	1
1168	7	10	11
1169	10	6	7
1170	235	258	198
1171	16	9	4
1172	943	914	895
1173	13	4	7
1174	4	4	9
1175	3	2	4
1176	116	127	100
1177	42	37	36
1178	82	95	88
1179	1	2	3
1180	2	3	0
1181	43	31	27
1182	0	0	0
1183	10	14	11
1184	24	27	28
1185	7	9	5
1186	316	286	238
1187	1336	1348	1201
1188	21	22	13
1189	15	13	7
1190	8	4	1
1191	6	10	12
1192	36	36	32
1193	94	74	49
1194	2	2	2
1195	0	0	0
1196	6	8	2
1197	0	0	0
1198	1	2	3
1199	9	8	2
1200	0	0	0
1201	2	0	1
1202	1	2	0
1203	0	0	0
1204	21	19	18
1205	292	265	180
1206	33	41	27
1207	120	117	96
1208	8	10	12
1209	134	129	129
1210	334	262	234
1211	111	104	83
1212	13	10	8
1213	0	0	0
1214	0	0	0
1215	279	211	177
1216	40	48	37
1217	57	42	32
1218	20	40	27
1219	0	0	1
1220	60	51	47
1221	0	0	0
1222	8	2	6
1223	4	8	6
1224	33	49	35
1225	6	3	4
1226	43	24	25
1227	18	26	22
1228	3	1	3
1229	31	30	14
1230	0	0	0
1231	467	443	364
1232	17	12	17
1233	40	35	39
1234	36	21	30
1235	63	57	40
1236	13	19	15
1237	43	53	34
1238	25	24	16
1239	24	22	11
1240	12	16	14
1241	2	2	2
1242	278	310	278
1243	0	1	0
1244	0	0	0
1245	0	2	0
1246	2	1	1
1247	475	498	467
1248	5	4	6
1249	5	9	3
1250	24	31	26
1251	53	37	31
1252	45	41	45
1253	20	20	13
1254	14	15	14
1255	54	44	46
1256	0	1	0
1257	5	1	5
1258	2	3	2
1259	849	821	659
1260	12	17	12
1261	17	14	8
1262	5	5	3
1263	13	7	17
1264	6	2	2
1265	358	326	327
1266	68	79	65
1267	39	32	41
1268	5	2	4
1269	825	726	621
1270	24	9	16
1271	25	17	18
1272	8	9	4
1273	42	19	32
1274	8	6	8
1275	266	243	246
1276	7	4	5
1277	2	1	0
1278	308	277	199
1279	53	46	28
1280	77	72	62
1281	37	44	23
1282	0	0	0
1283	91	98	95
1284	9	10	11
1285	49	39	25
1286	41	32	22
1287	17	14	15
1288	54	57	58
1289	83	58	34
1290	17	15	26
1291	1	0	1
1292	14	19	7
1293	152	136	90
1294	4	4	4
1295	2	1	1
1296	12	13	9
1297	0	0	0
1298	0	0	0
1299	4	2	1
1300	16	11	2
1301	40	21	29
1302	76	81	66
1303	150	143	114
1304	31	21	26
1305	12	15	14
1306	175	216	161
1307	25	31	18
1308	22	16	16
1309	405	372	308
1310	19	29	19
1311	62	49	43
1312	51	22	38
1313	0	0	1
1314	0	0	0
1315	13	6	5
1316	41	40	27
1317	12	13	18
1318	100	107	115
1319	186	190	166
1320	41	26	21
1321	737	709	720
1322	5	2	2
1323	476	477	419
1324	693	697	666
1325	32	33	37
1326	7	11	8
1327	10	14	6
1328	9	9	11
1329	500	547	410
1330	30	38	32
1331	86	75	62
1332	20	15	21
1333	19	18	22
1334	27	24	17
1335	8	14	22
1336	17	12	16
1337	16	16	5
1338	41	37	33
1339	30	28	35
1340	88	78	114
1341	45	55	59
1342	15	12	6
1343	6	6	6
1344	13	14	15
1345	203	168	120
1346	108	89	116
1347	15	10	19
1348	0	0	1
1349	0	0	0
1350	0	0	0
1351	1	2	4
1352	0	0	0
1353	75	91	88
1354	151	127	113
1355	0	0	0
1356	98	107	73
1357	810	852	681
1358	4	7	10
1359	12	19	14
1360	4	1	4
1361	4	3	6
1362	93	81	48
1363	381	436	266
1364	4	10	7
1365	14	5	8
1366	33	28	33
1367	0	3	1
1368	112	98	112
1369	29	30	39
1370	83	78	95
1371	63	59	45
1372	16	10	24
1373	0	0	0
1374	0	0	0
1375	157	123	132
1376	2	5	4
1377	8	2	1
1378	26	24	28
1379	143	137	100
1380	0	0	0
1381	3	5	5
1382	48	36	45
1383	6	10	8
1384	50	37	29
1385	29	33	30
1386	15	17	12
1387	182	199	174
1388	6	12	5
1389	49	58	51
1390	464	424	359
1391	6	5	4
1392	374	339	278
1393	1	7	5
1394	36	27	19
1395	0	0	0
1396	107	86	60
1397	0	0	0
1398	66	61	54
1399	6	8	9
1400	3	0	2
1401	17	19	12
1402	8	13	11
1403	0	0	0
1404	0	0	0
1405	37	33	33
1406	8	10	11
1407	15	23	19
1408	18	16	8
1409	10	4	12
1410	10	3	7
1411	3	1	2
1412	0	0	0
1413	66	67	56
1414	3	3	1
1415	0	0	0
1416	1	0	2
1417	81	83	73
1418	235	333	195
1419	38	26	16
1420	87	80	63
1421	14	14	8
1422	0	0	2
1423	1	0	0
1424	1	2	0
1425	0	2	1
1426	10	12	6
1427	28	21	12
1428	8	7	2
1429	9	9	8
1430	140	153	143
1431	34	19	21
1432	33	43	24
1433	0	1	0
1434	14	13	6
1435	33	28	27
1436	1	1	0
1437	0	0	0
1438	0	0	0
1439	0	0	0
1440	34	35	22
1441	0	2	2
1442	7	8	8
1443	28	17	23
1444	50	42	20
1445	85	71	69
1446	25	32	20
1447	3	3	4
1448	21	15	14
1449	1	1	1
1450	0	0	0
1451	4	0	1
1452	29	22	36
1453	4	6	6
1454	36	37	37
1455	202	213	194
1456	59	48	53
1457	0	0	0
1458	43	39	28
1459	7	2	8
1460	29	15	18
1461	1	0	0
1462	22	10	14
1463	138	157	138
1464	26	16	10
1465	47	53	77
1466	1	5	3
1467	65	55	44
1468	5	3	4
1469	22	13	11
1470	200	168	167
1471	55	47	35
1472	51	45	37
1473	35	27	33
1474	5	7	4
1475	28	27	26
1476	24	20	25
1477	46	63	57
1478	475	486	424
1479	15	14	8
1480	79	85	73
1481	159	112	91
1482	86	73	55
1483	44	41	32
1484	31	23	35
1485	5	5	4
1486	4	3	2
1487	0	0	0
1488	63	53	64
1489	366	427	435
1490	15	8	9
1491	0	0	0
1492	10	8	5
1493	5	7	3
1494	43	31	18
1495	2	2	2
1496	101	110	86
1497	37	42	43
1498	0	2	0
1499	14	22	11
1500	16	14	15
1501	70	54	56
1502	519	441	403
1503	18	34	22
1504	25	18	13
1505	180	181	157
1506	0	0	0
1507	1	0	0
1508	57	51	55
1509	56	62	42
1510	15	11	19
1511	43	37	21
1512	2	0	1
1513	14	21	20
1514	6	6	4
1515	29	31	15
1516	4	2	2
1517	4	2	2
1518	663	635	577
1519	0	0	0
1520	70	48	43
1521	18	29	16
1522	19	15	7
1523	119	85	94
1524	4	1	2
1525	2	4	0
1526	6	2	2
1527	112	112	72
1528	120	114	78
1529	5	5	11
1530	80	73	57
1531	184	202	104
1532	40	40	24
1533	23	19	20
1534	14	8	12
1535	225	231	165
1536	19	26	19
1537	1	2	2
1538	29	17	21
1539	41	38	40
1540	206	162	128
1541	110	115	79
1542	0	0	0
1543	0	0	0
1544	168	146	88
1545	594	565	451
1546	2	0	1
1547	35	43	22
1548	0	0	0
1549	0	0	0
1550	193	207	178
1551	314	349	229
1552	88	72	59
1553	10	2	5
1554	22	11	7
1555	31	32	45
1556	165	156	101
1557	0	0	0
1558	0	0	0
1559	13	26	10
1560	37	42	30
1561	41	46	43
1562	25	30	27
1563	24	35	29
1564	0	1	3
1565	44	49	38
1566	131	139	87
1567	29	32	31
1568	0	0	0
1569	61	62	54
1570	60	71	49
1571	2	3	1
1572	39	47	47
1573	93	103	111
1574	1	3	0
1575	4	6	5
1576	13	14	12
1577	134	135	120
1578	42	59	31
1579	24	26	26
1580	286	314	270
1581	18	18	33
1582	0	0	0
1583	71	85	60
1584	301	297	175
1585	34	22	29
1586	12	12	10
1587	0	0	0
1588	1228	1348	1190
1589	0	1	0
1590	0	0	0
1591	0	1	1
1592	4	13	9
1593	1	2	1
1594	0	0	0
1595	6	2	5
1596	4	5	7
1597	3	4	2
1598	13	3	7
1599	0	2	0
1600	18	12	12
1601	22	20	11
1602	9	4	9
1603	57	53	59
1604	89	94	80
1605	33	35	41
1606	36	35	31
1607	0	0	2
1608	202	203	160
1609	131	84	77
1610	3	3	3
1611	0	0	0
1612	2	6	2
1613	14	11	12
1614	6	11	7
1615	60	51	58
1616	17	8	9
1617	0	0	0
1618	26	34	37
1619	22	30	22
1620	8	9	10
1621	40	28	28
1622	1	3	2
1623	0	0	0
1624	1	2	2
1625	122	134	113
1626	15	11	12
1627	0	0	0
1628	6	11	2
1629	635	660	528
1630	25	17	22
1631	36	49	41
1632	131	108	100
1633	40	35	38
1634	12	9	6
1635	8	8	8
1636	3	1	1
1637	22	27	27
1638	46	37	32
1639	5	6	3
1640	62	41	59
1641	26	35	26
1642	936	1021	1026
1643	0	2	0
1644	1	0	0
1645	15	11	9
1646	22	24	36
1647	2	8	3
1648	109	125	114
1649	2	3	0
1650	1354	1385	1100
1651	37	26	22
1652	6	2	1
1653	49	54	48
1654	10	22	12
1655	206	210	158
1656	6	8	3
1657	8	5	6
1658	106	129	137
1659	93	81	74
1660	0	1	1
1661	16	12	14
1662	29	32	24
1663	38	30	27
1664	31	29	24
1665	17	18	14
1666	0	0	0
1667	100	111	106
1668	5	5	3
1669	194	156	160
1670	159	143	126
1671	25	16	21
1672	49	51	30
1673	11	15	12
1674	10	12	10
1675	5	5	1
1676	33	40	18
1677	84	67	67
1678	75	75	52
1679	12	13	6
1680	156	190	94
1681	34	34	22
1682	30	26	13
1683	23	29	12
1684	145	132	86
1685	132	115	110
1686	1	3	7
1687	7	0	2
1688	16	10	6
1689	1	1	0
1690	1	5	4
1691	0	1	1
1692	4	2	0
1693	0	0	0
1694	0	1	0
1695	8	25	9
1696	13	10	3
1697	1	0	0
1698	1	0	0
1699	4	6	3
1700	66	73	46
1701	37	35	23
1702	245	276	174
1703	5	8	1
1704	213	200	202
1705	347	281	311
1706	463	499	517
1707	85	85	57
1708	7	5	3
1709	19	15	14
1710	1	2	4
1711	4	3	1
1712	90	84	69
1713	19	27	8
1714	44	36	25
1715	108	94	65
1716	145	131	115
1717	20	28	21
1718	946	931	829
1719	7	7	7
1720	13	22	14
1721	114	78	68
1722	0	0	0
1723	0	0	0
1724	12	14	7
1725	39	29	35
1726	6	10	6
1727	78	95	91
1728	30	32	18
1729	1888	1855	1738
1730	0	0	0
1731	18	15	11
1732	3	4	2
1733	270	237	226
1734	76	62	73
1735	141	98	132
1736	1	1	1
1737	22	9	10
1738	37	25	40
1739	36	33	43
1740	10	14	11
1741	810	731	527
1742	2	1	0
1743	24	33	22
1744	12	7	5
1745	2	7	2
1746	32	38	28
1747	11	17	9
1748	7	7	10
1749	6	5	6
1750	6	3	4
1751	19	20	26
1752	102	117	87
1753	60	32	39
1754	5	4	5
1755	1	2	1
1756	55	62	34
1757	51	64	32
1758	38	23	41
1759	32	31	53
1760	1	0	0
1761	74	52	77
1762	8	3	6
1763	2	5	0
1764	0	0	0
1765	0	0	0
1766	0	0	0
1767	0	2	5
1768	1	0	0
1769	0	1	1
1770	252	235	203
1771	348	310	313
1772	11	15	7
1773	16	21	8
1774	37	32	28
1775	26	14	15
1776	79	105	71
1777	8	12	3
1778	522	496	539
1779	80	67	84
1780	45	58	73
1781	470	423	394
1782	684	674	720
1783	33	27	23
1784	139	114	136
1785	22	19	17
1786	0	0	0
1787	125	153	70
1788	142	118	105
1789	40	34	28
1790	7	4	3
1791	14	9	2
1792	14	4	7
1793	0	0	0
1794	0	1	2
1795	29	25	17
1796	470	434	321
1797	2003	1783	1390
1798	24	34	18
1799	7	10	7
1800	5	3	1
1801	21	19	23
1802	5	5	7
1803	135	124	89
1804	42	44	32
1805	1052	1060	852
1806	5	13	14
1807	97	78	44
1808	14	12	8
1809	170	155	151
1810	14	17	13
1811	0	0	0
1812	20	21	19
1813	3	1	3
1814	26	23	23
1815	20	22	13
1816	3	13	6
1817	23	23	11
1818	24	19	16
1819	2	0	1
1820	7	9	0
1821	7	8	2
1822	173	178	146
1823	213	214	218
1824	56	40	63
1825	0	0	0
1826	18	18	13
1827	11	20	14
1828	115	132	128
1829	3	7	6
1830	53	46	50
1831	8	9	17
1832	29	29	15
1833	0	2	4
1834	46	46	40
1835	181	151	117
1836	12	14	8
1837	130	114	91
1838	94	66	58
1839	6	9	11
1840	10	2	6
1841	69	69	68
1842	62	56	42
1843	130	66	64
1844	37	44	41
1845	9	10	8
1846	3	3	1
1847	92	103	97
1848	24	34	29
1849	1	4	3
1850	2	3	1
1851	300	210	208
1852	29	29	18
1853	8	2	4
1854	371	419	313
1855	15	12	15
1856	3	2	1
1857	3	1	2
1858	55	35	44
1859	4	4	8
1860	8	5	12
1861	118	114	102
1862	23	24	20
1863	6	5	8
1864	15	10	9
1865	4	2	3
1866	225	218	169
1867	2	3	2
1868	308	326	219
1869	7	6	10
1870	101	93	62
1871	27	24	20
1872	202	253	208
1873	18	20	11
1874	63	51	36
1875	10	11	8
1876	16	15	21
1877	126	123	133
1878	34	33	17
1879	25	32	11
1880	42	30	23
1881	400	367	336
1882	89	90	98
1883	17	16	18
1884	13	19	14
1885	72	76	65
1886	177	181	156
1887	16	15	6
1888	0	0	0
1889	12	17	6
1890	14	20	14
1891	7	14	14
1892	4	0	1
1893	1	3	1
1894	39	59	57
1895	0	0	0
1896	139	97	89
1897	79	94	75
1898	5	3	7
1899	15	11	6
1900	0	1	0
1901	5	3	6
1902	7	4	3
1903	6	8	9
1904	0	1	0
1905	24	10	19
1906	44	53	29
1907	11	11	12
1908	18	21	4
1909	1	2	3
1910	2	1	1
1911	27	21	21
1912	149	144	90
1913	29	26	47
1914	39	31	31
1915	0	0	1
1916	20	21	17
1917	0	0	0
1918	103	134	94
1919	8	4	6
1920	69	77	51
1921	0	0	0
1922	48	47	39
1923	108	99	62
1924	13	8	23
1925	4	0	3
1926	53	50	43
1927	21	24	26
1928	130	148	111
1929	10	3	13
1930	0	0	0
1931	11	12	6
1932	23	34	28
1933	11	6	2
1934	56	48	59
1935	113	92	69
1936	5	4	4
1937	0	0	0
1938	0	1	0
1939	467	455	338
1940	0	2	0
1941	119	123	134
1942	68	73	46
1943	2	1	2
1944	4	5	22
1945	6	3	4
1946	8	9	7
1947	26	23	25
1948	3	10	8
1949	14	13	7
1950	1	7	3
1951	15	23	12
1952	60	57	53
1953	0	0	0
1954	6	4	10
1955	0	2	0
1956	63	49	62
1957	0	0	0
1958	5	9	5
1959	0	0	0
1960	274	289	242
1961	54	53	26
1962	39	44	30
1963	65	55	44
1964	6	12	15
1965	19	18	6
1966	3	2	2
1967	1	1	3
1968	6	4	12
1969	143	143	163
1970	275	226	148
1971	3	2	1
1972	5	6	4
1973	6	5	7
1974	27	30	17
1975	6	2	1
1976	25	22	29
1977	140	101	103
1978	44	43	39
1979	227	237	147
1980	0	0	0
1981	32	32	18
1982	121	129	87
1983	37	23	15
1984	7	5	6
1985	6	18	14
1986	7	9	5
1987	13	3	14
1988	1	1	0
1989	7	7	7
1990	11	11	7
1991	20	19	16
1992	230	204	163
1993	0	0	0
1994	2	0	1
1995	68	64	54
1996	124	99	96
1997	21	14	10
1998	35	25	24
1999	47	59	60
2000	14	6	5
2001	1	3	5
2002	6	8	4
2003	24	34	19
2004	40	37	25
2005	27	31	19
2006	37	42	32
2007	363	351	236
2008	21	25	13
2009	17	21	25
2010	34	34	20
2011	0	0	1
2012	174	136	127
2013	13	18	10
2014	70	71	51
2015	5	4	3
2016	9	7	14
2017	0	0	5
2018	0	1	0
2019	8	4	9
2020	1	1	0
2021	0	0	0
2022	20	16	18
2023	15	11	16
2024	60	79	50
2025	27	23	23
2026	158	167	108
2027	58	62	31
2028	163	141	112
2029	198	183	112
2030	8	20	20
2031	342	363	370
2032	88	85	75
2033	13	12	12
2034	6	8	10
2035	19	19	17
2036	17	20	17
2037	9	6	9
2038	41	36	35
2039	73	58	36
2040	63	65	44
2041	109	95	61
2042	48	50	37
2043	30	38	29
2044	1	7	3
2045	11	10	8
2046	0	0	0
2047	26	10	9
2048	34	27	31
2049	397	413	309
2050	5	0	1
2051	0	0	0
2052	41	50	48
2053	72	68	45
2054	85	69	89
2055	0	0	1
2056	11	4	9
2057	15	13	9
2058	26	26	26
2059	64	76	53
2060	163	155	153
2061	13	31	18
2062	16	12	11
2063	0	0	0
2064	0	0	0
2065	5	5	5
2066	19	15	23
2067	966	889	707
2068	6	4	7
2069	5	0	3
2070	0	1	1
2071	0	1	4
2072	8	8	4
2073	52	40	47
2074	7	1	6
2075	20	15	8
2076	0	0	0
2077	17	8	7
2078	0	0	0
2079	7	14	9
2080	46	37	26
2081	12	12	9
2082	7	4	4
2083	1	0	1
2084	138	123	86
2085	15	16	9
2086	16	11	14
2087	274	267	237
2088	3	1	1
2089	130	117	101
2090	320	332	311
2091	53	66	67
2092	2	2	1
2093	232	220	213
2094	6	1	4
2095	1	2	1
2096	5	8	7
2097	5	2	2
2098	0	0	0
2099	3	2	1
2100	10	15	12
2101	6	6	3
2102	27	24	35
2103	64	65	53
2104	0	0	0
2105	8	6	7
2106	0	0	0
2107	325	335	316
2108	7	6	5
2109	5	8	4
2110	0	0	0
2111	75	74	81
2112	0	0	0
2113	15	17	11
2114	28	22	20
2115	0	0	0
2116	13	17	10
2117	79	68	42
2118	2	0	4
2119	0	0	0
2120	0	0	0
2121	0	0	0
2122	416	414	467
2123	24	25	21
2124	4	1	3
2125	0	0	0
2126	4	5	3
2127	0	0	0
2128	598	507	359
2129	6	1	1
2130	5	7	4
2131	282	271	233
2132	67	58	36
2133	153	139	126
2134	3	1	1
2135	0	0	0
2136	84	63	48
2137	42	28	22
2138	96	94	85
2139	71	63	63
2140	25	39	18
2141	0	0	1
2142	1644	1510	1227
2143	11	11	10
2144	161	111	149
2145	24	27	30
2146	478	416	318
2147	8	6	3
2148	97	68	83
2149	7	4	8
2150	34	26	25
2151	18	21	11
2152	2	1	1
2153	4	2	4
2154	40	48	28
2155	255	231	221
2156	120	119	81
2157	9	14	20
2158	1	0	1
2159	1329	1343	1235
2160	3	1	2
2161	46	32	40
2162	50	54	45
2163	12	10	11
2164	61	72	65
2165	0	2	0
2166	15	9	15
2167	7	6	7
2168	3	5	2
2169	76	72	53
2170	18	23	21
2171	0	0	0
2172	1	0	0
2173	5	10	4
2174	11	11	4
2175	161	171	113
2176	11	19	22
2177	6	5	3
2178	3	2	1
2179	2	5	2
2180	1	1	0
2181	3	14	8
2182	6	10	13
2183	9	9	5
2184	8	13	2
2185	160	112	104
2186	0	1	1
2187	360	409	339
2188	17	24	9
2189	113	120	90
2190	11	6	9
2191	0	0	0
2192	58	63	42
2193	1	2	3
2194	2	0	2
2195	83	72	72
2196	16	19	15
2197	18	21	14
2198	12	22	15
2199	6	9	6
2200	3	3	5
2201	130	137	114
2202	1	1	2
2203	2	2	3
2204	0	3	0
2205	73	66	68
2206	0	1	1
2207	2	3	2
2208	23	23	21
2209	4	0	2
2210	879	889	765
2211	0	0	0
2212	0	0	0
2213	14	20	16
2214	33	36	24
2215	51	54	34
2216	74	63	63
2217	11	18	15
2218	8	7	2
2219	76	45	36
2220	479	478	439
2221	33	23	23
2222	33	16	20
2223	7	5	3
2224	5	4	1
2225	14	12	14
2226	56	40	34
2227	57	36	39
2228	1	6	5
2229	9	11	11
2230	10	18	8
2231	12	19	17
2232	2	2	3
2233	3	3	2
2234	11	11	7
2235	8	14	14
2236	3	2	0
2237	61	54	64
2238	196	183	160
2239	95	114	89
2240	5	6	3
2241	32	34	15
2242	60	52	46
2243	2	1	3
2244	19	19	17
2245	149	187	151
2246	14	17	10
2247	66	70	59
2248	28	24	25
2249	13	7	15
2250	11	8	16
2251	11	17	23
2252	28	23	20
2253	0	0	0
2254	0	0	0
2255	6	0	1
2256	17	19	13
2257	5	5	3
2258	0	0	0
2259	0	1	0
2260	16	18	18
2261	3	5	1
2262	9	10	7
2263	35	28	18
2264	5	2	7
2265	3	3	1
2266	174	144	141
2267	29	38	32
2268	44	40	27
2269	37	42	20
2270	29	24	20
2271	5	12	6
2272	267	290	207
2273	0	0	0
2274	15	16	21
2275	1	1	4
2276	55	51	47
2277	190	212	165
2278	4	2	4
2279	0	0	0
2280	32	35	29
2281	257	233	216
2282	54	38	31
2283	63	44	46
2284	45	29	32
2285	2	2	10
2286	59	53	56
2287	0	0	0
2288	0	2	6
2289	8	12	9
2290	0	0	1
2291	31	50	30
2292	19	18	22
2293	48	50	48
2294	42	36	24
2295	34	11	18
2296	5	7	1
2297	204	174	129
2298	16	15	20
2299	200	186	196
2300	31	31	13
2301	161	170	175
2302	0	1	0
2303	34	25	16
2304	0	0	0
2305	0	0	1
2306	9	7	3
2307	13	14	14
2308	52	47	29
2309	9	4	4
2310	58	47	26
2311	69	76	52
2312	0	2	1
2313	10	16	14
2314	12	22	11
2315	21	20	12
2316	112	101	92
2317	6	8	3
2318	433	419	357
2319	7	3	3
2320	161	153	105
2321	1	8	3
2322	30	24	23
2323	1	1	1
2324	41	20	23
2325	721	661	592
2326	5	5	0
2327	15	16	5
2328	2	1	2
2329	145	108	87
2330	36	21	20
2331	56	65	37
2332	13	20	19
2333	24	22	10
2334	306	301	229
2335	11	14	18
2336	0	0	0
2337	71	74	48
2338	36	42	40
2339	39	31	27
2340	6	8	8
2341	2	0	0
2342	19	18	6
2343	18	13	7
2344	58	63	37
2345	0	2	0
2346	10	7	7
2347	277	254	188
2348	25	22	33
2349	35	29	28
2350	27	39	38
2351	63	82	55
2352	4	1	1
2353	26	42	39
2354	638	677	574
2355	40	42	27
2356	129	103	86
2357	1	0	1
2358	261	240	212
2359	0	0	0
2360	0	0	0
2361	27	11	22
2362	14	12	15
2363	3	4	4
2364	0	0	0
2365	32	30	24
2366	0	0	0
2367	4	6	6
2368	0	0	0
2369	97	89	89
2370	239	228	213
2371	30	40	22
2372	167	148	101
2373	67	62	41
2374	84	70	75
2375	25	24	19
2376	2	2	1
2377	2	0	1
2378	84	72	85
2379	24	45	32
2380	33	17	19
2381	19	16	10
2382	107	104	111
2383	14	24	10
2384	1	3	0
2385	4	4	2
2386	0	0	0
2387	99	82	71
2388	1	1	0
2389	1	0	0
2390	145	125	104
2391	82	64	57
2392	38	43	48
2393	14	12	13
2394	24	28	29
2395	2	4	0
2396	5	10	10
2397	4	1	1
2398	16	18	11
2399	9	10	11
2400	163	180	153
2401	40	44	29
2402	337	374	420
2403	6	6	5
2404	3	2	1
2405	0	0	0
2406	5	2	5
2407	6	3	5
2408	27	22	24
2409	13	13	15
2410	6	3	2
2411	27	29	29
2412	28	16	11
2413	178	154	105
2414	69	50	60
2415	9	11	10
2416	74	77	52
2417	764	868	829
2418	58	45	41
2419	10	18	8
2420	12	16	9
2421	31	47	42
2422	8	9	5
2423	32	42	28
2424	44	42	27
2425	15	21	17
2426	30	26	19
2427	41	31	28
2428	14	13	15
2429	857	898	797
2430	28	41	14
2431	114	107	117
2432	17	15	17
2433	4	9	6
2434	19	15	28
2435	5	2	2
2436	4	2	1
2437	24	20	13
2438	17	7	4
2439	1	5	5
2440	71	52	60
2441	0	0	0
2442	1486	1500	1238
2443	28	28	27
2444	25	30	47
2445	1	0	4
2446	0	0	1
2447	0	0	0
2448	7	8	4
2449	84	80	52
2450	20	29	16
2451	9	11	9
2452	18	32	14
2453	10	6	4
2454	5	4	7
2455	47	50	34
2456	6	3	1
2457	120	129	114
2458	49	44	29
2459	12	21	10
2460	140	134	59
2461	241	277	211
2462	34	25	20
2463	1	3	1
2464	0	0	0
2465	133	146	92
2466	3	4	7
2467	2	7	5
2468	25	15	31
2469	48	57	59
2470	6	9	11
2471	62	80	46
2472	3	3	3
2473	124	116	143
2474	8	10	23
2475	0	0	0
2476	103	79	84
2477	10	10	10
2478	21	15	15
2479	1	3	3
2480	106	98	77
2481	3	3	4
2482	95	76	73
2483	31	35	34
2484	1	3	0
2485	16	22	14
2486	147	139	164
2487	60	59	80
2488	14	25	24
2489	198	164	147
2490	79	70	64
2491	0	0	0
2492	28	35	34
2493	118	104	100
2494	2	8	2
2495	12	8	4
2496	19	21	14
2497	14	24	13
2498	105	104	92
2499	3	4	4
2500	27	27	29
2501	0	0	0
2502	36	37	21
2503	56	51	70
2504	13	6	8
2505	35	28	30
2506	49	63	53
2507	152	117	96
2508	94	105	108
2509	11	7	6
2510	0	1	0
2511	57	49	35
2512	103	88	80
2513	13	21	13
2514	0	2	5
2515	191	163	147
2516	155	147	89
2517	164	164	118
2518	72	75	72
2519	42	40	31
2520	77	75	44
2521	132	122	146
2522	2	1	0
2523	130	120	91
2524	7	2	7
2525	3	5	5
2526	0	0	0
2527	2	4	4
2528	6	9	5
2529	12	11	13
2530	0	0	0
2531	12	6	8
2532	261	236	221
2533	217	241	172
2534	1	1	0
2535	165	173	158
2536	28	22	20
2537	258	287	232
2538	0	0	0
2539	0	0	0
2540	7	8	2
2541	4	5	4
2542	7	16	6
2543	270	265	269
2544	19	22	15
2545	88	67	72
2546	8	13	6
2547	86	81	71
2548	360	313	234
2549	9	5	4
2550	48	48	50
2551	329	266	242
2552	0	0	0
2553	19	25	26
2554	32	23	19
2555	148	175	123
2556	15	16	22
2557	0	0	0
2558	79	71	57
2559	0	0	0
2560	147	122	98
2561	18	13	12
2562	1	1	1
2563	4	14	8
2564	19	17	15
2565	0	0	0
2566	1	3	2
2567	744	681	625
2568	0	0	0
2569	43	47	36
2570	49	53	56
2571	25	22	9
2572	118	126	99
2573	44	36	24
2574	5	4	2
2575	2	1	0
2576	2	3	4
2577	749	732	581
2578	66	44	53
2579	312	272	190
2580	24	22	11
2581	0	0	1
2582	2	1	5
2583	7	14	10
2584	4	7	4
2585	83	58	34
2586	1	0	0
2587	8	6	7
2588	277	220	213
2589	19	18	12
2590	25	26	22
2591	9	9	7
2592	2	6	5
2593	8	22	17
2594	1	0	0
2595	15	17	32
2596	17	12	15
2597	11	8	4
2598	118	132	96
2599	15	11	4
2600	1	4	4
2601	1	0	0
2602	146	121	94
2603	7	8	2
2604	196	183	184
2605	0	0	0
2606	0	0	0
2607	11	7	4
2608	12	15	4
2609	174	155	128
2610	26	15	13
2611	2	0	0
2612	1	1	4
2613	0	0	0
2614	0	2	1
2615	2	0	0
2616	4	2	3
2617	1	2	2
2618	53	38	20
2619	0	0	0
2620	25	26	29
2621	66	65	54
2622	144	152	139
2623	8	11	13
2624	5	1	1
2625	0	0	0
2626	0	0	0
2627	2	0	1
2628	0	0	0
2629	14	24	21
2630	47	34	40
2631	12	18	15
2632	0	3	1
2633	20	13	11
2634	8	13	3
2635	19	20	19
2636	55	49	28
2637	5	8	8
2638	0	0	1
2639	4	3	3
2640	0	0	0
2641	43	52	38
2642	7	5	2
2643	34	34	37
2644	22	17	20
2645	7	5	4
2646	2	7	2
2647	1	5	4
2648	0	0	0
2649	81	87	62
2650	160	133	114
2651	11	16	8
2652	26	23	24
2653	18	17	8
2654	48	39	35
2655	4	4	3
2656	8	6	11
2657	58	60	48
2658	33	43	26
2659	11	5	4
2660	3	1	1
2661	5	9	4
2662	17	13	12
2663	26	19	22
2664	136	140	127
2665	82	73	93
2666	7	7	7
2667	15	19	8
2668	3	4	4
2669	4	1	2
2670	11	10	4
2671	3	4	6
2672	1	2	1
2673	7	6	5
2674	23	31	32
2675	52	48	38
2676	0	0	0
2677	14	5	8
2678	8	4	8
2679	28	25	40
2680	0	1	0
2681	0	0	0
2682	26	27	27
2683	1	0	0
2684	2	0	2
2685	0	0	0
2686	0	0	0
2687	1	2	1
2688	150	136	90
2689	39	45	21
2690	25	25	27
2691	14	23	16
2692	1	0	1
2693	33	35	24
2694	9	4	7
2695	62	53	50
2696	7	6	3
2697	14	14	10
2698	10	7	8
2699	39	60	27
2700	0	0	1
2701	20	19	11
2702	40	48	26
2703	15	16	14
2704	18	12	11
2705	8	7	11
2706	20	31	13
2707	43	30	30
2708	3	2	2
2709	32	66	22
2710	12	13	20
2711	85	73	51
2712	41	46	36
2713	81	57	70
2714	1	4	6
2715	34	24	50
2716	1	0	0
2717	0	1	0
2718	3	2	1
2719	12	7	5
2720	16	9	10
2721	0	0	0
2722	78	64	66
2723	11	17	9
2724	191	201	180
2725	278	327	395
2726	4	2	1
2727	93	63	42
2728	8	9	5
2729	47	52	35
2730	172	166	199
2731	0	0	0
2732	0	3	1
2733	8	8	4
2734	0	0	0
2735	0	0	0
2736	1	0	0
2737	30	23	13
2738	33	57	32
2739	4	8	5
2740	32	25	22
2741	12	11	5
2742	107	85	76
2743	248	207	159
2744	0	0	0
2745	9	16	14
2746	3	1	4
2747	4	7	10
2748	0	1	0
2749	23	23	25
2750	39	75	44
2751	9	13	23
2752	12	11	11
2753	26	15	19
2754	21	16	17
2755	24	23	15
2756	305	299	223
2757	0	0	0
2758	0	0	0
2759	28	27	26
2760	78	79	72
2761	0	0	0
2762	53	61	47
2763	651	645	531
2764	55	32	28
2765	43	47	29
2766	9	8	5
2767	20	19	17
2768	39	23	34
2769	988	877	795
2770	0	0	1
2771	4	2	4
2772	170	132	72
2773	1	1	3
2774	8	9	8
2775	14	5	4
2776	33	20	22
2777	1	0	0
2778	1	2	1
2779	258	291	254
2780	399	482	413
2781	24	22	20
2782	45	31	13
2783	0	0	0
2784	11	1	2
2785	1	0	0
2786	10	14	12
2787	2	7	9
2788	161	124	89
2789	35	22	18
2790	15	6	5
2791	4	11	6
2792	13	7	12
2793	593	564	515
2794	139	159	160
2795	574	637	583
2796	0	0	0
2797	104	117	88
2798	0	0	0
2799	31	16	19
2800	26	19	32
2801	407	378	329
2802	76	64	46
2803	17	12	17
2804	33	46	16
2805	0	6	1
2806	52	57	54
2807	1314	1227	1214
2808	33	35	27
2809	393	396	268
2810	32	32	29
2811	80	61	47
2812	13	9	8
2813	16	13	18
2814	19	17	13
2815	0	0	0
2816	25	24	21
2817	12	14	13
2818	0	0	0
2819	6	5	9
2820	350	331	361
2821	64	56	36
2822	39	59	47
2823	0	0	0
2824	52	36	35
2825	98	103	66
2826	248	241	200
2827	21	18	14
2828	2	0	1
2829	11	7	15
2830	1588	1459	1455
2831	450	413	412
2832	221	168	166
2833	0	0	0
2834	171	147	153
2835	51	40	27
2836	28	27	23
2837	33	21	26
2838	35	24	21
2839	3	5	5
2840	668	592	591
2841	74	72	58
2842	0	0	0
2843	4	1	1
2844	302	326	198
2845	23	31	32
2846	1696	1537	1343
2847	9	20	16
2848	9	6	6
2849	0	3	1
2850	91	81	58
2851	30	22	7
2852	17	23	20
2853	73	56	50
2854	24	18	11
2855	17	23	24
2856	55	52	24
2857	13	18	9
2858	139	149	127
2859	9	12	12
2860	3	2	2
2861	7	14	7
2862	44	30	27
2863	4	10	7
2864	0	1	0
2865	9	11	3
2866	0	0	0
2867	42	42	23
2868	0	0	0
2869	0	0	0
2870	0	0	0
2871	718	791	585
2872	0	0	0
2873	48	45	22
2874	248	289	193
2875	90	121	107
2876	31	24	15
2877	351	328	223
2878	23	18	12
2879	0	0	0
2880	5	5	2
2881	8	16	11
2882	50	45	22
2883	3	7	3
2884	91	86	71
2885	19	25	15
2886	20	18	10
2887	0	0	0
2888	4	4	4
2889	20	23	16
2890	90	71	89
2891	40	58	37
2892	5	2	5
2893	5	8	7
2894	35	37	22
2895	25	26	14
2896	29	42	27
2897	12	5	14
2898	24	17	14
2899	60	73	42
2900	88	58	57
2901	0	2	0
2902	4	9	4
2903	61	29	32
2904	188	193	210
2905	109	96	55
2906	375	403	358
2907	0	0	0
2908	6	7	6
2909	30	24	28
2910	64	89	65
2911	35	24	18
2912	13	20	17
2913	111	122	103
2914	17	16	6
2915	39	41	38
2916	11	7	9
2917	26	41	22
2918	15	19	9
2919	8	3	2
2920	0	0	0
2921	1	3	5
2922	10	6	4
2923	107	120	74
2924	0	0	0
2925	33	24	29
2926	13	14	7
2927	92	94	95
2928	6	13	3
2929	13	22	7
2930	8	10	14
2931	34	38	20
2932	184	159	124
2933	150	163	124
2934	19	12	26
2935	114	129	108
2936	12	11	12
2937	1	4	3
2938	57	37	43
2939	69	62	37
2940	105	140	96
2941	29	39	31
2942	6	11	8
2943	4	12	8
2944	38	59	30
2945	33	34	24
2946	133	152	122
2947	9	10	14
2948	52	46	35
2949	7	1	2
2950	2	3	1
2951	257	246	287
2952	0	0	0
2953	17	6	6
2954	5	5	3
2955	6	9	3
2956	16	14	28
2957	16	12	26
2958	12	7	5
2959	1	0	0
2960	4	5	3
2961	11	18	7
2962	65	70	54
2963	59	48	45
2964	91	112	73
2965	9	5	9
2966	64	43	40
2967	0	0	0
2968	3	3	1
2969	4	7	9
2970	9	11	10
2971	18	30	34
2972	77	59	46
2973	130	132	109
2974	0	0	0
2975	73	61	38
2976	53	45	58
2977	43	54	44
2978	37	26	18
2979	0	0	0
2980	0	0	0
2981	3	7	5
2982	10	10	4
2983	76	80	54
2984	69	75	70
2985	2	5	4
2986	1	0	1
2987	470	425	391
2988	2	1	0
2989	44	69	46
2990	8	8	4
2991	53	39	45
2992	17	8	45
2993	0	0	0
2994	22	14	11
2995	32	25	22
2996	13	12	10
2997	6	5	3
2998	293	253	209
2999	4	6	4
3000	917	815	786
3001	5	4	8
3002	3	0	2
3003	11	18	23
3004	36	51	37
3005	0	0	0
3006	7	7	5
3007	37	35	25
3008	32	37	16
3009	152	163	129
3010	5	0	2
3011	13	18	20
3012	54	54	39
3013	109	89	121
3014	1	1	1
3015	49	35	32
3016	69	75	49
3017	12	14	12
3018	6	2	4
3019	19	14	13
3020	68	49	44
3021	0	0	0
3022	31	41	42
3023	73	100	73
3024	218	192	198
3025	6	6	14
3026	39	33	21
3027	98	68	69
3028	2353	2437	2071
3029	92	106	67
3030	0	0	0
3031	6	6	1
3032	8	8	2
3033	2	1	2
3034	13	13	14
3035	14	13	15
3036	13	7	11
3037	53	43	23
3038	125	126	128
3039	214	223	204
3040	21	13	18
3041	94	93	108
3042	10	11	17
3043	182	191	167
3044	3	2	3
3045	26	21	19
3046	25	19	10
3047	130	115	83
3048	23	14	28
3049	10	16	16
3050	484	463	321
3051	8	9	2
3052	8	2	7
3053	0	3	0
3054	85	71	60
3055	57	52	42
3056	12	8	14
3057	170	135	100
3058	13	13	13
3059	37	31	21
3060	48	30	30
3061	28	32	33
3062	90	103	67
3063	6	11	6
3064	15	17	10
3065	35	40	35
3066	17	22	9
3067	129	129	113
3068	112	129	97
3069	0	0	0
3070	18	24	26
3071	96	72	69
3072	7	6	4
3073	22	23	11
3074	33	33	34
3075	10	13	15
3076	7	8	4
3077	0	0	0
3078	8	7	9
3079	39	30	24
3080	4	6	3
3081	10	16	11
3082	14	11	8
3083	19	38	15
3084	33	53	27
3085	0	0	0
3086	6	8	4
3087	190	200	137
3088	112	108	119
3089	240	250	263
3090	11	17	24
3091	26	25	30
3092	442	397	336
3093	3	4	4
3094	2	3	5
3095	55	71	53
3096	0	1	0
3097	0	0	0
3098	25	20	18
3099	0	0	1
3100	0	0	0
3101	2	1	0
3102	37	42	40
3103	28	32	19
3104	282	261	300
3105	8	10	13
3106	14	7	3
3107	0	1	1
3108	8	8	9
3109	6	3	9
3110	120	117	132
3111	8	26	12
3112	24	25	12
3113	0	0	0
3114	14	13	5
3115	439	518	478
3116	20	45	32
3117	0	0	0
3118	68	59	69
3119	50	32	30
3120	9	7	4
3121	18	33	26
3122	31	22	21
3123	9	13	4
3124	4	4	1
3125	180	165	108
3126	15	10	11
3127	30	34	22
3128	111	114	109
3129	24	14	29
3130	36	42	29
3131	0	0	0
3132	0	0	0
3133	0	0	0
3134	57	51	30
3135	77	101	89
3136	0	0	0
3137	22	23	18
3138	23	29	18
3139	318	343	251
3140	6	6	4
3141	0	0	0
3142	191	192	161
3143	11	5	8
3144	54	55	29
3145	4	6	5
3146	57	67	44
3147	62	65	61
3148	3	0	1
3149	4	0	2
3150	30	23	24
3151	0	0	0
3152	14	21	9
3153	53	53	52
3154	20	7	8
3155	0	4	2
3156	35	28	26
3157	14	11	9
3158	39	25	28
3159	0	0	0
3160	3	3	0
3161	8	12	8
3162	13	17	11
3163	44	37	18
3164	35	45	39
3165	84	51	56
3166	9	9	10
3167	12	11	21
3168	48	46	22
3169	21	8	12
3170	1	0	1
3171	32	17	17
3172	0	1	1
3173	1	0	2
3174	19	19	20
3175	116	163	126
3176	36	31	20
3177	5	4	11
3178	6	7	6
3179	3	0	2
3180	31	24	19
3181	2858	3169	3016
3182	0	0	0
3183	1	1	1
3184	2	1	3
3185	7	2	6
3186	98	105	77
3187	47	50	45
3188	353	372	381
3189	0	0	0
3190	125	125	92
3191	1	2	0
3192	9	5	6
3193	4	12	13
3194	5	6	3
3195	7	9	13
3196	50	45	38
3197	6	1	2
3198	0	0	0
3199	151	151	92
3200	29	45	19
3201	1	1	0
3202	6	2	3
3203	8	4	6
3204	14	15	9
3205	38	17	22
3206	3460	3414	3218
3207	27	21	27
3208	280	242	188
3209	184	215	189
3210	67	50	29
3211	2	0	0
3212	0	0	0
3213	31	42	25
3214	27	19	18
3215	35	37	34
3216	3	1	3
3217	3	5	5
3218	418	402	281
3219	248	228	187
3220	69	65	83
3221	5	15	17
3222	391	304	291
3223	6	9	16
3224	2	5	7
3225	333	365	302
3226	32	37	21
3227	9	12	4
3228	199	151	192
3229	22	34	27
3230	0	0	0
3231	30	22	13
3232	32	24	24
3233	198	161	140
3234	35	31	23
3235	15	12	8
3236	6	5	5
3237	22	40	18
3238	152	153	116
3239	437	490	488
3240	44	62	26
3241	2	5	3
3242	1100	1170	824
3243	6	6	6
3244	15	16	14
3245	39	26	36
3246	55	52	28
3247	0	0	1
3248	33	18	22
3249	13	16	14
3250	12	5	18
3251	0	0	0
3252	0	0	0
3253	23	24	21
3254	30	22	16
3255	27	23	18
3256	34	29	38
3257	22	24	19
3258	8	7	15
3259	30	17	14
3260	4	1	5
3261	26	11	18
3262	30	16	17
3263	2	0	0
3264	123	114	130
3265	0	0	0
3266	202	191	144
3267	10	8	10
3268	15	17	22
3269	10	8	9
3270	4	3	1
3271	38	50	71
3272	374	388	351
3273	3	0	1
3274	0	1	0
3275	10	18	7
3276	2	4	1
3277	9	5	6
3278	19	23	22
3279	17	11	12
3280	3	1	6
3281	0	1	0
3282	139	134	154
3283	12	7	12
3284	5	4	3
3285	0	0	0
3286	0	0	0
3287	0	0	0
3288	0	0	0
3289	0	0	0
3290	0	0	0
3291	7	6	5
3292	32	22	22
3293	740	745	717
3294	12	9	19
3295	46	28	26
3296	44	32	29
3297	79	69	53
3298	12	8	11
3299	2	1	2
3300	7	11	11
3301	3	2	6
3302	181	172	194
3303	183	207	228
3304	32	50	31
3305	70	55	39
3306	8	6	12
3307	118	149	124
3308	30	28	26
3309	14	4	13
3310	4	7	5
3311	30	27	22
3312	2	6	4
3313	141	144	113
3314	49	38	20
3315	16	34	16
3316	95	90	52
3317	131	132	117
3318	16	21	8
3319	89	88	59
3320	0	0	0
3321	11	2	2
3322	0	0	2
3323	25	21	14
3324	105	110	120
3325	5	2	1
3326	29	16	31
3327	22	21	14
3328	45	41	25
3329	1	0	0
3330	11	26	12
3331	1	5	2
3332	20	23	9
3333	10	8	4
3334	21	16	10
3335	2	1	6
3336	30	34	20
3337	1	3	1
3338	39	22	31
3339	5	8	16
3340	177	155	148
3341	348	387	318
3342	36	35	35
3343	0	0	0
3344	848	803	580
3345	10	9	11
3346	44	33	43
3347	45	31	36
3348	325	300	316
3349	20	16	12
3350	54	54	33
3351	17	10	9
3352	18	19	24
3353	0	1	0
3354	532	617	507
3355	4	4	4
3356	67	76	52
3357	166	177	144
3358	141	152	125
3359	0	0	2
3360	0	3	0
3361	39	30	27
3362	74	78	46
3363	14	17	13
3364	16	8	14
3365	23	27	19
3366	278	225	184
3367	56	44	36
3368	0	0	0
3369	201	177	148
3370	128	125	98
3371	27	32	17
3372	9	2	11
3373	71	75	65
3374	3	3	1
3375	22	45	19
3376	98	83	81
3377	6	6	5
3378	3	1	3
3379	4890	5149	5010
3380	504	563	489
3381	148	132	103
3382	116	95	90
3383	63	46	43
3384	1	0	1
3385	0	0	0
3386	57	56	29
3387	6	7	2
3388	0	0	0
3389	11	12	1
3390	12	8	18
3391	3	0	1
3392	18	14	6
3393	91	106	98
3394	53	65	42
3395	42	49	33
3396	1	0	0
3397	434	375	429
3398	49	52	33
3399	0	0	0
3400	0	0	0
3401	0	0	0
3402	0	0	0
3403	0	0	0
3404	0	0	0
3405	2	1	0
3406	3	2	3
3407	3	1	0
3408	170	183	133
3409	70	71	48
3410	1	0	0
3411	35	37	23
3412	166	128	152
3413	8	8	10
3414	7	10	6
3415	1	0	0
3416	3	4	4
3417	0	2	3
3418	8	5	4
3419	0	0	0
3420	6	6	5
3421	17	22	14
3422	15	15	23
3423	12	16	13
3424	1	0	0
3425	62	62	50
3426	48	54	38
3427	20	12	15
3428	253	232	157
3429	9	14	5
3430	3	3	3
3431	220	168	154
3432	10	11	9
3433	31	32	28
3434	35	32	22
3435	13	24	18
3436	1	0	1
3437	137	134	83
3438	6	7	9
3439	8	15	10
3440	33	31	24
3441	30	33	34
3442	0	0	0
3443	49	54	24
3444	0	3	0
3445	45	32	18
3446	34	34	35
3447	0	0	0
3448	2	0	1
3449	0	0	0
3450	1	0	1
3451	0	1	0
3452	0	1	1
3453	21	24	20
3454	303	283	289
3455	22	12	18
3456	35	36	31
3457	13	16	14
3458	0	1	1
3459	77	89	106
3460	21	19	16
3461	53	41	39
3462	22	29	19
3463	0	0	0
3464	0	0	0
3465	14	10	21
3466	5	7	6
3467	2	1	1
3468	167	135	125
3469	2	2	3
3470	27	36	25
3471	1	1	0
3472	15	6	6
3473	21	24	19
3474	5	4	8
3475	7	8	3
3476	24	13	17
3477	65	87	76
3478	9	11	8
3479	34	30	27
3480	0	0	0
3481	66	57	51
3482	0	2	2
3483	98	122	117
3484	0	0	0
3485	22	26	13
3486	23	14	9
3487	35	29	37
3488	439	433	382
3489	9	9	3
3490	136	128	106
3491	0	0	1
3492	456	485	510
3493	27	22	59
3494	139	121	97
3495	452	391	370
3496	29	22	27
3497	7	3	9
3498	10	9	7
3499	8	7	7
3500	470	405	316
3501	5	13	13
3502	51	31	33
3503	1	0	2
3504	0	0	1
3505	2	3	3
3506	12	12	10
3507	62	55	56
3508	14	11	4
3509	183	185	198
3510	17	5	7
3511	21	16	16
3512	132	105	78
3513	23	17	16
3514	8	11	9
3515	1	0	1
3516	19	28	16
3517	1	0	0
3518	16	21	10
3519	47	44	56
3520	50	74	56
3521	52	47	39
3522	5	5	5
3523	4	6	7
3524	63	64	42
3525	103	114	79
3526	0	1	1
3527	217	208	187
3528	62	85	56
3529	30	44	21
3530	14	24	21
3531	3	6	3
3532	1	0	1
3533	5	4	4
3534	15	13	9
3535	3	5	0
3536	5	7	1
3537	17	21	16
3538	88	88	101
3539	153	156	123
3540	1	2	0
3541	26	30	26
3542	51	41	36
3543	1	2	1
3544	13	12	9
3545	42	40	31
3546	173	169	132
3547	71	56	66
3548	1	1	0
3549	37	35	25
3550	45	36	37
3551	168	197	118
3552	85	92	98
3553	17	17	8
3554	0	0	0
3555	11	12	6
3556	14	20	16
3557	99	111	65
3558	46	57	33
3559	0	2	1
3560	74	83	57
3561	1	6	7
3562	992	974	897
3563	74	66	58
3564	13	19	9
3565	8	3	6
3566	11	9	13
3567	123	68	69
3568	6	7	11
3569	22	19	12
3570	0	4	1
3571	61	76	44
3572	2	4	0
3573	123	105	116
3574	58	63	42
3575	37	23	24
3576	30	19	15
3577	41	50	24
3578	31	27	31
3579	133	121	112
3580	1	1	3
3581	59	84	66
3582	18	22	22
3583	1	0	1
3584	50	36	21
3585	0	0	1
3586	156	168	166
3587	45	42	21
3588	459	478	410
3589	2	5	2
3590	28	24	25
3591	19	9	4
3592	100	119	123
3593	51	53	43
3594	210	228	181
3595	64	74	62
3596	31	36	48
3597	14	10	4
3598	16	15	14
3599	157	164	126
3600	13	17	14
3601	85	101	61
3602	9	11	8
3603	2	2	5
3604	49	36	30
3605	0	0	1
3606	190	172	220
3607	1	3	2
3608	0	1	0
3609	2	0	0
3610	12	10	8
3611	22	26	23
3612	6	4	7
3613	5	4	1
3614	11	18	14
3615	12	7	3
3616	58	55	31
3617	0	0	0
3618	3	1	1
3619	37	47	36
3620	63	86	56
3621	6	10	6
3622	14	16	18
3623	6	5	10
3624	21	17	40
3625	51	65	51
3626	12	4	6
3627	11	7	8
3628	504	426	415
3629	9	8	11
3630	0	0	0
3631	17	17	6
3632	43	30	32
3633	63	65	58
3634	9	17	12
3635	702	769	664
3636	8	5	7
3637	0	0	1
3638	4	2	2
3639	14	19	23
3640	87	106	67
3641	0	1	1
3642	242	277	231
3643	0	0	0
3644	43	51	30
3645	13	13	6
3646	157	159	122
3647	0	0	1
3648	22	19	21
3649	0	4	0
3650	7	21	11
3651	0	0	0
3652	0	1	0
3653	33	34	26
3654	33	26	24
3655	0	0	0
3656	16	15	12
3657	0	0	0
3658	47	44	32
3659	62	51	58
3660	35	25	34
3661	298	306	211
3662	33	24	27
3663	6	5	1
3664	6	6	4
3665	11	11	3
3666	12	16	6
3667	29	27	19
3668	26	20	26
3669	260	280	230
3670	4	3	2
3671	4	5	4
3672	1939	1673	1349
3673	0	0	0
3674	0	0	0
3675	725	744	794
3676	95	98	96
3677	67	43	44
3678	242	227	236
3679	195	155	155
3680	0	0	0
3681	0	0	0
3682	0	0	0
3683	72	63	54
3684	11	38	19
3685	1	2	1
3686	104	102	109
3687	20	28	26
3688	5	1	2
3689	225	247	218
3690	14	8	14
3691	103	96	83
3692	73	66	57
3693	9	10	7
3694	1	2	0
3695	43	23	48
3696	87	67	85
3697	37	35	23
3698	37	54	44
3699	130	125	92
3700	4	2	3
3701	73	85	73
3702	0	2	1
3703	34	43	35
3704	10	6	31
3705	2	2	3
3706	0	0	0
3707	0	0	0
3708	0	0	0
3709	17	7	10
3710	6	8	13
3711	8	10	5
3712	2	7	3
3713	0	0	0
3714	0	0	0
3715	8	5	11
3716	0	1	0
3717	1	0	1
3718	0	0	0
3719	12	11	15
3720	3	1	2
3721	10	13	11
3722	185	191	220
3723	10	5	7
3724	234	239	184
3725	16	16	17
3726	144	146	136
3727	170	186	142
3728	61	57	57
3729	91	82	73
3730	10	15	15
3731	3	6	5
3732	2	4	4
3733	2	1	2
3734	382	305	406
3735	99	85	72
3736	5	4	4
3737	17	21	22
3738	18	14	9
3739	112	108	70
3740	28	15	17
3741	16	33	33
3742	7	9	6
3743	101	131	96
3744	30	30	26
3745	51	37	28
3746	32	24	17
3747	9	16	6
3748	40	61	42
3749	19	39	16
3750	18	19	12
3751	4	5	9
3752	236	307	216
3753	2	1	1
3754	23	40	22
3755	3	3	7
3756	74	84	73
3757	6	8	8
3758	21	25	15
3759	12	14	14
3760	509	581	470
3761	1748	1666	1310
3762	343	411	275
3763	27	35	33
3764	1	0	1
3765	24	14	13
3766	5	1	6
3767	78	118	87
3768	10	5	3
3769	9	7	5
3770	12	6	7
3771	305	330	255
3772	481	510	404
3773	9	14	17
3774	161	146	142
3775	16	14	10
3776	6	6	7
3777	15	21	23
3778	360	326	232
3779	0	0	0
3780	101	109	74
3781	40	49	35
3782	66	84	62
3783	14	11	16
3784	13	12	7
3785	15	16	6
3786	0	0	0
3787	201	252	242
3788	30	31	19
3789	64	75	60
3790	37	37	30
3791	0	0	0
3792	0	0	0
3793	8	9	13
3794	23	25	15
3795	82	79	71
3796	7	15	9
3797	137	176	167
3798	0	0	0
3799	104	93	62
3800	2	4	6
3801	72	42	42
3802	6	11	5
3803	16	16	20
3804	18	31	27
3805	16	9	13
3806	38	53	40
3807	10	6	8
3808	24	26	41
3809	0	0	0
3810	5	0	1
3811	8	14	7
3812	16	11	9
3813	33	28	17
3814	32	25	20
3815	19	16	17
3816	45	56	34
3817	26	13	13
3818	0	0	0
3819	60	48	64
3820	32	32	24
3821	9	7	3
3822	1	0	1
3823	4	1	3
3824	0	0	0
3825	27	59	27
3826	13	11	14
3827	16	13	17
3828	1	0	1
3829	7	9	7
3830	41	41	47
3831	88	90	77
3832	18	24	15
3833	25	36	36
3834	13	10	10
3835	0	0	0
3836	2	0	0
3837	1	0	0
3838	103	117	100
3839	87	94	69
3840	18	13	5
3841	269	210	223
3842	33	52	50
3843	31	35	22
3844	28	29	14
3845	3	5	3
3846	57	63	51
3847	6	6	7
3848	58	34	29
3849	3	11	4
3850	1	3	3
3851	90	100	109
3852	39	22	21
3853	22	17	5
3854	40	38	19
3855	40	40	37
3856	0	0	0
3857	11	7	5
3858	41	36	29
3859	5	10	8
3860	0	0	1
3861	4	3	1
3862	49	35	50
3863	180	190	114
3864	12	14	9
3865	0	1	0
3866	0	0	0
3867	6	8	3
3868	18	13	11
3869	20	15	12
3870	5	0	3
3871	44	50	42
3872	6	10	6
3873	2	1	0
3874	131	107	109
3875	3	0	1
3876	14	11	10
3877	19	22	13
3878	18	21	15
3879	8	24	18
3880	78	50	62
3881	71	94	50
3882	471	424	400
3883	0	0	0
3884	15	10	9
3885	1	2	1
3886	3110	3070	3084
3887	7	8	2
3888	104	101	83
3889	48	35	39
3890	1	3	1
3891	47	41	40
3892	868	776	697
3893	0	0	0
3894	16	11	15
3895	49	32	49
3896	119	140	98
3897	38	48	30
3898	50	42	29
3899	16	19	10
3900	6	4	6
3901	0	0	1
3902	27	25	14
3903	21	36	34
3904	20	32	33
3905	6	10	11
3906	66	53	39
3907	490	564	497
3908	12	14	10
3909	17	11	8
3910	25	29	16
3911	134	134	150
3912	2	2	2
3913	8	3	5
3914	2	2	0
3915	26	42	28
3916	8	6	2
3917	15	24	14
3918	10	19	20
3919	26	18	16
3920	50	51	35
3921	109	107	107
3922	139	142	108
3923	0	0	0
3924	34	48	49
3925	280	285	279
3926	27	39	19
3927	58	73	78
3928	10	7	9
3929	50	73	53
3930	9	5	5
3931	64	92	54
3932	200	159	148
3933	4	2	1
3934	59	82	72
3935	0	0	0
3936	6	14	8
3937	19	26	12
3938	1	1	0
3939	84	93	77
3940	191	182	125
3941	11	15	10
3942	0	0	0
3943	107	141	98
3944	0	1	0
3945	45	31	33
3946	1	4	0
3947	17	19	9
3948	23	25	21
3949	14	5	10
3950	22	14	9
3951	57	57	72
3952	1	0	0
3953	15	15	9
3954	17	13	24
3955	156	138	130
3956	3	2	2
3957	5	4	1
3958	31	24	15
3959	167	163	124
3960	18	14	13
3961	9	13	7
3962	1	1	0
3963	0	0	0
3964	17	19	14
3965	17	26	13
3966	0	0	0
3967	871	761	630
3968	51	70	41
3969	578	576	428
3970	74	56	75
3971	18	14	17
3972	100	108	102
3973	48	51	48
3974	1	2	2
3975	111	119	122
3976	10	13	9
3977	11	15	12
3978	257	280	197
3979	108	120	79
3980	112	87	90
3981	199	213	143
3982	330	275	264
3983	0	1	1
3984	7	13	10
3985	414	366	327
3986	52	83	61
3987	289	265	158
3988	3	0	3
3989	0	2	1
3990	32	24	23
3991	47	54	62
3992	12	12	5
3993	12	9	10
3994	13	7	4
3995	43	34	26
3996	94	103	75
3997	23	15	18
3998	47	44	29
3999	56	38	29
4000	0	0	2
4001	2	1	3
4002	25	19	17
4003	22	31	29
4004	423	392	320
4005	12	25	29
4006	99	94	93
4007	426	657	369
4008	28	38	20
4009	5	6	4
4010	18	17	15
4011	83	61	38
4012	56	49	25
4013	2	0	1
4014	97	123	103
4015	67	47	51
4016	133	157	113
4017	54	38	42
4018	99	88	109
4019	23	17	15
4020	1	3	3
4021	0	0	0
4022	1352	1285	1013
4023	26	38	21
4024	19	16	16
4025	152	137	166
4026	15	18	17
4027	72	75	67
4028	3	4	4
4029	343	317	251
4030	293	239	166
4031	66	73	54
4032	68	65	47
4033	58	42	36
4034	15	1	5
4035	146	146	126
4036	25	19	10
4037	0	0	2
4038	188	174	170
4039	106	78	83
4040	27	24	29
4041	240	194	116
4042	3	5	4
4043	42	32	20
4044	35	41	43
4045	99	81	90
4046	2	5	2
4047	13	8	15
4048	15	15	18
4049	90	99	62
4050	23	27	26
4051	1	0	1
4052	1	1	1
4053	2	3	3
4054	14	8	8
4055	3	6	8
4056	8	3	4
4057	65	52	39
4058	3	9	4
4059	0	0	0
4060	8	16	3
4061	110	90	119
4062	210	195	191
4063	14	11	10
4064	34	33	30
4065	10	9	5
4066	6	9	5
4067	138	119	107
4068	2	2	3
4069	1	2	1
4070	3	7	3
4071	4	5	10
4072	0	0	0
4073	4	1	3
4074	24	31	16
4075	1	2	2
4076	65	69	66
4077	1	0	2
4078	0	0	0
4079	6	9	3
4080	1	0	0
4081	33	28	16
4082	0	0	0
4083	3	6	3
4084	38	30	33
4085	22	31	20
4086	4	4	2
4087	22	24	21
4088	14	12	11
4089	4	6	3
4090	51	52	52
4091	4	3	13
4092	10	6	6
4093	11	7	8
4094	0	0	0
4095	73	89	87
4096	1	1	1
4097	27	39	22
4098	31	30	28
4099	10	8	5
4100	59	59	46
4101	3	6	3
4102	20	23	14
4103	55	45	28
4104	23	26	16
4105	36	32	33
4106	0	1	0
4107	0	0	1
4108	205	166	133
4109	38	29	26
4110	59	53	49
4111	3	15	9
4112	16	16	8
4113	13	12	25
4114	10	17	8
4115	283	268	246
4116	6	8	9
4117	174	137	148
4118	1	1	0
4119	3	4	3
4120	7	11	10
4121	37	31	40
4122	1	3	1
4123	0	0	0
4124	0	0	0
4125	0	0	0
4126	0	0	0
4127	0	0	0
4128	0	0	0
4129	0	0	1
4130	77	61	113
4131	27	27	24
4132	111	119	67
4133	45	48	37
4134	8	12	8
4135	23	27	18
4136	2	11	11
4137	25	34	22
4138	12	9	18
4139	10	7	2
4140	0	0	0
4141	0	0	0
4142	0	0	0
4143	0	1	0
4144	116	115	70
4145	15	16	7
4146	22	16	22
4147	0	0	0
4148	0	0	0
4149	26	15	19
4150	0	0	0
4151	36	37	22
4152	64	59	46
4153	11	9	4
4154	27	25	26
4155	8	2	2
4156	13	15	11
4157	3	3	1
4158	84	113	75
4159	5	5	7
4160	251	225	207
4161	390	351	259
4162	25	22	19
4163	0	4	1
4164	5	6	1
4165	254	229	241
4166	6	11	5
4167	10	8	9
4168	23	23	20
4169	35	53	28
4170	0	0	0
4171	92	82	90
4172	4	4	3
4173	11	6	17
4174	128	146	96
4175	36	28	27
4176	77	66	63
4177	34	35	33
4178	106	125	72
4179	2	4	1
4180	3	1	2
4181	159	157	152
4182	62	60	32
4183	26	42	27
4184	1	1	0
4185	1	1	1
4186	5	5	5
4187	21	23	28
4188	15	10	9
4189	110	127	77
4190	159	139	96
4191	94	88	62
4192	1	0	0
4193	1	1	3
4194	9	8	6
4195	16	17	10
4196	21	18	8
4197	0	0	0
4198	76	83	89
4199	24	28	28
4200	3	4	3
4201	80	30	35
4202	7	14	9
4203	4	4	7
4204	526	442	451
4205	3	4	1
4206	26	30	23
4207	37	37	40
4208	23	42	23
4209	20	10	14
4210	17	18	26
4211	238	262	257
4212	8	7	4
4213	4	8	5
4214	7	5	8
4215	17	25	15
4216	21	15	7
4217	0	0	0
4218	0	0	0
4219	4	7	6
4220	9	6	9
4221	0	0	2
4222	156	134	127
4223	0	0	0
4224	46	50	59
4225	2	1	1
4226	120	120	108
4227	4	3	5
4228	12	13	9
4229	13	21	11
4230	34	45	57
4231	26	20	7
4232	43	48	44
4233	59	43	47
4234	42	52	32
4235	17	18	9
4236	36	40	33
4237	119	149	112
4238	12	15	4
4239	96	86	85
4240	54	49	49
4241	0	0	0
4242	118	94	77
4243	22	7	10
4244	1	1	5
4245	133	116	83
4246	32	37	27
4247	110	99	89
4248	265	321	304
4249	2	0	0
4250	0	0	0
4251	19	30	34
4252	2	5	3
4253	2	2	2
4254	10	13	16
4255	19	22	35
4256	17	11	29
4257	0	1	2
4258	232	208	223
4259	1	1	0
4260	25	19	11
4261	1	2	3
4262	395	349	229
4263	1	0	0
4264	29	47	32
4265	28	38	20
4266	17	11	8
4267	0	0	0
4268	20	16	10
4269	26	36	33
4270	50	38	41
4271	5	13	17
4272	69	54	38
4273	8	10	8
4274	90	73	78
4275	29	27	21
4276	50	29	24
4277	54	51	27
4278	26	21	29
4279	110	88	51
4280	7	5	3
4281	2261	2142	1807
4282	7	7	0
4283	27	28	12
4284	26	23	13
4285	44	51	46
4286	37	28	19
4287	77	92	56
4288	36	43	53
4289	8	4	14
4290	67	69	81
4291	55	84	76
4292	39	51	28
4293	13	12	4
4294	29	24	24
4295	2	2	0
4296	3	1	3
4297	27	13	7
4298	194	240	186
4299	52	39	38
4300	31	21	18
4301	22	16	7
4302	43	33	48
4303	22	18	20
4304	1	0	1
4305	2	2	0
4306	99	87	84
4307	11	15	35
4308	44	35	58
4309	22	9	7
4310	25	22	18
4311	6	11	13
4312	7	3	4
4313	10	11	12
4314	0	0	1
4315	226	215	219
4316	154	118	106
4317	24	19	22
4318	23	31	22
4319	62	61	41
4320	44	37	25
4321	30	30	32
4322	0	0	1
4323	40	38	27
4324	6	9	3
4325	1	0	2
4326	6	7	10
4327	7	5	14
4328	130	134	116
4329	12	8	7
4330	31	22	25
4331	5	6	5
4332	163	193	171
4333	11	15	16
4334	2	3	2
4335	1	7	7
4336	737	829	595
4337	1	3	1
4338	9	5	5
4339	2	1	3
4340	1	0	3
4341	3	9	2
4342	2	3	3
4343	1	0	1
4344	3	3	5
4345	61	26	19
4346	16	8	12
4347	1	2	2
4348	0	0	1
4349	26	20	8
4350	8	9	5
4351	38	42	37
4352	12	16	12
4353	1	0	0
4354	0	1	0
4355	2	2	1
4356	105	95	68
4357	6	5	3
4358	28	39	33
4359	4	2	2
4360	10	15	10
4361	2	6	7
4362	1	5	2
4363	16	16	15
4364	65	59	65
4365	5	0	2
4366	19	29	13
4367	0	0	0
4368	471	478	414
4369	0	1	5
4370	6	4	6
4371	108	95	77
4372	4	4	1
4373	15	9	13
4374	2	1	2
4375	20	17	9
4376	0	0	0
4377	15	19	18
4378	57	52	48
4379	1	1	3
4380	0	0	0
4381	10	6	3
4382	40	47	38
4383	1	1	2
4384	9	3	4
4385	0	0	0
4386	0	1	4
4387	4	8	1
4388	0	0	0
4389	28	33	22
4390	240	155	206
4391	375	355	389
4392	115	92	51
4393	347	313	264
4394	136	115	128
4395	56	83	51
4396	1132	952	931
4397	34	27	21
4398	182	182	146
4399	28	33	37
4400	0	0	2
4401	7	5	10
4402	152	120	102
4403	54	51	33
4404	66	70	40
4405	0	0	0
4406	16	13	6
4407	2	2	1
4408	41	32	38
4409	20	10	8
4410	39	25	20
4411	2	6	1
4412	0	0	0
4413	64	71	75
4414	25	54	34
4415	21	16	10
4416	436	348	303
4417	14	34	33
4418	2	3	0
4419	6	6	6
4420	109	109	72
4421	11	14	9
4422	79	86	80
4423	33	27	19
4424	3	5	11
4425	2	0	0
4426	21	30	17
4427	12	18	8
4428	159	177	203
4429	20	31	15
4430	0	0	0
4431	1	2	1
4432	9	17	9
4433	15	18	19
4434	6	3	3
4435	109	99	97
4436	15	16	13
4437	94	81	75
4438	119	173	116
4439	60	61	51
4440	0	1	0
4441	6	11	14
4442	327	336	363
4443	0	0	1
4444	26	26	26
4445	18	8	2
4446	37	42	19
4447	14	11	9
4448	4	7	4
4449	3	3	9
4450	0	1	2
4451	1	0	1
4452	27	30	23
4453	122	105	95
4454	122	93	76
4455	6	3	5
4456	763	727	690
4457	12	8	9
4458	14	23	8
4459	150	159	104
4460	7	7	9
4461	19	27	19
4462	48	52	25
4463	24	19	46
4464	526	489	452
4465	54	91	69
4466	28	28	23
4467	78	66	54
4468	43	55	44
4469	39	21	16
4470	1	0	0
4471	791	706	562
4472	12	16	9
4473	0	0	0
4474	21	14	19
4475	53	101	35
4476	12	7	11
4477	18	20	18
4478	10	12	7
4479	0	0	0
4480	22	30	20
4481	10	15	8
4482	2	1	1
4483	0	0	0
4484	5	8	5
4485	2	4	1
4486	20	14	2
4487	3	5	7
4488	89	82	85
4489	151	114	152
4490	0	0	0
4491	58	57	39
4492	60	46	31
4493	9	7	9
4494	0	0	0
4495	24	25	19
4496	0	1	3
4497	18	18	19
4498	0	0	0
4499	16	17	14
4500	57	57	56
4501	4	6	8
4502	2	1	5
4503	7	3	3
4504	30	35	27
4505	25	29	21
4506	8	1	1
4507	0	0	4
4508	90	97	65
4509	9	9	9
4510	190	209	132
4511	6	2	4
4512	34	21	11
4513	13	11	9
4514	17	17	16
4515	0	0	0
4516	11	14	11
4517	23	21	12
4518	16	22	18
4519	188	177	182
4520	6	5	6
4521	1	0	0
4522	33	29	33
4523	13	14	9
4524	29	20	25
4525	12	19	10
4526	3	2	2
4527	64	63	44
4528	9	10	9
4529	0	0	0
4530	14	26	12
4531	2	1	1
4532	0	0	1
4533	1	0	1
4534	5	3	6
4535	0	0	0
4536	147	154	109
4537	2	2	1
4538	117	113	84
4539	9	8	7
4540	97	97	70
4541	14	16	12
4542	36	33	35
4543	1	1	1
4544	57	67	34
4545	40	30	28
4546	16	15	16
4547	28	19	30
4548	0	0	0
4549	1	0	0
4550	183	152	96
4551	12	14	5
4552	2	9	4
4553	0	0	0
4554	140	161	115
4555	10	12	11
4556	4	5	5
4557	3	0	1
4558	40	26	30
4559	6	4	6
4560	104	110	99
4561	8	5	6
4562	29	18	16
4563	290	245	194
4564	20	14	15
4565	562	500	371
4566	34	26	26
4567	12	13	11
4568	102	79	65
4569	49	40	38
4570	31	29	17
4571	149	135	102
4572	45	42	65
4573	0	0	0
4574	0	0	0
4575	0	0	0
4576	47	39	47
4577	1	1	2
4578	5	2	3
4579	310	383	254
4580	6	9	4
4581	0	0	0
4582	5	4	7
4583	0	3	2
4584	0	0	0
4585	3	6	5
4586	24	17	10
4587	13	15	10
4588	641	553	390
4589	18	17	14
4590	13	14	7
4591	7	13	9
4592	8	7	10
4593	5	5	1
4594	335	305	322
4595	14	14	20
4596	0	0	1
4597	79	82	92
4598	132	152	125
4599	5	6	6
4600	12	16	13
4601	77	76	75
4602	17	25	11
4603	66	60	29
4604	11	10	12
4605	7	18	10
4606	287	282	269
4607	0	1	0
4608	1	0	0
4609	1	2	1
4610	35	33	29
4611	171	174	134
4612	6	3	9
4613	26	22	27
4614	17	16	15
4615	55	52	56
4616	21	31	13
4617	27	52	38
4618	5	3	13
4619	10	11	11
4620	45	39	35
4621	2	4	4
4622	30	32	14
4623	0	0	0
4624	106	116	124
4625	10	10	11
4626	10	9	9
4627	217	204	171
4628	53	70	65
4629	94	89	64
4630	0	0	0
4631	382	393	249
4632	32	32	35
4633	53	57	62
4634	0	0	0
4635	51	47	29
4636	1	1	0
4637	32	34	55
4638	26	22	9
4639	14	16	10
4640	234	239	193
4641	22	22	19
4642	207	216	201
4643	134	133	85
4644	10	9	4
4645	1	1	4
4646	766	650	684
4647	1	7	8
4648	159	148	126
4649	8	4	11
4650	37	35	25
4651	22	25	29
4652	0	0	0
4653	0	0	1
4654	2	6	7
4655	2	1	0
4656	21	15	9
4657	18	15	14
4658	33	26	30
4659	17	15	20
4660	1	0	0
4661	128	121	85
4662	1	1	3
4663	388	329	383
4664	40	16	26
4665	20	30	16
4666	12	21	14
4667	172	197	158
4668	37	43	19
4669	33	25	34
4670	5	1	1
4671	5	0	1
4672	8	7	3
4673	0	0	1
4674	68	85	61
4675	64	44	74
4676	154	216	158
4677	25	27	27
4678	37	25	32
4679	185	134	99
4680	7	9	14
4681	268	261	227
4682	48	48	27
4683	3	5	2
4684	2	3	0
4685	6	6	4
4686	16	20	20
4687	6	3	5
4688	5	14	10
4689	14	13	27
4690	35	47	19
4691	5	5	3
4692	0	0	0
4693	23	21	20
4694	24	19	11
4695	5	6	4
4696	7	5	9
4697	2	4	4
4698	4	7	2
4699	43	45	30
4700	144	123	82
4701	7	6	5
4702	0	0	0
4703	1	0	0
4704	25	26	26
4705	1	10	4
4706	79	75	58
4707	71	44	53
4708	48	40	28
4709	91	92	97
4710	84	44	47
4711	3	5	11
4712	11	9	13
4713	92	101	56
4714	6	12	7
4715	50	36	48
4716	4	2	3
4717	501	403	336
4718	87	83	72
4719	31	30	17
4720	0	0	1
4721	61	42	35
4722	0	0	0
4723	29	37	45
4724	0	0	0
4725	24	23	27
4726	839	837	738
4727	10	9	2
4728	208	196	177
4729	15	17	30
4730	228	187	172
4731	1	3	4
4732	30	33	25
4733	16	29	27
4734	9	6	13
4735	209	258	207
4736	0	1	1
4737	24	12	8
4738	57	39	39
4739	4	3	5
4740	129	109	73
4741	16	19	19
4742	330	265	251
4743	403	420	438
4744	116	152	111
4745	142	122	123
4746	7	6	6
4747	1	1	0
4748	19	17	19
4749	200	162	112
4750	12	21	16
4751	44	48	41
4752	35	28	13
4753	5	4	0
4754	207	174	158
4755	61	78	53
4756	36	35	25
4757	31	31	16
4758	3	2	1
4759	20	14	9
4760	27	27	17
4761	22	25	18
4762	10	11	10
4763	37	36	31
4764	35	33	18
4765	27	21	24
4766	235	245	246
4767	70	52	34
4768	183	155	155
4769	212	183	176
4770	0	0	0
4771	3	4	1
4772	61	34	17
4773	226	240	211
4774	27	21	24
4775	1	1	0
4776	0	0	0
4777	277	245	183
4778	5	6	2
4779	0	1	0
4780	4	3	5
4781	9	14	4
4782	1	0	0
4783	46	47	27
4784	0	7	3
4785	82	65	69
4786	34	44	22
4787	7	11	12
4788	8	8	7
4789	127	144	102
4790	31	40	31
4791	5	7	4
4792	11	4	9
4793	5	2	1
4794	25	15	13
4795	92	77	76
4796	93	79	55
4797	9	9	15
4798	3	2	1
4799	19	19	9
4800	1	0	1
4801	1	2	0
4802	343	338	232
4803	338	381	262
4804	188	224	187
4805	52	46	33
4806	0	1	2
4807	252	206	207
4808	80	69	51
4809	149	142	120
4810	23	13	20
4811	13	15	9
4812	16	17	23
4813	16	13	2
4814	27	13	12
4815	1	0	0
4816	316	314	272
4817	0	0	0
4818	2	4	2
4819	316	252	227
4820	7	6	6
4821	22	10	15
4822	14	4	10
4823	39	33	19
4824	12	14	5
4825	111	112	125
4826	132	119	106
4827	39	43	40
4828	0	3	0
4829	14	14	7
4830	2	2	0
4831	6	6	4
4832	4	3	4
4833	32	29	51
4834	1	0	2
4835	46	50	47
4836	8	1	3
4837	12	7	6
4838	91	71	55
4839	693	576	635
4840	61	45	62
4841	78	127	97
4842	20	28	26
4843	22	20	16
4844	72	66	63
4845	171	171	169
4846	11	15	12
4847	3	4	2
4848	13	10	13
4849	71	87	63
4850	0	1	2
4851	33	25	28
4852	9	14	15
4853	20	21	13
4854	14	11	12
4855	15	12	10
4856	34	20	31
4857	0	1	1
4858	0	0	0
4859	0	0	0
4860	20	18	15
4861	1705	1761	1797
4862	20	20	18
4863	15	12	12
4864	45	36	35
4865	0	0	0
4866	3	3	6
4867	2	2	3
4868	61	68	73
4869	147	142	80
4870	4	2	2
4871	0	0	0
4872	0	0	0
4873	2	9	3
4874	17	22	14
4875	24	18	22
4876	4	2	2
4877	74	96	46
4878	0	0	0
4879	4	2	0
4880	0	0	0
4881	0	0	0
4882	0	0	0
4883	0	0	0
4884	0	0	0
4885	2	0	1
4886	7	11	7
4887	8	9	6
4888	114	90	77
4889	483	560	498
4890	161	133	111
4891	156	179	121
4892	0	0	0
4893	1	6	2
4894	81	73	79
4895	12	9	7
4896	0	1	0
4897	0	0	0
4898	13	7	5
4899	74	67	87
4900	11	8	4
4901	25	19	19
4902	40	39	36
4903	2	0	3
4904	363	471	237
4905	0	0	0
4906	8	4	2
4907	48	52	39
4908	7	6	5
4909	67	62	57
4910	14	10	8
4911	2	6	6
4912	0	0	0
4913	4	1	1
4914	204	204	220
4915	3	0	1
4916	7	4	2
4917	13	14	13
4918	20	18	19
4919	40	45	24
4920	75	59	63
4921	62	40	47
4922	133	100	92
4923	127	122	90
4924	4	7	4
4925	0	0	0
4926	72	76	60
4927	15	6	4
4928	86	127	75
4929	129	130	103
4930	0	0	0
4931	106	99	118
4932	430	402	383
4933	1	1	0
4934	54	56	46
4935	49	47	23
4936	81	78	47
4937	10	4	7
4938	25	20	29
4939	89	54	41
4940	47	33	35
4941	4	5	7
4942	678	658	577
4943	2	3	4
4944	4	1	1
4945	0	0	2
4946	1	4	3
4947	16	20	9
4948	68	62	42
4949	39	51	37
4950	0	0	3
4951	0	0	0
4952	71	73	72
4953	3	1	2
4954	2	1	0
4955	0	0	0
4956	19	25	21
4957	7	10	10
4958	6	6	7
4959	6	3	6
4960	15	12	9
4961	35	37	32
4962	8	7	7
4963	26	28	37
4964	1504	1487	1383
4965	13	7	9
4966	1848	1767	1352
4967	1	2	0
4968	2	6	2
4969	0	1	0
4970	0	0	0
4971	34	27	37
4972	57	78	54
4973	2	0	0
4974	2	0	0
4975	26	15	21
4976	27	28	24
4977	16	12	16
4978	27	31	31
4979	67	74	82
4980	47	38	26
4981	13	13	10
4982	5	9	6
4983	2	2	5
4984	0	0	0
4985	0	1	0
4986	53	59	34
4987	13	17	11
4988	6	9	6
4989	3	4	3
4990	20	24	23
4991	78	93	84
4992	0	0	0
4993	0	0	0
4994	2	1	3
4995	3	4	2
4996	6	9	7
4997	67	78	52
4998	64	73	68
4999	262	272	201
5000	20	15	11
5001	23	20	19
5002	0	5	3
5003	325	301	276
5004	124	138	112
5005	1	1	1
5006	0	0	1
5007	104	128	161
5008	3	6	7
5009	25	27	25
5010	130	133	75
5011	2	0	0
5012	21	14	13
5013	0	0	4
5014	29	41	40
5015	109	101	88
5016	195	178	185
5017	0	2	2
5018	11	5	11
5019	39	45	31
5020	1362	1500	1087
5021	3	4	10
5022	18	14	16
5023	67	53	56
5024	580	504	490
5025	3	7	7
5026	82	63	74
5027	10	4	5
5028	81	77	87
5029	55	52	34
5030	2	2	1
5031	4	2	1
5032	20	16	8
5033	12	11	4
5034	92	90	86
5035	385	398	316
5036	33	21	26
5037	77	73	100
5038	23	19	24
5039	4	2	2
5040	0	0	0
5041	0	0	0
5042	5	8	6
5043	25	26	15
5044	6	4	2
5045	2	3	1
5046	181	221	138
5047	23	18	17
5048	36	44	27
5049	0	0	0
5050	4	1	2
5051	2	0	3
5052	97	89	102
5053	51	56	38
5054	27	30	24
5055	607	538	412
5056	40	45	23
5057	1	0	0
5058	94	87	112
5059	12	8	9
5060	13	10	7
5061	8	9	9
5062	615	734	692
5063	18	11	8
5064	0	0	0
5065	5	6	2
5066	2	0	0
5067	23	25	36
5068	1	1	2
5069	130	140	184
5070	1	0	6
5071	26	20	22
5072	242	249	178
5073	164	152	110
5074	59	56	56
5075	2	4	5
5076	205	183	163
5077	66	55	33
5078	61	49	30
5079	2	9	2
5080	28	30	35
5081	6	7	8
5082	1	3	3
5083	1	4	2
5084	6	6	4
5085	39	30	21
5086	15	22	13
5087	1	3	10
5088	1	3	2
5089	90	99	78
5090	29	33	18
5091	28	22	21
5092	158	131	110
5093	4	2	5
5094	48	36	19
5095	69	63	49
5096	0	0	0
5097	23	26	24
5098	412	447	386
5099	62	56	58
5100	2	3	3
5101	45	33	45
5102	161	145	121
5103	23	10	17
5104	0	1	0
5105	80	80	65
5106	1116	1004	799
5107	13	6	8
5108	5	7	3
5109	11	8	5
5110	198	192	191
5111	111	98	64
5112	14	17	21
5113	14	7	38
5114	16	12	10
5115	21	12	16
5116	283	261	273
5117	0	0	0
5118	12	11	5
5119	8	22	12
5120	90	55	54
5121	446	368	386
5122	20	22	12
5123	9	10	6
5124	0	0	0
5125	4	1	1
5126	11	2	8
5127	911	913	726
5128	0	0	0
5129	2	0	2
5130	7	6	7
5131	171	172	121
5132	20	20	18
5133	7	3	2
5134	12	6	1
5135	0	0	0
5136	29	31	16
5137	10	6	3
5138	2	1	5
5139	44	49	37
5140	145	114	146
5141	5	6	0
5142	27	20	10
5143	5	8	5
5144	0	0	0
5145	10	19	22
5146	163	175	165
5147	3	2	1
5148	3	0	2
5149	3	13	5
5150	112	84	75
5151	59	58	70
5152	6	7	4
5153	0	0	0
5154	0	0	0
5155	217	163	125
5156	7	5	4
5157	96	75	85
5158	0	0	0
5159	49	33	27
5160	34	40	22
5161	73	46	52
5162	91	79	85
5163	39	24	14
5164	7	8	10
5165	78	112	89
5166	12	14	8
5167	13	10	6
5168	90	93	82
5169	4	11	5
5170	56	54	43
5171	111	115	88
5172	15	25	15
5173	143	184	127
5174	8	4	9
5175	2	0	2
5176	0	0	1
5177	55	69	65
5178	0	0	0
5179	55	43	25
5180	69	62	36
5181	0	0	0
5182	125	98	84
5183	91	104	97
5184	96	77	92
5185	384	327	331
5186	91	79	79
5187	96	110	62
5188	66	72	45
5189	3	5	2
5190	0	0	0
5191	18	9	21
5192	8	5	4
5193	40	37	46
5194	8	8	4
5195	15	21	24
5196	8	5	12
5197	64	56	56
5198	97	85	68
5199	3	5	4
5200	2	1	4
5201	469	423	391
5202	8	13	14
5203	210	257	175
5204	249	242	175
5205	0	0	0
5206	471	414	367
5207	0	0	0
5208	133	121	66
5209	4	2	1
5210	40	39	25
5211	38	24	6
5212	46	48	40
5213	64	33	64
5214	14	19	15
5215	91	105	113
5216	84	96	110
5217	0	1	0
5218	0	0	0
5219	16	12	10
5220	22	24	15
5221	7	8	5
5222	57	52	42
5223	171	166	188
5224	41	32	22
5225	111	91	72
5226	37	30	20
5227	11	15	14
5228	82	67	69
5229	75	71	64
5230	89	88	63
5231	88	88	82
5232	1	5	3
5233	3	7	5
5234	29	38	30
5235	0	0	1
5236	183	201	163
5237	0	0	0
5238	0	0	0
5239	1	0	0
5240	1	0	0
5241	0	0	0
5242	24	27	18
5243	23	18	12
5244	33	24	17
5245	1	3	2
5246	7	3	4
5247	12	21	15
5248	0	1	0
5249	81	50	44
5250	39	50	41
5251	249	291	206
5252	5	4	0
5253	0	2	2
5254	163	147	104
5255	14	10	15
5256	56	69	50
5257	0	4	1
5258	11	12	24
5259	69	79	57
5260	42	51	27
5261	85	78	62
5262	7	11	5
5263	0	0	1
5264	24	36	10
5265	3	4	5
5266	340	332	307
5267	0	0	0
5268	0	0	0
5269	17	6	5
5270	0	1	2
5271	11	16	5
5272	0	0	0
5273	0	0	0
5274	11	14	5
5275	0	0	0
5276	0	0	0
5277	3	4	1
5278	3	4	3
5279	29	13	24
5280	6	3	5
5281	40	34	30
5282	0	0	0
5283	60	57	56
5284	317	316	189
5285	14	10	17
5286	2	1	1
5287	17	29	15
5288	0	0	0
5289	37	51	39
5290	150	156	121
5291	51	50	69
5292	381	332	358
5293	38	31	40
5294	19	19	14
5295	115	96	69
5296	0	0	0
5297	14	15	7
5298	53	50	31
5299	2	0	2
5300	110	119	86
5301	27	22	12
5302	7	16	7
5303	61	56	51
5304	114	99	81
5305	123	128	86
5306	233	198	178
5307	21	34	24
5308	15	30	10
5309	120	118	77
5310	89	93	80
5311	19	20	14
5312	0	0	0
5313	67	50	33
5314	7	9	7
5315	1	0	0
5316	25	12	14
5317	1	3	3
5318	23	33	16
5319	31	19	27
5320	74	73	57
5321	529	465	472
5322	20	22	20
5323	12	13	23
5324	34	33	32
5325	24	17	18
5326	53	46	35
5327	1526	1547	1426
5328	0	0	2
5329	16	24	16
5330	3	6	3
5331	77	89	47
5332	1364	1314	1256
5333	50	36	24
5334	8	14	15
5335	17	26	33
5336	34	35	33
5337	935	863	892
5338	1	3	5
5339	27	19	15
5340	322	274	264
5341	28	26	25
5342	3	3	2
5343	8	7	5
5344	206	188	168
5345	20	31	18
5346	9	2	2
5347	0	0	1
5348	5	4	2
5349	200	185	124
5350	99	88	60
5351	131	155	155
5352	10	13	9
5353	33	22	17
5354	32	50	41
5355	10	5	1
5356	127	116	65
5357	49	65	59
5358	10	10	5
5359	1	0	0
5360	0	0	1
5361	7	6	8
5362	0	0	0
5363	0	0	0
5364	36	44	40
5365	11	9	5
5366	22	15	19
5367	29	27	18
5368	8	13	11
5369	151	169	145
5370	20	7	9
5371	7	8	7
5372	10	7	6
5373	20	37	12
5374	12	4	1
5375	130	132	103
5376	5	9	4
5377	3	3	2
5378	1	2	1
5379	191	159	114
5380	16	8	3
5381	0	0	0
5382	8	8	8
5383	71	41	52
5384	0	0	0
5385	20	16	15
5386	67	73	52
5387	4	2	0
5388	14	13	12
5389	6	5	9
5390	9	5	8
5391	35	28	32
5392	1	3	2
5393	51	43	46
5394	40	45	64
5395	5	5	5
5396	0	0	0
5397	14	20	8
5398	264	243	199
5399	12	7	6
5400	0	0	0
5401	321	364	342
5402	7	4	6
5403	91	108	99
5404	3	0	0
5405	72	71	61
5406	3	5	1
5407	10	12	9
5408	7	7	9
5409	52	41	35
5410	128	138	105
5411	0	0	0
5412	6	3	1
5413	12	13	5
5414	50	38	58
5415	8	16	8
5416	342	344	314
5417	2	2	2
5418	10	10	11
5419	41	16	16
5420	4	9	3
5421	1	0	0
5422	6	7	6
5423	59	44	29
5424	47	51	44
5425	11	11	7
5426	27	21	21
5427	27	27	29
5428	4	6	4
5429	20	15	7
5430	11	9	11
5431	6	6	5
5432	294	285	306
5433	110	113	104
5434	66	85	71
5435	4	13	9
5436	12	11	12
5437	13	14	7
5438	120	128	82
5439	3	4	5
5440	12	7	13
5441	379	394	315
5442	82	80	79
5443	1235	1348	1177
5444	442	434	348
5445	38	34	27
5446	293	315	254
5447	102	85	92
5448	5	3	3
5449	94	98	72
5450	221	203	218
5451	260	266	171
5452	21	20	24
5453	268	280	219
5454	1	0	0
5455	0	0	0
5456	24	23	25
5457	309	282	295
5458	0	0	0
5459	4	15	8
5460	1	2	1
5461	9	7	3
5462	3	3	3
5463	330	296	325
5464	10	3	12
5465	31	22	30
5466	1015	902	782
5467	5	2	4
5468	81	70	76
5469	0	4	3
5470	258	263	230
5471	23	33	19
5472	2	0	2
5473	6	3	5
5474	11	2	3
5475	0	0	0
5476	176	184	125
5477	7	18	11
5478	1	1	1
5479	1	0	0
5480	3	2	3
5481	3	8	6
5482	289	279	229
5483	5	4	1
5484	14	17	7
5485	1	2	0
5486	71	74	65
5487	53	51	20
5488	103	107	92
5489	45	60	54
5490	18	19	16
5491	15	22	20
5492	0	0	0
5493	0	0	0
5494	0	1	0
5495	0	0	0
5496	8	9	10
5497	31	26	30
5498	1	0	0
5499	21	27	19
5500	293	276	208
5501	0	2	0
5502	119	114	116
5503	333	366	246
5504	4	5	2
5505	14	19	18
5506	292	270	238
5507	28	21	29
5508	5	6	1
5509	428	382	363
5510	13	11	1
5511	10	9	11
5512	263	265	166
5513	3	3	1
5514	11	19	13
5515	9	15	11
5516	17	18	16
5517	2	1	1
5518	0	0	0
5519	26	30	16
5520	20	14	12
5521	74	67	61
5522	3	2	4
5523	7	6	2
5524	3	1	2
5525	0	0	0
5526	0	0	0
5527	0	0	0
5528	57	51	40
5529	4	1	2
5530	546	540	560
5531	247	285	192
5532	7	12	10
5533	1	0	0
5534	220	223	118
5535	88	87	66
5536	23	32	19
5537	7	6	4
5538	3	2	2
5539	6	12	12
5540	0	0	0
5541	261	256	169
5542	0	0	0
5543	3	13	8
5544	8	11	10
5545	87	88	59
5546	57	90	78
5547	85	65	76
5548	23	22	16
5549	3	2	0
5550	75	75	53
5551	14	11	19
5552	15	7	12
5553	0	0	1
5554	106	110	77
5555	7	5	3
5556	6	8	9
5557	0	1	0
5558	37	26	20
5559	8	2	2
5560	7	5	4
5561	14	21	15
5562	5	3	4
5563	8	14	9
5564	20	13	11
5565	1940	1893	1621
5566	34	30	12
5567	12	8	6
5568	80	87	83
5569	28	20	14
5570	4	0	1
5571	0	0	0
5572	5	7	3
5573	34	28	19
5574	39	38	26
5575	1	1	0
5576	65	54	52
5577	788	737	618
5578	188	203	149
5579	16	18	10
5580	10	8	3
5581	10	13	9
5582	0	1	0
5583	30	25	31
5584	129	99	66
5585	26	23	9
5586	3	1	0
5587	6	10	9
5588	2	3	3
5589	158	139	136
5590	22	21	18
5591	3	10	6
5592	10	7	7
5593	8	9	13
5594	6	16	5
5595	13	12	4
5596	201	181	138
5597	10	9	7
5598	24	14	13
5599	45	33	21
5600	0	0	0
5601	26	40	21
5602	6	8	5
5603	40	36	39
5604	59	54	36
5605	171	129	106
5606	89	55	46
5607	46	43	24
5608	20	26	13
5609	0	0	1
5610	143	122	106
5611	26	26	14
5612	15	19	12
5613	12	8	16
5614	225	219	132
5615	19	8	6
5616	0	0	1
5617	105	95	86
5618	35	35	32
5619	489	395	275
5620	19	31	31
5621	9	14	14
5622	16	12	11
5623	15	8	14
5624	5	8	4
5625	3	4	6
5626	2	1	1
5627	4	3	8
5628	0	0	0
5629	24	23	17
5630	17	32	22
5631	0	0	0
5632	12	8	11
5633	38	35	30
5634	73	73	77
5635	4	4	6
5636	41	60	37
5637	14	13	5
5638	34	38	18
5639	15	17	7
5640	0	0	0
5641	38	31	19
5642	68	66	66
5643	136	131	112
5644	1	5	3
5645	2	4	2
5646	12	12	5
5647	7	15	12
5648	15	7	13
5649	0	6	1
5650	8	4	5
5651	2	4	0
5652	0	0	0
5653	89	77	61
5654	1	1	0
5655	9	6	5
5656	14	8	13
5657	0	3	2
5658	6	4	4
5659	0	0	0
5660	283	270	209
5661	9	5	13
5662	30	23	22
5663	31	38	26
5664	238	190	149
5665	4	3	5
5666	17	17	10
5667	63	60	89
5668	94	118	101
5669	8	3	5
5670	46	51	32
5671	1	4	3
5672	159	135	114
5673	121	115	92
5674	3	4	1
5675	8	8	4
5676	30	17	20
5677	0	0	0
5678	48	44	44
5679	1	1	0
5680	5	8	4
5681	236	224	173
5682	19	13	11
5683	11	10	10
5684	15	17	8
5685	4	4	6
5686	54	39	38
5687	36	53	32
5688	4	6	1
5689	0	0	0
5690	274	270	219
5691	66	71	80
5692	3	4	9
5693	52	34	34
5694	28	29	27
5695	1156	1137	1116
5696	23	13	11
5697	19	25	13
5698	49	24	18
5699	94	87	80
5700	21	17	18
5701	0	1	0
5702	8	9	10
5703	0	0	0
5704	0	0	0
5705	41	40	18
5706	0	0	3
5707	1	0	1
5708	209	188	180
5709	51	49	54
5710	28	38	17
5711	84	86	43
5712	23	19	19
5713	488	464	493
5714	30	32	31
5715	3	3	1
5716	0	0	0
5717	1	2	2
5718	103	101	86
5719	250	269	174
5720	0	0	0
5721	14	13	9
5722	300	297	283
5723	11	11	8
5724	26	17	28
5725	19	7	15
5726	63	59	57
5727	10	15	10
5728	5	5	10
5729	48	59	52
5730	102	105	103
5731	341	340	357
5732	329	251	210
5733	76	57	47
5734	59	54	41
5735	5	2	5
5736	1	1	2
5737	28	25	15
5738	0	0	0
5739	9	13	6
5740	48	32	32
5741	44	52	36
5742	0	0	0
5743	18	31	16
5744	9	4	9
5745	16	15	9
5746	44	41	26
5747	127	105	109
5748	17	16	17
5749	606	532	461
5750	20	16	21
5751	253	276	191
5752	13	16	16
5753	7	10	7
5754	0	0	1
5755	8	12	3
5756	1	1	1
5757	67	97	75
5758	33	66	22
5759	8	5	6
5760	0	0	0
5761	119	127	131
5762	10	7	5
5763	10	9	6
5764	37	46	21
5765	16	21	17
5766	1	2	0
5767	1	6	2
5768	0	0	1
5769	4	1	0
5770	1	0	0
5771	97	95	74
5772	123	106	112
5773	5	3	7
5774	65	71	61
5775	79	68	67
5776	41	41	25
5777	0	0	0
5778	33	32	32
5779	116	99	76
5780	31	24	28
5781	4	4	5
5782	4	11	14
5783	118	99	68
5784	8	7	3
5785	12	8	10
5786	23	26	16
5787	6	6	10
5788	1	0	0
5789	1489	1612	1599
5790	548	578	477
5791	1	4	3
5792	672	597	392
5793	23	15	24
5794	397	334	391
5795	31	43	32
5796	26	30	28
5797	37	39	25
5798	0	4	2
5799	27	29	23
5800	190	234	196
5801	140	138	137
5802	7	5	7
5803	0	0	0
5804	2	5	10
5805	31	28	20
5806	34	48	31
5807	0	0	0
5808	5	8	6
5809	4	2	2
5810	72	111	81
5811	124	128	93
5812	174	200	208
5813	31	39	51
5814	0	0	0
5815	23	19	18
5816	169	133	124
5817	96	104	66
5818	31	29	32
5819	38	57	26
5820	47	41	30
5821	213	180	202
5822	2	1	1
5823	38	37	32
5824	803	762	586
5825	56	62	48
5826	0	0	0
5827	7	15	6
5828	21	20	23
5829	4	6	9
5830	21	48	31
5831	199	189	163
5832	2	9	6
5833	33	22	20
5834	11	24	17
5835	114	121	101
5836	51	33	28
5837	21	13	12
5838	63	71	54
5839	34	48	29
5840	312	301	217
5841	0	0	0
5842	81	65	46
5843	3	6	7
5844	0	3	2
5845	63	58	60
5846	1	2	1
5847	0	0	0
5848	7	9	13
5849	0	0	0
5850	4	4	6
5851	21	18	11
5852	18	14	16
5853	0	0	1
5854	254	224	198
5855	16	12	11
5856	43	55	40
5857	0	3	2
5858	134	118	100
5859	79	83	64
5860	45	27	29
5861	27	27	14
5862	11	11	11
5863	1	2	3
5864	31	29	19
5865	47	68	37
5866	1	0	0
5867	0	0	0
5868	0	0	0
5869	106	117	66
5870	8	3	4
5871	0	2	0
5872	12	4	8
5873	70	43	48
5874	98	89	77
5875	2	1	1
5876	50	51	38
5877	1	3	0
5878	4	1	1
5879	1	2	0
5880	3	2	2
5881	1	2	1
5882	0	0	0
5883	66	49	47
5884	27	18	34
5885	25	11	9
5886	2	3	2
5887	4	5	9
5888	16	22	26
5889	147	178	115
5890	41	46	44
5891	10	6	13
5892	0	0	0
5893	0	3	1
5894	344	328	276
5895	27	21	20
5896	0	0	0
5897	17	21	9
5898	1	1	1
5899	21	20	14
5900	1	1	1
5901	1	0	2
5902	63	83	69
5903	46	48	31
5904	14	12	15
5905	35	40	31
5906	131	125	73
5907	27	26	23
5908	226	177	175
5909	0	2	1
5910	5	7	4
5911	0	2	0
5912	7	10	4
5913	18	18	21
5914	34	44	27
5915	61	65	40
5916	118	125	120
5917	286	246	185
5918	283	281	228
5919	6	8	10
5920	0	0	0
5921	23	21	25
5922	0	1	0
5923	42	31	30
5924	5	1	0
5925	620	617	366
5926	61	63	58
5927	9	9	8
5928	19	14	9
5929	79	79	52
5930	0	0	0
5931	45	56	42
5932	858	785	825
5933	46	54	43
5934	6	2	5
5935	1	4	1
5936	0	0	0
5937	55	62	41
5938	55	61	44
5939	6	15	6
5940	31	31	23
5941	25	19	26
5942	13	10	3
5943	3	7	2
5944	0	0	0
5945	2291	2268	2006
5946	30	28	39
5947	22	23	9
5948	502	506	408
5949	103	80	61
5950	3	1	3
5951	18	21	30
5952	3	1	1
5953	13	6	12
5954	4	3	3
5955	50	52	35
5956	29	21	28
5957	0	0	0
5958	46	53	40
5959	5	2	2
5960	21	23	18
5961	131	130	123
5962	315	268	231
5963	8	15	3
5964	0	1	0
5965	0	3	0
5966	1	0	0
5967	0	0	0
5968	51	40	31
5969	263	247	201
5970	51	59	58
5971	7	8	3
5972	37	19	29
5973	12	6	2
5974	161	165	117
5975	71	38	43
5976	0	1	0
5977	0	0	0
5978	3	0	0
5979	85	91	77
5980	73	55	67
5981	40	35	38
5982	162	146	125
5983	0	0	0
5984	3	7	5
5985	58	68	63
5986	15	19	12
5987	14	12	8
5988	2	6	3
5989	25	17	24
5990	13	15	10
5991	176	157	184
5992	14	26	11
5993	40	23	55
5994	3	5	1
5995	15	14	17
5996	3	1	2
5997	5	6	2
5998	101	94	78
5999	95	75	77
6000	13	11	9
6001	11	11	10
6002	13	24	12
6003	16	18	19
6004	9	12	13
6005	31	38	47
6006	0	1	0
6007	0	1	0
6008	122	128	101
6009	21	39	30
6010	29	33	28
6011	374	369	294
6012	14	8	8
6013	76	51	67
6014	16	7	7
6015	10	9	19
6016	60	61	69
6017	12	16	10
6018	29	32	19
6019	4	6	6
6020	0	1	0
6021	11	15	6
6022	7	7	4
6023	49	49	33
6024	13	10	2
6025	9	27	13
6026	24	29	15
6027	1	8	4
6028	39	25	38
6029	180	223	217
