	-24	-23	-22	-21	-20	-19	-18	-17	-16	-15	-14	-13	-12	-11	-10	-9	-8	-7	-6	-5	-4	-3	-2	-1	0	1	2	3	4	5	6	7	8
ILE-VAL-TRP (IVW)	13	9	13	6	7	3	7	5	7	7	5	5	7	24	5	3	1	5	5	2	4	6	7	1	10	4	2	9	7	5	14	6	4
CYS-ASN-ARG (CNR)	12	8	4	8	6	6	8	8	13	20	11	9	26	35	10	10	15	2	6	10	8	5	7	6	14	6	2	14	8	3	7	9	3
THR-ASN-ARG (TNR)	31	30	22	24	25	14	21	40	25	31	23	25	96	110	31	37	35	23	33	31	18	29	30	23	26	18	20	26	26	13	30	46	20
CYS-ALA-GLU (CAE)	4	3	6	3	2	5	6	7	0	3	4	0	6	17	2	3	5	4	4	6	5	5	4	5	4	4	4	15	4	3	4	5	8
TRP-ASP-PRO (WDP)	4	4	2	7	7	7	4	0	2	6	5	6	7	19	3	8	5	2	7	8	1	7	5	3	5	4	1	30	6	5	4	3	1
ILE-PRO-GLY (IPG)	69	64	66	60	61	70	76	48	53	64	71	48	179	238	58	85	89	60	46	71	42	80	66	52	101	78	52	67	72	33	49	55	51
CYS-GLY-GLN (CGQ)	5	2	0	7	2	0	11	1	3	3	3	2	1	10	5	2	2	1	2	7	1	1	4	4	0	4	1	3	2	3	2	2	4
ARG-TYR-MET (RYM)	5	10	8	28	12	5	4	18	11	6	7	3	5	25	5	8	8	9	9	5	8	4	8	4	7	7	4	9	8	7	9	4	1
PRO-PRO-GLY (PPG)	46	43	35	32	38	25	51	46	28	74	77	27	169	138	33	51	30	41	46	42	31	43	33	51	45	30	29	37	37	31	24	28	21
GLY-ARG-CYS (GRC)	12	9	3	7	5	5	9	3	6	4	14	6	6	20	11	13	7	5	10	3	5	7	6	4	3	7	2	8	9	0	5	3	4
SER-GLY-CYS (SGC)	8	11	7	16	6	3	7	4	11	7	5	8	5	22	3	11	6	5	7	7	9	6	14	3	13	10	4	2	0	8	6	4	6
ILE-TRP-VAL (IWV)	6	6	4	2	6	3	4	16	2	6	6	1	4	18	7	8	4	3	4	15	3	9	9	4	15	2	5	8	1	5	6	6	3
GLU-ALA-CYS (EAC)	3	4	5	8	14	6	10	7	7	5	8	11	8	22	3	6	7	8	8	9	3	4	10	8	4	5	8	9	3	10	5	13	7
MET-GLN-CYS (MQC)	5	2	2	4	1	0	3	0	4	4	3	5	4	9	4	2	1	0	1	4	3	6	5	6	8	2	1	0	2	4	3	1	3
ASP-TRP-MET (DWM)	10	4	7	7	10	2	3	10	5	5	7	4	8	23	6	11	15	7	13	10	9	5	16	4	6	7	10	14	3	2	11	5	2
TRP-LYS-THR (WKT)	10	9	10	11	7	7	6	5	6	7	9	12	8	26	10	7	5	5	5	12	5	14	8	6	13	5	7	7	15	8	13	7	13
ARG-TRP-CYS (RWC)	5	3	4	4	5	4	8	4	6	1	2	3	6	11	2	6	4	4	3	3	7	5	4	7	3	3	3	5	0	2	3	2	2
CYS-PRO-GLY (CPG)	16	10	2	4	9	4	5	9	4	9	11	7	31	28	12	15	12	4	16	6	8	4	10	14	6	5	9	24	29	10	2	6	3
THR-CYS-VAL (TCV)	8	2	14	12	7	4	7	12	8	7	4	6	8	21	6	4	6	12	9	10	9	7	8	7	6	8	5	4	11	3	10	3	10
HIS-ALA-PHE (HAF)	7	6	8	6	9	5	6	11	3	7	4	11	13	22	4	4	6	5	8	6	11	12	9	5	9	9	3	6	3	29	11	16	1
GLN-MET-HIS (QMH)	13	12	13	15	6	7	6	14	6	9	7	6	18	29	14	11	11	7	15	17	3	10	12	10	9	9	5	20	9	12	6	13	9
MET-GLN-ASP (MQD)	7	7	7	12	23	4	3	8	1	4	9	6	10	21	9	6	6	2	12	7	10	7	7	5	9	5	9	6	18	2	6	7	8
ALA-PHE-CYS (AFC)	4	5	2	7	7	5	3	8	2	3	3	4	6	12	6	5	5	5	2	5	2	3	4	1	7	1	4	4	6	5	5	5	7
ASN-HIS-TRP (NHW)	4	4	4	4	7	3	8	1	0	2	3	2	6	10	3	2	5	4	2	3	3	1	4	0	4	3	4	5	6	4	12	3	2
GLN-GLU-CYS (QEC)	10	10	5	9	12	7	10	10	4	9	4	2	8	21	9	2	6	7	14	9	5	14	4	9	8	8	3	11	5	22	5	6	3
VAL-PRO-GLY (VPG)	50	50	53	54	44	47	62	51	34	70	47	47	148	160	53	81	78	55	75	66	56	63	80	57	77	45	60	51	81	49	32	51	48
ASN-ALA-TRP (NAW)	3	4	3	3	6	1	2	0	2	5	3	1	3	10	11	2	6	4	9	6	5	7	1	5	5	10	1	3	2	1	2	2	2
CYS-ALA-GLN (CAQ)	2	3	2	1	3	2	5	5	0	3	2	4	4	9	3	5	6	3	5	1	7	5	3	5	2	2	1	6	3	2	5	6	3
GLU-PRO-CYS (EPC)	4	4	2	6	3	2	11	3	4	7	5	2	6	11	3	5	8	2	4	1	6	4	6	0	8	3	6	3	3	5	1	5	3
GLN-MET-GLU (QME)	15	15	17	17	16	26	15	14	37	16	19	14	14	40	13	13	6	14	13	26	15	14	16	13	11	9	21	17	13	0	14	15	13
HIS-ALA-CYS (HAC)	8	3	1	8	3	1	3	3	2	8	3	5	5	10	0	3	3	7	2	4	5	9	8	1	6	4	1	3	4	5	1	1	4
HIS-ALA-TRP (HAW)	1	6	2	3	2	4	2	8	22	3	4	6	8	15	1	9	9	3	6	4	8	10	25	6	2	7	2	4	1	4	6	3	5
HIS-LYS-TRP (HKW)	5	2	2	4	7	7	7	7	2	1	4	4	5	12	2	4	3	3	2	4	4	3	5	4	6	6	4	6	11	10	9	3	3
HIS-MET-GLN (HMQ)	8	6	5	10	7	4	4	6	5	3	8	4	3	14	3	7	6	3	2	5	5	6	1	9	3	12	3	7	6	6	7	8	2
ILE-TYR-CYS (IYC)	7	5	8	7	3	2	7	5	7	5	1	3	4	13	3	6	4	1	3	2	3	8	8	5	10	7	5	4	9	8	2	7	3
GLN-ASN-ARG (QNR)	67	65	26	47	42	39	34	48	34	90	30	34	56	128	47	60	68	55	64	50	48	60	33	60	49	58	27	45	68	47	56	49	43
GLN-ASN-CYS (QNC)	7	6	7	1	6	3	3	4	7	4	4	5	5	13	6	1	9	7	1	5	2	4	11	2	2	8	3	9	7	9	6	6	3
CYS-GLY-ILE (CGI)	23	10	17	13	16	12	15	12	12	16	21	10	18	41	20	22	18	16	20	24	10	20	19	15	25	16	12	16	13	15	16	13	12
CYS-GLN-LEU (CQL)	11	11	6	8	10	5	13	11	6	5	5	12	11	23	9	6	4	7	13	13	10	8	10	17	8	7	10	11	11	9	7	6	11
CYS-ALA-CYS (CAC)	1	3	4	3	4	5	5	3	3	6	4	2	6	12	5	0	4	6	12	6	5	2	10	4	7	9	6	9	3	3	7	3	6
VAL-TYR-ARG (VYR)	29	22	16	20	17	12	22	17	16	17	11	7	23	44	15	26	32	15	22	14	21	16	19	24	16	13	24	11	17	12	12	16	19
ASP-SER-CYS (DSC)	22	10	8	12	9	10	18	7	5	14	15	13	15	29	9	16	10	21	16	25	6	7	13	5	20	6	12	10	13	8	8	11	5
ASN-GLN-CYS (NQC)	2	3	5	7	3	5	7	2	4	7	5	4	6	11	4	2	1	9	4	2	3	5	8	6	7	4	4	6	4	4	1	9	1
HIS-TYR-CYS (HYC)	3	2	1	5	0	1	1	4	5	6	11	7	2	10	3	1	1	3	9	8	7	6	9	4	5	7	4	2	0	4	2	4	4
ARG-TRP-LYS (RWK)	6	5	9	7	11	7	8	10	4	5	6	5	9	17	6	7	9	6	7	14	25	5	4	4	5	11	5	1	2	1	13	8	2
TRP-MET-ASN (WMN)	2	3	5	1	2	5	2	2	1	7	0	6	2	7	1	2	4	3	0	2	6	2	3	5	4	3	3	6	1	1	1	7	2
TRP-MET-LYS (WMK)	5	5	7	5	4	2	2	5	3	3	3	4	5	9	1	3	3	5	3	6	0	5	3	6	5	5	5	0	5	3	1	8	1
ARG-LEU-LYS (RLK)	193	193	153	175	180	135	166	193	177	223	159	203	405	407	170	189	173	183	151	156	139	166	157	138	131	178	119	165	142	103	167	187	132
THR-TRP-PRO (TWP)	5	6	1	2	5	1	2	1	5	4	4	8	3	7	3	3	2	6	1	3	1	2	0	4	1	2	4	3	1	3	3	3	3
GLN-HIS-MET (QHM)	9	27	16	22	25	17	33	25	10	15	30	8	7	30	3	10	8	9	12	8	4	6	10	6	12	8	19	7	10	6	12	7	10
