	-27	-26	-25	-24	-23	-22	-21	-20	-19	-18	-17	-16	-15	-14	-13	-12	-11	-10	-9	-8	-7	-6	-5	-4	-3	-2	-1	0	1	2	3	4	5
ARG-ARG_CGACGA	7	2	2	4	3	3	4	3	2	7	8	7	22	30	3	7	5	1	6	4	3	3	5	2	4	6	7	1	3	4	2	1	4
PRO-GLY_CCGGGC	2	3	0	9	0	3	1	1	0	0	4	1	4	18	3	1	8	4	3	3	2	5	3	2	5	2	4	5	3	1	2	5	5
HIS-ARG_CACCGC	5	2	0	0	3	4	4	6	2	1	4	0	11	15	3	3	3	6	5	4	4	3	3	2	2	6	6	4	6	2	6	4	0
GLY-LEU_GGGCTA	13	3	2	9	5	7	7	9	9	7	5	8	11	25	6	6	3	1	4	4	6	7	9	12	6	7	7	2	3	4	5	6	2
PRO-ALA_CCGGCG	0	0	4	2	0	6	2	2	9	7	0	4	5	11	1	3	3	3	5	1	3	1	7	7	4	2	4	2	2	0	2	1	3
HIS-PRO_CACCCC	1	4	6	7	2	4	1	4	1	2	3	2	2	12	3	4	2	4	5	1	4	2	5	3	2	1	2	6	6	4	2	5	4
PRO-GLY_CCTGGG	27	18	19	23	26	21	21	18	21	19	27	14	41	77	16	26	21	23	21	15	15	15	27	16	20	20	20	27	47	15	13	5	19
GLY-HIS_GGGCAC	3	3	5	1	2	3	6	2	0	6	2	2	1	11	3	5	2	2	2	5	6	3	4	4	4	4	5	4	1	4	2	6	1
ALA-GLY_GCCGGG	5	13	7	8	5	6	7	11	1	8	6	8	3	31	11	8	13	12	19	13	10	6	13	11	9	14	18	12	7	14	1	6	9
PHE-PRO_TTTCCC	10	7	13	6	9	5	8	30	5	7	6	7	11	27	5	11	6	3	10	8	4	5	13	4	5	5	7	9	9	8	14	5	4
GLU-ARG_GAGCGG	3	7	4	3	1	1	6	10	5	3	6	5	4	11	3	1	2	4	3	1	6	3	6	3	1	4	2	2	1	8	2	1	1
SER-ARG_AGCAGG	4	3	2	9	9	5	5	5	6	8	7	12	4	14	1	11	6	1	3	5	2	4	4	5	2	1	2	3	7	1	5	1	2
THR-GLY_ACCGGC	4	10	6	3	9	2	7	5	9	4	10	10	6	18	4	3	8	10	6	5	4	10	5	6	4	6	3	8	3	11	3	4	6
PRO-SER_CCCCTG	8	3	2	11	5	5	5	7	5	6	6	5	15	19	5	6	4	10	4	4	7	6	7	15	7	8	9	9	6	3	4	6	5
LEU-SER_CTCTCT	0	5	2	2	3	3	3	6	3	1	4	3	3	9	2	5	1	4	0	3	7	1	2	5	6	2	3	7	3	2	2	6	0
LEU-ARG_TTGCGC	3	9	2	3	5	5	3	1	1	0	3	2	10	12	4	4	2	4	6	8	6	9	8	0	4	5	4	1	4	7	1	6	5
PRO-PRO_CCGCCG	4	4	5	7	3	4	4	3	7	4	3	17	11	13	4	9	2	7	3	0	4	5	5	6	3	4	5	5	4	1	7	5	2
ARG-VAL_AGGGTT	8	12	7	15	12	14	10	10	17	13	8	8	14	30	10	11	16	16	9	17	10	9	10	9	7	10	17	19	12	7	10	12	9
ALA-ARG_GCACGA	10	10	4	6	12	7	8	10	5	6	1	6	9	20	5	11	8	7	9	3	6	11	7	5	14	8	12	9	4	13	9	4	7
ARG-SER_CGATCC	5	4	5	6	4	3	3	5	3	4	12	4	8	14	7	3	8	13	7	18	3	2	3	1	3	2	9	11	4	0	5	6	3
HIS-THR_CACACG	3	2	6	2	4	9	3	3	2	7	3	5	0	10	4	3	2	3	8	5	5	3	5	2	8	6	4	2	4	2	5	4	3
PHE-LEU_TTCCTA	6	7	4	4	3	4	4	4	2	3	2	5	4	10	2	4	1	5	9	3	3	4	3	6	1	7	11	2	6	4	0	5	4
ARG-ARG_CGACGC	3	3	1	4	1	2	3	5	1	6	2	0	12	8	2	2	1	1	6	7	2	7	2	3	3	3	8	3	4	0	4	3	2
THR-ARG_ACACGA	14	18	6	9	11	8	13	9	13	7	13	13	19	25	6	14	12	10	11	12	8	11	5	6	9	18	9	13	11	7	5	8	5
PRO-VAL_CCGGTG	16	14	11	19	21	23	22	13	25	21	20	9	24	40	8	19	20	13	24	24	21	23	14	9	19	12	23	12	23	5	13	12	8
ARG-LEU_CGACTA	2	2	3	5	3	3	2	3	3	5	5	6	7	9	3	7	7	5	5	3	3	1	3	4	6	3	2	5	2	1	4	4	5
SER-GLN_CTGCAG	8	9	11	9	9	5	10	8	5	7	10	5	11	19	3	9	12	5	10	13	6	11	10	9	6	7	5	17	3	5	10	7	4
GLY-ALA_GGCGCA	6	12	4	8	7	7	5	4	8	11	11	5	3	16	6	5	7	11	10	2	6	7	8	4	8	11	5	4	17	3	5	3	6
THR-ALA_ACGGCG	4	7	4	1	4	5	6	2	7	7	7	4	2	12	5	6	3	3	5	5	3	6	6	4	12	7	4	13	8	2	4	6	4
PRO-SER_CCGAGT	1	8	3	4	4	4	3	4	7	5	3	7	8	11	3	6	7	3	4	7	3	5	2	6	11	3	2	4	5	4	8	10	2
LEU-SER_CTCTCG	3	2	6	1	4	5	5	2	1	6	9	2	1	8	0	4	2	6	4	2	5	1	4	1	9	3	1	7	5	4	5	4	0
GLY-ALA_GGGGCG	4	7	8	12	6	2	6	4	6	8	5	5	24	12	7	5	8	3	4	8	5	4	2	3	1	4	4	4	2	0	5	4	3
THR-CYS_ACGTGT	10	4	1	3	3	5	4	2	2	4	1	2	3	8	2	4	8	5	2	3	7	6	4	0	5	4	2	9	5	1	2	3	1
THR-ALA_ACAGCG	12	2	6	4	11	4	14	8	3	6	15	2	20	19	8	9	6	2	8	7	13	12	3	10	19	9	9	11	13	13	7	7	5
GLY-ARG_GGACGA	8	8	9	9	9	9	12	4	9	12	8	8	13	17	7	4	10	6	7	12	7	5	3	6	8	4	7	7	10	9	7	8	4
CYS-ARG_TGCCGT	2	5	3	3	8	2	1	6	9	5	5	8	5	12	4	7	7	10	11	5	0	3	3	6	8	9	9	3	5	2	15	5	2
VAL-ARG_GTTCGA	18	24	13	18	14	14	13	15	14	17	16	14	22	36	17	22	25	7	20	18	17	12	28	17	18	23	17	15	11	15	15	12	7
ALA-ALA_GCAGCG	6	9	6	9	7	10	5	8	11	7	10	6	15	19	16	13	7	9	8	6	10	8	3	5	11	16	5	8	8	7	14	10	6
HIS-SER_CACTCG	5	11	8	9	4	6	11	4	7	8	4	16	7	16	6	8	10	2	2	12	5	2	8	14	7	6	8	6	11	5	13	8	4
GLY-ARG_GGGAGG	7	4	0	3	2	3	5	2	4	3	3	2	5	7	3	3	6	4	10	6	7	2	2	2	3	5	0	1	1	2	0	2	2
GLY-CYS_GGTTGC	8	5	5	14	6	4	10	7	7	6	6	2	9	12	0	12	3	2	4	6	8	4	8	6	5	3	7	1	3	6	6	3	3
ALA-CYS_GCATGC	9	6	9	3	11	10	9	13	6	11	4	6	9	17	13	4	12	12	8	7	8	9	6	4	6	18	5	7	7	10	4	5	4
PRO-GLU_CCGGAG	2	3	3	4	6	3	6	2	4	6	10	10	8	10	5	9	5	4	1	3	7	1	3	6	6	4	5	7	5	2	2	1	7
TRP-LEU_TGGCTA	6	5	6	8	6	8	6	5	12	11	10	3	10	14	5	6	4	5	6	11	10	5	6	13	8	0	6	10	3	7	6	2	2
LEU-SER_CTACTG	11	8	13	14	11	8	11	10	15	8	4	7	13	17	8	10	8	7	5	6	3	8	3	9	4	5	12	7	5	7	4	9	4
VAL-ALA_GTTGCG	26	7	16	16	22	20	14	12	11	12	9	13	25	35	18	20	18	14	18	18	15	10	9	17	24	16	17	17	18	29	16	17	17
ARG-ILE_AGGATT	12	18	10	16	17	8	19	20	28	15	24	13	10	31	10	19	18	15	12	10	16	15	15	23	12	11	12	16	14	9	19	7	10
ARG-PRO_CGACCT	4	8	1	3	5	6	6	5	4	5	11	1	14	11	3	3	5	2	4	7	6	4	7	3	9	15	7	4	4	5	2	4	1
GLY-CYS_GGATGT	46	41	29	53	42	54	42	38	53	57	32	43	44	80	44	34	21	32	32	37	45	41	39	38	38	45	34	26	32	32	32	33	18
ILE-ARG_ATCCGC	6	8	1	3	4	1	2	0	4	3	4	2	11	8	1	4	6	4	3	5	0	4	7	4	4	5	1	4	2	10	4	5	1
