	F0	F1	F2
0	25	33	41
1	0	0	0
2	61	73	61
3	89	106	83
4	34	39	24
5	21	27	29
6	8	4	5
7	17	29	17
8	35	34	27
9	5	5	8
10	35	33	18
11	74	89	82
12	54	37	28
13	749	829	890
14	5	8	8
15	456	468	449
16	0	1	0
17	1	0	0
18	92	74	84
19	23	17	33
20	27	20	18
21	4	6	11
22	0	0	0
23	8	8	5
24	1	5	2
25	20	21	7
26	2	8	5
27	216	172	185
28	5	14	11
29	4	5	0
30	1	1	0
31	28	33	27
32	34	31	29
33	38	53	60
34	8	2	3
35	6	9	5
36	8	11	13
37	142	148	144
38	10	11	11
39	12	6	4
40	11	6	6
41	210	188	238
42	4	3	3
43	32	38	29
44	7	11	2
45	23	16	13
46	12	8	6
47	21	29	16
48	4	5	3
49	92	85	79
50	79	74	51
51	0	3	0
52	122	118	128
53	21	23	22
54	22	21	26
55	5	7	10
56	0	0	2
57	181	172	170
58	90	97	53
59	11	14	16
60	3	2	8
61	3	2	0
62	11	13	7
63	32	17	26
64	11	13	8
65	10	16	11
66	9	11	20
67	128	122	132
68	3	3	11
69	1	7	1
70	0	0	0
71	23	20	20
72	97	92	83
73	3	8	8
74	6	6	12
75	4	4	2
76	42	42	43
77	1	1	1
78	0	4	2
79	50	40	31
80	1	4	4
81	12	9	10
82	50	47	40
83	16	13	16
84	18	24	24
85	246	256	235
86	6	11	13
87	54	52	39
88	175	160	153
89	2	1	1
90	6	6	5
91	85	58	65
92	17	32	20
93	37	22	28
94	66	52	63
95	6	9	5
96	8	5	8
97	69	71	65
98	57	52	43
99	20	11	13
100	3	4	11
101	186	189	179
102	84	66	74
103	74	47	40
104	7	9	8
105	17	16	23
106	34	35	25
107	8	11	13
108	1	0	0
109	4	12	12
110	7	7	2
111	14	11	9
112	0	0	0
113	5	6	5
114	27	32	28
115	0	0	1
116	12	6	13
117	0	0	1
118	16	8	9
119	19	20	30
120	229	191	179
121	11	8	10
122	2	5	0
123	383	341	371
124	60	59	52
125	141	125	137
126	18	16	16
127	20	21	13
128	17	7	4
129	32	22	27
130	0	0	0
131	21	22	21
132	21	16	14
133	32	34	36
134	181	223	196
135	37	42	50
136	0	0	1
137	3	5	9
138	131	116	139
139	7	7	6
140	18	13	23
141	152	127	125
142	10	15	17
143	22	27	15
144	293	270	288
145	74	62	55
146	0	0	0
147	2	3	2
148	5	15	3
149	318	303	242
150	14	20	11
151	19	28	17
152	20	20	22
153	33	41	38
154	196	211	176
155	50	59	29
156	1	2	1
157	2	1	5
158	9	11	4
159	4	1	3
160	12	13	9
161	175	206	159
162	51	51	81
163	0	1	2
164	8	16	13
165	0	0	3
166	3	5	2
167	29	32	27
168	45	46	52
169	33	32	40
170	4	2	1
171	20	27	19
172	12	15	8
173	49	38	37
174	226	170	217
175	0	0	0
176	15	20	18
177	2	2	0
178	0	0	0
179	7	3	9
180	0	0	0
181	2	1	3
182	6	5	8
183	0	1	0
184	1	2	0
185	19	21	27
186	23	35	41
187	10	19	23
188	0	0	0
189	7	6	11
190	18	12	14
191	7	2	1
192	1	0	1
193	104	108	133
194	4	4	7
195	3	1	1
196	0	1	1
197	0	0	0
198	3	4	4
199	18	19	31
200	2	3	1
201	131	112	122
202	0	0	2
203	121	95	65
204	70	71	57
205	5	10	9
206	11	14	19
207	0	0	0
208	31	27	21
209	9	8	11
210	8	3	5
211	4	3	3
212	21	11	10
213	97	72	100
214	152	134	126
215	1	1	2
216	34	44	40
217	2	1	1
218	22	26	21
219	32	23	23
220	10	9	16
221	296	330	327
222	86	67	62
223	11	8	13
224	41	58	60
225	311	319	252
226	11	10	5
227	45	45	61
228	23	32	24
229	9	8	7
230	11	15	13
231	0	0	0
232	26	37	29
233	0	0	0
234	0	1	0
235	31	36	41
236	27	42	36
237	56	48	58
238	14	21	22
239	4	3	1
240	17	29	19
241	19	17	13
242	10	10	11
243	0	0	0
244	1	2	1
245	0	0	0
246	1	0	0
247	75	58	54
248	11	16	19
249	0	0	0
250	9	15	8
251	42	30	33
252	44	20	15
253	7	13	12
254	12	18	17
255	59	55	110
256	1	0	0
257	38	28	20
258	44	49	52
259	18	27	21
260	4	9	6
261	15	8	6
262	37	67	45
263	10	10	10
264	39	42	45
265	9	7	10
266	12	13	12
267	51	65	37
268	17	15	44
269	6	6	7
270	5	7	3
271	0	0	0
272	15	27	20
273	11	14	11
274	4	6	4
275	0	4	2
276	0	2	2
277	122	138	116
278	503	485	512
279	137	143	146
280	4	3	1
281	13	15	17
282	140	141	125
283	70	69	90
284	36	31	36
285	230	265	259
286	71	70	70
287	51	45	51
288	22	20	24
289	47	48	50
290	3	2	1
291	0	2	3
292	23	23	19
293	4	2	0
294	0	4	3
295	211	200	184
296	15	11	7
297	91	98	102
298	66	84	81
299	44	45	34
300	3	2	1
301	34	24	11
302	16	13	10
303	0	1	1
304	54	80	55
305	73	68	55
306	35	40	24
307	9	15	20
308	0	1	2
309	12	8	9
310	32	34	37
311	134	146	139
312	266	269	272
313	1041	1127	1180
314	33	33	25
315	6	8	6
316	13	13	12
317	64	120	49
318	4	4	5
319	14	7	9
320	48	37	24
321	13	11	13
322	0	1	0
323	16	15	7
324	8	8	5
325	26	19	22
326	7	6	3
327	133	143	120
328	10	7	5
329	5	6	5
330	7	14	14
331	25	19	27
332	0	0	0
333	14	7	9
334	1	4	4
335	24	35	30
336	23	19	24
337	16	15	13
338	31	44	32
339	0	1	2
340	14	11	15
341	39	28	29
342	10	9	14
343	122	112	89
344	4	8	9
345	19	13	11
346	13	13	9
347	1	4	1
348	34	35	30
349	36	27	33
350	37	40	41
351	1878	1779	2322
352	20	17	15
353	3	1	2
354	6	1	5
355	13	11	11
356	16	15	12
357	66	60	66
358	1	1	2
359	0	0	0
360	0	0	0
361	1	1	3
362	120	161	122
363	3	2	2
364	27	53	49
365	79	67	62
366	0	1	1
367	76	76	50
368	1	1	1
369	11	13	8
370	20	13	11
371	0	1	2
372	2	3	7
373	7	5	8
374	225	200	226
375	0	0	0
376	1	2	1
377	8	9	4
378	4	2	10
379	55	42	59
380	39	32	33
381	1	2	0
382	164	187	185
383	355	333	300
384	3	0	1
385	0	0	0
386	9	15	5
387	83	87	101
388	80	112	68
389	13	6	8
390	161	152	136
391	178	157	246
392	3	2	3
393	50	68	63
394	76	61	76
395	100	117	73
396	0	0	0
397	3	8	5
398	167	158	150
399	567	603	649
400	0	0	1
401	7	7	7
402	163	166	90
403	1	4	0
404	15	13	8
405	21	35	35
406	15	9	5
407	12	14	13
408	506	562	476
409	76	89	85
410	14	17	9
411	91	91	104
412	1	3	1
413	0	0	0
414	14	10	11
415	1	0	1
416	5	1	4
417	15	16	13
418	38	39	38
419	0	2	2
420	5	4	5
421	5	15	17
422	15	16	11
423	8	10	11
424	1	0	2
425	7	9	5
426	10	5	7
427	11	10	9
428	5	4	1
429	60	50	54
430	173	149	173
431	520	508	559
432	19	25	12
433	18	16	9
434	0	1	0
435	9	9	5
436	29	29	31
437	32	42	25
438	0	0	0
439	5	8	7
440	17	23	20
441	6	1	1
442	43	38	44
443	3	0	3
444	0	1	1
445	14	12	18
446	51	43	40
447	98	69	88
448	22	36	10
449	0	0	0
450	16	25	19
451	4	6	3
452	44	67	64
453	8	3	2
454	39	30	35
455	0	0	1
456	17	16	15
457	152	157	151
458	8	5	3
459	3	6	5
460	0	0	1
461	0	0	0
462	105	82	62
463	48	60	54
464	1078	1041	1120
465	26	22	10
466	59	59	74
467	204	186	174
468	1	0	0
469	4	6	8
470	9	4	5
471	153	132	112
472	247	262	275
473	12	19	11
474	1	1	1
475	10	21	12
476	1	0	0
477	23	15	25
478	8	5	9
479	0	0	2
480	0	0	0
481	1	1	1
482	38	40	36
483	6	2	2
484	2	9	7
485	27	17	18
486	53	54	42
487	2	3	1
488	14	30	6
489	75	49	52
490	0	0	0
491	4	16	11
492	54	74	68
493	7	5	3
494	92	88	90
495	49	40	53
496	2	6	3
497	1	2	5
498	19	14	15
499	2	0	0
500	25	34	21
501	7	15	6
502	34	34	46
503	45	33	24
504	9	17	13
505	13	7	5
506	2	2	3
507	138	103	66
508	2	0	1
509	0	0	0
510	32	28	16
511	9	13	12
512	2	2	0
513	37	21	12
514	172	165	151
515	18	12	11
516	1	3	3
517	18	26	13
518	11	26	7
519	5	7	8
520	9	1	2
521	19	15	13
522	0	0	0
523	90	82	100
524	82	69	54
525	9	12	5
526	39	45	36
527	6	11	11
528	9	6	3
529	0	0	0
530	0	1	0
531	0	0	0
532	102	103	83
533	6	4	3
534	90	83	80
535	0	2	0
536	6	3	2
537	31	30	24
538	2	3	3
539	4	7	5
540	12	5	8
541	1	1	4
542	0	0	0
543	5	1	3
544	49	48	56
545	1	2	3
546	1	1	3
547	20	13	20
548	0	1	1
549	18	33	14
550	23	32	23
551	9	5	5
552	23	25	27
553	173	174	139
554	10	9	7
555	21	10	10
556	0	0	0
557	12	15	14
558	5	5	7
559	0	0	0
560	21	23	26
561	9	10	4
562	11	10	5
563	9	3	4
564	7	13	12
565	116	86	131
566	14	16	11
567	11	11	10
568	20	22	19
569	469	499	504
570	10	14	11
571	3	4	4
572	64	76	83
573	0	0	0
574	0	0	0
575	50	68	52
576	0	0	2
577	19	2	9
578	11	6	6
579	0	0	0
580	18	20	22
581	27	25	27
582	0	0	0
583	8	7	9
584	3	5	2
585	62	51	47
586	3	0	3
587	46	58	39
588	13	16	11
589	0	0	0
590	2	1	3
591	0	3	4
592	41	35	42
593	33	40	29
594	42	37	25
595	0	0	0
596	21	18	17
597	1015	918	993
598	110	111	130
599	139	113	110
600	18	18	8
601	7	6	3
602	3	2	3
603	25	22	21
604	285	287	235
605	20	23	25
606	137	146	133
607	24	17	24
608	3	0	0
609	1591	1544	1505
610	45	50	60
611	109	112	92
612	0	0	0
613	1	0	0
614	30	32	18
615	4	3	1
616	12	13	10
617	10	9	10
618	21	26	28
619	15	15	8
620	9	8	15
621	13	14	19
622	2	2	4
623	6	5	5
624	16	17	14
625	81	78	79
626	4	5	0
627	31	30	35
628	9	17	15
629	13	15	13
630	26	23	28
631	12	13	16
632	52	42	48
633	2	4	2
634	36	35	24
635	0	0	0
636	0	0	1
637	1	0	0
638	358	349	330
639	35	29	26
640	69	62	57
641	5	4	2
642	106	116	125
643	2	7	5
644	242	236	234
645	3	6	3
646	3	7	6
647	50	30	40
648	19	20	24
649	28	18	14
650	2	4	5
651	0	0	0
652	38	32	31
653	3	4	2
654	65	54	48
655	1	0	0
656	36	34	38
657	9	10	9
658	252	246	234
659	37	42	36
660	118	86	96
661	81	79	94
662	3	0	2
663	0	0	0
664	14	10	11
665	5	5	4
666	21	11	24
667	22	19	13
668	41	36	34
669	0	0	1
670	1	1	2
671	32	30	32
672	5	3	9
673	26	25	15
674	20	23	13
675	0	2	0
676	0	1	0
677	174	149	166
678	3	0	1
679	39	35	26
680	10	14	6
681	62	59	57
682	6	7	12
683	132	136	139
684	13	10	10
685	4	1	4
686	0	0	0
687	33	30	27
688	4	6	3
689	26	35	29
690	0	0	1
691	17	16	11
692	288	248	295
693	10	14	8
694	34	25	34
695	0	0	0
696	54	50	58
697	3	2	4
698	5	8	4
699	10	5	10
700	0	0	0
701	14	25	22
702	15	13	15
703	0	3	0
704	0	0	0
705	25	12	13
706	11	14	10
707	0	0	0
708	13	8	8
709	0	0	0
710	14	21	20
711	24	22	21
712	20	18	9
713	95	90	103
714	112	105	78
715	101	107	91
716	11	12	14
717	9	5	5
718	4	3	1
719	5	6	1
720	8	8	7
721	9	6	5
722	2	0	2
723	185	156	164
724	17	18	19
725	66	73	75
726	7	6	5
727	31	36	31
728	59	55	49
729	5	11	2
730	57	55	39
731	43	46	49
732	95	82	57
733	3	1	4
734	0	0	0
735	107	125	77
736	22	18	25
737	47	45	63
738	7	8	3
739	0	1	0
740	203	147	179
741	6	8	9
742	3	9	8
743	39	30	41
744	485	419	474
745	21	16	19
746	140	150	164
747	76	83	65
748	5	8	6
749	2	1	5
750	1	1	2
751	87	72	72
752	37	15	18
753	137	120	110
754	7	7	11
755	3	4	2
756	220	174	168
757	60	53	51
758	2	4	2
759	2	6	3
760	15	13	16
761	52	52	39
762	355	346	281
763	78	71	58
764	16	21	19
765	70	68	97
766	2	1	4
767	2	2	2
768	0	2	2
769	113	133	113
770	25	24	17
771	519	589	582
772	17	14	22
773	28	33	26
774	8	16	17
775	39	60	40
776	14	15	14
777	3	1	0
778	22	20	24
779	21	16	17
780	32	18	31
781	2	5	2
782	29	10	23
783	156	182	165
784	12	8	10
785	9	6	7
786	0	0	0
787	12	22	10
788	68	96	80
789	50	41	25
790	4	3	1
791	29	13	26
792	58	57	42
793	170	188	195
794	20	27	20
795	12	14	9
796	19	14	16
797	4	4	5
798	2	4	3
799	2	5	3
800	19	26	24
801	19	17	13
802	3	8	9
803	477	460	366
804	53	50	42
805	19	18	17
806	64	54	62
807	4	3	0
808	25	16	29
809	2	1	1
810	12	18	9
811	5	8	1
812	18	17	24
813	127	145	130
814	2	1	0
815	0	0	0
816	0	0	2
817	8	11	5
818	9	10	6
819	208	234	202
820	22	21	22
821	1	0	0
822	9	4	5
823	8	7	8
824	78	73	101
825	5	8	8
826	12	12	3
827	56	59	40
828	37	40	33
829	53	53	47
830	15	16	14
831	75	65	71
832	8	8	14
833	48	52	35
834	59	60	41
835	1	5	3
836	16	12	14
837	57	57	55
838	66	57	60
839	15	22	22
840	8	13	7
841	7	6	3
842	5	5	3
843	3	12	4
844	1	0	0
845	2	1	0
846	82	91	79
847	8	7	7
848	22	26	17
849	1	0	3
850	16	21	18
851	2	1	1
852	2	4	1
853	0	0	1
854	6	9	15
855	6	5	7
856	0	2	3
857	62	57	48
858	5	7	6
859	0	0	0
860	0	0	1
861	7	8	7
862	20	11	12
863	5	2	4
864	50	42	42
865	57	46	47
866	56	52	55
867	8	6	9
868	10	12	9
869	1	0	1
870	0	0	0
871	17	19	28
872	3	2	2
873	44	48	45
874	57	76	59
875	12	14	11
876	1	0	0
877	97	102	109
878	0	0	0
879	48	38	40
880	9	4	2
881	2	1	1
882	56	50	33
883	2	3	6
884	11	8	4
885	0	0	0
886	0	0	0
887	2	3	2
888	6	6	6
889	6	6	8
890	102	102	95
891	90	88	106
892	2	2	5
893	17	39	27
894	0	1	1
895	41	47	37
896	8	5	6
897	0	0	0
898	61	68	77
899	22	16	22
900	6	13	13
901	0	0	0
902	2	10	2
903	13	6	4
904	1	0	2
905	11	10	5
906	22	25	12
907	14	7	11
908	13	20	20
909	0	0	0
910	46	58	37
911	7	9	3
912	26	27	35
913	40	44	33
914	17	15	22
915	6	6	6
916	0	0	0
917	8	3	9
918	19	10	16
919	1	2	0
920	0	0	0
921	4	5	5
922	7	8	9
923	29	34	22
924	4	4	6
925	16	14	14
926	13	12	9
927	51	50	30
928	63	54	40
929	87	89	83
930	18	24	21
931	0	0	0
932	0	0	0
933	18	21	19
934	31	23	41
935	65	67	56
936	16	14	18
937	3	2	2
938	68	81	61
939	5	6	5
940	0	0	0
941	48	62	56
942	0	0	0
943	2	0	1
944	19	10	12
945	26	22	16
946	164	165	157
947	44	31	38
948	74	84	62
949	0	0	1
950	8	8	6
951	410	365	385
952	14	21	8
953	16	16	10
954	0	1	1
955	19	19	9
956	3	1	2
957	1	0	0
958	3	5	3
959	3	0	1
960	72	68	104
961	56	65	52
962	45	63	40
963	240	246	228
964	3	1	3
965	1	4	2
966	13	10	21
967	0	0	0
968	163	134	134
969	38	58	40
970	5	6	7
971	12	12	17
972	179	148	188
973	11	15	21
974	6	0	3
975	0	0	0
976	1	1	0
977	8	9	13
978	72	74	59
979	0	0	0
980	2	4	2
981	0	0	0
982	5	5	2
983	47	39	36
984	1067	1014	944
985	18	12	9
986	40	37	27
987	119	86	90
988	15	13	8
989	530	544	582
990	188	149	171
991	9	3	7
992	5	5	7
993	2	2	0
994	15	19	16
995	5	7	4
996	1	2	3
997	16	9	8
998	5	9	8
999	4	0	3
1000	6	6	10
1001	130	147	117
1002	14	13	7
1003	0	0	0
1004	15	15	14
1005	2	1	1
1006	70	61	59
1007	0	0	0
1008	12	14	17
1009	176	168	187
1010	21	16	23
1011	13	10	6
1012	28	26	29
1013	8	4	4
1014	10	10	7
1015	13	15	28
1016	349	356	307
1017	20	23	10
1018	472	414	405
1019	0	0	0
1020	9	16	17
1021	276	249	227
1022	16	7	8
1023	0	0	0
1024	40	57	34
1025	72	87	90
1026	2	1	1
1027	161	178	157
1028	35	25	32
1029	10	11	6
1030	15	15	16
1031	5	0	7
1032	20	14	23
1033	51	39	52
1034	2	2	4
1035	1	4	5
1036	12	11	10
1037	12	10	16
1038	6	16	9
1039	10	16	12
1040	77	91	67
1041	36	37	34
1042	89	61	89
1043	3	4	3
1044	11	5	8
1045	8	5	7
1046	0	1	0
1047	1	0	1
1048	12	24	15
1049	0	0	0
1050	12	8	4
1051	32	33	21
1052	1	1	1
1053	18	18	16
1054	1	0	0
1055	57	66	63
1056	107	76	71
1057	21	22	23
1058	26	23	22
1059	1	0	0
1060	493	437	424
1061	6	10	3
1062	1241	1280	1059
1063	38	25	29
1064	245	198	239
1065	83	95	130
1066	2	0	4
1067	16	20	25
1068	0	1	0
1069	14	8	13
1070	7	9	4
1071	17	13	11
1072	0	2	0
1073	100	106	111
1074	95	102	98
1075	5	3	5
1076	5	1	3
1077	2	1	3
1078	147	158	144
1079	4	1	3
1080	1	2	3
1081	0	0	3
1082	0	0	0
1083	7	12	8
1084	59	76	74
1085	14	12	18
1086	10	9	9
1087	8	14	5
1088	14	10	13
1089	1	1	1
1090	0	0	0
1091	8	10	7
1092	135	133	120
1093	14	12	12
1094	2	1	3
1095	18	15	15
1096	277	318	257
1097	2	2	2
1098	2	8	6
1099	22	19	7
1100	4	3	4
1101	131	130	167
1102	131	129	119
1103	25	19	16
1104	2	1	5
1105	77	87	52
1106	3	2	5
1107	146	150	139
1108	84	75	41
1109	4	4	3
1110	1	0	0
1111	1	2	0
1112	24	24	26
1113	2	4	2
1114	1	2	6
1115	1	0	0
1116	12	17	12
1117	20	9	10
1118	0	0	0
1119	175	155	136
1120	0	3	6
1121	2	3	2
1122	1	3	1
1123	0	0	0
1124	7	3	2
1125	0	1	1
1126	17	14	18
1127	8	6	2
1128	0	0	0
1129	0	0	2
1130	6	17	6
1131	7	2	3
1132	8	9	10
1133	5	1	2
1134	12	16	14
1135	51	33	50
1136	14	13	11
1137	353	337	237
1138	4	9	4
1139	17	23	17
1140	18	12	16
1141	0	1	0
1142	3	3	4
1143	20	13	7
1144	93	100	97
1145	26	41	37
1146	0	0	0
1147	40	37	35
1148	57	59	50
1149	19	22	23
1150	2	2	2
1151	69	72	70
1152	473	461	473
1153	5	4	2
1154	42	45	26
1155	20	20	20
1156	8	6	7
1157	229	230	194
1158	1	1	0
1159	2	4	1
1160	76	63	70
1161	25	36	30
1162	36	37	25
1163	12	17	10
1164	14	14	12
1165	56	49	56
1166	0	0	0
1167	9	5	4
1168	7	6	13
1169	3	4	3
1170	188	180	147
1171	12	9	12
1172	646	569	668
1173	7	6	18
1174	0	1	2
1175	3	2	3
1176	161	152	169
1177	15	34	34
1178	64	85	80
1179	2	3	3
1180	1	1	1
1181	22	21	12
1182	0	0	0
1183	14	16	15
1184	17	18	19
1185	7	6	6
1186	121	163	174
1187	1237	1079	1075
1188	16	8	19
1189	11	7	6
1190	1	4	1
1191	8	12	9
1192	34	35	23
1193	36	42	28
1194	2	1	1
1195	0	0	0
1196	4	4	5
1197	0	0	0
1198	0	0	0
1199	2	6	1
1200	0	0	0
1201	0	1	0
1202	1	0	1
1203	0	0	0
1204	19	18	14
1205	140	115	103
1206	23	29	28
1207	73	79	68
1208	8	7	5
1209	115	113	129
1210	185	168	165
1211	127	138	117
1212	12	19	12
1213	0	3	0
1214	0	0	0
1215	214	154	159
1216	24	34	19
1217	50	46	33
1218	44	62	57
1219	1	0	0
1220	52	22	35
1221	0	0	0
1222	4	13	3
1223	11	5	2
1224	30	24	19
1225	5	4	5
1226	11	12	20
1227	38	12	28
1228	3	4	3
1229	14	20	14
1230	1	0	0
1231	355	325	269
1232	10	12	3
1233	19	23	19
1234	20	25	26
1235	25	35	25
1236	29	22	19
1237	29	44	35
1238	18	9	19
1239	8	14	14
1240	19	11	17
1241	1	0	0
1242	180	217	179
1243	0	0	0
1244	0	0	0
1245	0	0	0
1246	1	2	0
1247	115	114	98
1248	6	3	2
1249	8	3	10
1250	4	12	9
1251	25	27	21
1252	25	22	19
1253	15	13	10
1254	6	9	5
1255	43	33	30
1256	0	0	0
1257	1	0	1
1258	2	1	5
1259	811	903	753
1260	3	5	6
1261	9	9	11
1262	9	3	4
1263	5	11	11
1264	3	4	3
1265	310	312	349
1266	46	44	30
1267	26	24	39
1268	1	4	3
1269	505	479	508
1270	19	13	16
1271	14	5	15
1272	7	9	10
1273	42	14	13
1274	7	7	6
1275	200	226	230
1276	6	7	4
1277	0	0	1
1278	218	199	161
1279	23	28	22
1280	53	49	49
1281	16	22	24
1282	0	0	0
1283	81	105	87
1284	8	4	11
1285	32	25	19
1286	13	12	18
1287	9	8	13
1288	41	41	39
1289	37	29	26
1290	18	16	21
1291	1	1	2
1292	13	7	6
1293	53	42	34
1294	4	3	2
1295	1	2	0
1296	7	11	14
1297	0	0	0
1298	0	0	0
1299	1	0	0
1300	9	12	4
1301	20	34	26
1302	15	14	14
1303	125	92	94
1304	11	6	13
1305	7	6	9
1306	180	231	170
1307	6	8	11
1308	40	37	45
1309	533	526	447
1310	24	16	21
1311	36	31	36
1312	31	21	29
1313	0	0	1
1314	2	1	0
1315	5	6	1
1316	19	15	18
1317	26	21	31
1318	27	33	33
1319	115	135	114
1320	31	18	23
1321	791	789	868
1322	4	2	4
1323	381	381	358
1324	432	434	458
1325	19	22	15
1326	1	2	4
1327	5	4	6
1328	14	10	14
1329	334	378	302
1330	43	66	45
1331	48	43	37
1332	13	12	8
1333	16	16	11
1334	16	9	12
1335	11	8	14
1336	19	18	13
1337	14	9	13
1338	35	28	16
1339	24	17	32
1340	46	41	80
1341	37	30	34
1342	6	9	5
1343	4	4	6
1344	15	11	18
1345	139	153	134
1346	14	20	31
1347	5	2	5
1348	0	0	0
1349	0	0	0
1350	0	0	0
1351	4	4	3
1352	7	10	11
1353	9	22	16
1354	114	95	86
1355	0	0	0
1356	54	57	47
1357	477	471	400
1358	5	6	0
1359	9	11	8
1360	3	7	4
1361	2	2	2
1362	66	56	48
1363	202	209	169
1364	5	8	5
1365	7	12	6
1366	29	35	24
1367	0	4	1
1368	69	64	65
1369	12	17	22
1370	88	86	93
1371	38	45	37
1372	6	13	8
1373	0	0	0
1374	0	1	3
1375	91	89	76
1376	1	2	3
1377	3	1	1
1378	36	47	37
1379	95	102	61
1380	0	0	0
1381	7	4	9
1382	35	15	19
1383	24	18	22
1384	21	19	21
1385	22	32	29
1386	9	10	11
1387	99	97	72
1388	7	2	2
1389	44	48	43
1390	371	327	321
1391	4	2	4
1392	180	157	161
1393	2	4	2
1394	18	13	10
1395	0	0	0
1396	71	72	72
1397	0	0	1
1398	27	31	35
1399	14	6	9
1400	1	1	1
1401	5	9	5
1402	4	6	3
1403	0	0	0
1404	0	0	0
1405	25	22	25
1406	8	6	5
1407	8	11	13
1408	6	15	12
1409	8	3	13
1410	3	6	4
1411	3	2	4
1412	2	3	1
1413	34	27	27
1414	0	0	1
1415	1	0	1
1416	4	3	2
1417	46	49	49
1418	150	223	179
1419	11	18	10
1420	35	40	35
1421	6	6	6
1422	2	1	0
1423	0	0	0
1424	0	0	1
1425	1	1	2
1426	7	4	2
1427	10	17	18
1428	4	2	3
1429	13	12	5
1430	90	103	91
1431	18	23	16
1432	24	34	25
1433	0	0	0
1434	7	4	6
1435	11	13	11
1436	1	0	0
1437	0	0	0
1438	0	0	0
1439	0	0	0
1440	14	18	13
1441	3	2	1
1442	4	5	9
1443	12	22	19
1444	28	27	13
1445	72	51	70
1446	19	27	23
1447	8	6	5
1448	11	6	12
1449	1	0	1
1450	0	0	0
1451	0	2	0
1452	30	15	21
1453	10	7	1
1454	27	28	28
1455	173	170	191
1456	29	36	38
1457	0	0	0
1458	23	14	27
1459	5	2	4
1460	24	20	17
1461	2	0	2
1462	7	7	11
1463	90	82	85
1464	15	16	15
1465	33	41	51
1466	1	2	3
1467	36	29	27
1468	2	2	3
1469	9	7	8
1470	5	5	5
1471	34	34	28
1472	32	38	17
1473	13	17	14
1474	3	3	4
1475	37	23	23
1476	14	24	25
1477	37	25	27
1478	474	409	421
1479	29	18	20
1480	54	39	46
1481	70	73	54
1482	37	30	37
1483	28	36	41
1484	14	21	18
1485	4	1	1
1486	0	3	3
1487	0	0	0
1488	37	32	32
1489	286	331	404
1490	7	5	2
1491	0	0	0
1492	11	4	5
1493	1	2	3
1494	28	19	28
1495	0	1	0
1496	43	72	44
1497	11	18	26
1498	1	0	0
1499	18	10	12
1500	8	8	11
1501	47	53	33
1502	497	399	409
1503	20	17	15
1504	4	2	0
1505	109	114	112
1506	0	0	0
1507	0	0	0
1508	60	40	43
1509	52	67	38
1510	7	11	26
1511	33	39	27
1512	1	1	1
1513	10	9	12
1514	2	12	4
1515	19	37	12
1516	2	3	5
1517	4	3	2
1518	276	293	255
1519	0	0	0
1520	39	31	17
1521	13	18	14
1522	13	19	15
1523	102	66	62
1524	4	2	3
1525	1	2	2
1526	2	3	0
1527	100	106	73
1528	64	56	61
1529	2	1	5
1530	53	59	26
1531	57	57	47
1532	19	21	32
1533	25	26	18
1534	6	15	4
1535	93	95	79
1536	25	20	16
1537	0	0	2
1538	15	12	13
1539	70	97	70
1540	60	46	37
1541	83	71	63
1542	0	1	0
1543	0	0	0
1544	89	94	57
1545	380	388	325
1546	0	0	0
1547	26	25	33
1548	0	0	0
1549	0	0	0
1550	202	158	189
1551	163	177	168
1552	68	63	48
1553	1	8	6
1554	12	17	19
1555	39	35	44
1556	77	76	54
1557	0	1	2
1558	1	0	0
1559	10	11	14
1560	29	30	24
1561	38	38	47
1562	25	25	15
1563	14	19	23
1564	4	1	1
1565	20	37	20
1566	92	103	91
1567	19	16	18
1568	0	0	0
1569	52	28	41
1570	37	37	34
1571	0	0	1
1572	45	48	40
1573	48	70	60
1574	1	1	2
1575	5	8	9
1576	4	10	8
1577	72	51	78
1578	54	52	44
1579	14	11	17
1580	273	289	318
1581	16	27	24
1582	0	0	0
1583	21	27	30
1584	151	165	149
1585	16	21	23
1586	13	6	5
1587	0	0	0
1588	1003	1045	1050
1589	0	0	0
1590	0	0	0
1591	1	2	4
1592	7	6	8
1593	1	3	1
1594	1	0	2
1595	12	5	6
1596	5	6	5
1597	4	6	2
1598	5	5	2
1599	1	0	2
1600	10	8	8
1601	21	21	13
1602	1	9	5
1603	37	39	39
1604	100	102	67
1605	13	23	18
1606	22	23	24
1607	1	0	0
1608	154	145	139
1609	83	57	72
1610	0	4	1
1611	0	0	0
1612	1	6	4
1613	8	4	8
1614	12	10	1
1615	52	47	63
1616	6	9	6
1617	1	0	0
1618	27	32	18
1619	20	21	14
1620	0	10	6
1621	15	12	18
1622	2	0	3
1623	0	0	1
1624	1	1	1
1625	90	105	116
1626	11	14	10
1627	2	0	0
1628	3	2	3
1629	586	597	543
1630	9	15	6
1631	25	35	38
1632	79	76	89
1633	23	15	14
1634	15	14	17
1635	11	11	8
1636	1	4	4
1637	18	9	20
1638	43	29	26
1639	3	3	3
1640	55	39	51
1641	36	31	26
1642	805	759	984
1643	8	5	5
1644	0	1	0
1645	5	12	12
1646	27	19	29
1647	3	5	3
1648	64	77	59
1649	0	3	1
1650	850	877	842
1651	27	31	25
1652	5	1	0
1653	63	53	46
1654	12	18	8
1655	156	137	104
1656	5	3	2
1657	3	2	5
1658	106	103	123
1659	49	50	57
1660	1	0	0
1661	6	15	13
1662	23	21	14
1663	4	12	4
1664	10	12	7
1665	8	5	10
1666	0	0	0
1667	58	55	55
1668	0	0	1
1669	140	119	130
1670	79	81	72
1671	11	11	10
1672	39	30	26
1673	7	11	9
1674	10	11	7
1675	1	1	1
1676	22	29	10
1677	66	59	46
1678	61	47	48
1679	4	9	5
1680	92	88	67
1681	21	27	18
1682	30	24	24
1683	71	83	38
1684	79	80	71
1685	100	95	92
1686	8	4	4
1687	1	3	2
1688	4	4	3
1689	1	0	0
1690	0	2	4
1691	0	0	0
1692	3	0	2
1693	0	0	0
1694	0	1	0
1695	1	3	2
1696	9	8	3
1697	0	1	0
1698	0	0	0
1699	3	5	4
1700	44	44	32
1701	22	13	17
1702	150	146	138
1703	3	3	2
1704	108	132	133
1705	270	245	275
1706	337	343	395
1707	49	41	45
1708	3	3	4
1709	19	19	18
1710	8	5	4
1711	1	1	0
1712	72	79	46
1713	14	6	11
1714	20	27	15
1715	47	33	37
1716	85	80	62
1717	27	36	30
1718	606	564	596
1719	10	5	7
1720	13	8	7
1721	76	73	74
1722	0	0	0
1723	0	1	0
1724	8	6	7
1725	34	21	29
1726	11	6	1
1727	65	59	70
1728	22	26	21
1729	2162	2002	2199
1730	0	0	0
1731	10	8	11
1732	1	1	1
1733	197	188	180
1734	48	31	44
1735	81	71	84
1736	1	1	1
1737	13	6	8
1738	30	24	37
1739	43	36	30
1740	10	15	11
1741	503	466	381
1742	0	0	0
1743	14	20	15
1744	14	8	11
1745	6	0	3
1746	19	19	14
1747	9	11	6
1748	8	7	4
1749	6	8	2
1750	3	7	2
1751	26	16	18
1752	185	203	214
1753	31	21	21
1754	8	3	5
1755	0	0	0
1756	31	33	24
1757	35	34	31
1758	16	13	22
1759	25	24	34
1760	0	2	0
1761	73	74	81
1762	5	4	2
1763	1	1	1
1764	0	0	0
1765	0	0	0
1766	0	1	1
1767	25	18	18
1768	0	0	0
1769	0	0	0
1770	164	151	169
1771	267	259	272
1772	12	7	12
1773	15	11	12
1774	21	19	17
1775	12	9	4
1776	87	106	88
1777	5	6	7
1778	596	631	679
1779	48	60	79
1780	46	40	57
1781	394	354	285
1782	591	584	740
1783	25	9	17
1784	89	76	106
1785	17	11	8
1786	0	0	0
1787	113	128	93
1788	94	75	66
1789	22	36	21
1790	9	5	11
1791	3	9	7
1792	4	3	9
1793	0	2	0
1794	2	4	1
1795	16	25	17
1796	314	278	256
1797	1185	1134	1101
1798	17	27	22
1799	7	6	4
1800	3	3	7
1801	17	11	12
1802	9	4	8
1803	67	45	68
1804	14	8	10
1805	704	746	668
1806	4	11	6
1807	68	42	45
1808	14	9	10
1809	97	87	99
1810	8	10	10
1811	1	1	0
1812	11	20	16
1813	4	2	1
1814	16	15	17
1815	7	9	10
1816	4	6	10
1817	25	29	33
1818	15	13	18
1819	1	1	0
1820	4	5	4
1821	8	8	6
1822	292	354	331
1823	173	179	190
1824	39	46	49
1825	1	0	0
1826	10	18	18
1827	8	8	9
1828	120	97	99
1829	3	6	6
1830	5	3	4
1831	4	8	11
1832	19	18	23
1833	2	1	2
1834	32	33	40
1835	133	105	93
1836	4	4	4
1837	68	49	65
1838	72	67	60
1839	3	5	6
1840	8	3	5
1841	53	42	37
1842	41	29	30
1843	56	44	30
1844	52	43	37
1845	3	5	5
1846	1	3	2
1847	90	76	53
1848	34	20	19
1849	4	1	0
1850	2	2	1
1851	261	214	247
1852	22	13	16
1853	3	4	4
1854	333	328	281
1855	26	28	26
1856	1	3	2
1857	3	1	5
1858	50	23	20
1859	1	3	4
1860	2	6	9
1861	80	80	86
1862	17	16	17
1863	9	8	6
1864	7	12	13
1865	3	9	2
1866	144	135	127
1867	3	1	6
1868	289	270	283
1869	2	9	7
1870	110	100	88
1871	18	15	16
1872	39	47	61
1873	18	12	11
1874	27	30	17
1875	7	4	15
1876	17	17	18
1877	146	103	131
1878	30	22	31
1879	24	17	7
1880	15	20	12
1881	314	312	281
1882	71	65	67
1883	8	7	6
1884	4	9	2
1885	83	61	56
1886	128	93	127
1887	4	2	3
1888	0	1	0
1889	9	17	10
1890	14	12	13
1891	12	11	9
1892	2	1	3
1893	1	1	0
1894	55	59	44
1895	0	0	0
1896	77	59	55
1897	65	79	49
1898	16	11	8
1899	8	9	3
1900	3	0	1
1901	1	5	3
1902	4	7	5
1903	3	2	3
1904	0	1	0
1905	12	5	8
1906	34	40	28
1907	17	9	14
1908	8	12	8
1909	1	0	1
1910	4	3	0
1911	18	16	15
1912	78	93	52
1913	65	62	92
1914	32	32	32
1915	0	2	1
1916	6	7	4
1917	0	0	0
1918	68	90	79
1919	3	1	5
1920	76	53	61
1921	0	0	0
1922	44	41	37
1923	63	62	46
1924	11	17	37
1925	3	3	4
1926	43	49	30
1927	10	13	14
1928	61	67	56
1929	0	1	2
1930	0	0	0
1931	9	7	0
1932	25	24	19
1933	3	4	3
1934	45	45	57
1935	87	97	75
1936	5	3	2
1937	0	0	1
1938	0	0	0
1939	331	344	341
1940	1	1	3
1941	126	139	145
1942	43	39	42
1943	2	1	0
1944	6	2	10
1945	9	8	10
1946	5	10	2
1947	22	14	19
1948	3	6	4
1949	9	5	8
1950	3	3	3
1951	7	9	9
1952	48	56	60
1953	1	0	0
1954	3	3	2
1955	0	0	1
1956	44	56	45
1957	0	0	0
1958	6	5	5
1959	0	0	0
1960	263	231	258
1961	38	34	33
1962	42	22	19
1963	27	23	30
1964	10	13	11
1965	9	9	7
1966	2	0	1
1967	1	0	1
1968	2	2	3
1969	107	110	122
1970	107	107	72
1971	1	1	2
1972	0	0	1
1973	6	5	4
1974	8	14	9
1975	1	1	2
1976	14	8	17
1977	123	125	136
1978	54	32	45
1979	131	122	97
1980	0	0	0
1981	47	36	31
1982	101	86	66
1983	3	4	4
1984	5	5	8
1985	1	2	6
1986	7	9	9
1987	4	7	6
1988	0	1	0
1989	3	3	5
1990	8	5	9
1991	26	28	29
1992	233	234	197
1993	0	0	0
1994	0	0	0
1995	43	62	47
1996	88	90	81
1997	10	6	6
1998	24	28	25
1999	24	26	20
2000	9	5	5
2001	4	7	1
2002	9	9	9
2003	19	22	14
2004	23	23	27
2005	19	18	12
2006	9	15	4
2007	230	205	145
2008	9	4	6
2009	15	19	18
2010	23	16	25
2011	1	0	1
2012	75	62	51
2013	6	8	4
2014	51	48	30
2015	6	3	5
2016	10	7	5
2017	0	1	2
2018	0	0	0
2019	7	6	7
2020	3	4	5
2021	2	1	0
2022	25	33	28
2023	10	7	5
2024	46	71	42
2025	19	20	15
2026	95	112	66
2027	36	45	35
2028	122	113	84
2029	133	98	82
2030	13	12	12
2031	339	334	331
2032	52	45	57
2033	4	5	8
2034	6	8	2
2035	18	12	14
2036	10	7	8
2037	4	7	4
2038	37	40	23
2039	20	30	15
2040	35	29	30
2041	67	65	57
2042	30	53	42
2043	14	19	10
2044	1	3	4
2045	4	1	3
2046	0	0	1
2047	8	8	8
2048	43	34	37
2049	265	293	249
2050	1	1	0
2051	1	0	1
2052	29	31	25
2053	50	77	58
2054	59	58	82
2055	0	0	0
2056	0	2	1
2057	7	10	13
2058	14	13	22
2059	34	28	21
2060	98	110	113
2061	18	18	13
2062	4	5	6
2063	0	0	0
2064	0	0	0
2065	11	13	5
2066	10	21	22
2067	727	691	545
2068	1	2	5
2069	2	2	0
2070	0	0	0
2071	0	0	0
2072	3	8	9
2073	27	32	26
2074	3	7	5
2075	41	33	22
2076	0	0	0
2077	11	9	5
2078	0	0	0
2079	3	8	5
2080	28	26	19
2081	55	68	45
2082	4	2	4
2083	0	1	2
2084	71	67	50
2085	8	9	7
2086	8	9	8
2087	242	209	208
2088	2	2	3
2089	138	145	133
2090	252	227	235
2091	48	41	34
2092	0	0	0
2093	226	215	216
2094	1	7	1
2095	0	1	3
2096	3	8	5
2097	3	2	1
2098	0	1	0
2099	3	1	3
2100	6	3	7
2101	2	5	3
2102	4	1	6
2103	59	57	57
2104	0	0	0
2105	7	4	5
2106	0	0	0
2107	222	225	223
2108	13	7	5
2109	1	1	1
2110	0	0	0
2111	58	74	77
2112	0	0	0
2113	18	18	24
2114	15	16	7
2115	2	2	2
2116	11	12	12
2117	24	18	25
2118	2	2	3
2119	1	0	0
2120	0	0	0
2121	0	0	0
2122	434	393	460
2123	16	17	16
2124	1	3	2
2125	0	0	0
2126	3	2	1
2127	0	0	0
2128	371	310	250
2129	0	0	0
2130	2	5	2
2131	251	223	226
2132	13	9	11
2133	115	97	96
2134	5	3	2
2135	0	0	0
2136	56	58	59
2137	21	16	15
2138	68	65	50
2139	44	46	47
2140	7	8	16
2141	0	0	0
2142	201	160	169
2143	12	13	8
2144	45	28	30
2145	32	34	33
2146	293	261	247
2147	2	1	2
2148	62	45	73
2149	1	3	2
2150	14	19	17
2151	18	13	9
2152	1	0	0
2153	5	2	3
2154	37	33	26
2155	119	123	117
2156	117	96	95
2157	3	6	8
2158	0	0	0
2159	1428	1538	1478
2160	1	1	1
2161	27	20	31
2162	31	33	33
2163	9	7	8
2164	42	35	45
2165	1	0	0
2166	1	6	1
2167	12	5	4
2168	5	3	4
2169	70	52	57
2170	17	14	5
2171	0	0	0
2172	1	0	0
2173	6	9	7
2174	10	4	3
2175	66	83	62
2176	7	15	3
2177	1	5	2
2178	0	1	1
2179	1	3	3
2180	1	4	2
2181	11	10	13
2182	5	10	13
2183	3	3	2
2184	1	3	0
2185	56	55	48
2186	1	1	1
2187	250	322	301
2188	12	12	13
2189	88	93	92
2190	1	8	4
2191	0	0	0
2192	40	39	32
2193	0	1	2
2194	0	1	2
2195	46	51	49
2196	10	9	15
2197	9	13	12
2198	10	15	7
2199	4	4	5
2200	1	1	0
2201	123	132	134
2202	0	4	2
2203	1	3	2
2204	1	1	2
2205	39	52	39
2206	1	1	0
2207	2	2	4
2208	25	28	16
2209	0	0	0
2210	688	694	701
2211	0	0	0
2212	0	0	0
2213	12	3	13
2214	27	24	30
2215	28	31	19
2216	39	48	45
2217	10	8	18
2218	28	25	19
2219	28	27	21
2220	419	420	400
2221	16	16	15
2222	11	17	8
2223	6	7	2
2224	5	3	2
2225	15	13	15
2226	46	40	34
2227	27	31	35
2228	4	4	5
2229	12	9	9
2230	10	15	7
2231	20	13	10
2232	0	0	1
2233	2	0	4
2234	9	7	7
2235	10	9	10
2236	0	0	0
2237	24	29	20
2238	93	71	111
2239	63	87	69
2240	6	7	3
2241	10	13	9
2242	27	36	22
2243	3	1	0
2244	13	11	14
2245	149	160	166
2246	6	12	16
2247	44	66	62
2248	53	36	39
2249	15	12	12
2250	7	8	4
2251	14	4	14
2252	15	17	16
2253	0	0	0
2254	0	1	0
2255	0	1	1
2256	10	6	13
2257	5	7	1
2258	0	0	0
2259	0	0	1
2260	24	24	35
2261	4	0	1
2262	6	9	6
2263	24	23	15
2264	5	3	4
2265	1	1	1
2266	114	109	95
2267	26	29	33
2268	33	25	23
2269	17	10	11
2270	20	15	15
2271	7	2	3
2272	210	220	209
2273	0	0	0
2274	12	17	17
2275	2	0	1
2276	32	40	31
2277	114	84	109
2278	2	6	3
2279	1	0	0
2280	15	13	15
2281	168	146	168
2282	23	27	20
2283	34	18	39
2284	12	13	9
2285	4	2	2
2286	26	25	20
2287	0	0	0
2288	2	3	2
2289	9	10	4
2290	0	0	0
2291	26	22	15
2292	7	11	11
2293	76	79	61
2294	17	22	23
2295	29	21	21
2296	6	6	5
2297	102	101	90
2298	11	9	10
2299	168	159	183
2300	13	19	14
2301	121	119	90
2302	2	0	0
2303	22	22	9
2304	0	0	0
2305	1	0	1
2306	8	8	7
2307	15	14	16
2308	31	25	18
2309	1	4	1
2310	18	27	15
2311	48	51	43
2312	0	0	1
2313	12	7	17
2314	10	13	14
2315	3	5	5
2316	60	61	47
2317	2	4	7
2318	296	320	293
2319	2	3	4
2320	70	71	45
2321	3	2	1
2322	25	22	33
2323	1	1	2
2324	30	13	16
2325	762	707	681
2326	4	0	3
2327	4	11	8
2328	1	1	0
2329	55	61	38
2330	19	24	11
2331	31	38	29
2332	11	11	10
2333	15	12	19
2334	224	217	225
2335	8	10	8
2336	0	0	0
2337	47	45	45
2338	33	19	17
2339	18	27	21
2340	3	8	6
2341	2	0	1
2342	6	3	4
2343	9	6	11
2344	38	41	40
2345	3	1	0
2346	6	5	8
2347	217	195	192
2348	28	25	18
2349	30	39	19
2350	65	84	73
2351	117	126	132
2352	4	1	0
2353	0	2	3
2354	668	664	660
2355	31	38	27
2356	62	47	46
2357	0	0	1
2358	161	160	158
2359	1	0	0
2360	0	0	0
2361	16	9	7
2362	6	4	6
2363	8	8	2
2364	1	0	1
2365	9	14	15
2366	0	1	0
2367	1	1	1
2368	0	0	0
2369	41	59	55
2370	203	198	163
2371	23	23	20
2372	84	90	80
2373	49	51	42
2374	56	59	53
2375	4	12	10
2376	3	0	0
2377	4	5	10
2378	41	43	57
2379	27	40	27
2380	42	18	22
2381	13	7	7
2382	67	78	102
2383	6	7	4
2384	1	1	2
2385	2	10	1
2386	0	0	0
2387	73	48	53
2388	0	1	1
2389	0	0	0
2390	118	108	104
2391	61	56	62
2392	31	38	35
2393	2	10	5
2394	23	9	24
2395	1	0	7
2396	4	5	2
2397	1	3	2
2398	13	15	9
2399	3	7	2
2400	104	91	75
2401	34	29	22
2402	231	193	247
2403	2	4	9
2404	0	4	0
2405	0	0	0
2406	0	2	3
2407	2	7	0
2408	16	21	10
2409	16	6	8
2410	5	2	5
2411	16	22	21
2412	7	6	8
2413	92	76	90
2414	71	62	65
2415	3	2	4
2416	57	62	50
2417	620	680	664
2418	37	32	33
2419	13	7	5
2420	40	24	28
2421	32	29	36
2422	8	9	6
2423	18	22	16
2424	20	23	21
2425	8	15	6
2426	17	18	19
2427	12	19	14
2428	9	10	10
2429	335	329	352
2430	15	14	15
2431	92	77	93
2432	16	19	10
2433	2	1	6
2434	15	14	17
2435	6	3	0
2436	2	4	3
2437	12	12	12
2438	7	6	5
2439	5	6	8
2440	51	45	58
2441	0	1	0
2442	1089	995	965
2443	11	13	18
2444	18	17	31
2445	0	3	3
2446	0	2	1
2447	0	0	1
2448	6	6	5
2449	76	67	63
2450	17	22	13
2451	2	2	1
2452	21	23	9
2453	2	3	2
2454	1	0	1
2455	19	21	27
2456	6	2	5
2457	62	67	82
2458	47	56	50
2459	26	36	15
2460	50	40	31
2461	189	196	129
2462	22	21	20
2463	0	4	2
2464	0	0	1
2465	119	138	121
2466	0	5	3
2467	0	1	4
2468	16	4	25
2469	24	31	20
2470	10	4	7
2471	84	63	71
2472	0	0	3
2473	61	66	68
2474	10	10	17
2475	0	0	0
2476	48	49	64
2477	7	7	6
2478	6	9	15
2479	3	0	0
2480	60	50	40
2481	3	5	5
2482	131	130	125
2483	16	24	15
2484	0	2	0
2485	9	12	14
2486	212	176	228
2487	49	59	53
2488	27	35	15
2489	115	111	123
2490	53	39	59
2491	1	6	1
2492	16	14	23
2493	84	72	69
2494	4	1	2
2495	6	10	8
2496	16	23	19
2497	7	9	6
2498	76	80	85
2499	1	2	2
2500	25	18	31
2501	0	0	0
2502	3	5	5
2503	15	19	11
2504	4	5	7
2505	35	25	24
2506	30	33	28
2507	97	67	70
2508	76	79	56
2509	7	3	11
2510	0	0	0
2511	11	17	24
2512	61	64	62
2513	8	1	12
2514	0	2	0
2515	97	84	65
2516	93	78	61
2517	98	99	72
2518	8	8	3
2519	27	35	20
2520	70	34	52
2521	123	106	147
2522	4	2	0
2523	67	72	75
2524	10	10	5
2525	1	2	0
2526	0	1	2
2527	2	0	2
2528	7	4	13
2529	10	15	11
2530	0	0	0
2531	6	3	5
2532	216	167	194
2533	114	134	123
2534	0	0	0
2535	146	185	182
2536	16	12	12
2537	292	291	259
2538	0	0	0
2539	0	0	0
2540	2	3	4
2541	2	6	3
2542	8	12	2
2543	230	248	260
2544	7	11	3
2545	75	78	85
2546	1	2	2
2547	230	185	227
2548	320	333	251
2549	22	9	11
2550	53	54	48
2551	193	164	143
2552	0	0	0
2553	20	15	15
2554	21	14	11
2555	76	75	66
2556	14	14	14
2557	0	0	0
2558	67	66	67
2559	0	0	0
2560	120	95	85
2561	13	10	7
2562	2	2	0
2563	7	1	11
2564	58	31	35
2565	0	0	0
2566	0	0	1
2567	665	629	603
2568	0	1	0
2569	32	40	24
2570	38	46	29
2571	24	24	18
2572	38	46	44
2573	25	16	20
2574	7	5	4
2575	1	1	0
2576	0	3	2
2577	508	490	497
2578	29	31	36
2579	193	195	164
2580	18	14	18
2581	0	0	1
2582	1	3	3
2583	6	8	2
2584	6	2	2
2585	24	22	16
2586	0	1	0
2587	7	3	0
2588	149	145	129
2589	10	18	10
2590	10	6	11
2591	7	2	4
2592	16	13	11
2593	53	67	70
2594	0	0	0
2595	15	14	19
2596	14	10	18
2597	6	6	7
2598	40	57	42
2599	10	2	4
2600	2	0	2
2601	0	0	0
2602	80	74	62
2603	2	2	1
2604	192	162	192
2605	0	0	1
2606	0	0	0
2607	4	2	3
2608	10	8	11
2609	122	99	106
2610	20	19	15
2611	0	0	0
2612	1	1	1
2613	1	1	0
2614	1	0	0
2615	0	3	0
2616	2	5	4
2617	0	0	3
2618	19	15	8
2619	0	0	0
2620	21	21	20
2621	31	15	22
2622	117	108	113
2623	5	10	5
2624	0	1	1
2625	0	0	0
2626	0	0	0
2627	4	3	5
2628	0	0	0
2629	12	13	15
2630	39	45	54
2631	3	2	3
2632	2	2	1
2633	12	15	7
2634	5	6	0
2635	11	13	5
2636	39	43	35
2637	3	1	2
2638	0	2	0
2639	6	8	8
2640	0	0	0
2641	40	42	30
2642	1	2	3
2643	21	29	21
2644	11	7	12
2645	7	1	6
2646	6	2	1
2647	3	1	2
2648	1	1	3
2649	48	54	47
2650	119	107	99
2651	12	9	10
2652	14	19	17
2653	11	6	9
2654	31	31	19
2655	1	5	4
2656	3	7	17
2657	43	52	39
2658	37	47	30
2659	8	15	10
2660	2	7	3
2661	3	5	2
2662	16	21	15
2663	7	7	18
2664	46	32	48
2665	56	67	78
2666	5	6	1
2667	11	21	19
2668	2	2	3
2669	2	5	3
2670	2	4	6
2671	4	4	3
2672	0	1	0
2673	0	1	1
2674	22	26	22
2675	23	21	28
2676	0	0	1
2677	8	3	6
2678	6	5	5
2679	22	12	12
2680	0	0	0
2681	1	0	1
2682	36	23	29
2683	0	0	0
2684	0	0	0
2685	0	0	0
2686	0	0	0
2687	0	0	0
2688	128	117	119
2689	34	31	17
2690	17	17	21
2691	11	12	11
2692	0	0	1
2693	22	22	19
2694	4	1	5
2695	41	48	33
2696	3	3	9
2697	12	17	11
2698	12	7	4
2699	42	39	22
2700	0	0	0
2701	15	16	15
2702	47	37	39
2703	7	10	6
2704	11	8	8
2705	3	5	9
2706	12	18	7
2707	9	16	9
2708	2	2	0
2709	25	27	12
2710	6	10	15
2711	55	43	44
2712	25	16	29
2713	44	52	54
2714	2	6	6
2715	31	23	36
2716	0	0	0
2717	0	0	0
2718	0	2	1
2719	3	2	3
2720	12	9	10
2721	0	0	0
2722	90	61	63
2723	9	14	13
2724	184	164	227
2725	84	99	142
2726	0	0	0
2727	43	47	34
2728	6	5	1
2729	21	31	28
2730	132	120	136
2731	0	0	0
2732	1	0	1
2733	4	5	3
2734	0	0	0
2735	0	0	0
2736	0	1	1
2737	25	30	20
2738	21	25	20
2739	2	6	2
2740	10	10	13
2741	6	4	4
2742	51	54	50
2743	119	116	74
2744	0	0	0
2745	8	13	12
2746	1	2	1
2747	11	12	21
2748	1	0	0
2749	9	13	18
2750	58	49	57
2751	11	7	15
2752	7	12	6
2753	16	14	14
2754	15	18	13
2755	10	12	14
2756	265	271	243
2757	0	0	0
2758	0	0	0
2759	19	18	21
2760	43	37	24
2761	0	0	0
2762	30	27	28
2763	550	487	435
2764	42	53	23
2765	30	14	27
2766	8	9	7
2767	9	12	5
2768	12	19	14
2769	963	925	923
2770	0	0	0
2771	8	4	6
2772	82	68	45
2773	1	2	2
2774	6	12	8
2775	7	6	8
2776	23	26	20
2777	4	1	1
2778	2	1	3
2779	257	266	257
2780	298	324	320
2781	11	16	19
2782	17	18	14
2783	0	0	0
2784	6	4	0
2785	0	0	0
2786	6	7	8
2787	1	3	2
2788	107	74	69
2789	12	22	14
2790	11	11	9
2791	4	7	0
2792	4	5	2
2793	706	706	709
2794	83	86	89
2795	461	550	498
2796	0	0	0
2797	99	75	82
2798	0	0	0
2799	25	29	20
2800	13	16	8
2801	363	296	286
2802	20	28	23
2803	13	10	10
2804	34	23	14
2805	3	0	3
2806	59	56	66
2807	886	756	796
2808	34	27	26
2809	207	218	173
2810	14	17	27
2811	39	33	33
2812	5	8	9
2813	11	5	11
2814	2	7	8
2815	0	0	0
2816	7	4	6
2817	4	9	9
2818	0	0	0
2819	4	3	3
2820	199	224	230
2821	33	19	21
2822	30	32	37
2823	1	1	0
2824	32	28	26
2825	66	67	63
2826	263	247	277
2827	10	14	10
2828	0	0	0
2829	7	6	7
2830	1358	1276	1348
2831	244	284	233
2832	231	192	195
2833	0	0	0
2834	244	199	200
2835	43	49	38
2836	7	11	8
2837	29	30	24
2838	17	10	12
2839	3	1	6
2840	359	303	408
2841	19	21	18
2842	2	1	0
2843	1	2	3
2844	168	139	112
2845	14	14	18
2846	1114	971	1022
2847	8	6	7
2848	8	3	7
2849	1	1	0
2850	78	62	40
2851	15	15	10
2852	10	7	10
2853	45	50	38
2854	16	6	17
2855	15	14	14
2856	44	43	15
2857	13	15	16
2858	106	110	119
2859	9	4	11
2860	1	0	1
2861	5	5	8
2862	20	18	18
2863	7	6	2
2864	0	0	0
2865	18	8	7
2866	0	0	0
2867	27	20	19
2868	0	0	0
2869	0	0	0
2870	0	0	0
2871	437	484	409
2872	0	0	0
2873	30	33	27
2874	196	246	174
2875	68	131	82
2876	18	17	15
2877	157	129	117
2878	18	9	19
2879	1	0	0
2880	9	6	1
2881	1	8	7
2882	34	26	17
2883	3	4	3
2884	30	25	23
2885	18	16	10
2886	12	13	9
2887	0	0	0
2888	4	6	8
2889	10	19	14
2890	84	67	66
2891	29	26	36
2892	2	2	1
2893	3	4	10
2894	21	21	11
2895	20	16	17
2896	24	24	34
2897	5	9	4
2898	9	12	8
2899	29	26	23
2900	50	48	41
2901	1	0	0
2902	13	9	7
2903	47	34	33
2904	175	187	149
2905	59	62	56
2906	320	296	294
2907	0	0	0
2908	5	6	5
2909	15	18	18
2910	36	33	44
2911	15	23	7
2912	10	9	14
2913	83	77	73
2914	14	18	11
2915	26	24	25
2916	13	10	12
2917	15	23	21
2918	8	13	7
2919	7	4	3
2920	0	0	0
2921	2	1	1
2922	4	2	3
2923	46	44	42
2924	0	0	2
2925	25	28	20
2926	7	9	9
2927	80	65	104
2928	6	5	5
2929	9	11	9
2930	9	9	13
2931	23	16	12
2932	102	79	83
2933	98	84	83
2934	8	3	6
2935	85	76	112
2936	5	4	2
2937	1	1	1
2938	40	36	49
2939	50	41	34
2940	83	98	69
2941	26	33	23
2942	4	3	4
2943	6	8	4
2944	40	38	18
2945	16	18	19
2946	81	133	92
2947	2	2	1
2948	19	15	24
2949	6	5	3
2950	0	2	1
2951	166	164	194
2952	0	0	0
2953	7	6	4
2954	3	0	2
2955	8	5	7
2956	7	9	13
2957	9	11	18
2958	2	0	2
2959	1	0	0
2960	10	6	10
2961	4	6	9
2962	52	36	46
2963	36	21	31
2964	49	50	44
2965	5	4	4
2966	30	34	21
2967	0	0	0
2968	5	3	3
2969	5	9	5
2970	12	10	8
2971	21	24	33
2972	48	45	34
2973	92	104	86
2974	0	1	0
2975	37	48	53
2976	30	14	21
2977	34	39	53
2978	17	16	22
2979	0	0	0
2980	0	0	0
2981	2	2	2
2982	13	9	5
2983	45	50	57
2984	80	76	69
2985	3	1	0
2986	0	0	1
2987	337	362	374
2988	1	0	1
2989	42	53	31
2990	3	3	4
2991	29	25	26
2992	9	8	20
2993	0	0	0
2994	19	19	19
2995	13	27	29
2996	8	13	12
2997	4	2	6
2998	145	125	134
2999	6	7	11
3000	749	660	732
3001	8	4	7
3002	4	0	3
3003	3	7	10
3004	30	29	31
3005	0	0	0
3006	4	6	2
3007	14	17	22
3008	14	28	11
3009	51	70	50
3010	0	5	1
3011	4	1	7
3012	37	39	27
3013	77	68	114
3014	1	0	1
3015	44	28	49
3016	44	44	29
3017	2	1	8
3018	3	9	6
3019	20	14	18
3020	43	33	32
3021	0	0	0
3022	48	42	27
3023	61	73	62
3024	162	106	126
3025	3	6	11
3026	27	22	35
3027	67	66	55
3028	881	925	828
3029	70	59	46
3030	1	1	1
3031	0	0	1
3032	8	3	0
3033	2	1	3
3034	12	10	9
3035	13	17	19
3036	13	11	8
3037	47	14	16
3038	144	114	131
3039	105	112	113
3040	12	13	6
3041	53	58	70
3042	5	7	4
3043	120	116	107
3044	3	2	4
3045	21	11	8
3046	23	11	13
3047	85	88	75
3048	3	6	6
3049	19	20	19
3050	353	341	248
3051	5	7	8
3052	6	8	7
3053	0	0	0
3054	59	59	45
3055	38	38	34
3056	16	8	12
3057	103	72	73
3058	12	13	15
3059	28	14	22
3060	25	22	26
3061	17	22	16
3062	46	56	77
3063	8	6	7
3064	19	15	17
3065	23	40	21
3066	6	9	7
3067	89	84	77
3068	86	92	106
3069	0	1	1
3070	7	10	14
3071	63	61	72
3072	9	8	3
3073	15	14	14
3074	23	36	29
3075	11	10	16
3076	4	1	5
3077	0	1	0
3078	3	12	7
3079	16	16	12
3080	4	3	2
3081	3	8	9
3082	7	3	6
3083	8	21	15
3084	13	32	33
3085	0	0	0
3086	5	11	3
3087	150	167	156
3088	25	23	22
3089	69	69	68
3090	18	9	12
3091	5	12	8
3092	245	255	238
3093	5	5	6
3094	3	5	2
3095	32	44	38
3096	0	0	0
3097	0	0	0
3098	12	10	10
3099	4	4	6
3100	2	2	0
3101	1	2	1
3102	61	58	67
3103	20	18	19
3104	123	102	112
3105	7	7	9
3106	6	6	3
3107	1	0	1
3108	14	6	8
3109	2	6	4
3110	75	65	113
3111	12	28	9
3112	11	15	11
3113	0	0	0
3114	17	10	5
3115	365	372	341
3116	28	30	25
3117	0	0	0
3118	33	24	39
3119	48	32	27
3120	9	6	9
3121	13	25	18
3122	19	9	21
3123	8	8	7
3124	4	3	3
3125	93	109	89
3126	8	12	10
3127	32	22	17
3128	55	62	69
3129	22	15	17
3130	22	21	23
3131	0	0	0
3132	0	1	0
3133	0	0	0
3134	37	27	21
3135	51	48	48
3136	0	0	0
3137	16	16	12
3138	9	10	11
3139	264	269	258
3140	5	0	0
3141	0	0	0
3142	148	170	177
3143	6	2	6
3144	39	47	44
3145	5	3	7
3146	44	51	41
3147	37	51	39
3148	1	1	0
3149	2	1	0
3150	14	18	18
3151	1	0	0
3152	18	18	11
3153	50	46	56
3154	5	6	4
3155	3	3	1
3156	19	23	18
3157	7	4	7
3158	20	13	16
3159	0	0	0
3160	1	1	0
3161	13	11	5
3162	5	8	4
3163	14	13	9
3164	30	20	32
3165	34	45	32
3166	4	2	3
3167	7	8	2
3168	37	27	25
3169	9	8	6
3170	0	0	1
3171	20	11	16
3172	0	0	0
3173	0	2	0
3174	13	12	20
3175	91	99	93
3176	20	14	17
3177	5	4	3
3178	1	3	6
3179	0	2	2
3180	23	17	23
3181	2340	2547	2787
3182	0	0	0
3183	0	0	1
3184	0	2	1
3185	2	1	3
3186	57	68	58
3187	32	47	29
3188	315	327	330
3189	0	1	0
3190	119	102	107
3191	1	0	1
3192	8	3	10
3193	2	7	3
3194	1	1	2
3195	11	5	14
3196	24	20	22
3197	2	2	2
3198	0	0	1
3199	161	150	110
3200	15	25	28
3201	2	2	1
3202	3	2	6
3203	4	4	3
3204	4	7	8
3205	36	26	26
3206	2942	2832	2842
3207	20	28	18
3208	269	229	221
3209	175	204	205
3210	38	29	15
3211	1	2	3
3212	0	0	0
3213	17	39	26
3214	11	15	16
3215	29	29	30
3216	2	7	6
3217	0	3	6
3218	203	184	158
3219	166	158	140
3220	40	34	39
3221	11	6	8
3222	267	226	211
3223	4	7	4
3224	3	4	3
3225	337	324	299
3226	29	22	21
3227	9	2	10
3228	127	121	131
3229	168	198	154
3230	2	1	4
3231	16	15	17
3232	23	14	9
3233	120	96	100
3234	19	12	10
3235	10	7	3
3236	3	4	3
3237	26	30	32
3238	135	120	109
3239	387	490	507
3240	59	41	37
3241	3	2	1
3242	1001	946	794
3243	6	6	6
3244	6	9	8
3245	18	16	21
3246	47	46	35
3247	0	1	0
3248	13	13	15
3249	1	2	1
3250	11	6	5
3251	0	0	1
3252	1	0	1
3253	27	25	29
3254	16	5	21
3255	14	24	21
3256	37	31	45
3257	14	18	14
3258	15	7	13
3259	25	5	12
3260	0	0	1
3261	16	13	19
3262	17	15	11
3263	0	1	1
3264	90	91	102
3265	0	2	0
3266	118	139	88
3267	1	5	4
3268	14	3	8
3269	17	8	6
3270	3	3	1
3271	37	42	61
3272	196	243	254
3273	1	2	0
3274	0	5	0
3275	11	8	6
3276	1	1	2
3277	6	1	5
3278	16	20	14
3279	19	16	16
3280	1	2	2
3281	1	1	0
3282	41	27	64
3283	3	3	2
3284	0	2	0
3285	0	0	0
3286	0	0	0
3287	0	0	1
3288	0	2	0
3289	0	0	0
3290	0	0	0
3291	3	3	3
3292	30	26	27
3293	669	636	664
3294	11	21	10
3295	39	46	31
3296	28	21	22
3297	48	56	47
3298	10	9	8
3299	1	2	1
3300	8	3	6
3301	4	3	3
3302	120	141	167
3303	101	118	167
3304	13	22	18
3305	16	21	18
3306	4	6	8
3307	99	104	88
3308	12	10	14
3309	8	9	10
3310	7	5	7
3311	19	23	30
3312	6	5	1
3313	81	71	67
3314	14	17	13
3315	10	15	14
3316	40	27	30
3317	58	63	63
3318	15	13	10
3319	63	53	62
3320	0	0	0
3321	4	5	3
3322	0	1	0
3323	8	15	16
3324	83	80	117
3325	1	2	0
3326	6	8	6
3327	9	12	4
3328	21	33	35
3329	2	0	0
3330	11	12	12
3331	0	2	0
3332	21	9	17
3333	5	2	3
3334	8	9	5
3335	3	3	0
3336	16	7	11
3337	1	3	0
3338	29	11	15
3339	8	8	8
3340	93	88	105
3341	314	311	315
3342	38	25	44
3343	0	0	0
3344	705	682	579
3345	3	4	5
3346	31	36	26
3347	21	19	31
3348	267	266	264
3349	14	20	9
3350	40	40	39
3351	16	11	9
3352	21	17	13
3353	0	2	0
3354	352	381	391
3355	1	3	1
3356	26	38	36
3357	125	139	99
3358	131	108	119
3359	0	2	1
3360	0	1	0
3361	20	17	24
3362	77	53	60
3363	8	9	6
3364	10	8	4
3365	19	16	22
3366	160	111	117
3367	26	27	27
3368	0	0	0
3369	118	130	116
3370	64	72	50
3371	17	20	16
3372	4	5	0
3373	57	56	53
3374	2	0	0
3375	21	35	26
3376	126	138	123
3377	7	2	11
3378	2	0	1
3379	177	147	200
3380	17	24	28
3381	95	103	85
3382	72	74	69
3383	36	31	29
3384	0	0	0
3385	0	0	0
3386	33	30	19
3387	6	6	5
3388	0	0	0
3389	9	10	6
3390	21	15	13
3391	1	0	2
3392	9	11	14
3393	80	80	71
3394	18	10	5
3395	51	39	26
3396	0	0	0
3397	413	372	422
3398	27	18	27
3399	0	0	0
3400	0	0	0
3401	0	0	0
3402	0	0	0
3403	0	0	0
3404	1	0	0
3405	6	4	4
3406	1	1	1
3407	4	2	2
3408	82	78	85
3409	100	89	77
3410	1	0	0
3411	20	27	16
3412	109	136	129
3413	3	3	8
3414	6	5	3
3415	0	0	0
3416	7	10	4
3417	1	0	3
3418	6	10	13
3419	0	0	1
3420	11	16	11
3421	11	7	7
3422	38	34	34
3423	9	7	15
3424	0	0	0
3425	23	33	43
3426	39	37	29
3427	15	17	7
3428	145	130	154
3429	3	6	4
3430	3	1	2
3431	185	168	143
3432	5	7	5
3433	24	17	14
3434	11	17	14
3435	8	8	7
3436	1	1	0
3437	61	87	52
3438	2	2	3
3439	4	7	2
3440	21	24	25
3441	106	120	140
3442	0	0	0
3443	21	23	12
3444	1	0	0
3445	16	18	12
3446	25	19	16
3447	0	0	0
3448	0	3	2
3449	0	0	0
3450	1	1	1
3451	0	0	0
3452	0	0	0
3453	7	9	11
3454	317	262	330
3455	9	4	9
3456	22	27	23
3457	5	9	7
3458	2	0	0
3459	127	111	148
3460	13	15	16
3461	9	16	16
3462	11	7	5
3463	0	0	0
3464	0	0	0
3465	21	14	22
3466	3	2	5
3467	1	0	1
3468	95	77	75
3469	1	2	2
3470	17	14	18
3471	0	0	0
3472	10	11	11
3473	17	14	11
3474	4	5	1
3475	4	9	5
3476	40	28	27
3477	59	56	53
3478	4	5	6
3479	38	46	37
3480	0	0	0
3481	33	35	34
3482	0	6	3
3483	77	76	76
3484	0	0	0
3485	18	18	35
3486	14	10	13
3487	15	12	15
3488	298	251	262
3489	4	2	3
3490	117	90	79
3491	0	1	0
3492	542	515	636
3493	32	29	53
3494	82	87	71
3495	235	240	248
3496	20	26	32
3497	7	0	3
3498	4	4	7
3499	6	6	4
3500	246	211	201
3501	9	16	12
3502	16	13	20
3503	1	2	0
3504	3	0	0
3505	3	2	3
3506	7	12	6
3507	37	46	57
3508	0	5	2
3509	151	147	168
3510	4	6	4
3511	42	39	39
3512	115	108	100
3513	16	14	9
3514	12	8	5
3515	5	0	4
3516	17	19	10
3517	0	1	1
3518	8	10	9
3519	24	27	39
3520	36	49	42
3521	42	38	37
3522	5	5	3
3523	3	2	3
3524	11	10	10
3525	64	86	58
3526	2	1	0
3527	163	132	137
3528	53	66	47
3529	25	22	19
3530	21	21	15
3531	2	1	3
3532	0	2	0
3533	5	1	7
3534	11	11	6
3535	3	0	1
3536	1	1	3
3537	13	9	20
3538	53	43	39
3539	90	93	79
3540	0	0	0
3541	16	7	10
3542	36	29	24
3543	0	3	1
3544	15	10	10
3545	18	21	19
3546	125	124	103
3547	131	143	134
3548	0	0	1
3549	18	19	17
3550	35	19	22
3551	57	69	55
3552	59	56	61
3553	20	4	4
3554	0	0	0
3555	7	7	6
3556	10	9	5
3557	65	71	59
3558	40	43	30
3559	4	1	0
3560	62	46	49
3561	0	2	2
3562	608	532	513
3563	33	39	41
3564	3	6	12
3565	5	4	5
3566	11	17	12
3567	83	77	78
3568	4	3	7
3569	14	11	7
3570	0	0	0
3571	47	55	36
3572	3	1	1
3573	18	10	10
3574	38	14	27
3575	24	17	13
3576	23	15	15
3577	37	24	31
3578	20	40	29
3579	127	129	104
3580	2	4	3
3581	76	108	69
3582	9	12	10
3583	1	0	2
3584	38	24	21
3585	0	0	0
3586	44	63	57
3587	29	29	30
3588	180	221	239
3589	3	4	1
3590	18	19	18
3591	5	10	9
3592	110	101	117
3593	34	29	24
3594	110	93	90
3595	70	78	52
3596	27	54	29
3597	3	7	2
3598	3	0	7
3599	104	120	85
3600	12	11	11
3601	46	38	29
3602	8	7	6
3603	2	3	4
3604	39	25	17
3605	0	0	0
3606	172	133	156
3607	1	1	3
3608	0	3	0
3609	3	1	0
3610	3	5	2
3611	16	16	23
3612	2	5	1
3613	4	5	4
3614	13	12	14
3615	7	2	2
3616	25	20	27
3617	0	0	0
3618	1	0	0
3619	12	10	23
3620	36	50	35
3621	6	4	2
3622	5	4	4
3623	1	3	1
3624	10	11	17
3625	32	32	32
3626	5	2	5
3627	4	4	4
3628	129	120	154
3629	11	7	10
3630	0	1	0
3631	9	7	8
3632	16	31	24
3633	66	56	62
3634	21	21	17
3635	442	450	423
3636	4	4	3
3637	1	0	1
3638	4	1	2
3639	14	10	13
3640	32	50	38
3641	0	0	0
3642	257	250	236
3643	0	0	0
3644	19	19	13
3645	5	5	6
3646	129	107	96
3647	8	4	6
3648	20	22	24
3649	0	2	0
3650	19	21	13
3651	0	0	0
3652	0	2	0
3653	22	32	19
3654	22	15	15
3655	0	0	0
3656	8	6	10
3657	0	0	0
3658	4	9	9
3659	38	36	32
3660	16	16	12
3661	135	134	99
3662	36	42	32
3663	3	2	1
3664	3	4	5
3665	8	9	8
3666	3	5	6
3667	14	9	13
3668	14	6	10
3669	183	166	195
3670	6	3	3
3671	3	4	0
3672	696	635	656
3673	0	0	1
3674	0	0	0
3675	496	514	555
3676	54	43	62
3677	44	33	25
3678	172	152	180
3679	151	130	129
3680	0	0	1
3681	0	0	0
3682	0	0	0
3683	32	29	26
3684	9	19	21
3685	0	1	0
3686	100	86	87
3687	13	22	24
3688	2	2	1
3689	230	216	181
3690	8	5	5
3691	56	65	57
3692	44	28	37
3693	9	9	8
3694	1	1	1
3695	23	11	41
3696	75	75	68
3697	19	18	19
3698	31	36	30
3699	77	68	87
3700	1	4	2
3701	46	35	37
3702	0	2	4
3703	22	26	27
3704	12	6	17
3705	0	0	0
3706	0	0	0
3707	0	1	0
3708	0	0	0
3709	7	3	6
3710	6	6	3
3711	5	5	3
3712	1	5	3
3713	0	0	0
3714	0	0	0
3715	5	8	3
3716	0	0	0
3717	1	2	2
3718	0	0	0
3719	5	9	6
3720	0	0	0
3721	11	6	9
3722	148	152	152
3723	5	6	5
3724	127	110	110
3725	19	15	19
3726	99	94	111
3727	128	155	164
3728	22	22	13
3729	67	60	44
3730	12	15	9
3731	3	3	8
3732	0	3	1
3733	1	1	3
3734	326	275	333
3735	78	66	56
3736	1	3	4
3737	15	11	13
3738	8	10	4
3739	90	95	55
3740	28	25	10
3741	2	12	9
3742	19	13	17
3743	8	4	10
3744	25	24	23
3745	31	8	30
3746	4	14	3
3747	7	9	16
3748	34	60	21
3749	16	18	31
3750	14	13	15
3751	1	2	2
3752	203	231	205
3753	4	1	1
3754	24	17	17
3755	1	0	2
3756	55	55	51
3757	6	10	6
3758	16	15	16
3759	22	15	14
3760	353	401	355
3761	1126	1040	911
3762	145	174	136
3763	11	19	11
3764	0	0	0
3765	7	6	3
3766	3	8	0
3767	99	119	94
3768	10	8	6
3769	4	7	9
3770	6	4	7
3771	160	180	168
3772	456	453	413
3773	7	11	11
3774	74	83	94
3775	6	3	3
3776	8	21	12
3777	12	13	9
3778	120	119	111
3779	0	1	1
3780	39	47	59
3781	44	42	30
3782	45	57	42
3783	6	7	8
3784	13	7	9
3785	17	10	8
3786	0	0	0
3787	123	141	153
3788	23	18	17
3789	57	53	52
3790	0	8	0
3791	0	0	0
3792	0	0	0
3793	3	4	2
3794	21	11	12
3795	68	69	66
3796	8	12	16
3797	144	126	144
3798	0	0	0
3799	75	74	56
3800	2	3	4
3801	24	20	26
3802	8	2	1
3803	20	13	11
3804	87	69	70
3805	17	23	20
3806	65	70	69
3807	6	5	1
3808	16	20	18
3809	0	0	0
3810	1	4	3
3811	6	3	10
3812	7	7	7
3813	18	9	12
3814	20	16	15
3815	12	11	7
3816	44	39	30
3817	17	9	9
3818	0	0	0
3819	51	39	56
3820	36	29	33
3821	3	5	5
3822	1	3	1
3823	3	3	3
3824	0	0	0
3825	15	19	11
3826	10	12	13
3827	8	8	11
3828	1	1	0
3829	5	5	4
3830	29	19	30
3831	48	54	61
3832	16	8	11
3833	24	31	20
3834	10	17	10
3835	0	0	0
3836	0	3	1
3837	0	1	0
3838	84	86	70
3839	33	40	37
3840	12	18	14
3841	181	185	167
3842	33	31	44
3843	17	24	18
3844	24	31	27
3845	3	6	3
3846	49	48	39
3847	3	7	4
3848	39	22	33
3849	1	11	4
3850	1	2	1
3851	73	69	50
3852	16	15	13
3853	11	8	9
3854	23	15	14
3855	21	15	21
3856	0	0	0
3857	14	5	4
3858	17	21	13
3859	8	7	13
3860	0	0	0
3861	4	1	1
3862	47	33	54
3863	71	68	60
3864	14	12	5
3865	0	0	0
3866	0	0	0
3867	8	12	5
3868	14	8	3
3869	16	11	11
3870	2	3	1
3871	41	33	27
3872	5	2	2
3873	0	0	1
3874	52	50	70
3875	0	2	0
3876	13	17	27
3877	11	16	12
3878	24	27	29
3879	12	13	4
3880	45	31	24
3881	43	43	37
3882	389	358	366
3883	0	0	0
3884	10	10	7
3885	0	0	1
3886	2866	2883	3020
3887	7	6	4
3888	81	69	62
3889	29	27	30
3890	2	2	1
3891	26	26	37
3892	516	496	429
3893	1	0	0
3894	9	8	6
3895	60	32	36
3896	117	104	102
3897	35	31	24
3898	24	21	23
3899	9	16	6
3900	8	8	7
3901	0	0	0
3902	11	7	14
3903	17	20	25
3904	34	27	30
3905	8	9	10
3906	49	45	46
3907	367	366	363
3908	19	14	12
3909	8	15	9
3910	30	20	18
3911	106	83	110
3912	0	1	3
3913	2	5	5
3914	0	1	0
3915	23	13	15
3916	5	4	1
3917	10	13	12
3918	7	10	10
3919	20	10	9
3920	39	18	26
3921	88	67	83
3922	66	72	61
3923	0	0	0
3924	31	31	41
3925	207	220	272
3926	25	20	20
3927	33	41	28
3928	9	7	7
3929	33	37	46
3930	4	2	3
3931	46	39	40
3932	33	26	30
3933	0	0	0
3934	51	43	48
3935	0	1	0
3936	5	5	4
3937	17	19	23
3938	1	1	0
3939	58	69	100
3940	144	143	130
3941	11	12	5
3942	0	0	0
3943	70	63	51
3944	0	1	0
3945	31	28	26
3946	7	2	3
3947	15	15	10
3948	13	17	11
3949	20	18	10
3950	27	21	19
3951	73	51	43
3952	0	0	0
3953	8	4	6
3954	7	11	6
3955	88	88	67
3956	2	0	1
3957	2	2	4
3958	44	44	48
3959	61	64	52
3960	7	5	7
3961	7	4	6
3962	1	1	1
3963	0	0	1
3964	7	11	9
3965	12	13	11
3966	3	1	0
3967	334	330	338
3968	51	42	40
3969	180	180	178
3970	41	46	46
3971	18	16	17
3972	17	23	17
3973	28	27	24
3974	0	0	1
3975	116	105	129
3976	4	8	12
3977	3	2	3
3978	211	220	153
3979	70	92	58
3980	43	34	39
3981	141	126	103
3982	155	149	168
3983	0	0	0
3984	1	4	3
3985	324	267	295
3986	31	62	34
3987	209	180	116
3988	1	0	2
3989	0	1	0
3990	21	25	21
3991	24	33	27
3992	9	4	10
3993	11	5	11
3994	15	11	8
3995	21	27	14
3996	43	57	38
3997	16	14	8
3998	24	31	18
3999	46	28	33
4000	0	0	0
4001	2	0	0
4002	5	4	10
4003	16	29	14
4004	164	147	152
4005	13	21	15
4006	92	90	115
4007	190	379	225
4008	15	14	11
4009	4	4	4
4010	10	4	7
4011	48	44	37
4012	24	44	19
4013	3	1	3
4014	64	76	77
4015	41	38	35
4016	123	98	135
4017	59	50	50
4018	77	83	98
4019	19	16	10
4020	1	3	1
4021	0	0	0
4022	884	870	828
4023	15	18	17
4024	11	16	7
4025	97	78	106
4026	16	12	15
4027	49	53	76
4028	8	7	3
4029	251	264	256
4030	348	310	251
4031	48	60	43
4032	73	62	67
4033	15	7	21
4034	7	1	2
4035	94	83	115
4036	16	14	18
4037	2	3	1
4038	180	191	204
4039	77	51	57
4040	20	14	23
4041	82	63	41
4042	4	3	2
4043	9	18	11
4044	25	16	21
4045	100	68	67
4046	4	1	3
4047	7	6	16
4048	17	8	13
4049	72	66	68
4050	14	23	16
4051	0	0	0
4052	3	5	3
4053	3	3	2
4054	13	6	6
4055	4	6	2
4056	5	5	5
4057	32	36	22
4058	2	2	3
4059	0	0	0
4060	4	17	1
4061	81	78	110
4062	193	187	193
4063	6	9	9
4064	18	19	13
4065	4	2	1
4066	1	1	2
4067	60	75	55
4068	3	2	0
4069	0	0	1
4070	2	1	0
4071	4	1	4
4072	1	0	1
4073	0	2	2
4074	12	13	17
4075	1	0	3
4076	49	64	55
4077	2	0	0
4078	0	0	0
4079	0	1	3
4080	1	1	1
4081	23	20	20
4082	0	0	0
4083	1	2	1
4084	25	17	18
4085	13	22	19
4086	1	1	2
4087	17	11	10
4088	5	4	5
4089	2	1	4
4090	58	38	41
4091	9	9	9
4092	3	4	2
4093	4	2	5
4094	1	0	0
4095	388	390	453
4096	0	0	0
4097	11	10	2
4098	48	43	63
4099	5	5	5
4100	32	42	28
4101	4	1	0
4102	7	8	7
4103	38	25	23
4104	9	12	10
4105	26	21	25
4106	0	0	0
4107	0	0	0
4108	114	81	93
4109	12	15	13
4110	36	31	36
4111	1	6	5
4112	14	14	15
4113	7	2	13
4114	10	7	9
4115	217	217	240
4116	6	6	5
4117	158	151	143
4118	1	0	1
4119	2	1	3
4120	2	8	7
4121	35	20	27
4122	1	1	2
4123	0	0	0
4124	0	0	0
4125	0	0	0
4126	0	0	0
4127	0	0	0
4128	0	0	0
4129	0	0	0
4130	31	43	53
4131	23	22	20
4132	58	71	54
4133	32	48	35
4134	11	12	9
4135	12	6	6
4136	2	3	3
4137	12	13	12
4138	12	8	5
4139	0	1	1
4140	0	0	0
4141	0	0	0
4142	0	0	0
4143	0	0	0
4144	61	66	51
4145	7	4	8
4146	16	17	19
4147	0	1	0
4148	0	0	0
4149	3	3	4
4150	0	0	0
4151	9	10	11
4152	51	45	57
4153	2	4	9
4154	26	24	29
4155	2	1	2
4156	15	17	15
4157	1	1	0
4158	91	93	88
4159	1	3	3
4160	141	134	118
4161	189	173	158
4162	13	11	8
4163	2	1	3
4164	8	6	4
4165	163	152	193
4166	4	2	2
4167	3	4	5
4168	26	22	20
4169	27	22	16
4170	0	0	0
4171	97	80	93
4172	6	5	4
4173	9	12	10
4174	99	100	90
4175	26	30	27
4176	86	99	92
4177	33	32	29
4178	95	89	55
4179	2	2	0
4180	1	0	0
4181	117	111	85
4182	28	35	13
4183	16	16	12
4184	0	1	0
4185	1	2	2
4186	5	3	5
4187	17	13	17
4188	6	4	8
4189	16	18	18
4190	135	117	117
4191	61	55	52
4192	0	0	0
4193	0	0	0
4194	16	12	18
4195	26	30	32
4196	7	9	7
4197	0	0	0
4198	64	61	78
4199	14	16	19
4200	7	4	3
4201	45	17	24
4202	4	4	2
4203	3	6	9
4204	427	375	377
4205	0	4	1
4206	27	13	11
4207	59	31	37
4208	6	9	4
4209	12	9	18
4210	10	16	21
4211	152	173	186
4212	10	4	11
4213	3	6	2
4214	6	3	5
4215	7	20	2
4216	11	10	10
4217	0	0	0
4218	0	0	0
4219	10	7	13
4220	6	7	4
4221	1	0	0
4222	120	97	94
4223	1	1	0
4224	27	19	36
4225	4	4	2
4226	82	92	73
4227	4	4	2
4228	15	16	13
4229	7	5	4
4230	26	28	33
4231	31	29	22
4232	21	15	25
4233	41	27	42
4234	19	27	17
4235	21	9	20
4236	28	25	20
4237	79	81	75
4238	6	10	8
4239	42	47	44
4240	62	81	82
4241	1	0	0
4242	38	51	31
4243	4	4	7
4244	1	3	3
4245	90	65	53
4246	15	18	22
4247	104	94	91
4248	69	102	110
4249	0	0	0
4250	0	0	0
4251	4	12	6
4252	0	1	5
4253	3	2	0
4254	8	12	12
4255	19	16	20
4256	9	14	27
4257	1	3	0
4258	192	200	250
4259	0	0	1
4260	24	21	20
4261	3	3	1
4262	206	228	169
4263	0	0	0
4264	16	11	19
4265	20	36	17
4266	6	6	8
4267	1	1	1
4268	3	4	5
4269	17	14	25
4270	46	30	41
4271	6	3	7
4272	33	32	22
4273	14	21	17
4274	43	29	24
4275	27	16	20
4276	27	28	23
4277	35	28	37
4278	10	18	15
4279	58	71	47
4280	3	6	6
4281	1754	1829	1544
4282	3	2	0
4283	12	14	16
4284	21	12	13
4285	22	28	24
4286	15	14	15
4287	61	59	41
4288	56	48	68
4289	0	2	7
4290	2	0	0
4291	34	25	28
4292	32	15	22
4293	10	7	2
4294	14	21	16
4295	1	0	0
4296	1	1	3
4297	11	16	15
4298	164	200	191
4299	15	29	25
4300	14	16	6
4301	7	8	8
4302	23	31	27
4303	14	19	21
4304	0	1	1
4305	2	2	1
4306	127	82	77
4307	8	1	30
4308	20	27	30
4309	10	4	6
4310	18	17	16
4311	9	4	11
4312	5	3	1
4313	12	12	11
4314	0	0	0
4315	179	199	153
4316	151	133	116
4317	9	12	8
4318	13	20	16
4319	36	43	27
4320	46	36	30
4321	13	18	18
4322	0	0	0
4323	20	13	11
4324	3	3	3
4325	1	2	4
4326	5	3	4
4327	0	3	1
4328	105	104	89
4329	4	9	8
4330	13	18	15
4331	2	4	2
4332	95	117	111
4333	11	12	5
4334	2	1	1
4335	1	3	4
4336	340	347	307
4337	1	2	1
4338	7	1	5
4339	2	3	3
4340	1	1	1
4341	10	5	6
4342	1	0	0
4343	0	0	1
4344	2	5	7
4345	29	32	29
4346	8	8	4
4347	2	2	4
4348	0	0	0
4349	8	15	13
4350	5	4	7
4351	28	23	18
4352	14	14	13
4353	1	2	1
4354	0	0	0
4355	2	0	1
4356	99	60	48
4357	3	6	1
4358	35	34	37
4359	1	2	2
4360	8	15	13
4361	2	0	2
4362	1	1	1
4363	24	31	29
4364	53	50	49
4365	7	3	3
4366	10	11	12
4367	0	0	0
4368	308	261	242
4369	5	5	3
4370	4	5	6
4371	78	61	51
4372	1	0	1
4373	10	10	5
4374	6	6	6
4375	7	8	18
4376	0	0	0
4377	4	3	7
4378	29	19	25
4379	2	0	3
4380	0	0	0
4381	1	5	7
4382	24	31	24
4383	2	0	2
4384	2	1	6
4385	1	0	0
4386	3	1	4
4387	2	1	1
4388	0	0	0
4389	26	35	37
4390	130	90	114
4391	249	221	279
4392	51	46	46
4393	199	178	161
4394	95	87	98
4395	25	36	29
4396	979	937	877
4397	17	32	10
4398	95	85	82
4399	13	18	14
4400	0	0	2
4401	4	5	9
4402	107	113	82
4403	22	29	20
4404	32	24	25
4405	0	0	0
4406	15	14	13
4407	3	2	2
4408	66	65	75
4409	7	4	6
4410	22	25	20
4411	4	4	3
4412	0	0	0
4413	32	35	37
4414	27	46	30
4415	8	6	16
4416	243	272	275
4417	16	28	19
4418	1	0	1
4419	1	1	0
4420	80	61	67
4421	7	3	1
4422	45	73	62
4423	31	20	18
4424	3	7	4
4425	1	0	1
4426	17	26	23
4427	7	5	5
4428	116	113	160
4429	17	16	15
4430	1	0	0
4431	1	0	0
4432	13	14	19
4433	11	9	4
4434	3	6	8
4435	80	41	69
4436	13	14	6
4437	75	58	59
4438	93	132	75
4439	29	29	21
4440	0	0	0
4441	1	6	3
4442	199	223	212
4443	0	1	1
4444	17	14	18
4445	2	5	4
4446	22	13	11
4447	9	8	6
4448	4	4	2
4449	8	2	4
4450	0	0	1
4451	1	0	0
4452	17	9	16
4453	101	98	78
4454	110	87	73
4455	0	3	0
4456	518	493	460
4457	11	5	12
4458	3	7	5
4459	99	96	78
4460	4	3	2
4461	12	17	11
4462	38	32	25
4463	19	23	32
4464	382	369	395
4465	43	51	41
4466	16	22	25
4467	38	40	32
4468	67	55	64
4469	17	12	14
4470	0	1	0
4471	623	583	517
4472	15	8	16
4473	0	0	0
4474	17	6	9
4475	49	69	44
4476	4	3	8
4477	6	8	2
4478	9	9	15
4479	0	0	0
4480	26	13	12
4481	4	1	7
4482	1	0	1
4483	0	0	1
4484	8	5	13
4485	0	1	3
4486	10	10	16
4487	0	4	4
4488	66	66	57
4489	61	73	84
4490	0	0	0
4491	27	26	28
4492	47	52	34
4493	6	8	8
4494	0	1	0
4495	22	21	22
4496	1	2	0
4497	24	32	23
4498	0	0	0
4499	7	7	5
4500	35	41	29
4501	6	5	3
4502	1	5	1
4503	0	0	0
4504	55	32	38
4505	11	7	7
4506	4	4	0
4507	1	2	4
4508	41	59	36
4509	0	0	0
4510	78	63	76
4511	1	0	1
4512	19	18	24
4513	9	6	10
4514	11	11	25
4515	0	0	0
4516	12	7	4
4517	14	19	12
4518	13	13	14
4519	147	119	123
4520	0	4	5
4521	0	0	1
4522	33	23	21
4523	8	11	11
4524	15	15	18
4525	10	10	2
4526	1	4	1
4527	33	49	46
4528	5	10	6
4529	0	0	0
4530	11	17	13
4531	0	3	0
4532	0	0	0
4533	0	0	1
4534	3	2	3
4535	0	0	0
4536	92	97	97
4537	2	1	1
4538	128	118	106
4539	2	0	2
4540	97	81	67
4541	2	7	4
4542	31	30	18
4543	8	4	7
4544	41	50	40
4545	40	22	26
4546	7	5	3
4547	22	17	26
4548	0	0	2
4549	0	0	0
4550	91	66	48
4551	6	4	8
4552	4	6	2
4553	0	0	0
4554	73	79	76
4555	8	10	3
4556	6	4	4
4557	1	0	1
4558	28	17	15
4559	6	3	7
4560	68	71	49
4561	1	0	2
4562	15	16	15
4563	166	141	110
4564	18	15	15
4565	436	438	387
4566	38	35	37
4567	5	3	7
4568	94	80	74
4569	31	35	22
4570	24	13	17
4571	100	74	96
4572	40	57	37
4573	2	3	1
4574	0	0	0
4575	0	0	0
4576	13	5	13
4577	2	0	0
4578	4	4	6
4579	357	345	304
4580	3	6	6
4581	0	0	0
4582	3	4	3
4583	1	0	0
4584	0	0	0
4585	1	0	0
4586	5	4	6
4587	2	7	3
4588	418	384	299
4589	7	6	11
4590	7	11	5
4591	8	6	9
4592	296	239	262
4593	4	7	7
4594	212	214	223
4595	12	13	18
4596	1	0	0
4597	45	38	72
4598	116	136	133
4599	5	9	7
4600	14	6	10
4601	47	57	51
4602	12	14	11
4603	31	25	30
4604	3	11	9
4605	9	6	9
4606	180	149	157
4607	0	2	3
4608	1	0	0
4609	0	0	2
4610	16	19	19
4611	123	101	81
4612	2	4	6
4613	17	16	18
4614	13	12	9
4615	30	50	55
4616	27	19	24
4617	39	36	36
4618	2	0	0
4619	7	8	10
4620	28	32	29
4621	8	5	5
4622	30	21	13
4623	0	0	0
4624	92	108	98
4625	11	16	5
4626	10	5	6
4627	114	124	117
4628	19	30	21
4629	51	38	32
4630	0	0	0
4631	483	522	423
4632	20	18	28
4633	53	46	65
4634	2	0	1
4635	32	31	21
4636	0	0	1
4637	40	49	42
4638	19	11	19
4639	9	7	6
4640	192	160	154
4641	9	8	12
4642	146	191	182
4643	67	71	63
4644	8	6	5
4645	0	0	1
4646	431	366	452
4647	2	5	6
4648	79	93	71
4649	5	3	4
4650	26	29	19
4651	26	23	22
4652	0	0	0
4653	1	0	0
4654	2	3	1
4655	0	0	0
4656	8	4	11
4657	15	12	18
4658	10	11	14
4659	7	7	7
4660	0	0	0
4661	57	70	58
4662	4	4	1
4663	292	256	328
4664	41	26	24
4665	8	7	11
4666	7	3	15
4667	165	147	171
4668	40	37	36
4669	20	23	15
4670	4	0	3
4671	1	1	1
4672	2	5	1
4673	0	0	0
4674	30	25	27
4675	43	35	38
4676	110	139	140
4677	9	25	16
4678	21	10	9
4679	87	63	40
4680	4	7	8
4681	202	162	144
4682	28	38	22
4683	4	3	0
4684	5	5	2
4685	4	4	2
4686	19	22	20
4687	1	2	4
4688	8	10	9
4689	14	14	24
4690	17	26	21
4691	7	5	4
4692	0	0	0
4693	15	23	14
4694	15	9	10
4695	4	5	1
4696	0	9	6
4697	6	3	9
4698	8	1	4
4699	23	40	24
4700	62	54	46
4701	5	3	3
4702	0	0	0
4703	1	0	0
4704	13	14	10
4705	1	4	2
4706	56	52	48
4707	49	38	37
4708	24	36	23
4709	20	27	22
4710	51	36	56
4711	1	1	2
4712	4	2	2
4713	55	61	62
4714	14	7	7
4715	38	42	24
4716	2	7	1
4717	163	140	139
4718	67	32	52
4719	10	14	11
4720	0	0	0
4721	23	24	27
4722	0	0	0
4723	19	31	29
4724	0	0	0
4725	12	10	14
4726	777	790	710
4727	2	2	4
4728	141	115	150
4729	21	29	18
4730	181	145	158
4731	3	1	0
4732	21	17	14
4733	17	15	21
4734	12	6	3
4735	158	187	187
4736	2	0	1
4737	14	16	8
4738	36	28	27
4739	3	3	4
4740	121	130	120
4741	11	21	24
4742	258	206	226
4743	334	344	423
4744	53	50	54
4745	77	83	55
4746	2	0	5
4747	0	2	0
4748	20	25	16
4749	104	109	61
4750	8	17	7
4751	10	15	13
4752	17	15	13
4753	6	3	4
4754	116	111	111
4755	29	18	8
4756	8	11	9
4757	2	5	7
4758	0	0	0
4759	47	36	32
4760	18	22	16
4761	12	10	8
4762	7	8	13
4763	13	12	12
4764	27	15	16
4765	25	9	23
4766	177	190	196
4767	19	18	18
4768	118	86	87
4769	127	142	152
4770	0	0	0
4771	1	1	0
4772	14	15	11
4773	261	230	296
4774	7	6	5
4775	3	3	2
4776	0	0	0
4777	114	102	78
4778	2	2	1
4779	0	0	0
4780	2	0	3
4781	21	13	12
4782	0	0	0
4783	15	23	33
4784	2	2	4
4785	62	78	59
4786	25	25	20
4787	8	2	9
4788	12	4	6
4789	80	91	64
4790	35	26	29
4791	1	3	6
4792	11	18	18
4793	2	1	0
4794	22	15	6
4795	56	61	44
4796	45	40	51
4797	20	18	28
4798	1	0	2
4799	13	8	7
4800	0	0	0
4801	0	0	3
4802	210	175	153
4803	185	217	193
4804	112	93	96
4805	57	48	39
4806	0	1	1
4807	213	174	180
4808	37	65	38
4809	101	81	86
4810	15	12	9
4811	9	7	6
4812	11	15	13
4813	10	13	12
4814	26	16	20
4815	0	0	1
4816	174	170	142
4817	1	1	0
4818	1	2	2
4819	155	134	124
4820	6	6	4
4821	15	11	12
4822	8	10	10
4823	23	20	22
4824	6	4	7
4825	82	110	111
4826	66	68	59
4827	41	30	22
4828	2	0	1
4829	15	12	7
4830	0	1	0
4831	2	4	3
4832	4	3	5
4833	43	32	46
4834	0	1	0
4835	20	17	13
4836	5	2	2
4837	13	8	8
4838	51	50	54
4839	594	536	613
4840	47	57	53
4841	65	57	78
4842	7	14	9
4843	11	12	15
4844	48	38	33
4845	118	121	116
4846	10	4	9
4847	2	1	0
4848	10	9	8
4849	61	54	59
4850	1	1	0
4851	19	17	22
4852	11	13	8
4853	11	13	9
4854	6	8	5
4855	4	9	9
4856	25	24	44
4857	1	1	0
4858	0	0	0
4859	0	0	0
4860	13	9	13
4861	1707	1790	1847
4862	9	8	11
4863	16	12	12
4864	41	30	24
4865	0	1	0
4866	2	2	2
4867	0	1	4
4868	52	54	48
4869	76	70	50
4870	6	1	2
4871	0	0	0
4872	0	0	1
4873	1	1	2
4874	10	10	10
4875	13	11	21
4876	1	3	0
4877	58	58	46
4878	0	0	0
4879	0	0	0
4880	0	0	0
4881	0	0	0
4882	0	0	0
4883	0	0	0
4884	0	0	0
4885	3	0	0
4886	5	0	4
4887	5	1	4
4888	75	68	74
4889	331	278	296
4890	87	68	68
4891	84	99	56
4892	0	0	0
4893	2	0	2
4894	72	51	58
4895	7	4	6
4896	18	19	31
4897	3	4	5
4898	2	7	2
4899	56	49	65
4900	5	4	4
4901	17	18	16
4902	15	20	19
4903	1	1	2
4904	187	256	123
4905	0	0	0
4906	7	2	3
4907	30	20	20
4908	3	3	5
4909	58	43	42
4910	12	7	7
4911	84	88	128
4912	30	35	35
4913	1	2	2
4914	156	130	128
4915	0	0	1
4916	6	4	1
4917	10	8	6
4918	20	18	16
4919	32	24	25
4920	50	43	35
4921	32	31	29
4922	69	59	62
4923	45	52	47
4924	4	5	3
4925	0	0	0
4926	133	143	120
4927	5	10	4
4928	80	95	91
4929	56	47	40
4930	0	0	0
4931	91	103	106
4932	434	425	392
4933	1	1	1
4934	33	46	54
4935	28	34	21
4936	37	41	29
4937	4	5	8
4938	18	26	17
4939	43	37	38
4940	16	22	31
4941	5	3	11
4942	528	515	495
4943	4	3	1
4944	1	1	3
4945	1	1	1
4946	5	6	5
4947	12	18	9
4948	48	52	41
4949	44	24	26
4950	0	2	0
4951	0	0	0
4952	50	61	52
4953	3	2	1
4954	1	0	1
4955	0	1	0
4956	15	14	14
4957	7	6	4
4958	5	10	9
4959	7	3	6
4960	6	6	8
4961	22	21	19
4962	2	4	2
4963	22	20	21
4964	1040	962	1081
4965	6	6	9
4966	1336	1339	1117
4967	1	0	0
4968	1	1	0
4969	0	0	0
4970	0	0	0
4971	24	24	23
4972	66	60	62
4973	0	2	2
4974	3	1	1
4975	14	9	6
4976	17	24	20
4977	10	7	11
4978	16	25	25
4979	50	47	46
4980	42	32	17
4981	12	11	6
4982	14	16	5
4983	2	2	1
4984	0	0	2
4985	1	0	0
4986	27	32	18
4987	12	13	15
4988	5	3	6
4989	2	0	2
4990	20	18	20
4991	95	75	56
4992	0	0	0
4993	1	0	0
4994	3	6	9
4995	1	0	2
4996	5	9	7
4997	66	42	37
4998	20	53	31
4999	149	135	129
5000	10	12	10
5001	14	10	12
5002	3	1	4
5003	341	298	302
5004	140	117	91
5005	3	2	2
5006	1	1	0
5007	101	112	138
5008	2	3	8
5009	39	43	32
5010	21	18	10
5011	1	0	4
5012	9	9	9
5013	0	0	2
5014	27	33	44
5015	33	34	56
5016	176	165	178
5017	0	1	3
5018	17	14	17
5019	35	27	25
5020	951	1018	894
5021	4	4	2
5022	10	12	15
5023	66	66	75
5024	428	414	399
5025	8	4	2
5026	46	30	43
5027	14	7	5
5028	41	33	38
5029	40	37	31
5030	5	1	1
5031	1	4	2
5032	18	9	11
5033	10	15	7
5034	88	67	69
5035	251	308	245
5036	22	27	21
5037	56	61	73
5038	20	24	19
5039	3	3	4
5040	0	0	0
5041	0	0	0
5042	4	6	2
5043	19	11	8
5044	5	0	0
5045	1	0	0
5046	123	177	108
5047	12	12	15
5048	21	24	21
5049	1	1	0
5050	1	3	2
5051	0	0	2
5052	80	56	90
5053	39	57	38
5054	30	10	16
5055	230	218	151
5056	21	13	14
5057	0	1	0
5058	47	41	46
5059	2	9	2
5060	2	7	9
5061	5	8	7
5062	372	515	435
5063	7	9	4
5064	0	0	0
5065	4	3	4
5066	2	0	1
5067	8	4	8
5068	1	2	1
5069	28	24	30
5070	0	1	3
5071	14	21	19
5072	98	108	127
5073	108	112	79
5074	93	64	86
5075	0	0	1
5076	107	102	114
5077	39	42	31
5078	39	25	19
5079	6	3	4
5080	6	6	7
5081	3	1	3
5082	3	1	0
5083	2	0	0
5084	1	7	1
5085	22	23	10
5086	33	45	44
5087	6	1	3
5088	0	0	1
5089	71	90	89
5090	17	34	18
5091	28	30	18
5092	83	72	69
5093	2	4	1
5094	20	19	17
5095	51	35	33
5096	0	0	0
5097	27	30	22
5098	348	313	366
5099	25	25	19
5100	3	1	3
5101	22	14	41
5102	139	134	112
5103	20	23	19
5104	0	1	0
5105	32	41	42
5106	880	867	809
5107	4	4	4
5108	1	0	1
5109	18	8	20
5110	125	126	107
5111	68	56	51
5112	2	1	0
5113	7	7	21
5114	13	14	8
5115	30	28	26
5116	163	184	138
5117	0	0	0
5118	2	2	5
5119	16	10	10
5120	23	30	22
5121	213	189	181
5122	11	8	11
5123	6	7	8
5124	1	0	0
5125	3	1	4
5126	6	13	5
5127	454	478	473
5128	0	0	0
5129	0	0	0
5130	9	7	7
5131	110	104	97
5132	9	10	11
5133	1	1	2
5134	0	4	5
5135	0	0	0
5136	9	2	3
5137	3	6	3
5138	4	1	1
5139	42	32	30
5140	136	107	103
5141	3	3	3
5142	12	7	6
5143	3	4	2
5144	0	0	0
5145	10	8	12
5146	128	143	137
5147	0	3	1
5148	0	1	0
5149	1	3	1
5150	45	30	32
5151	32	51	37
5152	1	5	4
5153	0	0	1
5154	1	0	0
5155	181	117	118
5156	6	5	5
5157	66	54	59
5158	0	1	0
5159	12	22	21
5160	29	30	28
5161	59	39	44
5162	69	70	56
5163	21	11	6
5164	4	4	9
5165	54	50	55
5166	11	8	6
5167	9	10	5
5168	74	74	96
5169	4	3	6
5170	39	30	33
5171	112	105	105
5172	21	21	12
5173	87	104	103
5174	8	4	6
5175	3	0	0
5176	1	1	0
5177	34	46	44
5178	0	1	0
5179	44	38	28
5180	29	26	15
5181	0	0	0
5182	116	111	93
5183	73	68	74
5184	47	57	70
5185	232	241	273
5186	87	66	48
5187	65	49	67
5188	41	39	45
5189	21	17	18
5190	0	0	0
5191	10	6	7
5192	5	3	3
5193	30	34	32
5194	9	11	2
5195	15	19	16
5196	7	17	19
5197	49	46	52
5198	67	77	76
5199	2	3	2
5200	1	2	9
5201	121	102	106
5202	13	12	9
5203	162	159	158
5204	150	146	114
5205	0	0	0
5206	398	375	375
5207	0	0	0
5208	109	117	93
5209	5	8	5
5210	12	14	11
5211	18	12	10
5212	43	38	32
5213	56	53	61
5214	21	15	14
5215	73	83	82
5216	64	69	65
5217	0	0	0
5218	0	0	0
5219	11	5	10
5220	18	10	17
5221	5	6	6
5222	34	41	43
5223	132	135	121
5224	24	25	18
5225	94	91	84
5226	20	10	9
5227	5	5	2
5228	42	51	55
5229	58	63	79
5230	78	79	73
5231	53	47	49
5232	6	5	7
5233	4	7	3
5234	22	15	18
5235	0	0	0
5236	94	89	79
5237	0	0	0
5238	0	0	0
5239	0	0	0
5240	0	0	0
5241	0	2	0
5242	16	14	9
5243	12	12	5
5244	17	21	19
5245	2	6	1
5246	2	1	7
5247	14	16	11
5248	6	10	6
5249	27	23	28
5250	33	27	25
5251	173	202	134
5252	6	9	4
5253	4	4	2
5254	106	106	114
5255	9	14	8
5256	30	33	34
5257	0	1	5
5258	5	11	13
5259	36	32	35
5260	48	44	36
5261	43	45	40
5262	10	16	12
5263	0	0	1
5264	34	35	24
5265	0	6	9
5266	488	444	390
5267	1	2	1
5268	0	0	1
5269	12	12	10
5270	0	0	0
5271	15	17	15
5272	1	0	0
5273	0	0	0
5274	35	22	30
5275	0	0	0
5276	0	0	0
5277	8	4	3
5278	11	9	9
5279	103	110	119
5280	5	8	11
5281	60	58	44
5282	0	0	0
5283	40	36	39
5284	272	294	238
5285	15	8	13
5286	0	1	1
5287	22	12	8
5288	0	0	0
5289	46	46	30
5290	108	120	89
5291	48	55	70
5292	400	324	364
5293	30	26	33
5294	12	12	11
5295	80	78	70
5296	0	0	0
5297	8	9	7
5298	42	34	26
5299	0	0	0
5300	71	54	74
5301	9	13	13
5302	7	6	10
5303	39	28	26
5304	89	101	121
5305	69	49	65
5306	115	109	97
5307	12	9	16
5308	8	15	10
5309	85	74	58
5310	74	63	67
5311	26	29	24
5312	0	0	0
5313	42	29	24
5314	6	7	3
5315	1	0	0
5316	10	12	4
5317	1	0	1
5318	2	3	0
5319	15	12	16
5320	49	53	28
5321	650	574	618
5322	8	20	13
5323	1	2	3
5324	24	26	31
5325	13	21	16
5326	1	2	0
5327	941	911	1052
5328	0	2	2
5329	12	29	24
5330	0	1	1
5331	38	45	34
5332	1198	1223	1341
5333	31	31	26
5334	1	0	3
5335	19	20	24
5336	19	24	23
5337	882	814	963
5338	1	0	2
5339	25	17	19
5340	295	261	322
5341	15	13	13
5342	3	2	2
5343	4	8	9
5344	88	101	91
5345	13	14	11
5346	2	7	8
5347	0	0	0
5348	4	5	1
5349	136	151	99
5350	42	54	35
5351	89	102	128
5352	9	4	3
5353	15	19	12
5354	13	17	26
5355	5	2	3
5356	88	83	89
5357	39	41	28
5358	9	10	5
5359	2	1	1
5360	1	0	0
5361	3	3	7
5362	0	0	0
5363	0	0	0
5364	28	33	27
5365	8	11	5
5366	12	15	11
5367	18	17	13
5368	14	8	10
5369	106	124	111
5370	13	17	21
5371	6	11	3
5372	3	1	2
5373	19	22	16
5374	2	4	2
5375	73	80	66
5376	6	7	4
5377	0	0	0
5378	1	2	2
5379	82	70	75
5380	5	6	9
5381	0	0	0
5382	3	4	9
5383	61	42	56
5384	0	1	0
5385	12	15	9
5386	61	54	64
5387	6	3	6
5388	7	9	11
5389	7	3	7
5390	4	8	10
5391	13	17	11
5392	1	2	2
5393	26	18	31
5394	51	36	58
5395	2	1	5
5396	0	0	1
5397	10	9	8
5398	198	189	203
5399	6	2	6
5400	0	0	0
5401	187	177	195
5402	4	2	3
5403	49	49	66
5404	0	2	3
5405	30	45	46
5406	0	3	1
5407	6	6	5
5408	5	8	4
5409	33	26	33
5410	77	86	77
5411	0	0	0
5412	12	12	9
5413	3	10	1
5414	17	14	14
5415	4	4	4
5416	153	142	184
5417	3	0	1
5418	7	2	3
5419	29	14	16
5420	3	7	4
5421	0	0	1
5422	13	7	10
5423	28	37	28
5424	31	23	20
5425	12	8	5
5426	11	15	11
5427	26	23	13
5428	7	5	7
5429	7	8	6
5430	5	7	7
5431	2	3	4
5432	233	234	307
5433	60	72	64
5434	38	45	46
5435	2	6	6
5436	10	13	7
5437	10	10	3
5438	138	115	102
5439	8	3	3
5440	6	5	6
5441	301	259	266
5442	115	81	84
5443	909	942	897
5444	307	306	276
5445	36	28	31
5446	315	355	377
5447	93	82	79
5448	4	4	4
5449	57	71	76
5450	195	229	186
5451	173	146	153
5452	18	13	19
5453	199	203	197
5454	1	0	3
5455	0	0	0
5456	19	12	15
5457	280	266	278
5458	0	0	0
5459	5	6	4
5460	2	2	4
5461	6	1	3
5462	5	1	4
5463	211	217	223
5464	5	10	14
5465	18	20	16
5466	761	666	664
5467	2	6	2
5468	63	62	65
5469	4	0	2
5470	128	169	165
5471	18	26	16
5472	0	1	0
5473	0	1	1
5474	3	0	0
5475	0	0	0
5476	101	107	74
5477	9	7	9
5478	1	1	1
5479	1	1	0
5480	3	1	1
5481	6	17	8
5482	167	213	207
5483	4	2	3
5484	6	6	12
5485	1	1	1
5486	54	49	71
5487	27	31	14
5488	74	88	84
5489	41	60	54
5490	12	17	15
5491	11	13	13
5492	0	0	0
5493	0	0	0
5494	0	1	0
5495	0	0	0
5496	3	8	4
5497	19	22	19
5498	0	2	2
5499	23	19	22
5500	149	159	135
5501	1	0	1
5502	109	90	119
5503	195	239	173
5504	2	2	0
5505	6	8	6
5506	196	155	186
5507	8	31	18
5508	6	6	2
5509	430	380	442
5510	11	2	8
5511	6	4	1
5512	107	119	86
5513	6	3	0
5514	19	19	7
5515	19	22	15
5516	15	16	14
5517	2	0	0
5518	0	0	0
5519	19	25	18
5520	12	9	9
5521	66	48	60
5522	4	0	1
5523	8	8	15
5524	0	0	0
5525	0	0	1
5526	0	0	0
5527	0	0	0
5528	22	29	37
5529	2	1	0
5530	271	252	270
5531	629	649	572
5532	7	5	8
5533	0	0	0
5534	147	124	101
5535	71	63	66
5536	9	20	17
5537	5	5	3
5538	0	3	1
5539	6	4	4
5540	0	0	1
5541	255	216	171
5542	0	0	0
5543	5	4	8
5544	9	5	7
5545	124	99	84
5546	26	38	28
5547	6	10	6
5548	18	12	10
5549	3	2	0
5550	57	45	34
5551	11	7	13
5552	11	8	4
5553	0	2	1
5554	42	47	57
5555	0	4	3
5556	6	10	15
5557	1	0	0
5558	24	24	23
5559	5	3	1
5560	5	2	7
5561	6	7	9
5562	2	2	0
5563	6	7	9
5564	13	18	15
5565	1666	1601	1472
5566	15	5	14
5567	6	10	5
5568	50	75	53
5569	26	19	13
5570	1	6	4
5571	0	0	0
5572	2	8	5
5573	32	18	21
5574	24	22	25
5575	1	3	2
5576	47	23	23
5577	535	467	464
5578	125	144	104
5579	11	7	9
5580	3	9	3
5581	6	7	9
5582	0	0	1
5583	17	13	18
5584	67	75	46
5585	9	7	6
5586	1	0	1
5587	3	8	5
5588	1	5	1
5589	149	135	151
5590	61	44	45
5591	3	7	6
5592	4	4	2
5593	9	12	5
5594	4	1	4
5595	7	7	7
5596	194	230	185
5597	9	8	6
5598	21	10	13
5599	23	21	15
5600	0	0	0
5601	18	26	15
5602	2	4	4
5603	23	36	36
5604	35	29	29
5605	99	74	69
5606	64	55	39
5607	32	17	20
5608	9	14	10
5609	0	1	0
5610	101	82	84
5611	19	27	12
5612	6	5	13
5613	21	15	11
5614	125	146	127
5615	18	10	9
5616	1	0	0
5617	77	79	74
5618	48	30	34
5619	200	187	110
5620	51	49	45
5621	12	7	8
5622	6	4	2
5623	9	4	5
5624	10	18	10
5625	1	1	0
5626	0	0	0
5627	3	3	0
5628	0	0	1
5629	20	15	8
5630	27	25	21
5631	0	0	0
5632	3	3	5
5633	18	25	28
5634	38	48	45
5635	2	5	3
5636	31	33	23
5637	11	19	7
5638	43	55	26
5639	7	18	8
5640	0	0	1
5641	31	18	26
5642	75	56	68
5643	129	106	119
5644	1	2	0
5645	2	1	0
5646	1	3	6
5647	10	12	5
5648	6	8	2
5649	1	1	0
5650	3	3	7
5651	3	2	1
5652	0	0	0
5653	48	45	39
5654	0	0	0
5655	1	4	3
5656	6	5	4
5657	20	16	14
5658	19	20	9
5659	0	0	0
5660	191	160	147
5661	5	2	11
5662	9	9	11
5663	12	22	16
5664	174	154	154
5665	0	1	1
5666	8	9	6
5667	53	55	62
5668	166	153	170
5669	3	5	5
5670	28	31	16
5671	3	2	4
5672	102	67	70
5673	98	91	78
5674	2	3	2
5675	2	5	3
5676	22	37	22
5677	0	0	0
5678	10	11	11
5679	0	0	0
5680	5	9	5
5681	77	85	65
5682	13	11	9
5683	5	7	4
5684	5	6	5
5685	8	4	11
5686	29	23	25
5687	35	48	40
5688	1	2	6
5689	0	0	0
5690	151	151	131
5691	60	73	78
5692	4	2	4
5693	35	34	33
5694	17	12	12
5695	1266	1130	1195
5696	7	2	2
5697	23	22	18
5698	43	27	26
5699	28	37	41
5700	11	13	7
5701	3	0	1
5702	13	9	12
5703	0	0	0
5704	0	0	0
5705	13	21	15
5706	0	1	0
5707	0	1	1
5708	203	208	223
5709	73	53	64
5710	24	25	23
5711	39	47	40
5712	2	10	8
5713	347	337	403
5714	31	16	12
5715	1	2	3
5716	0	0	0
5717	4	3	4
5718	42	39	39
5719	165	149	122
5720	0	0	0
5721	14	6	6
5722	189	223	214
5723	9	4	15
5724	9	8	14
5725	9	11	12
5726	45	35	26
5727	6	10	3
5728	8	4	6
5729	34	38	53
5730	108	95	91
5731	355	358	445
5732	203	173	138
5733	39	47	33
5734	24	23	29
5735	5	2	8
5736	1	1	0
5737	3	1	2
5738	0	0	0
5739	12	9	4
5740	16	21	16
5741	21	22	39
5742	0	0	0
5743	9	11	12
5744	1	6	2
5745	7	11	5
5746	12	20	12
5747	65	76	74
5748	8	10	2
5749	538	448	463
5750	5	13	7
5751	100	113	70
5752	31	28	30
5753	4	13	5
5754	0	1	0
5755	8	12	5
5756	0	0	0
5757	74	89	80
5758	30	34	31
5759	2	0	3
5760	0	0	0
5761	196	238	223
5762	13	11	18
5763	21	17	13
5764	18	24	16
5765	14	14	11
5766	0	0	0
5767	1	2	2
5768	0	0	0
5769	2	0	1
5770	1	3	1
5771	75	51	36
5772	58	52	50
5773	4	3	3
5774	81	62	54
5775	63	45	36
5776	23	11	23
5777	0	0	0
5778	22	22	22
5779	94	71	73
5780	33	23	32
5781	2	4	1
5782	10	16	7
5783	56	64	63
5784	3	0	3
5785	9	12	10
5786	12	21	20
5787	11	9	14
5788	0	0	0
5789	1316	1247	1324
5790	567	600	535
5791	4	3	1
5792	493	443	297
5793	14	4	18
5794	346	259	336
5795	24	27	22
5796	17	22	12
5797	33	26	20
5798	1	2	1
5799	15	16	11
5800	181	191	209
5801	84	75	82
5802	5	3	4
5803	0	0	0
5804	6	4	8
5805	18	19	16
5806	18	27	19
5807	0	0	0
5808	3	10	3
5809	0	0	3
5810	103	93	113
5811	89	88	68
5812	150	136	152
5813	27	29	36
5814	0	0	0
5815	17	25	7
5816	112	108	82
5817	54	36	30
5818	23	28	22
5819	30	36	22
5820	30	29	32
5821	137	92	134
5822	1	1	2
5823	28	29	17
5824	509	578	482
5825	56	53	37
5826	1	0	0
5827	6	6	3
5828	8	12	17
5829	3	4	2
5830	23	39	31
5831	97	107	94
5832	4	2	3
5833	11	12	28
5834	10	13	15
5835	37	37	50
5836	24	17	10
5837	5	10	3
5838	33	32	31
5839	23	24	10
5840	205	237	179
5841	0	0	0
5842	31	25	28
5843	3	2	4
5844	2	2	1
5845	55	51	38
5846	0	3	1
5847	0	0	0
5848	2	4	8
5849	0	0	0
5850	4	2	2
5851	9	17	11
5852	14	10	6
5853	0	0	0
5854	16	17	15
5855	19	5	9
5856	25	30	38
5857	1	1	3
5858	90	66	61
5859	46	48	64
5860	19	21	31
5861	15	18	15
5862	12	11	6
5863	9	8	10
5864	18	19	15
5865	33	38	21
5866	0	0	1
5867	7	14	8
5868	0	0	0
5869	62	63	40
5870	1	2	2
5871	2	1	0
5872	7	3	6
5873	50	28	52
5874	6	9	6
5875	0	1	0
5876	61	77	53
5877	1	2	2
5878	3	2	1
5879	2	0	7
5880	3	3	1
5881	0	2	2
5882	0	0	0
5883	39	34	39
5884	20	17	15
5885	14	10	19
5886	0	2	0
5887	13	12	9
5888	17	23	20
5889	76	116	106
5890	32	32	34
5891	9	5	8
5892	0	0	0
5893	0	0	0
5894	301	283	253
5895	24	21	21
5896	0	0	0
5897	7	8	6
5898	0	0	0
5899	11	14	11
5900	0	1	0
5901	4	2	5
5902	53	54	41
5903	28	25	16
5904	10	6	8
5905	35	28	26
5906	46	36	26
5907	12	12	9
5908	23	22	21
5909	2	2	5
5910	5	8	5
5911	0	0	7
5912	3	12	6
5913	18	11	10
5914	67	57	62
5915	25	33	22
5916	68	79	84
5917	161	147	131
5918	191	215	232
5919	3	4	5
5920	1	0	3
5921	23	39	18
5922	0	0	0
5923	13	7	20
5924	0	3	0
5925	430	444	347
5926	74	56	45
5927	4	3	2
5928	6	5	3
5929	42	44	34
5930	0	1	0
5931	37	43	40
5932	630	611	657
5933	30	22	19
5934	3	2	3
5935	2	5	3
5936	0	0	0
5937	48	33	28
5938	212	204	175
5939	7	6	5
5940	14	15	14
5941	3	8	9
5942	4	7	4
5943	6	5	4
5944	0	0	0
5945	2249	2253	2004
5946	20	17	19
5947	12	19	14
5948	337	283	287
5949	68	58	57
5950	0	0	3
5951	17	20	20
5952	1	1	1
5953	11	11	5
5954	5	4	7
5955	26	32	29
5956	13	15	13
5957	0	0	0
5958	19	11	10
5959	3	0	0
5960	8	17	11
5961	168	169	121
5962	193	132	154
5963	6	7	8
5964	0	2	0
5965	2	0	0
5966	0	1	0
5967	0	0	0
5968	38	29	29
5969	169	173	153
5970	28	41	45
5971	5	4	4
5972	18	21	17
5973	7	3	3
5974	96	98	51
5975	34	20	35
5976	0	0	0
5977	0	0	0
5978	0	0	0
5979	121	145	130
5980	33	29	44
5981	20	15	16
5982	163	171	143
5983	0	0	0
5984	4	4	4
5985	43	40	41
5986	9	17	19
5987	12	8	9
5988	4	2	2
5989	11	10	8
5990	8	8	5
5991	145	145	158
5992	4	6	9
5993	26	32	31
5994	3	2	3
5995	17	9	18
5996	1	2	1
5997	1	1	2
5998	56	42	56
5999	77	70	77
6000	13	16	16
6001	15	12	7
6002	16	7	5
6003	8	15	11
6004	2	6	5
6005	32	26	39
6006	1	0	1
6007	4	1	3
6008	80	89	76
6009	12	15	19
6010	25	26	18
6011	255	254	272
6012	10	8	7
6013	35	27	34
6014	14	3	4
6015	2	5	0
6016	39	24	44
6017	7	5	6
6018	19	19	26
6019	2	4	2
6020	0	0	0
6021	9	6	7
6022	3	5	6
6023	26	25	40
6024	3	6	3
6025	15	16	8
6026	22	13	19
6027	1	6	1
6028	34	42	32
6029	37	46	35
