	-30	-29	-28	-27	-26	-25	-24	-23	-22	-21	-20	-19	-18	-17	-16	-15	-14	-13	-12	-11	-10	-9	-8	-7	-6	-5	-4	-3	-2	-1	0	1	2
ALA	126418	114419	97380	126040	115323	97041	126160	115305	98167	127805	115508	97766	131793	117829	103001	128826	116414	96992	125867	115439	100397	136260	113718	98860	129781	109326	95850	134627	139049	85353	126100	101958	87453
ARG	95228	85795	71307	97496	86689	71345	98471	86892	72729	100549	89272	75501	122994	104650	77801	103066	92216	75175	115752	100907	74258	96311	91318	74946	100320	95088	74158	93214	92895	71650	89632	82040	68361
ASN	119994	103384	86430	119841	104892	86650	120517	103436	85868	121209	105336	85585	120877	102387	78967	120240	104014	85707	107878	96444	82678	111083	102677	82876	118971	100461	81858	116199	88522	75735	123949	124420	85862
ASP	138973	123042	104206	137829	122596	103605	138173	123690	103747	138034	122651	102200	129027	121867	107437	138874	119314	100350	135629	126565	107194	162909	140181	107411	150668	130420	103953	143650	125022	89498	129955	122549	119792
CYS	19517	17200	14466	19557	17470	14648	19539	17660	14639	19543	17683	14270	20945	18419	13469	18120	16040	13317	17211	17121	14438	19384	17942	14435	18771	18893	14786	18978	17860	17246	17679	17260	13670
GLN	93862	82239	68926	93929	82210	68972	93178	82272	68505	97087	83807	66403	78362	72629	68968	90692	77752	69025	88030	77583	68123	87949	81243	69763	91221	84117	71681	95176	77777	76243	82973	92549	72634
GLU	180977	161391	137064	183870	160276	136817	184093	159695	136668	180211	159653	137585	169407	153783	136794	173261	158539	142459	187409	161915	139365	193232	165101	139208	187459	161080	131135	174874	157736	114898	157448	144375	178149
GLY	125274	111703	94916	125268	112905	94939	126530	115006	94993	126115	114528	94908	130619	119043	96114	136016	125442	98495	123729	119549	97184	134709	123213	97380	126106	118798	95376	131688	149441	102815	83322	98346	87570
HIS	40509	35667	29262	40062	36173	30163	40208	35728	29943	42867	37720	29409	40025	33546	28541	44074	38228	29405	37048	35168	30116	38983	36849	29347	41171	37874	32348	43947	33602	34776	41018	47399	29837
ILE	128821	114700	93472	129447	113859	95604	131181	114308	95449	128907	114276	94064	118821	111869	101813	130501	112185	92540	124922	115576	91978	124650	112812	94930	128960	111100	95447	124622	105575	94649	149270	107563	92029
LEU	183118	160786	134137	186496	163820	134479	183785	162456	135807	181713	160265	139457	224551	179794	137189	198979	171925	132273	179267	152972	136500	177680	154849	135438	184171	168532	140637	183445	164026	148868	196200	173033	123184
LYS	179779	159859	133469	180072	159265	134083	182478	159799	131863	182398	159254	132406	189335	168691	130126	175061	158893	138020	202737	164438	130984	173909	160974	132737	182310	156494	126159	170950	138438	115336	175167	168104	139794
PHE	77400	68454	57343	77636	68689	56845	77594	68886	57757	77226	68554	55506	64136	60605	58046	79341	67848	57831	73172	66674	57015	78072	68744	55980	75396	75978	58944	78207	68630	67409	91605	91622	57273
PRO	88300	76984	65243	88024	77694	65121	87925	77770	66121	89765	78644	66306	96327	82093	63455	98062	87106	71260	114650	90484	68155	92041	76731	68240	90312	78161	78045	113954	88334	98899	108197	88045	64752
SER	153455	134150	111759	153901	134269	111899	154468	135645	111943	154558	135341	112650	155427	133977	107847	147249	132651	108436	149626	133918	115874	158376	135761	115318	155363	138992	121672	162279	144126	130486	178180	145115	108670
THR	113315	98878	83525	113569	99542	84258	113823	100426	84842	115737	101538	85079	104418	92065	85659	112874	97524	81648	111023	96489	83697	111116	96440	86055	116814	92142	85169	113867	94763	85124	148154	93198	80965
TRP	20125	17623	14704	20181	18042	14556	20418	18283	14915	20262	18439	15507	25454	20201	14328	21265	19359	15412	21873	18583	16218	20831	19018	15942	23343	21280	15966	21212	20268	21377	22536	11633	14379
TYR	66932	58955	49018	67307	59180	48516	66360	59596	48425	66431	59372	47864	63697	57010	45481	63893	57409	49739	66333	60655	49362	63314	56482	48203	64502	62404	48346	66817	53326	50623	68724	74753	51380
VAL	124511	110279	94791	125543	112475	94839	126067	113127	95405	125362	112314	97900	117587	108652	98358	122037	107711	96517	124107	115461	95667	130206	113553	94372	125224	108982	93009	128908	115056	87754	119644	93967	99144
TERM	3341	3096	2763	3214	2812	2627	3025	2675	2510	2832	2674	2735	16683	16643	2933	3688	2931	2460	2369	2457	2499	2374	2286	2367	2208	2151	2082	2177	2052	1980	1634	1808	2286
MET	33230	29008	24337	34024	30135	24880	33987	29814	24514	33007	29122	25023	28576	27477	24955	33457	29171	26519	32985	26848	24780	31514	28212	25283	34768	28436	24746	31964	26725	22963	41626	25918	19530
