	-30	-29	-28	-27	-26	-25	-24	-23	-22	-21	-20	-19	-18	-17	-16	-15	-14	-13	-12	-11	-10	-9	-8	-7	-6	-5	-4	-3	-2	-1	0	1	2
ALA_GCT	64271	59334	51240	64377	60212	51623	64768	60086	51818	64748	59800	51140	58005	56375	53167	65025	60619	51392	63870	61343	53354	69637	60127	52845	67087	58601	51409	69070	70481	45413	65358	56448	44916
ALA_GCC	25769	23584	20208	25599	23475	19521	25121	23626	20452	25237	23480	19372	22824	22415	21348	25314	23678	19707	24684	23418	20598	27632	23564	20076	25950	22325	19638	29000	34023	19968	26027	21487	18381
ALA_GCA	31903	27801	22834	31691	27851	22856	31935	27866	22746	33250	28278	23542	37944	29265	24256	33916	28484	22900	32923	26924	23137	34363	26477	22559	32046	24931	21695	31713	30438	17576	30615	20873	21664
ALA_GCG	4475	3700	3098	4373	3785	3041	4336	3727	3151	4570	3950	3712	13020	9774	4230	4571	3633	2993	4390	3754	3308	4628	3550	3380	4698	3469	3108	4844	4107	2396	4100	3150	2492
ARG_CGT	13825	12376	10132	14076	12704	10568	14588	12770	10861	15502	13584	11180	20114	16057	10831	14641	13124	11039	17486	14808	10795	13218	13468	10827	14316	14110	11291	14330	13403	11330	12576	12724	9086
ARG_CGG	2031	1740	1377	1996	1719	1380	2010	1703	1269	2079	1855	1465	4214	3086	1472	2398	2164	1523	2443	2127	1463	1986	1886	1496	2364	2044	1491	2167	2061	2068	2498	1064	969
ARG_CGC	1488	1238	1022	1395	1233	979	1492	1225	942	1650	1429	1074	3278	2527	995	1602	1230	1069	1592	1403	1071	1505	1330	975	1423	1374	1103	1536	1575	1599	1338	1405	928
ARG_CGA	7898	6645	5199	8220	6985	5215	8110	6679	5259	8896	7332	5843	22792	17864	5732	10635	8902	5307	9711	8456	5226	7147	6885	5279	7749	7359	5790	8101	7977	5893	6627	6259	4834
ARG_AGA	64237	58699	49503	65680	58878	49114	66057	59374	50398	66471	59989	51572	64669	59100	53860	66108	61234	52337	77397	68351	51745	66831	62437	52051	68292	65253	50500	61735	62681	46602	60657	57561	49351
ARG_AGG	5749	5097	4074	6129	5170	4089	6214	5141	4000	5951	5083	4367	7927	6016	4911	7682	5562	3900	7123	5762	3958	5624	5312	4318	6176	4948	3983	5345	5198	4158	5936	3027	3193
ASN_AAT	83520	71073	58325	83186	71624	58595	83279	70710	57957	83782	71976	58401	85387	70508	52657	83516	71087	57026	73855	65992	55844	76259	70451	56510	83988	68893	55058	80724	59195	49715	84485	82572	56647
ASN_AAC	36474	32311	28105	36655	33268	28055	37238	32726	27911	37427	33360	27184	35490	31879	26310	36724	32927	28681	34023	30452	26834	34824	32226	26366	34983	31568	26800	35475	29327	26020	39464	41848	29215
ASP_GAT	107208	94703	79642	106933	94609	79493	106726	95264	79556	106505	94391	78244	99057	93281	82189	107166	91757	77043	104427	97838	82597	126046	108913	83441	118144	101739	80554	112586	95599	68256	100460	90772	90817
ASP_GAC	31765	28339	24564	30896	27987	24112	31447	28426	24191	31529	28260	23956	29970	28586	25248	31708	27557	23307	31202	28727	24597	36863	31268	23970	32524	28681	23399	31064	29423	21242	29495	31777	28975
CYS_TGT	17135	14943	12707	16999	15325	12804	16962	15361	12694	17055	15534	12379	17656	15529	11784	15748	13915	11696	14965	14881	12600	16747	15665	12591	16402	16511	12869	16371	15441	14386	15565	14651	11819
CYS_TGC	2382	2257	1759	2558	2145	1844	2577	2299	1945	2488	2149	1891	3289	2890	1685	2372	2125	1621	2246	2240	1838	2637	2277	1844	2369	2382	1917	2607	2419	2860	2114	2609	1851
GLN_CAA	80594	70906	59198	80284	70489	59548	79646	70614	59010	82655	71687	56826	65356	61611	59196	76801	66591	60013	75522	66316	58060	75122	69554	59587	77680	71848	60874	80394	66883	64745	69762	79586	63996
GLN_CAG	13268	11333	9728	13645	11721	9424	13532	11658	9495	14432	12120	9577	13006	11018	9772	13891	11161	9012	12508	11267	10063	12827	11689	10176	13541	12269	10807	14782	10894	11498	13211	12963	8638
GLU_GAA	148102	132842	113390	150248	132018	113391	151102	131035	112493	147195	131382	113494	135961	125070	112617	140795	127236	117407	153280	132622	113638	157739	134917	114341	152570	132888	108840	142540	130147	94501	129348	121974	150953
GLU_GAG	32875	28549	23674	33622	28258	23426	32991	28660	24175	33016	28271	24091	33446	28713	24177	32466	31303	25052	34129	29293	25727	35493	30184	24867	34889	28192	22295	32334	27589	20397	28100	22401	27196
GLY_GGT	72219	66091	57231	72014	67032	56822	72172	67775	57418	73107	67617	56491	70658	66791	55696	75512	72339	58338	70426	70516	58185	76239	72358	58250	71151	69889	57147	75333	84619	59288	50550	61572	50841
GLY_GGC	8855	7580	6390	8534	7349	6463	8706	7859	6462	8581	7979	6605	11485	9934	6172	8875	8232	6756	8511	8443	6518	9886	8441	6185	8391	8047	6332	9094	11477	8076	5017	7776	6004
GLY_GGA	29830	25802	21152	30332	26384	21546	30738	26507	21111	30316	26550	21825	32065	28119	23224	35342	30803	23457	30933	27755	22026	33249	28500	22303	31525	28018	21141	30971	34126	21330	18272	21805	21218
GLY_GGG	14370	12230	10143	14388	12140	10108	14914	12865	10002	14111	12382	9987	16411	14199	11022	16287	14068	9944	13859	12835	10455	15335	13914	10642	15039	12844	10756	16290	19219	14121	9483	7193	9507
HIS_CAT	28275	24389	20088	27934	24991	20388	27974	24392	20267	29926	26060	19794	26882	22355	18975	30440	26033	19790	25538	24128	20456	26741	25360	20193	29009	25998	21744	30712	22384	22345	27967	32214	20205
HIS_CAC	12234	11278	9174	12128	11182	9775	12234	11336	9676	12941	11660	9615	13143	11191	9566	13634	12195	9615	11510	11040	9660	12242	11489	9154	12162	11876	10604	13235	11218	12431	13051	15185	9632
ILE_ATT	76966	68421	56335	76592	68675	57949	77996	68099	57788	77876	69245	56415	67440	65284	59293	75310	65583	55876	73217	70561	55315	73270	67670	57270	77764	66738	57345	74868	62757	56478	87393	65306	53575
ILE_ATC	26025	24153	20088	26843	23810	20380	26717	24127	20125	26114	23732	19994	23455	22789	21726	27229	24235	19965	25831	23901	20043	26996	24247	20584	26130	23588	21026	26468	22880	22379	33400	23361	20433
ILE_ATA	25830	22126	17049	26012	21374	17275	26468	22082	17536	24917	21299	17655	27926	23796	20794	27962	22367	16699	25874	21114	16620	24384	20895	17076	25066	20774	17076	23286	19938	15792	28477	18896	18021
LEU_TTA	71993	63248	52689	73702	64318	52549	72369	64033	53326	70789	62092	52833	71937	63912	53805	73710	64726	51179	69540	59250	51892	71826	60107	51835	71558	66523	52712	68024	65567	55346	74772	73071	55316
LEU_TTG	79552	70477	59774	80469	71680	60000	80143	71680	60185	78224	70754	63612	98786	78103	61221	89856	79510	59662	76935	66857	62504	76696	68804	61472	81919	74169	63099	80850	71970	66008	86317	64854	47846
LEU_CTT	15188	13204	10712	15429	13634	10731	14896	13055	10986	15838	13330	10852	22033	15671	10661	15000	12638	10746	16324	13283	10546	13375	12507	10867	14888	13979	12305	16627	12627	13379	16506	18163	9920
LEU_CTC	3398	2836	2345	3440	2831	2337	3262	2737	2531	3640	2934	2421	4799	3458	2354	3481	3003	2342	3356	2891	2439	3248	2752	2251	3058	2885	2581	4045	3125	3548	4092	4280	2411
LEU_CTA	6784	5800	4470	7056	5886	4634	6743	5628	4468	6799	5704	5012	16393	11260	4552	9124	6558	4352	6921	5498	4534	6245	5309	4350	6260	5719	4843	6656	5488	5425	6211	6382	4296
LEU_CTG	6203	5221	4147	6400	5471	4228	6372	5323	4311	6423	5451	4727	10603	7390	4596	7808	5490	3992	6191	5193	4585	6290	5370	4663	6488	5257	5097	7243	5249	5162	8302	6283	3395
LYS_AAA	124807	110532	92627	125437	110180	92925	127017	110581	91243	126077	110386	91526	129126	116089	90761	120085	109282	96111	141570	113491	89391	119376	110334	90697	124651	107261	86906	117895	95739	79505	120142	118774	102795
LYS_AAG	54972	49327	40842	54635	49085	41158	55461	49218	40620	56321	48868	40880	60209	52602	39365	54976	49611	41909	61167	50947	41593	54533	50640	42040	57659	49233	39253	53055	42699	35831	55025	49330	36999
PHE_TTT	49357	42867	35393	49262	43307	35265	48858	43057	35654	49648	43183	34244	40161	37765	36099	49406	41656	35176	45242	41546	34530	47854	42403	34328	48128	48823	35906	48829	41762	39090	53269	52673	33580
PHE_TTC	28043	25587	21950	28374	25382	21580	28736	25829	22103	27578	25371	21262	23975	22840	21947	29935	26192	22655	27930	25128	22485	30218	26341	21652	27268	27155	23038	29378	26868	28319	38336	38949	23693
PRO_CCT	22814	19586	16302	22537	19472	16339	22611	19798	16547	23178	19968	16562	24633	20674	15474	26887	23719	17557	29916	23848	16911	23021	19979	16968	23065	20122	19528	30790	22595	25829	28255	25868	15936
PRO_CCC	5942	5197	4089	5798	5023	4047	5670	5007	4061	5900	4957	4176	6841	5657	4178	6362	5343	4376	7316	5980	4125	6171	4921	4023	5539	4991	5001	9334	8016	9613	11010	6524	3987
PRO_CCA	54538	47973	41432	54570	48907	41332	54634	48598	42060	55646	49508	41881	57390	50314	39977	59244	53341	45845	70673	55421	43325	57615	47892	43475	56373	48959	49129	66957	53292	57487	62127	50519	41991
PRO_CCG	5006	4228	3420	5119	4292	3403	5010	4367	3453	5041	4211	3687	7463	5448	3826	5569	4703	3482	6745	5235	3794	5234	3939	3774	5335	4089	4387	6873	4431	5970	6805	5134	2838
SER_TCT	40097	36373	30836	40056	35889	30916	40427	36373	30900	40686	36826	29995	38521	35732	29140	38023	35615	31568	39214	36488	32072	41620	36577	31577	40904	37259	34078	45581	38682	37859	48166	41683	30256
SER_TCC	16629	14463	12557	16282	14469	12379	16171	14519	12623	16217	14847	12695	17016	15103	12262	15441	14799	12453	15634	14579	13221	17455	14722	12728	16258	14872	14158	18482	17627	18936	27266	17777	12777
SER_TCA	43616	37735	31133	44050	37552	31104	43803	38530	31478	43580	37899	31366	44197	37286	30396	40454	35934	29534	43020	36079	32598	46632	36433	32240	44194	38269	34551	45577	40388	35542	51887	37688	33045
SER_TCG	11609	10063	8202	11921	9986	8045	11502	10335	8036	11701	9927	8533	13238	10942	8422	13341	11316	7783	11969	9917	9282	12460	9889	9147	12911	10471	9845	13590	10362	9688	13604	10590	6900
SER_AGT	33238	28501	23455	33605	29169	23599	33895	28554	23083	34150	28617	24295	34199	27954	21917	32268	27794	21620	31788	29473	22852	31770	30462	23955	33015	30593	23199	31440	29851	22209	30612	29273	20325
SER_AGC	8266	7015	5576	7987	7204	5856	8670	7334	5823	8224	7225	5766	8256	6960	5710	7722	7193	5478	8001	7382	5849	8439	7678	5671	8081	7528	5841	7609	7216	6252	6645	8104	5367
THR_ACT	53514	46510	40262	53073	47534	40713	53565	47450	40634	54170	48038	40328	46085	42259	40584	53152	46850	39461	51557	46393	40030	51399	46537	41508	55841	44720	40728	54154	44809	39785	67325	47333	38089
THR_ACC	23912	21462	18308	23766	21156	18362	23481	21450	18498	23914	21587	18228	20214	19368	18437	23259	20863	17705	22633	20831	18360	23802	20952	18452	23429	19876	18647	24385	22657	21029	34266	19410	17927
THR_ACA	29408	25243	20526	29891	25155	20558	30265	26034	21139	30638	26023	21670	31835	25070	21204	28696	23969	20194	29858	23595	20354	29222	23547	21032	30384	22477	20881	28482	22442	19734	37588	20876	21103
THR_ACG	6481	5663	4429	6839	5697	4625	6512	5492	4571	7015	5890	4853	6284	5368	5434	7767	5842	4288	6975	5670	4953	6693	5404	5063	7160	5069	4913	6846	4855	4576	8975	5579	3846
TRP_TGG	20125	17623	14704	20181	18042	14556	20418	18283	14915	20262	18439	15507	25454	20201	14328	21265	19359	15412	21873	18583	16218	20831	19018	15942	23343	21280	15966	21212	20268	21377	22536	11633	14379
TYR_TAT	44946	39064	31743	44999	39012	31337	43891	38902	30967	43779	38614	30660	41731	36979	29075	42075	37340	31911	44365	39888	31491	41481	37060	31282	43157	40937	30829	44171	33660	31160	45984	45128	32209
TYR_TAC	21986	19891	17275	22308	20168	17179	22469	20694	17458	22652	20758	17204	21966	20031	16406	21818	20069	17828	21968	20767	17871	21833	19422	16921	21345	21467	17517	22646	19666	19463	22740	29625	19171
VAL_GTT	66883	60450	52258	67407	61321	52381	67695	61232	52454	66910	60644	52582	56915	56493	52531	62544	57331	53880	66029	63974	52206	68932	61896	51625	67049	59883	50811	68002	60707	48139	63468	53037	55060
VAL_GTC	20211	18427	16550	20762	18872	16566	20220	19518	16794	20467	19193	16957	18045	18303	17390	19887	18464	16569	20080	19312	16765	22461	19840	16226	20431	19178	16798	22331	21403	16586	19796	17255	19141
VAL_GTA	16870	13799	11403	16735	14425	11208	17102	14458	11434	16848	14170	12295	15323	12971	12154	16848	13543	11852	17170	13983	11361	17406	13939	11571	16649	13487	10930	16621	14821	10039	15623	11053	13142
VAL_GTG	20547	17603	14580	20639	17857	14684	21050	17919	14723	21137	18307	16066	27304	20885	16283	22758	18373	14216	20828	18192	15335	21407	17878	14950	21095	16434	14470	21954	18125	12990	20757	12622	11801
TERM_TAA	2160	1955	1844	2110	1810	1708	1914	1691	1591	1809	1692	1779	9782	9908	1858	2138	1717	1604	1482	1520	1583	1541	1443	1534	1507	1326	1271	1390	1321	1222	1099	1140	1519
TERM_TGA	436	499	345	435	403	357	459	385	375	428	375	399	2820	2560	445	700	406	357	392	409	351	377	392	323	264	384	315	305	285	271	216	241	253
TERM_TAG	745	642	574	669	599	562	652	599	544	595	607	557	4081	4175	630	850	808	499	495	528	565	456	451	510	437	441	496	482	446	487	319	427	514
MET_ATG	33230	29008	24337	34024	30135	24880	33987	29814	24514	33007	29122	25023	28576	27477	24955	33457	29171	26519	32985	26848	24780	31514	28212	25283	34768	28436	24746	31964	26725	22963	41626	25918	19530
