	-27	-26	-25	-24	-23	-22	-21	-20	-19	-18	-17	-16	-15	-14	-13	-12	-11	-10	-9	-8	-7	-6	-5	-4	-3	-2	-1	0	1	2	3	4	5
MET-TERM (M*)	5	16	3	0	6	3	3	0	4	6	1	4	2	16	2	1	1	4	1	0	1	1	1	2	0	4	1	5	4	1	0	18	7
LEU-TERM (L*)	1	3	0	1	4	5	2	1	1	8	6	5	5	18	8	29	8	7	20	3	2	8	10	2	2	4	3	5	4	7	4	3	4
TYR-TERM (Y*)	6	5	2	7	1	4	2	0	4	3	3	3	12	6	4	4	5	0	1	0	3	0	1	2	1	4	3	4	1	4	1	0	6
TERM-GLU (*E)	18	29	16	14	12	12	31	5	5	13	1	10	14	14	0	5	3	3	8	2	7	0	6	7	2	0	2	1	0	2	3	1	1
ASN-ARG (NR)	4496	3862	3305	4433	3759	3233	4572	4123	3314	4757	4024	3022	6934	5959	3603	4393	3800	3190	5028	4643	3156	4388	3899	3301	4499	3721	2946	4833	5136	3337	4557	4266	3402
LEU-LYS (LK)	16351	14316	11706	16231	14241	11654	15830	13947	11930	19655	15441	11872	22172	19394	11061	14453	12816	12340	16036	12776	11251	15502	14822	11583	15724	13607	11832	13465	12009	8856	16277	16513	11112
PRO-GLY (PG)	4427	4100	3388	4491	3984	3491	4603	4015	3524	4703	4241	3301	6270	6025	3907	7135	5927	3652	4364	3911	3538	4952	4281	4185	5865	4681	5306	6168	6915	3695	2980	3524	3295
GLY-ARG (GR)	6224	5900	5028	6266	5771	4724	6261	5746	5129	6823	6261	5064	8061	7797	5685	6279	6323	5297	8313	7471	5287	6539	6541	5114	7091	7890	5116	3423	4680	4324	4959	4430	4158
LEU-ARG (LR)	8922	8252	6818	9350	8151	7034	9189	8114	7085	11186	9108	7571	13942	11187	7162	9410	8071	7209	9298	7772	6857	8734	8865	7279	9323	9159	7321	8648	9847	6407	8808	8818	6435
GLU-CYS (EC)	1229	1083	872	1337	1109	891	1119	1079	920	1047	1049	964	1536	1349	824	1121	983	855	1124	1063	858	1215	1030	837	992	1001	697	874	937	1493	831	876	783
HIS-ARG (HR)	2383	2021	1737	2274	2093	1660	2395	2086	1630	2265	1854	1675	3160	2707	1743	2165	2055	1676	2382	2278	1634	2119	2203	1783	2627	2127	2046	2269	3009	1584	2167	1970	1826
GLY-TRP (GW)	1474	1315	1122	1323	1329	1030	1394	1347	1038	1552	1276	1150	2021	1686	1065	1433	1444	1137	1588	1454	1248	1629	1507	1273	1749	2016	1228	865	1177	1301	1336	642	854
ARG-ARG (RR)	6429	5700	4830	6741	6099	4800	6978	6172	5380	9141	8057	5631	9037	7956	5501	8415	7090	5426	7804	7259	5221	6927	6915	4998	6418	6786	4889	5523	5245	4638	6671	4956	4259
TYR-ARG (YR)	2750	2488	1894	2716	2488	2008	2958	2493	2053	2862	2499	2197	3909	3280	2254	3080	2974	2094	2981	2635	1998	2649	2742	2095	2809	2408	2270	2861	3581	2196	2846	2558	2155
GLY-CYS (GC)	1374	1170	1098	1416	1389	1178	1446	1428	1115	1488	1291	1127	1802	1631	971	1354	1318	1057	1374	1426	1179	1520	1481	1199	1517	1954	1240	999	1145	1181	1177	1167	911
GLY-GLY (GG)	12375	11615	9634	12949	11992	9589	12600	11999	9716	12710	11937	9551	15330	14248	10062	13137	13315	9806	12349	12952	9818	12394	12703	9567	13355	15860	10693	8592	12329	9682	7275	9221	8327
ARG-TRP (RW)	934	793	725	934	847	660	967	886	612	1167	1030	694	1172	1087	701	1181	1155	707	932	860	726	950	916	756	1054	1063	829	835	960	982	994	481	651
HIS-LYS (HK)	2672	2430	2055	2643	2405	1950	2919	2716	2091	2631	2210	1908	3472	3022	1981	2345	2260	2184	3101	2645	1916	2568	2506	2246	3114	2356	2131	2586	2677	1684	2812	2653	2690
LYS-ARG (KR)	8931	8062	6684	9664	8264	6625	9850	8187	6728	9807	8840	6792	11928	10097	7503	11511	9590	6947	11128	10136	6871	9167	8267	6437	8588	7249	5700	8274	9042	6858	8085	7792	5819
ILE-ARG (IR)	5903	5253	4323	6034	5176	4148	5692	5029	4356	5538	5130	4957	7590	6390	4393	5770	5630	4329	6328	5821	4304	5737	5247	4572	5644	5469	4547	6612	5359	4165	5863	5785	4216
PRO-TRP (PW)	927	788	641	838	780	686	900	798	685	886	909	697	1397	1094	683	1115	869	729	1021	857	719	999	909	818	1338	1139	1306	1489	1092	886	1032	526	680
ASN-LEU (NL)	10131	8971	7508	10385	9069	7059	10272	8958	7401	10062	8659	6823	13429	10558	7465	9285	8376	6764	9060	8269	7117	9655	7937	7049	9449	7644	6475	10701	10584	7610	12242	10110	7204
PRO-TYR (PY)	2497	2357	1859	2652	2324	1852	2600	2364	1933	2899	2680	1811	3023	2961	1986	3200	2584	2040	2764	2450	2009	2573	2271	2266	3533	2782	2833	3259	2241	1866	2725	2967	2078
TRP-ASN (WN)	1137	1121	817	1266	1054	825	1224	977	826	1479	1143	806	1493	1263	845	1268	1101	982	1151	1173	885	1263	1262	899	1211	1055	984	1190	624	804	1264	984	746
GLY-ILE (GI)	7389	6858	5528	7696	6618	5706	7814	6493	5523	7768	7196	5766	7954	7872	6375	7658	7434	5501	8414	7806	5724	7291	6916	5680	7519	7850	5568	4902	5416	5019	7183	5595	5026
PRO-ASP (PD)	4284	3777	3159	4282	3902	3387	4549	4029	3361	4720	4081	3148	5571	5128	3849	7593	5516	3175	4698	4143	3355	4625	4069	4166	6473	4962	4937	5569	5053	2460	4009	4028	3520
GLY-LEU (GL)	10251	9115	7470	10793	9374	7638	10293	9442	7668	10355	9265	8107	12586	10772	7947	10630	10109	7704	10745	9133	7752	10158	9455	7797	10571	12566	8919	6400	7561	7494	9560	8428	6480
GLN-ARG (QR)	4538	4035	3352	4488	3892	3269	4802	4226	3480	4116	3712	3566	5649	4803	3471	4436	4044	3335	5090	4893	3514	4437	4418	3597	4636	3944	3764	3747	4973	3529	4323	3848	3250
CYS-TRP (CW)	212	182	186	288	215	194	239	212	176	256	282	141	319	261	118	257	267	193	240	218	210	216	245	173	252	289	233	186	267	257	294	169	144
TRP-LEU (WL)	1876	1615	1290	1799	1634	1180	1723	1552	1334	2381	1828	1188	2283	1895	1392	1829	1644	1381	1872	1620	1432	1827	1647	1382	1850	1772	1924	1777	1042	1475	1648	1551	1037
GLY-ASP (GD)	7613	6634	5820	7507	7074	5774	7521	6686	5650	7927	7046	5503	7666	7769	6154	7415	6952	5521	7498	7093	5766	7913	7227	5729	8169	9370	6228	5336	6068	4610	5988	6074	5567
ILE-LYS (IK)	10824	9789	7939	10685	9294	8115	10705	9559	7487	9385	8995	8413	12344	10770	7483	10072	9248	8019	11424	9485	7763	10043	9127	7909	10372	8603	7583	10961	7339	6017	10724	11329	8426
HIS-CYS (HC)	539	491	391	497	487	342	551	501	346	518	438	321	508	518	379	470	419	355	450	451	336	474	452	357	553	467	435	496	533	384	489	437	390
ALA-TRP (AW)	901	791	633	895	814	722	966	880	726	1008	882	824	1246	984	697	908	838	763	1104	787	723	983	855	732	1177	1095	596	898	726	847	995	480	618
TRP-ALA (WA)	1169	969	858	1137	1065	883	1158	1074	811	1194	1019	793	1254	1193	860	1249	988	904	1188	1043	898	1266	1063	829	1046	1037	1290	1506	801	613	1446	841	646
TRP-LYS (WK)	1758	1567	1258	1840	1612	1255	1713	1573	1331	2070	1657	1366	2044	1882	1308	1970	1679	1637	2202	1651	1473	1997	1931	1473	1965	1837	1500	1826	971	1289	1712	1467	1159
TRP-CYS (WC)	398	331	244	326	324	267	286	279	279	416	329	224	362	352	283	319	288	246	329	281	262	344	355	279	391	375	333	344	210	285	279	268	230
LEU-LEU (LL)	15717	13905	11380	15767	13941	11586	15522	13581	11976	18388	14724	11667	20848	16122	11195	15182	12665	11024	15044	12861	11508	15132	13505	11629	15714	14468	12938	16133	15524	11802	17147	14948	10091
CYS-ARG (CR)	737	677	553	766	745	657	836	712	584	953	832	599	1161	879	594	804	844	694	952	866	641	788	844	675	898	906	883	729	679	607	994	660	549
PHE-ARG (FR)	2964	2793	2297	3210	2834	2352	3140	2866	2312	2744	2505	2376	4119	3361	2592	3386	3060	2507	3573	2988	2332	3053	3345	2545	3271	3178	2977	3645	4534	2246	3132	2564	2378
MET-CYS (MC)	402	402	302	396	399	316	405	379	292	353	317	265	450	397	281	309	331	316	318	303	330	423	344	286	389	376	331	437	324	290	357	407	279
ARG-CYS (RC)	917	897	760	860	869	719	938	878	778	1145	974	774	1069	981	682	1096	914	734	836	987	736	879	951	735	905	1095	741	797	849	798	920	694	650
TRP-PRO (WP)	497	460	349	477	452	329	467	418	344	847	586	395	614	556	357	523	486	483	779	624	433	594	499	390	477	436	681	753	269	426	495	411	317
GLY-ALA (GA)	8225	7604	5983	7767	7690	6461	7905	7560	6472	7870	7832	6783	8934	8146	6820	8000	7638	6366	8071	7590	6443	8338	7456	6113	8276	9037	6725	5810	7477	5188	6750	6373	5231
PHE-LYS (FK)	6019	5214	4553	5899	5186	4466	5949	5201	4098	4862	4392	4577	7016	5867	4464	5703	5245	4713	6873	5527	4035	5322	5589	4480	5991	5180	4744	5636	5639	3407	6005	5588	4831
LYS-LYS (KK)	19977	17700	14637	19639	17701	14762	20375	17578	14362	21418	18959	14295	21627	19686	14261	22040	18820	14598	21707	18717	14174	19672	18346	13739	19222	15328	12515	19170	17093	12909	19272	20314	13787
HIS-LEU (HL)	3673	3332	2742	3730	3200	2840	4049	3445	2696	3589	3049	2741	5173	3778	2775	3437	3291	2737	3480	3018	2768	3615	3236	2916	3964	3072	3278	3767	4107	2604	4299	3745	2908
GLY-ASN (GN)	6182	5556	4755	6353	5647	4881	6546	5944	4780	7159	6527	4389	6584	6108	4356	6287	5874	4658	6002	5770	4640	5844	5747	4308	6497	6855	4229	4163	4170	3805	5353	5534	4195
PRO-LEU (PL)	6578	5734	4954	6623	5961	4721	6563	5582	4818	6864	5905	4880	8480	6967	5209	9093	6958	4641	6277	5396	4890	6275	5562	5968	8843	7024	7973	8492	6525	5004	7203	6065	4505
HIS-ASN (HN)	2393	2069	1651	2322	2067	1574	2523	2100	1642	2264	1899	1656	2733	2242	1495	2023	1991	1699	2033	1860	1594	2205	2204	1743	2493	1739	1727	2245	2219	1346	2504	2318	1917
