760.0	63.92671771377394
380.0	19.935376246396963
253.33333333333334	5.637816411414708
190.0	3.652797798216054
152.0	3.542100976622223
126.66666666666667	3.0385354611127897
108.57142857142857	1.1454835699858976
95.0	2.12075237614815
84.44444444444444	1.718172194122991
76.0	2.0855502562283506
69.0909090909091	1.2290288172549415
63.333333333333336	0.8846287310269684
58.46153846153846	0.7501792331317721
54.285714285714285	0.7397151799453491
50.666666666666664	2.018351934242465
47.5	2.0454449611560626
44.705882352941174	2.3921424324295875
42.22222222222222	2.053955269583248
40.0	3.218056605966188
38.0	4.563608736782062
36.19047619047619	4.22304620498177
34.54545454545455	7.00688296168398
33.04347826086956	7.372825059822456
31.666666666666668	8.010006997071113
30.4	8.10723688267121
29.23076923076923	8.142249717935183
28.14814814814815	7.34582439638167
27.142857142857142	6.686834287782148
26.20689655172414	4.640980797713206
25.333333333333332	4.053021743048364
24.516129032258064	4.0448788527422135
23.75	2.7122101131784926
23.03030303030303	3.0723636386401303
22.352941176470587	3.0479709783601496
21.714285714285715	2.4099760731564084
21.11111111111111	1.6356514067402812
20.54054054054054	2.4234444067028846
20.0	2.4197811983081317
19.487179487179485	3.136489226872718
19.0	1.9777005485737305
18.536585365853657	2.6126614273971804
18.095238095238095	2.6023113766501966
17.674418604651162	3.28892552388405
17.272727272727273	4.266116947682695
16.88888888888889	4.528244827553798
16.52173913043478	4.597791566082081
16.170212765957448	4.595777618961616
15.833333333333334	5.498017036610265
15.510204081632653	5.911048273719326
15.2	4.9636403203827335
14.901960784313726	4.9511226594945965
14.615384615384615	4.916777295469015
14.339622641509434	4.563354878890958
14.074074074074074	3.7169121707224395
13.818181818181818	4.29396273363173
13.571428571428571	3.3687075159454594
13.333333333333334	3.453092647760404
13.10344827586207	2.7166047926363204
12.88135593220339	2.478517997121455
12.666666666666666	2.6202445276001827
12.459016393442623	3.2935921216782136
12.258064516129032	2.9155226441494877
12.063492063492063	2.394638363869311
11.875	1.9789214799875208
11.692307692307692	2.1264524198939023
11.515151515151516	2.9826684909229346
11.343283582089553	3.827634285537829
11.176470588235293	3.044851864254799
11.014492753623188	3.3999961736206052
10.857142857142858	4.047668600617002
10.704225352112676	4.456078353547169
10.555555555555555	4.738695019493438
10.41095890410959	5.458675257225442
10.27027027027027	4.7301077687987
10.133333333333333	5.139734037891286
10.0	5.499024828037372
9.87012987012987	4.107550711365034
9.743589743589743	4.840087050851983
9.620253164556962	3.746429347391357
9.5	2.5523041917743554
9.382716049382717	3.5647952881161222
9.268292682926829	2.4482522852151547
9.156626506024097	1.9610392452685248
9.047619047619047	2.2877572042147247
8.941176470588236	1.8474579042471266
8.837209302325581	2.1417802405407187
8.735632183908047	1.8409458306550754
8.636363636363637	1.7164447252320845
8.539325842696629	1.6969631410726675
8.444444444444445	2.1629812688453534
8.351648351648352	1.785301413738706
8.26086956521739	2.3943714641332625
8.172043010752688	2.5278679754072804
8.085106382978724	3.0081052247712523
8.0	3.1316840349541755
7.916666666666667	2.6329657022146122
7.835051546391752	4.393479334052078
7.755102040816326	4.571870401448456
7.6767676767676765	3.903413498295362
7.6	4.453425364236445
7.524752475247524	4.363216544486488
7.450980392156863	3.933873585969923
7.378640776699029	4.032916964297996
7.3076923076923075	3.752163950205998
7.238095238095238	3.3967769313910563
7.169811320754717	4.254948158248819
7.102803738317757	2.888082200159647
7.037037037037037	2.216095137200227
6.972477064220183	2.5944112833269206
6.909090909090909	2.7612232320117616
6.846846846846847	2.35302854417673
6.785714285714286	2.9695812522964196
6.725663716814159	2.1289240529762323
6.666666666666667	2.5068397170501253
6.608695652173913	3.1584311360185016
6.551724137931035	2.3640581767169278
6.495726495726496	2.3043413122950964
6.440677966101695	2.107755853669547
6.38655462184874	2.079724305054458
6.333333333333333	2.2430730989251093
6.2809917355371905	2.985173141382476
6.229508196721311	2.9121681286097587
6.178861788617886	3.318781020176781
6.129032258064516	3.3439388439430164
6.08	3.590521059455946
6.031746031746032	3.1746145855859753
5.984251968503937	3.2381923191398254
5.9375	4.010933855006437
5.891472868217054	3.2247231754167944
5.846153846153846	3.3436922946502783
5.801526717557252	3.1735762279237085
5.757575757575758	2.515206766274102
5.714285714285714	3.1878848803596425
5.6716417910447765	2.841258443047089
5.62962962962963	1.8743347054839326
5.588235294117647	2.4232451937611788
5.547445255474453	2.063416288954214
5.507246376811594	1.6175641351591796
5.467625899280575	2.7858415223982305
5.428571428571429	2.0585855249304927
5.390070921985815	2.0333264042593484
5.352112676056338	2.487537869063586
5.314685314685315	2.217199814764626
5.277777777777778	2.6868667991763893
5.241379310344827	2.6906504107580433
5.205479452054795	2.7228989574056075
5.170068027210885	2.9845836587423915
5.135135135135135	2.8690356825364076
5.100671140939597	3.0911746174727686
5.066666666666666	3.356864888076533
5.033112582781457	4.427749663808345
5.0	3.321128934330534
4.967320261437909	3.824888367657459
4.935064935064935	2.8170516617384065
4.903225806451613	3.1247241145817948
4.871794871794871	3.3711062222903325
4.840764331210191	2.5026485877222213
4.810126582278481	2.415265911108218
4.779874213836478	2.6414240713576493
4.75	2.1983197708289883
4.720496894409938	1.9035334300947893
4.691358024691358	2.0410974585939283
4.662576687116564	1.0932320407072178
4.634146341463414	1.6322197133053746
4.606060606060606	0.5565124318012311
4.578313253012048	1.365248149131376
4.550898203592815	1.4456622579431826
4.523809523809524	1.5338120668845379
4.497041420118343	1.4305426069129874
4.470588235294118	2.2386225144877163
4.444444444444445	2.6207895679743634
4.4186046511627906	2.0960604611035865
4.393063583815029	2.442801128121218
4.367816091954023	2.2942047159465235
4.3428571428571425	2.930319559737571
4.318181818181818	2.507083318473317
4.293785310734464	3.6476764606930305
4.269662921348314	3.3856155794404597
4.245810055865922	3.446770441000478
4.222222222222222	3.963570188475446
4.198895027624309	3.599222066218324
4.175824175824176	2.9848057333978755
4.1530054644808745	2.518469511507152
4.130434782608695	2.104785741305609
4.108108108108108	2.3349276704944204
4.086021505376344	2.203030362529686
4.064171122994653	1.5966465518261221
4.042553191489362	1.7584889814632179
4.021164021164021	1.6465239467259887
4.0	1.842510387733591
3.979057591623037	1.312040961952834
3.9583333333333335	1.543595325256544
3.937823834196891	1.5793648054192493
3.917525773195876	1.1799615800321146
3.8974358974358974	1.489746709305231
3.877551020408163	2.0917736782347744
3.8578680203045685	2.5334053737666102
3.8383838383838382	2.5327911613456564
3.819095477386935	2.3944394135556535
3.8	2.6046423328282593
3.781094527363184	2.9624502667559116
3.762376237623762	2.832744733961195
3.7438423645320196	3.439165173121849
3.7254901960784315	3.7208496491720804
3.707317073170732	3.9017011557835763
3.6893203883495147	3.198685980082954
3.6714975845410627	2.902796723887853
3.6538461538461537	2.8961735703949527
3.6363636363636362	3.25056929980813
3.619047619047619	1.9835638312827575
3.6018957345971563	2.013950308410877
3.5849056603773586	1.8077282599274744
3.568075117370892	1.4028308338796913
3.5514018691588785	0.7972050546585018
3.5348837209302326	1.5593478263921752
3.5185185185185186	1.2452766130196284
3.5023041474654377	1.418713841128493
3.4862385321100917	1.579918734225801
3.470319634703196	1.7073470986404686
3.4545454545454546	1.25063301242211
3.4389140271493215	1.7201575207576858
3.4234234234234235	2.278134017168349
3.408071748878924	1.9922136335259502
3.392857142857143	2.605544881957065
3.3777777777777778	3.3861261819682293
3.3628318584070795	3.442487632647713
3.3480176211453743	3.871075675356661
3.3333333333333335	4.275178776553481
3.3187772925764194	4.134433220732031
3.3043478260869565	4.059895066888206
3.29004329004329	3.23161390415742
3.2758620689655173	2.6477835612811775
3.2618025751072963	2.9679493012887472
3.247863247863248	1.6979031441351462
3.234042553191489	0.9541561036847086
3.2203389830508473	1.1139270200342344
3.2067510548523206	1.1598447959198415
3.19327731092437	1.0266341717605683
3.1799163179916317	1.4759978489165357
3.1666666666666665	0.6820812649678843
3.1535269709543567	0.6432711248534094
3.1404958677685952	1.1658199752747749
3.1275720164609053	0.7716000112536145
3.1147540983606556	1.0792872664154638
3.1020408163265305	1.2710767215737844
3.089430894308943	1.0317368873348935
3.076923076923077	0.8279396430701943
3.064516129032258	1.0458995595839358
3.0522088353413657	1.79249802553127
3.04	1.7325952647161038
3.0278884462151394	2.68541485960072
3.015873015873016	9.904363011969092
3.0039525691699605	44.42457921503755
2.9921259842519685	6.072054519325781
2.980392156862745	2.4499276175416402
2.96875	1.7681182991233582
2.9571984435797667	1.1464254619903984
2.945736434108527	0.7016255979581703
2.9343629343629343	0.8512111436800051
2.923076923076923	0.7361513019071768
2.9118773946360155	0.9977004136153653
2.900763358778626	0.6607080835285141
2.8897338403041823	0.5396016459193176
2.878787878787879	0.34594217048623177
2.8679245283018866	0.528656257692
2.857142857142857	0.3770456138721586
2.846441947565543	0.5866369548774457
2.8358208955223883	0.6108371114489612
2.825278810408922	0.5132927836548933
2.814814814814815	0.45329848013138496
2.804428044280443	0.8307871494816379
2.7941176470588234	0.540436719558214
2.7838827838827838	1.1594354155776385
2.7737226277372264	1.6261646149235285
2.7636363636363637	2.179440605487699
2.753623188405797	2.767309299188759
2.743682310469314	2.7106427730312
2.7338129496402876	2.6748826381629964
2.7240143369175627	2.9038207293073275
2.7142857142857144	2.3611248441376302
2.704626334519573	2.2488757357679576
2.6950354609929077	2.0425924115871665
2.685512367491166	1.4292269570362686
2.676056338028169	1.9649242752044813
2.6666666666666665	1.1184118648903638
2.6573426573426575	1.6538436134423045
2.64808362369338	0.7138689605500476
2.638888888888889	0.9622662701963858
2.629757785467128	0.7873568108212546
2.6206896551724137	0.6574220173299726
2.611683848797251	0.9073068192623187
2.6027397260273974	0.9374401183624174
2.5938566552901023	0.5425434598523466
2.5850340136054424	0.5348976413914511
2.5762711864406778	1.337392306502938
2.5675675675675675	1.142017861452678
2.558922558922559	0.9319906705404809
2.5503355704697985	1.4004007771676583
2.5418060200668897	1.6322013728068276
2.533333333333333	1.2564120030056347
2.524916943521595	1.9074346048824173
2.5165562913907285	1.8911738514227652
2.5082508250825084	1.8596668475337685
2.5	2.200477256352875
2.4918032786885247	1.61952713031114
2.4836601307189543	1.3558280123639348
2.47557003257329	1.195626573319587
2.4675324675324677	1.3175331567889879
2.459546925566343	0.7143958680387553
2.4516129032258065	1.0999855449605476
2.4437299035369775	0.8693533829384256
2.4358974358974357	0.9319504903035121
2.428115015974441	0.5897344836145793
2.4203821656050954	0.6278169172829908
2.4126984126984126	0.7339657460742832
2.4050632911392404	0.550268310896669
2.3974763406940065	0.44641038214588735
2.389937106918239	0.5020965942312517
2.3824451410658307	0.4124513818431669
2.375	0.3200323833575586
2.367601246105919	0.7118988731961562
2.360248447204969	0.9537063069169469
2.3529411764705883	1.0772543799243226
2.345679012345679	1.4295245781264498
2.3384615384615386	1.1747571876049725
2.331288343558282	0.9981591194337672
2.324159021406728	1.149171260067999
2.317073170731707	1.392514806107079
2.310030395136778	1.2742344309810139
2.303030303030303	0.8906409403042709
2.29607250755287	0.8521296425957556
2.289156626506024	1.253536706414979
2.2822822822822824	0.9084183151874674
2.2754491017964074	1.1166149695758987
2.2686567164179103	0.5759001274988476
2.261904761904762	0.8023450714136778
2.255192878338279	0.8759483200057312
2.2485207100591715	0.7016259428564628
2.24188790560472	0.7486658073321381
2.235294117647059	0.2814637667130115
2.228739002932551	0.4422729507273935
2.2222222222222223	0.46822806227433633
2.2157434402332363	0.44119983542307106
2.2093023255813953	0.36824457269123007
2.2028985507246377	0.3988657310274422
2.1965317919075145	0.45509929320682796
2.190201729106628	0.3539313449151397
2.1839080459770117	0.32122114684578634
2.177650429799427	0.4379359435249695
2.1714285714285713	0.32003181726823415
2.1652421652421654	0.44734406265923804
2.159090909090909	0.2715314261646975
2.1529745042492916	0.4064015322682923
2.146892655367232	0.616609156812478
2.140845070422535	0.7445174407600884
2.134831460674157	0.29828387970499703
2.1288515406162465	1.0585704412535637
2.122905027932961	0.7481930328314819
2.116991643454039	0.4619765768348584
2.111111111111111	0.2211142167762205
2.1052631578947367	0.20884850390119203
2.0994475138121547	0.4944388720901401
2.09366391184573	0.4000268230205244
2.087912087912088	0.2104495185218295
2.0821917808219177	0.5301847168229039
2.0765027322404372	0.4233148277708828
2.0708446866485013	0.43206780302312264
2.0652173913043477	0.371033667695081
2.059620596205962	0.5336773807158147
2.054054054054054	0.4130344827017725
2.0485175202156336	0.2332840285975198
2.043010752688172	0.5909691732418066
2.037533512064343	0.2673523353789324
2.0320855614973263	0.35104514512403345
2.026666666666667	0.29009418594393516
2.021276595744681	0.6486891007138844
2.0159151193633953	0.3764625846712754
2.0105820105820107	0.3804255665024745
2.005277044854881	0.3839395053378756
