	-24	-23	-22	-21	-20	-19	-18	-17	-16	-15	-14	-13	-12	-11	-10	-9	-8	-7	-6	-5	-4	-3	-2	-1	0	1	2	3	4	5	6	7	8
ARG-LEU-TERM (RL*)	1	0	0	1	1	2	0	1	1	5	4	0	0	18	7	25	2	6	18	2	1	5	7	0	1	3	1	1	1	3	2	0	4
THR-MET-TERM (TM*)	5	16	3	0	6	3	2	0	4	5	1	3	2	16	1	1	1	4	1	0	0	1	1	2	0	1	1	5	4	0	0	18	7
CYS-TRP-ASN (CWN)	4	1	6	4	4	7	6	6	7	7	3	4	19	25	1	4	11	7	2	3	3	2	5	8	2	4	4	8	4	6	5	3	4
ARG-LEU-LYS (RLK)	921	843	669	923	769	656	1019	949	719	1089	832	685	3740	3851	733	720	713	695	806	754	628	818	869	643	693	716	542	688	568	458	763	731	496
HIS-TRP-TYR (HWY)	5	3	4	11	6	3	2	7	1	7	6	2	9	27	6	31	14	7	4	3	6	5	9	7	5	6	12	10	2	10	5	6	5
CYS-MET-MET (CMM)	6	5	3	5	4	3	7	3	2	2	2	5	13	15	7	3	4	8	4	3	4	5	2	2	1	1	2	2	2	7	4	4	2
ILE-CYS-TRP (ICW)	10	8	4	15	5	4	7	4	10	6	9	4	9	30	7	9	6	6	5	10	6	10	8	6	17	10	15	5	7	15	7	6	5
GLN-PRO-TYR (QPY)	97	106	71	115	80	70	90	77	78	101	101	77	297	384	82	139	90	68	104	114	93	127	115	92	119	91	83	113	94	62	125	124	79
THR-HIS-CYS (THC)	8	11	7	9	13	7	11	9	5	11	11	8	25	46	8	21	26	8	14	15	10	13	15	13	23	15	12	9	13	23	11	15	8
MET-MET-TRP (MMW)	2	3	2	4	6	0	2	3	2	2	5	0	5	11	2	6	2	4	5	2	5	3	2	0	10	5	5	5	4	0	0	3	4
ARG-TRP-ARG (RWR)	67	70	22	45	37	13	65	37	41	88	62	51	153	152	37	55	35	29	64	67	32	42	57	36	41	67	50	52	19	26	74	67	25
CYS-ASN-CYS (CNC)	4	14	6	6	4	11	11	9	6	6	3	6	8	21	2	11	6	2	4	7	6	7	14	10	8	7	2	10	9	9	6	4	10
ARG-TYR-ARG (RYR)	110	105	78	134	107	90	160	110	84	139	112	103	282	321	99	90	106	73	130	120	85	130	159	82	92	72	54	133	114	69	109	96	69
ARG-ILE-LYS (RIK)	479	397	360	464	403	366	532	458	330	395	412	355	1366	1182	386	361	361	310	460	434	356	369	415	289	420	403	290	503	288	251	440	413	351
GLN-HIS-TRP (QHW)	13	11	11	9	7	12	11	10	7	23	13	11	7	32	9	10	27	6	9	24	7	8	10	9	10	6	11	11	11	21	18	6	7
THR-TRP-CYS (TWC)	7	10	11	9	7	10	11	7	14	19	11	12	38	32	14	11	6	6	8	12	9	11	14	17	17	12	12	15	3	14	7	8	7
ARG-HIS-LYS (RHK)	117	102	80	102	105	98	179	167	84	124	114	108	413	340	90	110	88	104	164	132	102	140	122	94	125	149	100	141	102	68	116	143	114
ARG-ILE-ARG (RIR)	247	226	172	270	197	172	274	247	195	271	260	198	695	634	178	206	215	224	268	252	181	233	222	186	214	261	177	274	226	193	224	191	178
LYS-LEU-LYS (KLK)	1748	1446	1084	1721	1540	1250	1732	1562	1239	1875	1639	1423	5980	4113	1190	1425	1342	1106	1571	1255	1042	1359	1198	1006	1507	1585	1365	1399	1384	956	1676	1644	1121
THR-ASN-ARG (TNR)	236	182	140	196	152	95	155	113	124	175	152	128	408	440	152	173	156	142	250	172	113	162	125	119	226	138	104	185	177	124	224	192	140
LEU-TRP-HIS (LWH)	20	13	4	14	15	20	24	15	7	39	28	11	12	36	17	12	12	8	13	10	7	12	12	7	11	28	16	19	6	9	7	7	8
HIS-TRP-ASN (HWN)	11	13	14	9	11	11	27	14	14	15	34	8	15	32	7	11	12	7	12	10	12	11	6	9	15	9	13	14	7	9	13	14	9
ARG-TRP-MET (RWM)	4	3	11	8	7	8	7	18	6	10	11	8	6	17	1	6	13	5	12	11	6	5	7	6	2	3	4	1	3	2	7	8	2
ARG-CYS-ARG (RCR)	17	22	11	29	36	21	37	30	22	25	21	18	60	75	32	24	46	22	26	33	20	51	32	20	25	35	30	35	28	27	45	28	28
ARG-TRP-LYS (RWK)	54	57	52	57	48	17	56	55	36	48	72	52	127	150	55	62	70	49	83	65	65	84	62	51	58	68	77	58	25	56	71	45	49
MET-MET-CYS (MMC)	7	3	2	5	8	1	3	1	4	4	2	3	10	10	5	0	1	16	5	2	0	3	1	7	7	3	1	6	4	10	2	1	1
ARG-PHE-LYS (RFK)	213	246	159	220	204	181	260	250	206	221	196	217	740	556	175	206	193	185	259	250	205	253	294	178	202	183	148	224	194	131	198	197	137
LYS-LEU-ARG (KLR)	914	811	583	896	705	620	930	823	655	1063	925	747	2968	2118	673	758	803	697	908	677	633	780	735	593	793	933	753	855	974	672	935	940	588
ARG-TYR-LYS (RYK)	184	165	144	151	147	152	174	174	149	141	147	158	404	375	110	144	162	131	157	143	105	130	171	106	160	144	104	128	137	100	156	168	159
PHE-TRP-MET (FWM)	3	29	2	7	9	8	5	0	1	7	2	5	3	12	3	3	4	4	3	2	2	3	2	12	6	11	7	5	1	3	4	2	1
VAL-CYS-GLN (VCQ)	18	19	17	33	36	13	27	21	18	14	13	24	15	48	36	25	19	13	28	18	8	22	30	15	17	17	22	17	12	13	20	24	14
LYS-TRP-LYS (KWK)	88	66	87	82	96	81	96	100	67	104	97	78	306	230	74	92	80	71	125	80	76	103	76	71	139	147	105	126	61	85	116	73	59
ARG-LEU-ARG (RLR)	597	606	526	657	620	516	796	680	433	716	597	681	1823	1455	506	672	549	552	643	557	556	564	570	531	565	637	423	549	473	387	639	578	457
GLY-ARG-TRP (GRW)	38	34	15	30	18	26	29	22	18	40	31	24	49	57	27	32	39	22	17	28	17	25	23	20	14	22	18	15	31	17	17	12	14
LYS-HIS-ARG (KHR)	190	178	140	156	143	132	162	147	105	143	116	123	389	353	115	121	128	121	184	161	99	143	141	107	172	130	166	176	224	119	161	132	153
HIS-THR-CYS (HTC)	7	10	6	16	10	7	15	12	1	4	9	1	9	18	5	11	6	5	4	13	7	5	11	11	9	10	3	5	7	7	11	9	3
ASP-ASN-PRO (DNP)	213	182	118	177	145	144	153	158	140	174	186	122	492	409	123	173	169	127	262	235	122	179	127	117	194	164	152	207	203	200	265	151	118
ARG-ASN-ARG (RNR)	299	233	192	375	331	241	419	356	217	340	288	200	790	677	250	296	260	242	371	398	216	240	293	209	271	247	201	374	308	227	330	282	228
ARG-HIS-ARG (RHR)	161	126	91	132	131	101	210	187	108	172	137	120	362	336	128	180	137	116	158	166	117	122	137	91	169	190	126	177	197	98	156	132	118
ARG-TRP-CYS (RWC)	13	10	19	18	20	14	20	11	17	18	23	9	24	33	14	13	28	7	19	13	9	12	16	11	20	23	10	13	4	11	10	11	9
ILE-PRO-GLY (IPG)	378	380	314	440	367	273	372	320	299	424	357	305	795	883	305	530	445	339	429	346	291	428	333	342	571	413	519	639	707	272	254	316	241
PRO-CYS-TRP (PCW)	2	2	7	10	3	1	9	3	7	7	13	8	18	17	3	3	7	4	6	2	14	12	11	8	3	11	6	6	13	21	15	7	4
TRP-GLN-MET (WQM)	9	3	3	8	6	5	18	5	1	1	7	4	3	12	5	5	6	2	9	2	2	2	4	6	7	1	4	5	12	6	14	5	4
LYS-ASN-ARG (KNR)	307	304	259	370	265	257	443	333	276	308	301	266	877	716	269	296	316	242	430	405	236	338	246	235	310	287	263	372	461	231	368	302	224
TYR-TRP-ARG (YWR)	23	11	18	17	19	16	21	7	7	34	23	34	45	45	13	16	21	12	19	19	31	27	19	13	25	30	34	27	15	15	14	19	12
ARG-LYS-LYS (RKK)	1011	953	669	912	872	816	1282	1069	783	1174	996	786	2361	2117	768	1117	1046	889	1252	1289	783	1017	1008	796	989	812	663	1031	799	626	910	991	668
PRO-PRO-LEU (PPL)	366	248	257	424	309	280	498	396	302	469	382	320	1285	913	355	705	408	258	445	331	357	553	375	540	599	398	445	471	339	294	429	362	296
CYS-TRP-SER (CWS)	6	1	7	7	4	3	3	7	3	6	2	6	2	10	2	6	4	2	1	1	10	7	7	5	2	7	8	7	1	0	10	6	6
CYS-PHE-TRP (CFW)	3	4	5	2	7	6	6	9	2	2	8	6	4	11	8	4	3	1	4	7	5	2	11	4	4	2	3	12	11	4	6	4	5
ARG-TRP-PRO (RWP)	18	18	16	11	20	21	23	16	15	47	36	13	27	35	14	17	20	8	25	38	6	10	11	7	8	7	16	12	5	10	14	9	7
