	-30	-29	-28	-27	-26	-25	-24	-23	-22	-21	-20	-19	-18	-17	-16	-15	-14	-13	-12	-11	-10	-9	-8	-7	-6	-5	-4	-3	-2	-1	0	1	2
ALA	156628	139177	113955	156423	139318	113202	156952	139969	114801	158043	138739	115156	162482	140213	120815	158827	139689	113138	156063	139630	116400	168794	137049	115148	161138	131685	111916	172525	178648	98520	156558	117009	99938
ARG	123016	108095	86838	124232	109387	87192	125782	108900	88741	128684	112721	91274	156484	130125	94836	132553	118403	90810	143745	123361	89305	121642	114370	91143	127257	118192	88926	116178	117407	85253	112144	100401	77833
ASN	158556	134357	108089	158725	135347	108725	159336	134767	107633	159958	136271	107054	156943	129708	98540	158817	135900	107384	143632	125511	102472	146801	132734	102746	155469	129048	98964	148661	107930	88532	157671	162161	106718
ASP	179623	155287	126733	179729	155524	127408	179510	156074	126526	177847	152622	125068	167938	156019	132559	184761	151406	122660	176023	159144	131004	208455	174449	131004	194142	166664	126209	184068	156722	105614	160382	146456	152091
CYS	24966	21590	17479	25053	21989	17771	25254	21941	17533	24526	22161	17162	26172	23963	15978	23668	19700	15854	22063	21666	17932	24580	22390	17293	24069	23666	17714	24286	22990	21747	22719	21684	16020
GLN	124849	106809	87206	124898	106743	86753	124089	106428	86615	126641	107687	83637	105489	92105	86426	119430	99723	86701	117351	99636	85640	116884	104647	87584	121245	108439	91633	124833	98737	95807	107358	117488	89347
GLU	235351	202061	167266	238198	202940	166757	236609	199262	166905	232872	200720	168035	227260	204155	168359	225828	199706	173280	240497	201598	169797	249494	205307	169585	242186	202043	157865	220827	193710	134097	192360	167049	222918
GLY	157819	137938	112718	158017	138884	112862	159362	142098	111805	158763	141767	112842	170447	153263	113536	178012	164128	117358	156974	148679	115063	167642	152872	116019	160129	149123	112750	172901	199176	129880	102479	112325	98137
HIS	51973	45522	36225	51974	45375	36749	51488	44845	36526	54695	47477	35593	51316	42120	34804	55777	48492	35677	47807	44129	36803	50010	46617	36317	52038	48488	40465	57275	42165	43733	51084	61362	36046
ILE	165888	143069	113822	164932	142778	114615	168095	144316	115119	164990	144134	113768	149406	138261	123883	165014	135667	111106	161454	146064	110617	158313	141499	114179	163712	137913	113492	156335	126571	110326	192324	137670	113604
LEU	234629	201607	162387	237404	204201	162749	234845	203663	163588	234382	201069	167201	275686	219115	168352	243687	204846	158242	229006	191819	165541	227816	194336	163190	236470	211356	171329	236653	202556	180140	261125	227521	148455
LYS	230784	200678	162404	230990	198913	161815	232820	199230	160194	233465	199341	161310	241711	206868	155692	227241	206338	168474	253772	200487	156156	221910	198935	159424	231404	191808	148246	207561	161333	129253	213149	207227	167659
PHE	98152	85386	69235	98338	84387	68183	97812	85352	68954	98272	85389	65888	82558	74135	69284	99579	82435	70007	93592	83450	68346	98381	85801	65926	94485	94688	70325	99925	84479	82355	121013	123368	71389
PRO	114653	97476	80898	114734	99016	80762	114092	99494	82063	117229	100155	80908	127213	105406	78153	133383	119617	90098	148273	114553	85823	120818	97396	85611	119482	100010	101616	155761	117928	134433	152415	117433	77133
SER	202051	172475	139599	203168	173369	139761	204293	175528	139913	202825	175226	140667	203529	171313	132962	191319	166184	134348	197728	175354	144987	211579	177075	143779	205075	179896	153336	215594	188764	168225	241285	195958	131191
THR	146523	124902	101208	146291	125621	101926	146427	126126	103636	150116	127254	104604	136925	116273	102345	142558	120256	98089	144875	122667	101354	145193	122966	104205	149894	113690	103105	146142	115670	100986	193116	116475	96064
TRP	25171	21717	17343	25149	21681	17023	25495	22270	17642	25413	22473	18572	31409	25067	16675	25927	23012	18322	27428	23220	19376	25213	22843	19327	28914	25677	19076	27316	26750	27701	29262	14215	16444
TYR	84596	73018	58602	85731	73921	59144	85046	74188	58673	84674	73630	56654	80235	71358	54328	80815	70940	59852	84375	76549	59564	80735	70615	57648	81178	77718	57587	82608	62883	60703	84504	94725	63346
VAL	156546	136554	111651	156784	138934	112668	157801	138551	112372	157018	137951	115705	146677	132779	116533	151056	126952	113151	154900	140732	112883	161001	137495	111086	155760	132795	109864	162519	142825	102630	149615	110155	121809
TERM	3372	2899	2494	3133	2668	2439	2990	2457	2315	2777	2562	2577	16687	18979	2841	3310	2714	2145	2243	2264	2114	2169	1993	2059	2016	1863	1759	1864	1780	1697	1390	1666	2027
MET	43113	37338	29444	43946	37685	30198	44202	36997	29733	42614	36606	30602	36680	34255	30377	41624	36109	32327	43459	34102	30302	41084	35808	30627	45312	34900	29790	40295	32923	26440	54413	32072	22795
