	-24	-23	-22	-21	-20	-19	-18	-17	-16	-15	-14	-13	-12	-11	-10	-9	-8	-7	-6	-5	-4	-3	-2	-1	0	1	2	3	4	5	6	7	8
CYS-ASN-CYS (CNC)	6	21	6	6	9	6	12	3	4	10	7	2	6	35	2	6	8	6	10	7	4	10	12	11	6	7	10	10	8	11	18	9	4
ARG-LEU-TERM (RL*)	0	0	0	0	0	2	0	3	2	0	7	3	1	14	1	26	3	8	14	1	4	8	6	1	2	4	2	0	4	0	2	3	4
GLN-PRO-TYR (QPY)	166	104	99	140	145	80	157	111	92	127	152	92	474	566	144	173	143	111	147	134	119	148	115	153	160	132	138	158	131	110	141	163	105
ARG-LEU-LYS (RLK)	1307	997	896	1187	965	775	1368	1219	912	1308	1071	898	4155	4029	865	909	916	913	1016	934	792	997	1112	713	863	899	623	969	662	476	906	1000	597
ARG-TRP-MET (RWM)	5	6	6	8	9	8	18	6	15	21	17	12	16	33	6	4	3	9	26	12	8	10	11	5	5	6	0	7	1	4	12	6	1
HIS-TRP-TYR (HWY)	9	8	4	7	7	3	9	3	9	13	7	3	15	31	11	38	13	5	6	1	6	11	9	5	4	9	4	9	10	7	13	6	8
THR-HIS-CYS (THC)	12	10	8	16	14	18	13	13	7	11	12	4	22	50	16	13	19	14	20	19	19	15	14	17	18	11	12	13	23	17	13	10	11
ILE-PRO-GLY (IPG)	476	478	360	529	456	315	431	397	377	536	413	357	1411	1797	396	689	643	382	575	418	349	474	369	381	853	510	616	879	952	368	325	319	318
THR-ASN-ARG (TNR)	299	214	189	281	225	142	211	163	159	226	210	150	674	725	214	219	212	160	317	236	141	198	186	117	284	161	103	245	186	136	236	244	181
CYS-TRP-SER (CWS)	4	4	5	2	3	1	6	8	1	7	2	4	5	17	5	1	8	6	3	4	8	13	7	11	5	8	8	9	2	4	5	9	1
SER-LYS-GLU (SKE)	1164	1079	745	1150	1036	776	1086	885	757	1083	900	755	2108	3028	922	1222	878	745	1098	957	851	1345	1074	898	1204	818	515	1094	949	605	1107	816	1071
ALA-TRP-TRP (AWW)	7	6	4	6	4	3	7	3	1	7	8	2	7	12	1	3	0	5	5	3	6	1	3	0	7	4	11	2	1	3	4	1	5
ARG-TYR-ARG (RYR)	154	127	84	181	112	104	211	131	104	144	140	105	345	384	124	116	125	100	171	138	93	159	216	79	112	90	83	139	157	66	115	118	75
ARG-HIS-LYS (RHK)	172	134	121	156	133	107	230	191	94	165	167	108	495	433	105	142	125	115	186	146	117	156	172	119	155	164	87	162	130	76	144	116	141
TERM-SER-GLY (*SG)	0	1	1	1	0	2	1	2	1	3	8	26	28	8	2	2	0	0	0	0	0	1	0	1	1	0	0	2	1	0	1	3	4
VAL-PRO-GLY (VPG)	485	516	414	548	457	408	473	433	404	650	517	418	1199	1490	454	835	602	397	554	453	361	617	531	446	748	493	634	907	1005	376	272	349	336
PRO-PRO-GLY (PPG)	303	330	229	316	270	292	380	286	215	455	416	255	998	997	286	491	369	248	367	323	314	465	387	468	581	369	386	486	690	262	187	198	238
GLU-MET-CYS (EMC)	27	25	12	24	12	14	33	27	11	12	18	10	35	41	9	15	7	11	13	9	8	16	12	12	14	16	13	20	7	12	11	9	15
ILE-CYS-TRP (ICW)	5	9	2	6	13	5	10	7	18	8	9	3	10	25	4	4	11	9	25	6	12	4	9	4	20	13	16	12	18	12	11	1	4
ASP-LYS-GLY (DKG)	407	335	306	386	312	219	327	337	257	412	303	294	638	820	236	473	376	269	329	302	228	404	314	168	321	216	233	290	430	308	201	214	144
ARG-TRP-LYS (RWK)	65	53	72	98	77	25	83	82	40	69	62	52	157	180	51	66	63	46	94	65	74	97	100	55	80	85	78	73	40	36	92	68	45
GLY-ARG-TRP (GRW)	63	34	23	33	15	33	40	28	33	73	47	27	76	89	36	57	68	19	28	40	25	44	46	25	19	31	22	28	41	23	29	20	25
THR-TRP-CYS (TWC)	15	7	17	12	6	8	14	8	13	17	18	19	34	35	9	14	15	7	11	19	9	19	16	15	29	14	22	17	4	9	14	9	14
LYS-LEU-LYS (KLK)	2337	1881	1372	2231	1912	1556	2289	1912	1565	2426	2014	1713	6700	4676	1403	1841	1585	1423	2082	1539	1208	1789	1462	1124	1793	1976	1574	1780	1695	1086	2037	2201	1361
ARG-ILE-LYS (RIK)	659	540	382	589	504	381	669	502	380	478	539	469	1653	1257	428	460	498	388	566	493	393	466	548	332	501	493	344	676	341	275	551	499	371
GLY-PRO-GLY (GPG)	288	291	223	268	292	206	366	369	237	329	362	223	533	762	230	434	398	239	333	367	264	345	355	321	232	320	349	447	477	223	191	260	201
ARG-PHE-LYS (RFK)	252	263	169	274	250	189	305	302	223	265	261	226	788	627	213	273	223	249	341	296	190	272	297	232	241	200	165	253	211	145	260	229	184
ILE-GLY-CYS (IGC)	163	151	76	144	142	131	180	178	167	186	143	99	294	333	124	124	131	108	160	173	97	147	133	67	159	190	115	104	161	98	109	121	81
TRP-GLY-ARG (WGR)	52	32	32	42	37	35	54	32	33	42	47	39	87	92	34	26	45	42	63	55	29	45	28	57	34	31	31	22	32	26	25	24	22
GLN-PRO-VAL (QPV)	393	388	266	336	318	250	338	384	268	452	361	256	839	873	281	398	287	267	350	364	317	434	323	383	451	403	421	490	508	225	395	267	357
SER-PRO-GLY (SPG)	245	197	173	244	207	179	279	197	147	215	193	146	670	627	211	420	256	191	267	196	182	302	255	293	422	330	287	537	523	175	180	179	156
ARG-ILE-ARG (RIR)	313	301	266	379	265	236	411	285	213	329	268	236	799	700	281	310	306	251	343	312	231	327	263	243	280	314	193	356	279	216	315	248	199
ILE-GLY-ARG (IGR)	637	522	437	597	493	352	462	415	466	582	577	455	1030	1252	455	643	613	529	764	648	462	613	515	346	758	771	470	335	513	359	484	521	364
GLU-LYS-GLY (EKG)	616	576	446	669	559	437	705	553	492	601	546	489	1166	1298	513	760	589	489	624	515	400	636	602	389	544	401	567	597	661	438	454	449	386
HIS-TRP-ASP (HWD)	10	7	11	14	31	14	9	7	34	17	5	4	8	30	13	8	18	28	11	9	21	17	15	3	13	20	23	20	6	1	9	5	4
CYS-ARG-GLU (CRE)	85	78	62	91	98	70	157	78	65	128	67	57	108	191	61	78	67	58	75	90	66	138	139	107	92	27	40	108	82	37	85	58	96
ARG-HIS-ARG (RHR)	208	151	114	191	161	122	283	247	109	180	226	143	374	407	133	226	179	142	200	207	119	130	175	117	194	216	157	195	248	129	156	180	105
LYS-TRP-LYS (KWK)	129	99	95	134	124	76	108	109	85	123	116	88	387	276	89	130	97	106	159	111	77	118	86	76	173	183	147	129	71	111	166	111	73
LYS-LEU-ARG (KLR)	1139	942	724	1135	963	754	1195	1016	791	1315	1170	988	3145	2372	873	1028	1012	845	1072	821	731	949	940	697	945	1154	967	1088	1225	820	1198	1182	676
CYS-MET-MET (CMM)	11	4	7	7	0	4	7	4	2	0	4	2	12	11	4	14	4	11	8	3	5	8	2	4	3	2	1	3	2	3	9	6	0
GLY-TRP-CYS (GWC)	9	25	10	25	10	5	11	9	9	13	10	9	5	25	8	19	16	7	9	11	14	13	15	11	14	20	10	10	4	4	7	8	9
TRP-GLY-CYS (WGC)	42	18	29	35	16	7	33	22	24	19	8	13	80	49	15	22	19	8	22	25	9	22	34	22	37	23	11	25	18	17	10	9	10
LYS-HIS-ARG (KHR)	222	190	164	185	190	172	216	185	136	187	178	135	437	426	158	174	182	157	235	228	135	181	179	131	200	200	227	201	275	139	199	165	167
ASP-ASN-PRO (DNP)	238	205	170	230	197	201	224	210	196	285	217	182	603	520	163	241	260	167	275	301	159	218	196	134	259	152	229	239	294	333	348	225	143
ILE-GLY-ILE (IGI)	455	472	387	501	420	371	439	422	432	589	494	403	837	1030	479	570	545	412	576	541	368	473	425	424	617	581	409	377	441	336	493	386	374
SER-ARG-GLU (SRE)	524	424	328	505	406	358	476	454	359	629	540	387	863	961	385	486	435	407	446	407	382	541	496	430	619	492	256	465	320	199	420	313	355
ARG-ASN-ARG (RNR)	383	330	227	539	389	281	541	399	282	420	371	256	840	822	361	409	330	326	478	483	279	332	380	283	391	295	238	505	435	293	414	375	281
ARG-TYR-LYS (RYK)	225	197	144	172	209	178	251	210	200	187	172	175	453	403	146	181	213	191	192	170	142	151	229	137	165	143	119	168	133	103	230	198	185
MET-HIS-HIS (MHH)	11	6	10	10	5	13	12	18	21	27	26	15	22	29	19	20	26	11	13	11	7	10	13	18	8	2	3	12	14	10	18	18	8
GLN-HIS-TRP (QHW)	23	12	15	12	17	13	11	12	11	37	3	10	19	34	13	13	23	5	14	31	10	13	15	13	17	6	16	19	19	24	30	14	25
