	-30	-29	-28	-27	-26	-25	-24	-23	-22	-21	-20	-19	-18	-17	-16	-15	-14	-13	-12	-11	-10	-9	-8	-7	-6	-5	-4	-3	-2	-1	0	1	2
CYS	7759	18377	6800	7681	17313	6542	7826	17920	6739	8239	19332	6865	7283	13372	5896	8677	20306	6762	7267	17006	7235	7929	19421	6994	7747	19599	6808	7346	18661	8109	7176	14014	4447
TERM	2986	5387	2787	2934	5290	2703	2726	4652	2539	2664	4188	2523	5346	6454	2859	1810	1715	1760	1600	1852	1848	1689	1859	1904	1664	1732	1790	1612	1845	1824	1502	1690	1913
ASP	49925	114418	42849	49863	115490	43704	49813	115995	43866	49024	109382	44319	50413	118189	45952	56916	148002	50581	50644	116700	47702	51673	112946	45134	50279	118131	44400	51515	105750	38430	50300	93929	61324
SER	62149	148807	52219	63606	151108	52678	63649	152052	52158	63422	158574	53429	63576	153579	52824	60802	144130	51333	62714	151469	52430	64833	154610	53352	64872	150530	53747	64874	159878	58345	64274	200801	42942
GLN	32224	74719	27347	31808	76295	27247	32186	74834	26774	32124	78411	27566	28823	57427	25347	33583	78543	27553	33170	79036	26829	29628	71299	27269	33249	78309	28404	34223	84226	26690	27348	84092	26283
LYS	72697	161623	62050	73620	164969	62604	73098	165464	62355	74119	163739	63584	81154	198554	66396	76308	169243	63793	81201	174135	64748	72286	160350	67696	80158	174070	70044	77148	160089	60048	69265	171779	64659
ILE	44519	104878	37830	44111	103491	38020	44552	104081	38412	45765	109250	38367	45272	111925	38248	43283	92808	37117	44057	99401	38776	45887	119668	40970	45136	105561	41689	47892	108973	45811	65551	124377	46214
PRO	30471	72439	25919	30954	73296	26006	30858	74917	25577	31394	78615	25997	31294	73999	26342	34586	91386	26639	29894	64563	22567	29151	63126	23383	31346	63328	23378	35066	78286	24790	31453	107631	22500
THR	42718	99210	36291	42630	99312	35547	42515	98808	35882	43467	100546	36211	40261	82479	33527	42244	104451	34884	44020	97459	32921	42583	96454	34679	48296	93819	34908	44682	93961	36748	58524	126792	36859
PHE	27217	65191	23531	26890	62217	22913	27121	63295	23466	27775	69216	23012	24816	57021	22609	26097	56356	22517	25390	62067	24561	27604	66412	23231	25070	64397	23565	29650	74274	32150	32467	96481	24860
ALA	50153	109815	42563	50009	110910	43138	50052	109340	42460	48074	98175	41801	48166	101140	42501	45866	93777	41264	50684	113384	42183	56041	110671	42055	54258	110429	39925	49910	105775	36836	49885	93729	35443
GLY	42272	94923	36236	42689	97464	37388	43678	97957	37533	42948	91231	36723	45173	100550	38313	47545	115778	41039	43528	105209	39032	44245	100700	37060	40167	100842	37466	39211	100885	35301	28493	48010	23190
HIS	14734	34957	12656	14868	34697	12355	14935	34979	12401	15304	36277	12367	11894	19028	11348	16275	41701	12493	14071	37413	12931	13272	32603	11998	14073	35239	13071	17309	36964	12555	15339	51034	11954
GLU	68074	152279	59714	67853	154817	59778	68766	153959	61793	67979	144006	62836	76433	184383	65895	70394	153807	63991	74493	159491	64725	72684	146378	61553	73996	162413	61533	63283	146834	53647	52074	101075	96504
LEU	64766	154785	55228	65017	152389	55811	65379	155084	55797	68143	168177	56417	66437	165284	57062	64338	138348	54327	68360	160871	56729	71111	165158	58886	65755	157267	58834	70546	177296	70115	72554	169048	49062
ARG	42459	95244	36525	42846	95246	36323	43629	95931	37087	44545	99225	37077	45914	96898	37503	42708	86440	37596	47929	105710	40265	44076	107463	41365	43166	110022	40791	39061	111835	38015	37677	60872	25005
TRP	7035	16250	5977	7371	16239	6175	7280	16049	6106	7353	17877	6195	7009	12835	6275	7164	14648	6106	7525	18782	6576	7629	18148	7098	7622	16965	6244	7058	18564	8012	6685	7095	4522
VAL	46298	103877	39954	46608	104662	40493	47553	105471	40730	45725	95490	40105	45757	102040	40428	43490	85394	39192	45572	100379	40981	51904	118995	40508	47074	111605	40220	47967	103828	37991	52931	73494	52259
ASN	43868	105470	36935	44726	105802	37335	44072	106243	37601	44742	106466	37479	42922	95624	36060	48980	138461	40075	40770	101488	37459	40993	105630	38378	43988	105879	39526	48861	96516	37297	52706	140426	42941
TYR	22112	52835	18715	22095	51894	18886	22000	52619	19100	22422	55763	18918	23876	64013	19904	20818	45056	18703	19738	49969	19770	21541	51591	18611	20995	50393	18632	25197	49362	23076	23470	77258	20542
MET	13001	30765	10927	13133	30368	11034	13154	29846	11351	13202	31487	11109	12752	28942	10923	12490	24321	10546	14757	34184	10977	13697	32471	11949	14442	30593	11684	13604	32073	13433	18887	26263	8413
