	-27	-26	-25	-24	-23	-22	-21	-20	-19	-18	-17	-16	-15	-14	-13	-12	-11	-10	-9	-8	-7	-6	-5	-4	-3	-2	-1	0	1	2	3	4	5
PRO-ASP (PD)	1602	3728	1202	1438	3936	1276	1459	3893	1199	1459	3431	1290	1898	6139	1535	1670	4310	1245	1244	2881	1246	1435	2742	1108	1621	3832	1192	1425	4956	864	1201	2437	1643
PRO-GLY (PG)	1322	3261	1174	1387	3396	1275	1562	3790	1247	1411	3155	1189	1913	5545	1370	1559	3803	1148	1312	2908	1124	1440	2799	1111	1478	3960	1166	1389	4851	1165	880	1394	747
GLY-GLU (GE)	3122	6940	2753	3049	6619	2869	3101	6379	2691	3092	6127	2699	3769	10606	3246	2891	6414	2979	3188	6720	2816	2872	6238	2741	2898	7650	2625	1935	3384	1471	1922	4315	3745
HIS-TYR (HY)	493	1154	442	508	1165	453	485	1256	455	384	704	396	641	1921	464	465	969	424	470	1075	439	447	1199	499	548	1223	373	529	1502	456	532	1715	479
CYS-TYR (CY)	253	580	219	289	642	234	264	676	254	256	586	224	398	1041	258	213	554	261	241	727	200	270	645	232	221	688	262	267	492	167	431	959	223
ASP-GLY (DG)	2669	6044	2206	2532	6171	2343	2606	5907	2298	2513	5732	2420	3301	9133	2949	2858	6439	2612	2702	6361	2525	2542	6020	2153	2404	5278	1877	2262	5747	3199	1536	2790	1811
ASN-GLU (NE)	3860	8843	3229	3641	8888	3305	3798	8813	3319	3463	6817	3162	4765	14137	4196	3399	8081	3411	3576	8937	3392	3869	7899	3509	4717	8517	3572	4282	12122	3309	3857	6072	9050
ASP-LYS (DK)	3345	7649	2959	3548	8080	2879	3378	7613	2975	3496	7791	3085	4440	12372	3648	3653	8440	3211	3899	8218	2991	3306	7545	2979	3602	7160	2547	3583	5831	4232	2995	7699	3810
ASN-TYR (NY)	1279	2773	979	1220	2883	983	1256	3017	991	1259	3020	1008	1464	4677	1160	971	2379	941	937	2846	1089	1121	2820	1114	1224	2574	993	1691	3633	1574	2162	4762	1334
PRO-TYR (PY)	879	2174	731	856	2230	727	903	2416	797	834	2326	742	1034	3111	774	736	1689	564	674	1649	714	821	1668	555	950	2265	704	881	2678	645	668	2322	660
ASN-PRO (NP)	1714	4271	1337	1609	4132	1437	1702	4224	1381	1704	4071	1503	2130	6274	1688	1725	4741	1530	1483	3599	1323	1563	3630	1410	1769	3022	1038	2125	5028	1338	2021	6244	1318
ASP-TYR (DY)	1377	3408	1158	1335	3434	1285	1333	3201	1193	1303	3870	1326	1632	5041	1454	1348	2799	1201	1309	3019	1277	1309	3183	1116	1278	3007	965	1581	2401	1737	1574	5033	1356
PRO-GLU (PE)	2514	5562	2202	2313	5774	2117	2504	6070	2138	2503	5418	2234	3085	8459	2422	2423	4893	1804	2450	5164	2133	2693	4637	2030	3114	6682	2110	2163	7906	1529	1623	3281	3428
ASN-ARG (NR)	1922	4623	1562	1795	4389	1545	1976	4507	1617	1907	4249	1547	2375	6657	1815	1729	3752	1738	1895	4702	1901	1967	4797	1839	2118	4526	1675	1986	6656	1799	1799	2784	1244
GLY-LYS (GK)	3882	8402	3307	3959	8520	3307	3929	8110	3376	4182	8895	3631	4720	12602	3907	4143	10188	3721	4431	9876	3567	3768	9161	3748	3835	9340	3298	2568	4171	1936	3311	7927	3264
PRO-SER (PS)	2872	6959	2431	2877	7182	2458	2938	7262	2394	3030	7554	2327	3489	9695	2496	2723	5678	2177	2707	5745	2059	2875	5775	2156	3103	6766	2173	2760	9524	2068	2523	7642	1848
ASP-GLU (DE)	5807	13016	5115	5873	13483	5121	5789	12865	5444	5506	11581	5765	7312	19320	6407	5853	12909	6139	6446	13112	5988	6207	12912	5692	6267	12193	5205	5599	10886	7170	4301	8669	11767
ASP-LEU (DL)	4219	10219	3629	4205	9671	3825	4083	9266	3856	4501	11780	4064	5031	14599	4643	4308	9630	4086	4572	9676	3810	4628	10894	3798	4528	9606	3448	4628	8886	5260	4814	10916	3668
GLY-TYR (GY)	1329	3011	1063	1313	3043	1225	1297	2844	1122	1417	3347	1106	1434	4082	1168	1369	2811	1129	1190	2852	1090	1240	2972	1104	1069	2858	954	906	1263	705	1030	3936	1118
HIS-PRO (HP)	717	1872	638	790	1936	559	688	1752	576	547	1021	545	891	2481	685	733	2177	628	631	1560	533	685	1546	566	800	1622	528	913	2904	556	733	2430	576
ASN-ASP (ND)	3054	7510	2670	3205	7417	2599	3115	7485	2716	2846	5924	2414	3362	10294	3059	3106	8448	2941	2809	6731	2719	2960	6756	2867	3283	6395	2753	3805	9209	2596	3725	6134	5806
ASN-LYS (NK)	3684	8795	3287	3722	8869	3095	3801	8740	3078	3346	7471	2935	4281	12395	3185	3391	8051	3080	3694	9443	3376	3673	8582	3374	4236	8057	3453	4770	11402	3560	4822	9503	4440
PRO-LEU (PL)	2480	6191	2099	2426	6283	1981	2608	6625	2028	2552	6610	2135	2665	8333	2201	2239	4496	1659	2455	5665	1889	2771	5951	1923	2819	6801	2210	2740	9947	2045	2113	5385	1762
GLY-LEU (GL)	3296	7835	3034	3547	7942	2899	3366	7576	2925	3780	9054	3214	3945	10688	3560	3499	7153	2816	3597	7622	2864	3378	8601	3104	3285	8428	2880	2392	4330	2253	3282	8331	2252
HIS-GLU (HE)	1005	2431	799	975	2435	841	1011	2422	793	760	1130	916	1224	3333	1034	932	2389	942	994	2389	891	949	2305	984	1314	2671	962	983	3469	796	809	1589	2429
ASN-GLY (NG)	2709	6282	2218	2770	6436	2350	2753	6358	2200	2516	5485	2247	3049	8531	2680	2963	7543	2532	2646	7070	2502	2591	6482	2415	2737	6197	2316	2582	9008	2486	1801	3377	1830
CYS-LEU (CL)	554	1558	523	560	1446	512	621	1733	584	554	1240	523	761	1987	555	538	1236	524	683	1655	491	586	1639	559	512	1534	686	558	1347	392	903	1771	438
GLY-ILE (GI)	2714	5986	2301	2584	6000	2237	2556	5615	2255	2834	6407	2204	2927	7769	2461	2447	5547	2102	2543	5225	2181	2472	6547	2272	2347	5866	2200	1760	2927	1540	3114	6562	2381
PRO-ASN (PN)	1528	3722	1283	1565	3742	1259	1543	4053	1272	1643	4032	1228	1740	4916	1250	1603	4341	1067	1223	2928	1061	1256	3200	1104	1666	4038	1303	1605	5071	959	1334	4023	1433
HIS-LYS (HK)	1241	2619	993	1153	2680	1051	1182	2851	995	978	1384	805	1370	3539	981	1112	2639	994	1114	2511	887	941	2292	1087	1407	2794	1070	1170	3594	918	1118	2494	1348
HIS-ALA (HA)	750	1758	597	788	1827	703	769	1965	645	597	859	549	873	2284	732	673	1511	596	715	1585	567	882	1760	706	968	1810	568	788	2445	552	615	1473	638
CYS-ILE (CI)	559	1193	457	488	1171	414	489	1320	450	447	965	380	663	1613	489	477	865	408	489	1205	435	465	1548	485	508	1210	593	475	1011	271	939	1465	461
CYS-GLU (CE)	422	851	359	390	934	332	461	976	316	341	619	307	521	1186	370	332	945	383	412	1015	374	413	889	324	427	1014	386	316	629	186	396	607	553
LYS-GLU (KE)	6891	15326	6128	6826	15280	5908	6928	15088	6174	7524	17579	6359	8289	20544	6611	7658	15957	6564	6980	15231	6296	7392	14131	6308	6915	14127	5274	5947	15520	4202	5235	10070	8191
HIS-SER (HS)	1243	2948	1054	1255	2975	1017	1285	3199	1091	1015	1856	1006	1459	3924	1035	1129	3014	1128	1100	2760	972	1126	2957	966	1511	3110	1062	1233	4474	1055	1117	3919	924
GLY-VAL (GV)	2758	5981	2439	2861	6272	2484	2787	5730	2483	2868	5557	2479	3228	7796	2767	2580	5369	2375	2830	5990	2415	2839	6922	2312	2524	6392	2428	1938	2867	1280	2747	4301	2597
HIS-ASP (HD)	689	1693	600	747	1822	633	796	1810	585	520	713	534	896	2291	691	721	2412	652	658	1626	678	685	1662	626	771	2004	534	733	2446	507	665	1286	1472
ASP-PRO (DP)	1711	4106	1621	1779	4430	1602	1848	4099	1557	1932	4978	1705	2243	5846	1900	2191	5730	1858	1910	4029	1436	1809	4105	1472	1995	3658	1256	1842	3358	1827	1855	6965	1387
CYS-LYS (CK)	549	1152	434	576	1245	528	566	1369	499	599	1037	520	664	1775	636	591	1074	530	762	1565	551	582	1400	659	626	1560	673	628	1080	305	783	1344	495
ASN-ILE (NI)	2658	6075	2113	2557	6402	2303	2507	6332	2240	2754	6149	2197	3073	8453	2203	2292	5279	2064	2244	5675	2082	2648	6988	2344	2752	5658	2202	3157	8194	3008	5701	7539	2747
ASN-LEU (NL)	3363	8129	2829	3354	8118	2781	3364	7924	2813	3491	8161	2823	3678	10779	2849	2931	6924	2707	3162	8249	2845	3505	8562	3076	3511	7161	2556	4025	11665	3790	5646	8990	2925
ASN-VAL (NV)	2832	6383	2426	2766	6473	2397	2725	6531	2402	2646	4991	2235	2910	8324	2566	2373	5143	2148	2422	5818	2324	2868	7105	2488	2929	6144	2181	3149	8458	2454	3736	4393	4705
HIS-LEU (HL)	1238	2920	937	1271	3052	1007	1320	3335	1051	1068	1874	948	1329	3936	998	1133	3155	1054	1199	3181	967	1275	3323	1134	1456	3160	1048	1355	4877	1084	1336	3154	1053
GLY-ARG (GR)	2209	5196	2101	2479	5247	2054	2312	4621	2089	2624	5551	2221	2909	6567	2229	2352	5085	2219	2618	5819	2247	2264	5965	2153	2137	5368	2144	1411	2691	1358	1827	2957	1289
GLN-LYS (QK)	2644	6131	2083	2620	6214	2262	2685	6486	2428	2431	4535	2188	3275	8179	2554	2921	6948	2288	2816	6186	2321	2726	6153	2717	3472	7287	2710	2470	6859	2169	2625	6711	2680
GLY-ASP (GD)	2547	5554	2213	2598	5703	2222	2542	5344	2015	2393	4874	2184	2664	6873	2567	2762	7405	2620	2569	5685	2347	2251	5275	2158	2212	5754	1908	1588	2474	1000	2025	4170	2370
ASN-SER (NS)	3771	9019	2968	3785	9155	3086	3810	9484	3029	3620	9113	3032	3913	11685	3152	3260	8318	2877	3470	9206	3300	3814	9556	3143	4197	8481	3116	4387	12535	3793	4594	12525	2678
THR-LYS (TK)	3759	8353	3023	3668	8110	3229	3723	8282	3070	3420	6466	3018	3994	10373	3077	3552	7464	2763	3766	8296	2860	3719	7202	3124	3896	7879	3476	4893	10000	3034	3270	7757	3290
GLN-GLU (QE)	2960	6869	2531	3089	6871	2587	3020	7275	2516	2527	4619	2442	3312	8405	2816	3014	7023	2717	2982	6584	2685	3085	6513	2603	3167	7765	2439	2455	7091	1868	2111	4578	4420
ASP-ILE (DI)	2961	7055	2661	3039	7052	2566	2747	6478	2766	3187	7497	2661	3201	8895	2891	3034	6633	2627	2886	6158	2557	3038	7971	2561	2886	6118	2322	3211	5505	4255	4310	8530	3143
