529.0	34.904510200250556
264.5	23.5372406509313
176.333333333	16.76583841338389
132.25	12.528430905154098
105.8	8.880520092315944
88.1666666667	7.033173764632839
75.5714285714	5.334334556257074
66.125	5.051395916550694
58.7777777778	4.453678371930765
52.9	3.9365578982983864
48.0909090909	3.2099363868023496
44.0833333333	3.1451775021561796
40.6923076923	2.1309226185154597
37.7857142857	2.4020174335110247
35.2666666667	1.7826598022987588
33.0625	1.4613801672482252
31.1176470588	1.6486019797280853
29.3888888889	2.1016803609454957
27.8421052632	1.4644485218296002
26.45	1.4841771844265241
25.1904761905	1.4777748213343083
24.0454545455	1.2007849607700374
23.0	0.9840336005222701
22.0416666667	0.9245076413602374
21.16	1.1140231079930047
20.3461538462	1.1877602494511241
19.5925925926	1.0284467881655717
18.8928571429	0.8356648309738944
18.2413793103	0.6678516747245083
17.6333333333	0.7078146039615818
17.064516129	0.6242642460383659
16.53125	0.5849250312970646
16.0303030303	0.6291864432466137
15.5588235294	0.9374209342139955
15.1142857143	0.5852117957755636
14.6944444444	1.2146756477075904
14.2972972973	0.9902321443299306
13.9210526316	1.0523836507363822
13.5641025641	0.8284848990850142
13.225	0.858734863253033
12.9024390244	0.6304005389615771
12.5952380952	0.5746700700443638
12.3023255814	0.4033384145850461
12.0227272727	0.9374490050969686
11.7555555556	0.792659667005576
11.5	0.7097741213340533
11.2553191489	0.7550332050638466
11.0208333333	0.780093293741758
10.7959183673	0.42955991526756276
10.58	0.3370732753280401
10.3725490196	0.6521457439870461
10.1730769231	0.45500670672099697
9.98113207547	0.6232722020821494
9.7962962963	0.6885192730623123
9.61818181818	0.775523212417592
9.44642857143	0.8258079769340849
9.28070175439	0.2800321927075713
9.12068965517	0.15126564528366207
8.96610169492	0.407711047511597
8.81666666667	0.5089505020952393
8.67213114754	0.2863200071208919
8.53225806452	0.3479591306861894
8.39682539683	0.26070728912177965
8.265625	0.6174798864382509
8.13846153846	0.7094241051136536
8.01515151515	0.5843141728117281
7.89552238806	0.3855863988957875
7.77941176471	0.06411651387671342
7.66666666667	0.4332226531098379
7.55714285714	0.8505524644547898
7.45070422535	0.2905358540081004
7.34722222222	0.46499727777693894
7.24657534247	0.2001944710432483
7.14864864865	0.08081446064352332
7.05333333333	0.40152722572396576
6.96052631579	0.21493018358475316
6.87012987013	0.3076583484736355
6.78205128205	0.39632974648331654
6.69620253165	0.32659935002992496
6.6125	0.22468781015707093
6.53086419753	0.4068980644246538
6.4512195122	0.33409006071286895
6.3734939759	0.22933688353597995
6.29761904762	0.38170572186365
6.22352941176	0.23459402860505518
6.1511627907	0.4571768571299339
6.08045977011	0.8118262623347599
6.01136363636	0.49017857272618764
5.94382022472	0.24896590785093675
5.87777777778	0.26140432020752286
5.81318681319	0.23129425560584524
5.75	0.16980809127626742
5.68817204301	0.5297333345122546
5.62765957447	0.18133039278748908
5.56842105263	0.49445923030199274
5.51041666667	0.3283091234888282
5.45360824742	0.3531572490054592
5.39795918367	0.12423254495662059
5.34343434343	0.26652084355765915
5.29	1.0566207468012487
5.23762376238	0.7600410543762739
5.1862745098	0.4985784723300332
5.1359223301	0.549467345767675
5.08653846154	0.8023822336969706
5.0380952381	0.5825666559158693
4.99056603774	0.8802519722096966
4.94392523364	0.6511155963621603
4.89814814815	0.4202309707226929
4.85321100917	0.6117566652584769
4.80909090909	0.7112167383028154
4.76576576577	0.9558412570576059
4.72321428571	0.5888131089699886
4.6814159292	0.6664656774186071
4.64035087719	0.5393996353496917
4.6	0.5783223734809826
4.56034482759	0.9255640767270908
4.52136752137	0.5133946993126028
4.48305084746	0.7391005149810219
4.44537815126	0.4073835311881438
4.40833333333	0.6542191999588568
4.37190082645	0.8467742825261068
4.33606557377	0.9197145198305738
4.30081300813	0.4360662481714949
4.26612903226	0.6205153154203271
4.232	0.60986996223635
4.19841269841	0.9056633428047828
4.16535433071	0.6968025229382251
4.1328125	0.4559946267964979
4.1007751938	0.6641139212877274
4.06923076923	1.005266078662899
4.03816793893	0.8166932788083442
4.00757575758	0.8703114946644835
3.97744360902	0.8487948761644788
3.94776119403	0.835867988903433
3.91851851852	0.8511063368762655
3.88970588235	1.4404571798500885
3.86131386861	1.153152452962644
3.83333333333	1.3956762498631459
3.80575539568	0.9125575500752423
3.77857142857	0.8642030024779082
3.75177304965	0.7225120620967317
3.72535211268	1.0564233543892676
3.6993006993	0.9285584600891099
3.67361111111	1.2076379675854017
3.64827586207	1.0662658689221338
3.62328767123	1.1895943621361256
3.59863945578	0.9241157856105593
3.57432432432	1.149907234028846
3.55033557047	1.3643426335733038
3.52666666667	1.319063733534349
3.50331125828	1.317890159252551
3.48026315789	0.854405603705358
3.45751633987	1.4750270803937395
3.43506493506	1.0084658139715523
3.41290322581	1.0818578460662625
3.39102564103	1.6313607845558291
3.36942675159	1.0522235667819173
3.34810126582	1.9676419406603731
3.32704402516	1.7271591017766752
3.30625	1.4425142413634142
3.28571428571	1.6176478526862401
3.26543209877	1.855408512138202
3.24539877301	2.117786921569301
3.2256097561	2.2260198775496045
3.20606060606	2.186539200501043
3.18674698795	2.5022640154214884
3.16766467066	2.573404397067421
3.14880952381	3.358448057800945
3.13017751479	3.3189034741168078
3.11176470588	4.110268365390645
3.09356725146	5.171021325967934
3.07558139535	7.232366717904185
3.05780346821	10.027747419313437
3.04022988506	13.685456778374553
3.02285714286	19.125125953112306
3.00568181818	65.60209255392957
2.98870056497	18.37839124005961
2.97191011236	12.743957737119162
2.95530726257	9.17769033723765
2.93888888889	6.536323708938672
2.9226519337	4.807339699517402
2.90659340659	3.6851651440091127
2.89071038251	2.978734195143213
2.875	2.9132709559344634
2.85945945946	2.3963198835691437
2.84408602151	2.2316048895453657
2.82887700535	1.8433136531834045
2.81382978723	1.7651254414618522
2.79894179894	1.2536660250774898
2.78421052632	1.4593116688710563
2.76963350785	1.255865732485381
2.75520833333	1.0579351412638753
2.74093264249	0.8555822953218549
2.72680412371	0.6084992153689914
2.71282051282	0.5505376727382005
2.69897959184	0.7326410429368313
2.68527918782	0.5210717739455187
2.67171717172	0.5303931680942042
2.65829145729	0.43224875675688806
2.645	0.5912394374611513
2.63184079602	0.588840578579731
2.61881188119	0.715392577964571
2.60591133005	0.5462842407072049
2.5931372549	0.4313268330183889
2.58048780488	0.3061663721545537
2.56796116505	0.30372807951667574
2.55555555556	0.24681790134006976
2.54326923077	0.4358807585619533
2.53110047847	0.2619196837974606
2.51904761905	0.5445576360906917
2.50710900474	0.2124007068604851
2.49528301887	0.40879277081663246
2.48356807512	0.4575294775637647
2.47196261682	0.42683863306887443
2.46046511628	0.5716154019630164
2.44907407407	0.5311061184113118
2.43778801843	0.23508136391084244
2.42660550459	0.05328352499120824
2.41552511416	0.5040071335760727
2.40454545455	0.5505128852395227
2.39366515837	0.2973179353901581
2.38288288288	0.4608637329128991
2.37219730942	0.4764352536561313
2.36160714286	0.1333567387660902
2.35111111111	0.05554234344481699
2.3407079646	0.11954942771188343
2.33039647577	0.11956901565153889
2.3201754386	0.1039713188986275
2.31004366812	0.1333314614404983
2.3	0.2540329871297199
2.29004329004	0.5900902643314196
2.28017241379	0.5030657039029663
2.27038626609	0.29273195566112
2.26068376068	0.2557556522606973
2.25106382979	0.07465546264883027
2.24152542373	0.5400381280990032
2.23206751055	0.30057753544708016
2.22268907563	0.29639117788249214
2.21338912134	0.4480008912855867
2.20416666667	0.2864299653837358
2.19502074689	0.30257404949400807
2.18595041322	0.30564742064449646
2.17695473251	0.45051985204232703
2.16803278689	0.46259987577711126
2.15918367347	0.3363517448794576
2.15040650407	0.6272404423285284
2.14170040486	0.6899275144165762
2.13306451613	0.2108017001834614
2.12449799197	0.24307695254118156
2.116	0.49632065964694605
2.10756972112	0.2547879041835008
2.09920634921	0.606976527419777
2.09090909091	0.11236035936622697
2.08267716535	0.29314330239117403
2.07450980392	0.1980163342647204
2.06640625	0.32651155068274934
2.05836575875	0.2524711713950261
2.0503875969	0.18202741621682147
2.04247104247	0.44383102103015243
2.03461538462	0.6654648800723031
2.02681992337	0.32370626707353944
2.01908396947	0.7281302266800991
2.01140684411	0.26854102570065985
2.00378787879	0.38929292929293524
