529.0	46.624388595073874
264.5	21.685657997209344
176.333333333	10.17277834581563
132.25	5.904711823421673
105.8	4.040689251663631
88.1666666667	3.179835143286214
75.5714285714	1.4107293279958235
66.125	1.7016081750486194
58.7777777778	2.0616502367869036
52.9	1.555112592995485
48.0909090909	1.6450425234748574
44.0833333333	2.344440141886621
40.6923076923	1.8399924398962015
37.7857142857	1.2252032781157596
35.2666666667	1.3736894356358818
33.0625	1.472839847354396
31.1176470588	1.910593257630031
29.3888888889	2.405527551372679
27.8421052632	2.0182035272067185
26.45	1.6465420589596602
25.1904761905	1.4732531904277688
24.0454545455	1.1773190064545784
23.0	0.9596299564111708
22.0416666667	1.3139957832187306
21.16	1.2154425957583825
20.3461538462	0.8090533623147577
19.5925925926	0.8369157697097409
18.8928571429	0.9140480237218883
18.2413793103	0.5747860062476972
17.6333333333	0.5332958515910081
17.064516129	0.7437412785924262
16.53125	0.5525528803990997
16.0303030303	0.8099007945754635
15.5588235294	0.8532743428752785
15.1142857143	1.756808448882852
14.6944444444	1.1591155782831042
14.2972972973	0.6525337432118468
13.9210526316	0.8376163364037382
13.5641025641	0.9263065959295881
13.225	1.262612272822197
12.9024390244	0.9901532951664348
12.5952380952	1.0349009443751014
12.3023255814	1.624447471352002
12.0227272727	1.553388391663273
11.7555555556	1.473965146695283
11.5	1.1524138286228165
11.2553191489	1.1179248098958219
11.0208333333	0.9696196965658359
10.7959183673	1.417907595522048
10.58	1.2329373271060635
10.3725490196	0.9827285101914373
10.1730769231	0.8731881114911786
9.98113207547	1.2333693258517073
9.7962962963	0.7102807342733016
9.61818181818	0.7886422040391108
9.44642857143	0.9737926190246241
9.28070175439	1.02527939512385
9.12068965517	0.7446879752375066
8.96610169492	0.730643176036211
8.81666666667	0.6140366559452048
8.67213114754	1.0450136660536744
8.53225806452	0.9200400230804867
8.39682539683	0.7399428184638132
8.265625	0.9344889818666333
8.13846153846	0.9622430274477645
8.01515151515	0.8370120455331466
7.89552238806	1.2638517069763575
7.77941176471	0.9605248584854954
7.66666666667	1.2339146129494476
7.55714285714	1.0093446093417804
7.45070422535	0.9191518338239864
7.34722222222	1.3490452660790497
7.24657534247	1.1479912991038028
7.14864864865	1.1978550351781685
7.05333333333	0.8686859054261575
6.96052631579	1.005599861163425
6.87012987013	1.4202586491249878
6.78205128205	0.9618638406371438
6.69620253165	0.959514400370155
6.6125	0.8274507212017294
6.53086419753	0.7167604453080256
6.4512195122	0.3292087638786164
6.3734939759	0.3929599743386627
6.29761904762	0.7340320817130362
6.22352941176	0.47685774088535654
6.1511627907	0.7226544953099137
6.08045977011	0.5010667738910611
6.01136363636	0.4725050414357768
5.94382022472	0.39199976942155285
5.87777777778	0.6866590735398956
5.81318681319	0.5745349030552889
5.75	0.6009805231886634
5.68817204301	0.7471906556715684
5.62765957447	0.6841527167641811
5.56842105263	1.1777184073273683
5.51041666667	0.7528250449327654
5.45360824742	1.0990971632327424
5.39795918367	0.6929302680977639
5.34343434343	0.8378669505185514
5.29	0.8893129778549701
5.23762376238	0.7979770345261501
5.1862745098	1.099986707759726
5.1359223301	0.8011140247625059
5.08653846154	0.9139114549744161
5.0380952381	0.3571562566260874
4.99056603774	0.403545328355898
4.94392523364	0.7171172806457984
4.89814814815	0.7529721561699951
4.85321100917	1.1007657621597635
4.80909090909	0.631903014308855
4.76576576577	0.862610504331044
4.72321428571	0.4238375156333964
4.6814159292	0.8175098777017309
4.64035087719	0.17338147537872972
4.6	0.08089450624312768
4.56034482759	0.6922461111282853
4.52136752137	0.5315782836687891
4.48305084746	0.4150362731464199
4.44537815126	0.5989145124447479
4.40833333333	0.5903859450587733
4.37190082645	0.19628372658420992
4.33606557377	0.5369873717385907
4.30081300813	0.8156493293864697
4.26612903226	0.9814265640162863
4.232	0.7515458784877472
4.19841269841	0.8961096943514195
4.16535433071	0.4492817024106456
4.1328125	0.42126295435619665
4.1007751938	0.9591689248450554
4.06923076923	0.7347166525197365
4.03816793893	0.7200739869532117
4.00757575758	0.8432448102534559
3.97744360902	1.0325526660856477
3.94776119403	0.2939863654217918
3.91851851852	0.3912105972277497
3.88970588235	0.8809418735103451
3.86131386861	0.5711294102175598
3.83333333333	0.1522357068009696
3.80575539568	0.09978750680272983
3.77857142857	0.4789706113635433
3.75177304965	0.7399197428691417
3.72535211268	0.41567792348022503
3.6993006993	0.555671390833106
3.67361111111	0.5206394428071717
3.64827586207	0.44723538445139727
3.62328767123	0.6743654807046071
3.59863945578	0.39921345438269895
3.57432432432	0.19715379309466033
3.55033557047	0.6194478983760061
3.52666666667	0.755621869822215
3.50331125828	0.6160981376833644
3.48026315789	0.6173141460570657
3.45751633987	1.165560927224005
3.43506493506	0.8837907130968053
3.41290322581	0.583853821009178
3.39102564103	0.848059998290147
3.36942675159	0.7449291913173952
3.34810126582	0.6209166780671904
3.32704402516	0.5520573829852627
3.30625	0.9281967552764369
3.28571428571	0.6959089748214463
3.26543209877	0.901257083306677
3.24539877301	0.6811827956937644
3.2256097561	1.1934741398674127
3.20606060606	0.8610275788010974
3.18674698795	0.9930546240996617
3.16766467066	1.3607563740318092
3.14880952381	1.4953961914811604
3.13017751479	1.7122352565571162
3.11176470588	2.2781444236925013
3.09356725146	2.5972499745908966
3.07558139535	2.7589142949323335
3.05780346821	3.506501119190191
3.04022988506	5.590635862948457
3.02285714286	10.027968712637259
3.00568181818	65.15605122694762
2.98870056497	10.23417244422956
2.97191011236	5.888640699546654
2.95530726257	3.8680454139574483
2.93888888889	2.7587150338407347
2.9226519337	2.535616408105595
2.90659340659	1.7042080291559636
2.89071038251	2.073047026246056
2.875	1.2867270605477454
2.85945945946	1.8430663697124021
2.84408602151	1.1873680598114789
2.82887700535	1.353606501432162
2.81382978723	1.5962747517347704
2.79894179894	1.4855760089145145
2.78421052632	1.2191916942933905
2.76963350785	0.9605953636762479
2.75520833333	1.1611028695577101
2.74093264249	1.1977474612321068
2.72680412371	1.4287245165653364
2.71282051282	0.717013541351636
2.69897959184	0.8960156696761366
2.68527918782	0.862108236628445
2.67171717172	0.45457481387038656
2.65829145729	0.6661317034257319
2.645	0.34795021590984265
2.63184079602	0.33826713666103875
2.61881188119	0.24830129043836216
2.60591133005	0.3004306997146967
2.5931372549	0.11711660253931733
2.58048780488	0.3616777796208455
2.56796116505	0.5571127098680624
2.55555555556	0.1934041809139353
2.54326923077	0.30967089424294275
2.53110047847	0.37545361364705776
2.51904761905	0.6851657801286861
2.50710900474	0.192287892284773
2.49528301887	0.23106167710370046
2.48356807512	0.5348005541290884
2.47196261682	0.2475441087993433
2.46046511628	0.5968032182461397
2.44907407407	0.6304826201294168
2.43778801843	0.4911859041058222
2.42660550459	0.424880104106085
2.41552511416	0.5937778695219356
2.40454545455	0.6224352195152106
2.39366515837	0.8132832801791424
2.38288288288	0.3531271313666479
2.37219730942	0.3516939883429438
2.36160714286	0.42720843908553374
2.35111111111	0.1505907080141768
2.3407079646	0.16817249608511117
2.33039647577	0.22624102835291113
2.3201754386	0.25427781236932373
2.31004366812	0.2709336993879655
2.3	0.3629369590249555
2.29004329004	0.29534356569349074
2.28017241379	0.400355912987969
2.27038626609	0.4517803525438991
2.26068376068	0.7828412104193552
2.25106382979	0.6355801394055554
2.24152542373	0.21742169251753066
2.23206751055	0.23974610670588636
2.22268907563	0.3620144409590083
2.21338912134	0.3566947279685646
2.20416666667	0.6852482098846826
2.19502074689	0.3021977076355173
2.18595041322	0.3565684836690559
2.17695473251	0.5303218467232267
2.16803278689	0.4219629780979603
2.15918367347	0.14199723341496803
2.15040650407	0.01749147090150856
2.14170040486	0.07129150279544588
2.13306451613	0.12261533471462548
2.12449799197	0.38688893215729997
2.116	0.2241733179496745
2.10756972112	0.33953853523371735
2.09920634921	0.32641082626757306
2.09090909091	0.4648525570385042
2.08267716535	0.16277653749387572
2.07450980392	0.22717668803118016
2.06640625	0.43992259872850054
2.05836575875	0.4166411558049031
2.0503875969	0.11542948922872252
2.04247104247	0.5855285585794735
2.03461538462	0.2716897112691132
2.02681992337	0.3617228695510507
2.01908396947	0.254815368510179
2.01140684411	0.5795529455337274
2.00378787879	0.46585858585856954
