	-24	-23	-22	-21	-20	-19	-18	-17	-16	-15	-14	-13	-12	-11	-10	-9	-8	-7	-6	-5	-4	-3	-2	-1	0	1	2	3	4	5	6	7	8
TRP-CYS-TYR (WCY)	8	6	3	8	31	1	3	2	3	6	6	4	6	44	6	0	9	1	6	6	2	3	3	1	2	8	3	0	8	3	7	20	6
TRP-TRP-ARG (WWR)	0	8	1	2	4	4	0	5	0	3	5	1	6	18	3	1	3	2	3	11	4	1	20	5	5	4	2	1	4	1	1	3	2
TRP-PRO-GLY (WPG)	2	5	4	8	6	2	6	6	4	2	21	4	4	28	8	14	18	6	5	10	2	5	8	3	3	1	4	7	13	3	5	1	2
TRP-ASN-TYR (WNY)	13	37	3	14	31	14	14	50	6	15	44	11	14	85	20	8	34	11	6	46	5	23	37	9	8	11	4	11	33	11	18	30	8
PRO-PRO-GLY (PPG)	67	204	56	110	201	79	60	174	67	93	177	65	167	454	67	82	156	54	50	125	48	58	110	35	81	349	57	64	252	63	34	68	48
TRP-ASN-TRP (WNW)	2	14	5	4	6	1	6	7	7	3	17	7	15	30	9	6	5	7	7	5	4	4	13	2	12	3	3	7	24	3	4	4	4
SER-PRO-GLY (SPG)	73	209	51	62	244	65	85	288	73	76	208	64	132	507	74	83	223	58	56	172	64	77	205	62	88	338	55	79	269	50	40	78	47
TRP-PRO-TYR (WPY)	10	16	7	5	16	6	7	13	10	6	12	3	7	39	5	9	26	2	5	7	1	5	15	8	11	12	4	8	21	5	1	25	6
TRP-TRP-ALA (WWA)	3	9	5	4	6	6	3	8	1	2	7	5	0	18	5	1	5	5	1	10	0	1	11	4	3	6	5	1	3	1	6	8	4
GLY-PRO-GLY (GPG)	61	125	50	54	136	36	85	158	65	54	141	60	102	363	70	71	175	98	60	157	58	56	167	35	44	97	47	54	240	71	35	89	86
MET-TRP-PRO (MWP)	3	7	2	3	9	0	2	8	2	3	2	2	3	15	0	2	11	0	2	7	2	1	10	1	3	3	5	8	3	1	2	11	0
HIS-HIS-LYS (HHK)	27	48	24	25	76	24	15	31	9	16	35	19	29	143	45	19	88	17	18	44	16	17	60	23	28	107	11	21	118	22	30	50	17
HIS-CYS-LYS (HCK)	18	46	9	10	24	9	2	22	6	11	16	12	19	62	15	8	14	6	13	35	6	6	33	7	13	60	11	8	15	0	10	22	6
CYS-TRP-LEU (CWL)	6	7	1	6	12	4	4	7	0	1	6	6	2	22	6	4	9	3	5	19	4	3	12	4	1	12	3	6	3	3	2	13	3
MET-CYS-TYR (MCY)	4	15	2	12	8	3	4	11	3	5	2	1	4	21	6	0	7	5	2	5	3	7	12	1	5	5	4	1	9	2	6	12	3
GLN-PRO-TYR (QPY)	28	79	21	27	85	23	31	82	29	24	98	28	40	158	31	17	37	23	22	55	27	28	51	23	19	86	21	26	82	23	25	67	20
ARG-GLY-TYR (RGY)	49	136	40	44	153	49	58	145	48	60	133	47	97	297	65	60	114	66	65	117	62	54	156	45	40	63	16	50	49	37	49	187	59
ALA-CYS-TYR (ACY)	14	34	7	18	23	7	7	29	5	15	20	6	19	62	9	7	21	10	14	23	4	11	27	3	16	31	8	10	19	12	17	50	9
TRP-ASP-LEU (WDL)	51	123	35	56	131	45	48	86	37	55	134	48	62	275	60	64	126	47	48	108	29	60	145	45	53	52	27	88	84	36	74	148	37
TRP-ASN-PHE (WNF)	29	48	14	23	50	18	29	39	27	9	30	19	26	114	21	18	64	18	22	72	13	18	38	22	20	20	4	17	77	16	23	67	19
THR-ASN-ARG (TNR)	92	233	81	84	237	75	86	180	69	108	212	61	163	475	78	78	160	56	87	223	91	79	189	52	101	254	77	69	257	86	87	121	59
TRP-HIS-TYR (WHY)	3	13	0	5	10	1	6	7	5	2	5	2	0	16	2	4	4	3	2	6	4	3	5	3	0	2	1	2	9	1	2	17	2
GLY-CYS-TYR (GCY)	15	27	5	8	31	15	16	34	14	17	41	8	25	76	14	20	37	12	11	46	4	15	44	12	8	20	11	10	17	13	10	52	11
TRP-ASP-GLY (WDG)	12	35	12	11	17	21	11	26	12	18	19	9	17	74	16	13	42	18	19	58	16	10	52	10	10	16	6	27	27	13	5	16	15
TRP-CYS-GLY (WCG)	8	22	5	9	27	7	9	22	7	7	6	4	4	51	10	12	30	13	12	36	7	11	47	19	8	15	5	8	21	2	7	11	9
GLY-PRO-GLU (GPE)	89	172	77	77	225	86	84	190	77	122	166	84	151	427	100	86	175	72	76	156	83	78	120	74	59	110	47	65	276	45	54	114	129
TRP-HIS-PRO (WHP)	7	13	2	8	10	7	5	14	5	7	7	2	6	31	3	4	20	4	9	13	3	7	13	6	8	3	12	10	20	3	4	20	1
MET-GLU-TYR (MEY)	17	54	11	17	57	11	25	36	20	19	48	18	42	109	17	24	53	17	25	36	8	25	68	18	20	31	9	15	25	26	19	71	22
TRP-ASP-TYR (WDY)	24	54	23	20	83	27	32	65	14	21	55	17	41	126	40	25	55	30	23	46	21	19	70	27	27	24	8	33	30	11	13	50	18
MET-CYS-LYS (MCK)	13	21	8	8	33	2	7	17	5	2	10	4	9	41	6	10	13	3	8	35	13	5	11	17	20	14	4	5	16	1	8	10	4
CYS-TYR-TYR (CYY)	2	11	8	4	8	2	4	13	8	12	31	5	6	33	11	6	10	6	6	15	5	4	14	4	1	9	4	9	20	3	10	18	7
ARG-CYS-MET (RCM)	5	18	2	2	16	1	5	15	1	3	10	4	9	33	9	3	16	1	3	27	9	6	41	6	4	6	5	7	15	4	9	11	3
MET-TRP-PHE (MWF)	4	7	1	5	8	1	7	10	2	3	6	2	2	19	2	3	13	6	3	11	2	5	7	2	4	3	4	2	13	2	3	15	2
CYS-PRO-GLY (CPG)	12	33	16	11	44	24	18	43	14	26	84	17	22	96	30	19	40	9	10	40	7	14	39	12	19	38	15	33	72	18	14	12	5
HIS-CYS-TYR (HCY)	2	12	4	2	12	3	3	0	2	2	3	5	3	15	2	4	2	1	5	5	1	4	12	0	1	8	3	4	4	2	3	11	2
TRP-ALA-TYR (WAY)	4	15	4	4	11	6	5	11	3	4	8	0	10	23	1	3	9	6	7	17	3	2	15	3	2	4	1	8	8	5	5	7	4
TRP-HIS-VAL (WHV)	6	14	2	6	6	3	6	17	6	1	3	5	7	26	6	7	14	2	4	24	6	2	16	9	6	3	1	3	16	2	6	6	6
TRP-HIS-MET (WHM)	4	8	8	3	7	2	1	5	1	0	1	2	4	11	0	2	5	1	2	3	0	0	3	3	1	1	0	3	9	5	4	6	0
TRP-ASN-LYS (WNK)	33	99	30	31	78	20	38	61	36	28	42	18	50	182	38	29	76	19	56	101	38	34	112	31	39	31	18	37	118	24	41	102	66
TYR-HIS-MET (YHM)	5	12	2	4	8	2	1	9	4	5	1	4	2	17	3	1	7	3	2	10	2	1	6	1	3	9	4	3	12	2	10	7	3
TRP-ARG-GLU (WRE)	14	40	13	12	25	9	7	21	7	19	24	6	9	57	12	16	42	12	13	30	11	11	30	11	10	18	6	6	15	3	15	20	12
CYS-GLN-ALA (CQA)	11	28	8	15	38	11	18	30	4	11	17	11	16	52	12	5	14	4	6	25	5	11	19	9	16	27	4	10	33	6	7	21	4
CYS-ASN-LYS (CNK)	26	62	19	15	61	11	15	44	15	16	65	38	42	106	15	14	56	11	23	46	16	17	35	12	22	23	7	29	65	14	16	57	25
LEU-CYS-TRP (LCW)	1	14	1	10	19	6	9	22	9	9	14	7	8	33	4	3	13	5	10	21	3	4	9	5	7	22	2	7	23	3	8	4	9
PRO-PRO-ASP (PPD)	75	127	34	69	182	48	40	170	33	43	138	52	71	289	49	57	133	56	34	68	41	80	86	32	46	243	30	58	201	31	84	100	38
TRP-ASN-GLY (WNG)	18	33	10	14	25	7	11	18	12	13	26	17	15	68	14	20	66	18	12	35	12	8	40	15	12	11	6	18	43	14	11	14	16
ASP-PRO-ASP (DPD)	117	211	72	80	227	87	92	283	75	102	273	87	109	441	100	117	259	103	78	176	74	68	149	46	51	114	66	70	282	58	54	130	131
MET-HIS-LYS (MHK)	14	24	8	12	25	11	11	24	29	8	14	7	12	53	13	10	25	7	10	31	7	7	28	9	11	26	8	12	33	7	4	21	7
CYS-ASP-TYR (CDY)	20	28	10	13	43	11	5	22	10	10	28	11	19	62	11	16	24	4	11	23	7	16	31	10	8	22	3	21	15	22	13	62	9
ARG-HIS-TYR (RHY)	35	101	19	23	74	37	46	108	25	24	32	20	56	170	36	47	91	29	35	100	31	23	79	35	34	40	30	42	101	18	31	105	30
