	-27	-26	-25	-24	-23	-22	-21	-20	-19	-18	-17	-16	-15	-14	-13	-12	-11	-10	-9	-8	-7	-6	-5	-4	-3	-2	-1	0	1	2	3	4	5
TRP-CYS (WC)	51	41	37	33	31	39	38	29	40	37	47	26	26	59	34	40	42	40	24	36	38	31	46	37	37	31	34	33	20	29	24	27	18
PRO-GLY (PG)	504	476	475	523	546	511	509	515	445	514	564	520	907	870	618	733	677	533	595	545	551	616	598	650	692	560	543	487	618	416	310	349	408
GLY-GLY (GG)	1476	1381	1316	1419	1344	1364	1360	1504	1325	1447	1495	1383	1606	1752	1363	1444	1575	1300	1336	1585	1290	1299	1355	1220	1345	1617	1189	896	1225	1009	713	866	964
PRO-ASP (PD)	591	566	603	586	587	566	621	576	647	584	662	545	891	796	681	843	694	607	567	599	610	694	629	723	888	648	578	467	518	373	583	474	675
ASN-ARG (NR)	605	548	512	569	590	573	619	543	549	678	603	541	828	769	613	613	519	562	616	598	578	645	568	539	603	561	563	704	825	628	645	628	493
TRP-TRP (WW)	33	52	44	60	45	30	43	45	29	36	46	42	48	53	33	36	43	47	50	40	34	53	62	30	41	52	73	46	32	42	45	20	23
ALA-CYS (AC)	141	109	117	136	155	129	129	130	116	138	134	141	116	145	108	134	117	114	120	108	122	120	113	106	120	153	82	104	72	105	74	87	68
HIS-CYS (HC)	62	66	63	65	73	67	74	61	47	63	63	47	69	72	48	64	60	56	63	51	54	51	51	50	81	50	48	47	67	53	60	45	36
GLY-ARG (GR)	911	822	796	861	781	762	866	843	858	1031	925	833	1014	989	794	862	861	869	917	856	808	873	936	792	880	932	740	398	461	541	586	569	554
VAL-TRP (VW)	124	141	124	131	136	116	111	128	143	119	108	155	155	153	126	130	122	101	136	141	137	127	129	128	149	133	121	110	86	190	89	53	84
PRO-TRP (PW)	103	79	89	101	79	74	99	92	96	70	96	82	98	107	81	103	100	77	104	88	97	118	83	79	112	72	97	92	86	69	87	46	42
ASN-MET (NM)	193	223	192	222	202	180	181	181	201	231	180	151	203	255	198	201	198	191	219	205	220	200	251	178	209	154	232	289	300	221	375	193	134
HIS-PRO (HP)	273	269	297	282	263	275	248	281	232	304	260	267	335	338	274	321	308	268	265	299	273	264	258	303	316	274	310	308	307	227	290	262	224
GLY-ASP (GD)	1025	849	855	864	872	831	853	874	858	1012	931	827	976	1033	920	936	901	878	920	890	910	942	946	954	841	994	818	571	628	565	717	558	907
TRP-PHE (WF)	102	95	92	97	89	105	95	89	94	99	94	84	71	106	92	93	102	96	105	97	87	100	83	91	86	95	99	99	64	53	69	59	42
ASN-TRP (NW)	154	152	144	151	141	131	150	143	132	124	111	141	176	169	144	152	124	169	160	136	135	154	182	120	139	134	146	152	175	201	155	95	131
GLY-ILE (GI)	874	903	797	945	902	777	951	826	832	930	953	894	989	994	965	1006	932	884	979	1049	839	831	870	832	948	942	724	604	620	624	807	675	714
PRO-CYS (PC)	66	50	51	57	75	64	59	45	61	51	61	51	80	64	53	57	44	63	53	55	61	47	58	70	62	60	45	42	69	41	37	43	36
GLY-ALA (GA)	898	842	790	836	896	893	854	865	850	880	907	1008	943	975	850	869	935	873	942	946	919	921	883	890	886	964	799	609	763	629	661	529	595
ASN-PRO (NP)	572	612	556	620	558	623	625	575	566	610	618	546	612	706	607	708	630	623	653	647	566	580	631	593	696	508	576	758	860	592	625	523	455
ARG-SER (RS)	796	739	767	875	758	724	839	813	695	873	764	754	871	884	780	827	752	781	812	835	711	857	784	703	735	736	732	708	859	580	845	645	551
THR-MET (TM)	218	230	202	227	219	176	212	231	192	176	239	210	214	247	229	209	201	202	216	219	244	238	201	226	248	222	214	277	161	197	288	174	137
ALA-TRP (AW)	75	82	73	94	94	72	76	87	94	102	77	79	100	92	81	72	67	73	88	69	70	116	104	85	100	99	60	78	71	74	71	26	63
HIS-MET (HM)	69	94	60	84	89	65	86	61	54	76	68	48	80	80	70	89	60	67	69	78	61	66	96	64	59	51	53	61	97	70	96	56	43
GLY-TRP (GW)	139	160	151	162	139	108	125	130	153	167	134	112	162	154	131	135	158	143	141	126	168	143	141	128	156	153	107	89	129	127	138	77	84
PRO-GLU (PE)	906	902	934	944	888	816	929	848	905	1016	935	945	1162	1084	1046	1032	1028	946	1005	1043	985	1089	1123	1076	1292	999	873	692	807	527	797	694	1278
GLY-CYS (GC)	145	140	136	156	147	145	168	155	117	166	142	149	169	156	156	144	131	139	157	136	139	151	141	110	148	169	117	104	111	116	105	94	81
HIS-LYS (HK)	348	328	327	331	352	312	362	320	337	343	304	311	389	403	302	365	372	358	381	359	296	354	384	321	369	329	367	289	405	292	416	416	591
GLY-GLN (GQ)	544	508	456	620	554	515	533	570	521	546	547	516	566	576	529	519	506	487	551	502	470	479	531	414	551	648	497	416	378	388	386	508	445
MET-GLN (MQ)	137	146	146	180	156	118	150	173	120	160	149	146	132	161	151	158	118	119	151	142	125	131	126	129	140	130	146	185	150	102	109	189	140
HIS-ARG (HR)	258	270	254	292	245	233	312	281	271	273	272	273	302	318	301	301	284	308	296	278	238	319	339	284	352	262	296	255	317	196	287	262	289
GLY-HIS (GH)	249	273	251	279	260	214	245	233	234	307	286	244	295	291	259	294	266	252	282	311	280	265	236	251	270	368	260	227	181	173	212	269	211
GLY-ASN (GN)	785	706	697	783	741	714	767	797	761	884	833	753	780	851	765	820	837	728	864	854	780	785	805	744	818	883	611	501	533	625	752	710	700
TYR-HIS (YH)	207	155	166	162	184	225	171	163	147	184	167	180	207	204	211	183	205	169	179	177	163	158	189	178	189	183	204	189	180	166	163	242	136
GLY-MET (GM)	240	279	230	234	218	231	253	247	240	275	242	200	247	246	186	274	245	242	250	193	224	238	208	211	220	219	181	137	146	171	246	133	122
ARG-HIS (RH)	219	195	206	237	204	201	256	237	208	275	232	206	242	258	224	250	248	231	256	260	209	239	188	165	220	249	236	259	253	193	289	242	195
ARG-ASP (RD)	717	707	626	687	670	643	798	712	711	796	681	693	766	812	661	787	691	697	719	805	696	816	759	650	623	699	648	704	763	523	1154	614	862
PRO-PRO (PP)	714	701	673	796	729	660	742	723	666	775	681	743	853	806	660	1061	819	681	847	674	593	731	645	710	869	615	824	734	620	615	580	610	565
HIS-PHE (HF)	172	136	172	175	196	181	203	182	184	176	171	150	148	197	197	166	168	172	159	141	164	188	221	161	194	150	163	175	233	164	195	175	172
ASP-PRO (DP)	541	563	569	630	584	562	570	609	499	624	588	536	693	658	534	629	674	557	764	686	537	548	605	548	599	617	559	705	553	690	511	534	410
GLY-LEU (GL)	1155	1226	1172	1294	1231	1155	1264	1244	1153	1409	1257	1104	1274	1299	1187	1230	1231	1190	1327	1246	1168	1240	1236	1171	1197	1332	1071	876	902	973	1031	928	783
VAL-GLY (VG)	913	754	834	843	799	759	816	834	772	872	839	839	930	876	779	902	933	820	798	838	766	863	842	808	842	769	674	762	700	800	408	514	525
ARG-ARG (RR)	869	878	796	972	889	875	872	908	810	1047	933	876	1085	1003	856	1079	947	833	947	997	896	1062	943	802	860	883	745	759	870	710	1305	802	696
MET-ALA (MA)	210	224	193	212	194	192	227	200	190	220	207	186	200	215	222	190	171	163	181	198	184	190	182	194	206	159	186	318	223	86	221	123	131
ARG-GLY (RG)	770	781	635	731	811	784	869	816	750	874	832	766	911	877	779	877	888	788	944	861	832	814	925	775	751	787	694	792	802	630	769	572	618
PRO-TYR (PY)	308	316	286	335	328	300	307	344	266	298	301	309	367	355	280	352	343	351	332	359	352	358	336	332	381	323	325	258	273	284	297	374	272
ASN-ALA (NA)	767	722	687	791	784	710	754	788	720	773	747	622	771	807	683	699	703	687	735	661	766	837	690	681	758	653	698	848	1175	618	714	459	611
CYS-GLY (CG)	181	177	158	192	186	129	182	159	193	188	189	181	184	181	165	170	181	152	153	169	150	166	181	147	158	178	181	161	150	114	155	83	123
GLY-SER (GS)	1141	1031	1035	1049	1163	1034	1181	1094	1097	1178	1211	1069	1162	1138	1080	1091	1107	1050	1108	1113	1058	1062	1013	1004	1070	1221	996	699	807	819	830	811	731
GLY-PRO (GP)	461	427	374	421	415	376	444	438	381	520	397	404	428	464	415	518	489	406	506	501	431	452	438	413	462	515	504	374	365	342	296	325	283
