	F0	F1	F2
0	2	2	0
1	5	1	1
2	91	140	156
3	115	103	101
4	32	35	28
5	20	18	28
6	4	2	3
7	20	40	21
8	30	27	35
9	4	9	12
10	56	33	26
11	78	72	61
12	48	33	28
13	681	744	852
14	2	5	3
15	439	506	380
16	0	0	0
17	3	0	1
18	57	66	62
19	43	34	34
20	26	16	17
21	17	17	18
22	0	0	0
23	15	27	22
24	4	0	2
25	19	20	21
26	3	5	8
27	157	167	161
28	6	11	6
29	4	8	1
30	1	0	1
31	32	34	23
32	14	15	13
33	37	42	46
34	7	5	3
35	6	11	8
36	12	14	12
37	135	140	174
38	10	9	9
39	9	5	2
40	4	11	13
41	211	248	227
42	2	4	3
43	81	121	96
44	5	5	8
45	14	19	17
46	10	13	15
47	31	30	14
48	1	10	3
49	75	67	77
50	122	107	72
51	1	1	1
52	149	152	171
53	23	32	29
54	33	28	42
55	8	4	8
56	2	3	1
57	214	187	195
58	66	67	80
59	14	12	15
60	10	11	8
61	1	0	1
62	11	9	12
63	30	17	19
64	25	14	15
65	9	18	12
66	16	17	19
67	75	75	65
68	7	5	8
69	1	2	3
70	0	0	0
71	26	14	13
72	127	124	110
73	4	7	1
74	9	10	8
75	3	4	1
76	57	52	51
77	1	0	0
78	3	6	2
79	24	21	18
80	4	1	2
81	16	15	18
82	31	34	31
83	14	17	11
84	22	24	15
85	269	237	259
86	7	6	10
87	49	47	46
88	182	157	132
89	1	3	3
90	3	2	5
91	114	79	69
92	29	23	19
93	29	44	28
94	60	57	55
95	9	3	8
96	6	10	7
97	75	78	62
98	50	44	31
99	11	17	11
100	4	3	6
101	177	159	125
102	48	41	70
103	67	47	43
104	3	4	4
105	36	25	30
106	29	26	34
107	6	4	9
108	0	0	0
109	17	8	7
110	8	3	4
111	12	11	10
112	0	0	0
113	4	6	2
114	42	63	31
115	0	0	0
116	9	13	3
117	4	0	0
118	16	15	6
119	25	22	25
120	178	159	178
121	6	6	8
122	3	0	4
123	384	381	438
124	20	15	22
125	115	87	120
126	12	7	9
127	35	25	14
128	2	9	8
129	16	38	26
130	0	0	0
131	31	29	25
132	28	20	20
133	41	27	29
134	216	271	210
135	36	21	35
136	0	0	1
137	5	8	5
138	154	116	120
139	3	4	3
140	15	12	16
141	131	111	81
142	11	15	17
143	21	23	28
144	308	292	284
145	68	75	72
146	0	0	0
147	2	0	1
148	19	20	10
149	436	397	339
150	8	7	13
151	16	23	17
152	23	23	21
153	42	23	35
154	198	193	187
155	67	68	42
156	7	5	6
157	9	7	6
158	15	12	10
159	2	1	2
160	7	14	5
161	227	209	158
162	69	50	101
163	1	2	0
164	17	18	14
165	1	1	1
166	0	0	2
167	25	40	20
168	62	61	54
169	29	24	36
170	2	9	6
171	25	10	12
172	8	9	9
173	67	57	71
174	214	202	183
175	0	0	1
176	22	22	19
177	1	5	2
178	0	0	0
179	7	11	10
180	0	0	0
181	2	4	3
182	2	7	6
183	3	4	3
184	1	1	0
185	16	6	6
186	15	14	19
187	16	25	13
188	0	0	0
189	3	4	6
190	7	8	7
191	5	0	5
192	8	7	5
193	79	81	81
194	7	7	8
195	4	5	2
196	7	3	2
197	0	0	0
198	2	4	3
199	33	22	26
200	1	1	0
201	61	50	49
202	1	1	1
203	104	123	80
204	46	62	48
205	8	8	6
206	16	21	14
207	1	2	1
208	36	46	30
209	4	4	6
210	5	4	4
211	0	2	1
212	12	12	5
213	54	55	68
214	256	220	175
215	2	1	2
216	33	52	35
217	3	5	1
218	18	18	11
219	27	20	24
220	12	14	10
221	380	380	379
222	87	88	59
223	16	10	6
224	51	57	42
225	594	576	568
226	4	4	2
227	17	10	12
228	27	23	18
229	8	12	2
230	10	3	12
231	0	0	0
232	30	21	34
233	1	0	2
234	0	0	1
235	18	9	6
236	11	11	4
237	51	46	33
238	9	8	14
239	4	1	2
240	14	24	26
241	12	15	8
242	16	18	12
243	0	0	0
244	2	1	3
245	0	0	0
246	0	0	0
247	47	58	48
248	13	15	15
249	0	1	0
250	13	18	8
251	24	27	32
252	49	20	23
253	5	7	3
254	15	15	14
255	85	74	96
256	1	0	1
257	34	38	38
258	34	32	30
259	18	27	18
260	8	14	8
261	20	15	14
262	30	30	36
263	5	7	5
264	32	48	41
265	13	10	14
266	21	16	18
267	53	55	44
268	19	25	41
269	7	9	11
270	4	2	9
271	0	2	0
272	43	34	27
273	5	5	11
274	0	3	0
275	9	4	6
276	0	0	3
277	78	76	73
278	481	500	447
279	163	196	159
280	6	3	4
281	23	12	14
282	127	146	150
283	74	60	66
284	21	35	18
285	240	218	256
286	52	51	64
287	73	73	95
288	24	17	15
289	65	73	84
290	1	0	2
291	7	2	3
292	32	41	33
293	8	1	4
294	4	5	7
295	164	163	143
296	18	23	12
297	101	108	102
298	113	156	162
299	39	33	35
300	2	1	3
301	26	25	11
302	19	18	7
303	2	2	3
304	49	69	51
305	99	66	66
306	51	46	41
307	10	21	17
308	2	6	2
309	6	4	3
310	32	45	35
311	146	135	110
312	358	324	341
313	1134	1247	1244
314	48	46	40
315	8	10	9
316	16	10	11
317	71	107	36
318	7	8	4
319	26	17	14
320	45	34	44
321	31	35	14
322	1	0	0
323	17	20	22
324	7	9	9
325	13	16	19
326	9	4	12
327	95	100	79
328	8	11	12
329	7	6	9
330	16	14	14
331	28	20	29
332	0	0	0
333	7	4	5
334	0	0	4
335	22	27	23
336	36	21	14
337	17	12	22
338	40	52	41
339	0	0	0
340	5	4	5
341	23	17	18
342	13	18	8
343	141	131	86
344	6	4	12
345	20	16	15
346	14	6	9
347	0	1	0
348	33	38	23
349	33	30	17
350	58	67	59
351	1766	1699	2206
352	18	14	10
353	4	2	2
354	6	2	2
355	24	12	12
356	39	29	23
357	79	59	56
358	1	3	0
359	0	0	0
360	0	0	0
361	0	0	3
362	129	164	108
363	1	5	1
364	43	47	45
365	73	74	90
366	0	0	0
367	32	39	33
368	8	4	2
369	7	8	15
370	21	19	18
371	1	0	0
372	2	2	0
373	12	11	4
374	267	262	250
375	0	0	0
376	0	0	3
377	11	3	2
378	4	1	4
379	68	47	25
380	23	21	17
381	2	1	3
382	101	103	73
383	289	234	235
384	0	0	1
385	0	2	0
386	15	18	14
387	74	74	93
388	60	116	64
389	9	8	9
390	126	102	76
391	177	181	175
392	1	9	3
393	41	53	62
394	56	48	74
395	86	55	63
396	0	0	0
397	7	9	5
398	113	128	122
399	563	545	664
400	1	1	0
401	13	8	12
402	177	170	129
403	4	3	8
404	8	8	8
405	14	10	13
406	18	13	3
407	18	12	19
408	536	540	407
409	96	85	63
410	9	4	5
411	63	54	46
412	3	3	1
413	0	0	0
414	21	28	22
415	0	1	2
416	1	1	5
417	36	29	17
418	43	51	50
419	1	5	9
420	3	3	5
421	12	14	16
422	16	12	12
423	15	14	21
424	0	1	0
425	3	11	3
426	7	2	3
427	10	10	4
428	2	1	0
429	41	49	51
430	105	102	116
431	287	333	294
432	24	27	15
433	12	14	16
434	0	0	0
435	15	16	10
436	35	27	27
437	18	25	26
438	0	0	0
439	7	7	2
440	15	21	12
441	0	2	3
442	66	56	72
443	3	2	6
444	1	0	0
445	13	5	11
446	92	92	68
447	67	38	59
448	25	20	18
449	0	0	1
450	22	24	16
451	4	3	7
452	67	90	61
453	2	8	2
454	25	36	25
455	0	0	0
456	21	20	17
457	210	189	199
458	12	8	6
459	1	0	0
460	0	1	2
461	0	0	0
462	87	83	74
463	59	49	38
464	1090	1084	1149
465	25	21	13
466	28	26	25
467	78	85	69
468	0	0	2
469	4	3	3
470	1	2	4
471	107	88	96
472	138	114	118
473	13	14	13
474	2	1	2
475	17	17	26
476	1	0	1
477	33	19	18
478	14	16	10
479	0	0	1
480	0	0	0
481	3	2	0
482	31	30	36
483	8	3	4
484	3	3	2
485	38	30	16
486	100	92	71
487	1	1	2
488	15	31	21
489	70	80	68
490	0	0	0
491	20	22	21
492	77	66	75
493	10	4	6
494	133	137	151
495	60	55	68
496	4	5	5
497	1	6	5
498	22	23	22
499	0	0	0
500	31	31	15
501	10	13	8
502	71	47	55
503	36	36	32
504	10	12	9
505	9	12	10
506	2	2	4
507	101	82	52
508	1	0	0
509	0	0	0
510	29	19	28
511	8	11	10
512	1	0	1
513	24	16	11
514	176	180	153
515	5	8	5
516	3	0	1
517	9	14	10
518	18	24	19
519	2	8	9
520	10	5	6
521	17	21	13
522	0	0	0
523	117	116	111
524	76	87	61
525	12	11	13
526	52	48	48
527	6	7	11
528	3	3	3
529	0	0	0
530	0	0	0
531	3	1	0
532	118	83	73
533	3	5	2
534	94	108	87
535	0	1	0
536	9	8	1
537	26	26	28
538	2	1	2
539	3	4	3
540	6	5	15
541	5	2	2
542	0	0	0
543	3	1	1
544	92	97	82
545	2	2	5
546	3	0	2
547	10	12	19
548	0	2	0
549	24	24	18
550	17	18	14
551	3	2	2
552	22	13	11
553	135	116	100
554	4	3	14
555	10	13	11
556	0	0	0
557	17	12	12
558	1	2	2
559	0	0	0
560	31	45	30
561	18	14	11
562	4	4	10
563	14	4	11
564	10	11	9
565	105	82	103
566	22	13	18
567	16	14	12
568	24	23	20
569	501	484	509
570	11	14	12
571	2	2	2
572	23	37	35
573	0	0	0
574	0	0	1
575	123	169	103
576	0	0	0
577	15	9	10
578	6	3	2
579	0	1	0
580	21	12	23
581	45	41	36
582	0	0	0
583	20	23	9
584	0	0	0
585	51	56	45
586	2	1	0
587	64	44	39
588	12	24	13
589	0	0	0
590	0	4	3
591	2	3	1
592	28	33	31
593	38	27	28
594	34	32	15
595	0	0	0
596	40	44	29
597	1154	1084	1123
598	85	68	86
599	66	67	64
600	11	15	12
601	4	3	7
602	11	13	14
603	29	26	27
604	321	294	258
605	39	31	33
606	94	99	106
607	21	19	25
608	0	0	3
609	1583	1401	1405
610	48	48	56
611	77	94	91
612	0	0	0
613	0	0	2
614	51	58	48
615	0	4	1
616	7	6	6
617	15	10	7
618	10	19	22
619	16	18	19
620	10	11	6
621	9	14	12
622	2	4	1
623	4	10	7
624	21	22	16
625	69	61	61
626	0	3	1
627	15	45	34
628	18	15	20
629	9	9	10
630	22	22	24
631	3	10	14
632	67	77	72
633	0	1	3
634	46	35	27
635	0	0	0
636	1	0	0
637	0	0	0
638	234	205	210
639	26	28	27
640	66	49	41
641	6	5	5
642	102	97	103
643	8	9	7
644	130	153	119
645	2	1	4
646	11	22	12
647	54	54	44
648	17	22	9
649	44	27	31
650	4	8	7
651	0	0	0
652	40	45	40
653	2	5	5
654	60	78	59
655	0	2	0
656	39	36	37
657	7	10	12
658	276	292	216
659	37	36	26
660	145	146	92
661	101	107	68
662	4	2	0
663	0	0	0
664	18	16	10
665	7	9	21
666	32	24	21
667	9	13	12
668	40	36	23
669	0	0	1
670	0	4	1
671	34	38	39
672	7	8	7
673	19	22	19
674	14	12	13
675	0	1	0
676	1	1	1
677	129	135	131
678	2	1	2
679	40	35	34
680	12	15	5
681	71	62	64
682	11	6	14
683	61	78	87
684	136	164	168
685	4	0	4
686	0	0	0
687	36	18	13
688	1	6	4
689	33	48	39
690	1	0	0
691	21	37	16
692	139	123	149
693	20	11	14
694	26	25	32
695	0	0	0
696	34	44	31
697	2	5	5
698	13	9	2
699	9	10	13
700	0	0	0
701	31	21	17
702	14	11	19
703	5	1	4
704	0	0	0
705	16	11	8
706	2	1	0
707	0	0	0
708	8	8	5
709	1	0	0
710	13	18	18
711	23	25	14
712	43	25	32
713	86	91	97
714	104	90	93
715	117	140	100
716	13	11	17
717	18	11	11
718	6	2	4
719	9	8	3
720	10	12	14
721	8	10	10
722	2	2	4
723	135	128	118
724	25	21	25
725	38	60	78
726	18	6	6
727	46	63	41
728	72	93	81
729	10	3	2
730	53	39	37
731	56	54	41
732	90	94	69
733	7	2	3
734	2	2	1
735	72	85	74
736	17	14	14
737	87	65	81
738	10	5	11
739	0	0	0
740	249	245	207
741	3	3	3
742	5	7	6
743	40	39	42
744	466	471	441
745	26	38	33
746	135	143	142
747	80	62	56
748	8	10	10
749	6	0	6
750	2	0	2
751	94	98	73
752	5	1	1
753	147	119	142
754	6	6	3
755	2	1	3
756	181	185	158
757	54	48	30
758	3	3	2
759	17	11	6
760	13	11	15
761	56	64	56
762	351	349	284
763	55	62	51
764	29	20	12
765	62	76	83
766	3	5	2
767	2	0	2
768	0	0	0
769	120	171	120
770	19	25	14
771	450	448	391
772	19	10	11
773	8	24	20
774	3	2	11
775	29	68	54
776	18	13	13
777	0	1	0
778	20	12	17
779	17	10	8
780	32	27	32
781	4	1	6
782	13	9	11
783	102	98	90
784	11	7	6
785	6	4	5
786	0	1	0
787	16	14	18
788	84	92	80
789	30	33	36
790	2	4	6
791	17	16	15
792	46	27	33
793	198	169	155
794	32	29	27
795	23	17	12
796	13	18	18
797	9	6	5
798	8	4	2
799	4	5	9
800	28	37	26
801	29	24	23
802	10	9	4
803	471	419	358
804	51	78	43
805	16	9	9
806	41	43	50
807	3	5	2
808	19	17	15
809	1	0	1
810	18	16	17
811	12	16	8
812	14	19	11
813	281	260	236
814	1	0	2
815	0	0	0
816	0	1	0
817	3	3	4
818	11	11	8
819	131	109	95
820	12	14	25
821	1	1	0
822	3	4	4
823	9	11	5
824	58	62	82
825	8	5	6
826	6	4	5
827	50	48	53
828	16	13	29
829	66	54	54
830	10	7	3
831	66	52	49
832	11	5	5
833	28	25	22
834	54	49	40
835	1	2	3
836	19	20	13
837	81	109	111
838	41	44	37
839	9	3	8
840	4	6	5
841	5	7	4
842	5	2	3
843	9	6	7
844	1	0	0
845	0	0	1
846	70	76	51
847	6	4	4
848	18	16	13
849	2	3	3
850	11	15	15
851	8	6	1
852	6	2	1
853	0	0	0
854	8	6	9
855	10	9	10
856	5	2	1
857	57	54	47
858	3	3	5
859	0	0	0
860	0	1	0
861	1	4	11
862	13	17	20
863	13	5	5
864	42	38	33
865	56	48	47
866	36	38	17
867	8	8	10
868	14	23	19
869	0	0	1
870	0	0	0
871	11	10	17
872	2	3	2
873	73	55	56
874	98	121	83
875	6	10	15
876	0	1	0
877	152	124	183
878	0	0	0
879	39	24	33
880	6	6	5
881	3	3	5
882	21	31	19
883	0	0	0
884	8	4	4
885	0	0	0
886	0	0	0
887	1	3	3
888	10	9	13
889	3	5	8
890	101	74	103
891	87	80	99
892	2	2	4
893	24	26	24
894	4	0	0
895	79	63	67
896	3	8	3
897	0	0	0
898	73	85	70
899	21	29	21
900	13	8	11
901	1	0	0
902	7	9	2
903	11	10	5
904	1	3	3
905	8	10	6
906	21	16	32
907	25	20	21
908	17	37	24
909	0	0	0
910	50	48	50
911	5	4	7
912	34	27	30
913	73	55	45
914	31	36	20
915	3	1	3
916	1	2	0
917	10	7	6
918	25	36	25
919	0	0	0
920	0	0	0
921	6	4	6
922	12	12	11
923	26	25	15
924	3	5	9
925	11	22	14
926	11	16	16
927	61	43	31
928	46	29	17
929	77	77	64
930	21	18	13
931	0	0	0
932	0	0	0
933	29	30	21
934	19	21	13
935	94	82	75
936	9	17	15
937	0	1	2
938	128	153	124
939	6	9	1
940	5	3	3
941	70	71	61
942	0	0	0
943	2	2	5
944	36	15	18
945	29	28	23
946	91	110	81
947	77	72	82
948	70	65	53
949	2	2	0
950	13	6	10
951	329	287	294
952	13	6	4
953	3	10	3
954	0	0	0
955	3	2	2
956	0	3	2
957	1	0	0
958	0	4	1
959	4	3	1
960	75	42	74
961	51	68	55
962	62	65	46
963	190	151	167
964	7	8	4
965	2	0	3
966	17	7	7
967	0	0	0
968	139	172	129
969	29	52	20
970	8	5	9
971	19	24	16
972	252	186	229
973	36	19	36
974	2	0	1
975	0	0	0
976	2	1	1
977	16	6	19
978	35	40	31
979	0	0	0
980	2	0	3
981	0	0	0
982	7	6	4
983	105	99	75
984	908	808	847
985	14	8	4
986	33	36	51
987	79	71	64
988	19	25	25
989	568	574	555
990	156	144	165
991	7	3	7
992	2	1	2
993	2	5	1
994	22	35	18
995	6	9	10
996	3	2	3
997	11	5	8
998	9	12	9
999	3	3	8
1000	3	6	3
1001	158	184	166
1002	18	17	18
1003	0	0	0
1004	22	18	24
1005	3	3	4
1006	97	82	82
1007	0	0	0
1008	12	11	12
1009	102	86	100
1010	40	40	31
1011	7	6	9
1012	34	27	25
1013	5	4	4
1014	6	7	12
1015	32	24	20
1016	294	237	234
1017	28	26	23
1018	366	318	332
1019	0	0	0
1020	23	18	11
1021	252	285	244
1022	4	5	14
1023	0	0	0
1024	34	34	28
1025	32	36	27
1026	1	3	1
1027	140	154	145
1028	54	68	55
1029	6	14	6
1030	13	21	14
1031	3	3	3
1032	10	5	21
1033	41	21	34
1034	3	3	9
1035	3	3	2
1036	9	6	10
1037	13	6	15
1038	10	8	14
1039	7	8	11
1040	23	27	32
1041	23	16	20
1042	110	89	95
1043	2	4	1
1044	15	12	6
1045	9	9	4
1046	0	0	0
1047	1	0	0
1048	11	12	9
1049	0	0	1
1050	16	16	10
1051	35	28	31
1052	0	0	0
1053	18	8	12
1054	0	0	0
1055	61	51	78
1056	150	103	62
1057	15	20	20
1058	21	31	27
1059	0	0	0
1060	410	365	338
1061	5	5	2
1062	870	870	716
1063	28	32	21
1064	172	165	166
1065	35	28	50
1066	5	3	0
1067	25	26	20
1068	0	1	0
1069	15	8	16
1070	5	3	6
1071	13	17	10
1072	0	0	0
1073	108	67	103
1074	92	101	81
1075	6	7	8
1076	3	4	2
1077	2	0	1
1078	122	125	110
1079	4	3	2
1080	4	1	5
1081	0	0	0
1082	0	1	1
1083	11	8	5
1084	83	84	79
1085	11	26	16
1086	4	2	2
1087	12	4	3
1088	4	6	4
1089	0	0	0
1090	0	0	0
1091	2	3	9
1092	85	85	85
1093	29	11	25
1094	10	13	19
1095	15	10	12
1096	209	202	131
1097	2	4	6
1098	3	1	2
1099	14	19	5
1100	3	2	3
1101	91	99	98
1102	62	72	74
1103	16	18	20
1104	4	5	5
1105	59	58	29
1106	1	5	1
1107	127	126	153
1108	80	100	88
1109	7	3	6
1110	1	0	0
1111	1	0	0
1112	26	17	16
1113	9	8	5
1114	2	4	1
1115	1	0	1
1116	14	17	13
1117	6	5	9
1118	0	0	0
1119	176	147	138
1120	1	3	1
1121	3	4	1
1122	2	1	1
1123	0	0	0
1124	4	7	3
1125	0	3	1
1126	18	26	22
1127	9	10	7
1128	1	0	0
1129	0	0	1
1130	0	3	2
1131	3	4	1
1132	9	8	2
1133	3	2	5
1134	36	29	26
1135	54	41	50
1136	26	22	7
1137	317	312	197
1138	5	9	5
1139	34	30	34
1140	12	13	10
1141	0	0	1
1142	3	3	2
1143	17	24	15
1144	83	92	84
1145	32	30	29
1146	0	0	0
1147	51	36	60
1148	67	55	49
1149	27	22	34
1150	1	3	4
1151	122	100	128
1152	463	438	537
1153	2	0	0
1154	37	26	34
1155	19	15	18
1156	4	8	3
1157	193	176	165
1158	0	0	0
1159	1	2	1
1160	80	62	73
1161	24	28	23
1162	9	18	7
1163	17	12	12
1164	12	6	9
1165	68	59	56
1166	0	0	0
1167	0	4	5
1168	12	7	13
1169	0	1	1
1170	121	122	126
1171	12	11	10
1172	373	382	374
1173	8	5	4
1174	3	0	3
1175	3	2	0
1176	101	72	72
1177	36	38	30
1178	61	67	70
1179	0	0	1
1180	1	2	0
1181	16	20	23
1182	0	0	0
1183	8	8	6
1184	25	21	22
1185	3	5	4
1186	243	217	193
1187	860	812	776
1188	13	14	17
1189	6	9	9
1190	4	10	2
1191	12	11	4
1192	22	20	21
1193	24	17	21
1194	1	4	2
1195	0	0	0
1196	4	4	1
1197	2	1	0
1198	1	1	1
1199	2	2	1
1200	0	0	0
1201	1	2	5
1202	1	1	0
1203	0	0	0
1204	31	20	17
1205	143	118	88
1206	35	11	22
1207	94	99	80
1208	7	6	3
1209	113	137	113
1210	155	178	168
1211	171	181	147
1212	14	7	14
1213	0	0	0
1214	0	0	0
1215	240	184	148
1216	28	22	13
1217	49	62	43
1218	18	29	20
1219	2	0	0
1220	51	48	54
1221	0	0	0
1222	5	6	2
1223	8	8	9
1224	18	21	13
1225	2	2	2
1226	16	12	16
1227	32	17	25
1228	2	1	0
1229	16	14	20
1230	1	0	0
1231	257	287	263
1232	19	10	17
1233	12	14	9
1234	19	32	36
1235	28	33	33
1236	8	8	10
1237	35	51	28
1238	28	13	8
1239	8	8	2
1240	11	2	6
1241	0	0	0
1242	224	199	174
1243	0	0	1
1244	0	1	1
1245	0	0	0
1246	0	0	0
1247	145	149	156
1248	6	5	9
1249	10	6	3
1250	7	8	6
1251	22	18	32
1252	23	16	27
1253	17	5	11
1254	14	18	8
1255	31	33	35
1256	0	0	0
1257	5	7	1
1258	5	5	1
1259	436	422	391
1260	10	12	2
1261	10	27	14
1262	4	4	6
1263	17	6	7
1264	4	6	2
1265	167	175	241
1266	44	42	39
1267	33	23	30
1268	0	0	0
1269	386	367	338
1270	10	12	14
1271	27	19	12
1272	1	2	1
1273	24	14	15
1274	5	2	2
1275	243	253	234
1276	5	1	2
1277	0	1	0
1278	236	217	184
1279	17	19	9
1280	54	55	45
1281	28	25	12
1282	0	0	0
1283	67	71	67
1284	3	4	9
1285	30	30	22
1286	29	34	21
1287	7	10	10
1288	33	25	35
1289	38	28	12
1290	18	25	19
1291	1	0	0
1292	6	5	5
1293	68	46	32
1294	4	8	6
1295	0	1	0
1296	11	8	11
1297	0	0	0
1298	0	0	0
1299	1	3	0
1300	14	18	11
1301	18	25	19
1302	11	17	10
1303	146	132	103
1304	21	9	17
1305	3	4	9
1306	101	120	121
1307	1	4	7
1308	17	16	29
1309	290	267	206
1310	22	29	14
1311	45	54	44
1312	37	38	28
1313	0	2	2
1314	0	1	1
1315	10	2	5
1316	35	29	28
1317	24	30	31
1318	65	63	56
1319	86	73	80
1320	34	33	20
1321	806	720	826
1322	3	2	0
1323	384	400	405
1324	383	399	463
1325	18	17	19
1326	5	1	11
1327	10	12	5
1328	10	17	17
1329	240	264	202
1330	10	20	19
1331	35	28	14
1332	9	9	3
1333	7	10	13
1334	18	23	14
1335	5	7	4
1336	23	27	21
1337	10	7	1
1338	20	26	26
1339	30	21	14
1340	51	53	89
1341	65	57	50
1342	10	8	7
1343	6	4	3
1344	12	8	13
1345	172	150	140
1346	45	39	52
1347	8	3	8
1348	0	0	0
1349	0	0	0
1350	0	0	0
1351	1	2	0
1352	21	14	13
1353	33	60	57
1354	126	113	90
1355	0	0	0
1356	103	91	82
1357	562	501	449
1358	15	10	15
1359	8	15	5
1360	6	3	1
1361	7	3	3
1362	65	45	45
1363	226	244	158
1364	9	13	2
1365	6	7	5
1366	36	34	38
1367	0	2	1
1368	25	21	34
1369	16	19	23
1370	65	49	85
1371	38	53	49
1372	8	11	12
1373	0	0	1
1374	3	2	2
1375	59	46	68
1376	1	3	2
1377	7	5	6
1378	11	21	18
1379	87	94	78
1380	0	0	0
1381	3	6	5
1382	36	41	34
1383	5	7	1
1384	26	28	24
1385	37	30	28
1386	24	19	15
1387	124	117	111
1388	2	3	2
1389	55	39	47
1390	303	343	255
1391	1	2	4
1392	182	195	169
1393	8	5	1
1394	20	17	13
1395	0	0	0
1396	79	74	55
1397	0	1	0
1398	58	43	48
1399	6	7	4
1400	0	1	0
1401	17	10	17
1402	7	9	5
1403	1	0	0
1404	0	0	0
1405	36	34	34
1406	9	7	10
1407	22	11	13
1408	11	18	10
1409	5	7	1
1410	5	9	9
1411	2	2	2
1412	4	1	3
1413	29	26	18
1414	0	0	0
1415	0	1	2
1416	4	3	1
1417	87	52	75
1418	118	161	126
1419	31	26	21
1420	42	53	43
1421	9	9	10
1422	0	0	0
1423	0	0	0
1424	1	2	0
1425	1	1	1
1426	4	6	4
1427	14	17	17
1428	4	3	4
1429	18	26	15
1430	97	91	99
1431	19	27	17
1432	30	32	37
1433	0	0	0
1434	1	2	4
1435	14	12	13
1436	0	1	2
1437	0	0	0
1438	0	0	0
1439	0	0	0
1440	24	19	12
1441	0	1	2
1442	9	6	5
1443	9	13	20
1444	19	20	16
1445	74	74	69
1446	4	5	5
1447	2	0	1
1448	11	21	14
1449	0	1	0
1450	0	0	0
1451	3	1	0
1452	23	20	34
1453	5	7	8
1454	37	21	25
1455	145	147	145
1456	44	44	36
1457	0	0	0
1458	34	12	25
1459	4	1	2
1460	19	19	21
1461	0	0	0
1462	8	7	7
1463	56	53	56
1464	16	21	16
1465	35	34	37
1466	1	1	0
1467	31	30	25
1468	4	7	1
1469	14	10	7
1470	16	4	25
1471	12	18	12
1472	24	21	22
1473	14	16	19
1474	1	8	3
1475	25	21	14
1476	17	11	13
1477	55	53	65
1478	286	218	216
1479	26	21	19
1480	49	57	46
1481	103	77	77
1482	42	34	38
1483	39	33	26
1484	18	17	21
1485	2	2	3
1486	1	0	3
1487	0	0	0
1488	46	40	35
1489	244	257	303
1490	9	11	1
1491	0	0	0
1492	8	8	16
1493	3	2	3
1494	23	32	18
1495	2	1	4
1496	62	68	52
1497	31	43	44
1498	0	0	0
1499	20	15	11
1500	8	7	4
1501	35	30	24
1502	286	280	246
1503	15	12	17
1504	2	2	0
1505	77	105	74
1506	0	0	0
1507	0	0	0
1508	39	61	46
1509	44	36	55
1510	8	5	11
1511	33	33	18
1512	0	0	0
1513	10	4	5
1514	3	3	3
1515	29	36	23
1516	4	2	2
1517	8	9	3
1518	281	224	233
1519	0	0	1
1520	39	37	26
1521	14	17	11
1522	13	19	15
1523	75	63	81
1524	2	2	1
1525	4	4	3
1526	1	2	4
1527	71	62	57
1528	52	35	39
1529	3	4	5
1530	60	46	41
1531	61	54	44
1532	18	7	9
1533	34	22	24
1534	10	7	4
1535	102	114	89
1536	16	18	21
1537	1	1	0
1538	14	14	13
1539	38	46	30
1540	69	51	53
1541	62	66	66
1542	6	1	2
1543	0	0	0
1544	124	141	91
1545	422	389	364
1546	0	0	0
1547	52	40	32
1548	0	0	0
1549	0	0	0
1550	122	153	117
1551	84	75	65
1552	42	40	45
1553	4	2	4
1554	12	10	12
1555	39	36	27
1556	49	36	35
1557	1	0	0
1558	1	1	0
1559	9	11	11
1560	21	28	25
1561	19	28	36
1562	17	21	14
1563	19	16	17
1564	1	1	1
1565	31	40	36
1566	128	112	121
1567	14	24	14
1568	0	0	0
1569	59	60	59
1570	36	42	41
1571	3	2	2
1572	30	50	38
1573	74	87	70
1574	0	1	0
1575	3	1	4
1576	3	2	5
1577	121	115	113
1578	54	40	38
1579	21	10	13
1580	215	203	218
1581	35	16	36
1582	0	0	0
1583	46	49	41
1584	155	134	124
1585	19	20	20
1586	4	13	8
1587	0	0	0
1588	827	841	888
1589	1	0	0
1590	0	0	0
1591	1	1	2
1592	6	6	15
1593	1	0	2
1594	0	1	0
1595	3	5	4
1596	4	7	4
1597	9	8	7
1598	4	3	3
1599	0	2	0
1600	19	20	19
1601	17	15	23
1602	7	4	5
1603	48	38	29
1604	87	81	69
1605	20	28	19
1606	34	39	35
1607	1	0	0
1608	140	105	109
1609	118	87	79
1610	3	1	1
1611	0	0	0
1612	1	5	3
1613	4	6	8
1614	7	9	2
1615	39	54	45
1616	8	10	7
1617	0	0	0
1618	24	30	18
1619	15	18	14
1620	12	18	12
1621	26	20	30
1622	1	4	1
1623	0	0	0
1624	0	1	0
1625	100	100	84
1626	9	7	4
1627	2	0	0
1628	4	5	5
1629	347	277	292
1630	16	16	15
1631	25	26	51
1632	75	75	70
1633	13	18	19
1634	8	7	6
1635	7	8	7
1636	2	0	0
1637	23	14	16
1638	51	37	40
1639	6	4	5
1640	55	54	42
1641	25	16	30
1642	794	846	879
1643	3	1	1
1644	0	0	0
1645	11	10	13
1646	20	20	25
1647	4	0	3
1648	88	89	71
1649	1	0	0
1650	880	881	844
1651	29	23	28
1652	0	0	1
1653	33	23	27
1654	18	19	14
1655	130	117	129
1656	0	3	2
1657	4	4	4
1658	69	64	82
1659	71	55	56
1660	0	0	0
1661	16	18	8
1662	20	14	5
1663	11	3	7
1664	16	21	13
1665	5	6	8
1666	0	0	0
1667	59	61	73
1668	2	3	1
1669	159	143	146
1670	104	94	77
1671	13	8	5
1672	20	22	25
1673	11	16	8
1674	7	4	4
1675	1	1	0
1676	23	32	27
1677	74	55	54
1678	58	53	43
1679	5	5	6
1680	101	92	68
1681	19	16	21
1682	23	40	17
1683	18	22	15
1684	103	109	73
1685	53	59	57
1686	6	2	5
1687	1	2	4
1688	6	3	5
1689	0	1	0
1690	3	3	3
1691	0	0	0
1692	1	2	4
1693	0	0	0
1694	0	1	0
1695	8	8	9
1696	6	7	4
1697	0	0	1
1698	0	0	0
1699	6	10	8
1700	51	53	35
1701	24	16	18
1702	177	147	141
1703	0	3	1
1704	187	137	170
1705	169	165	149
1706	270	305	273
1707	73	68	52
1708	4	1	1
1709	8	7	8
1710	1	3	4
1711	1	3	1
1712	158	154	106
1713	15	16	7
1714	24	17	16
1715	39	32	22
1716	81	78	79
1717	61	47	40
1718	674	610	638
1719	5	3	1
1720	14	13	6
1721	78	62	65
1722	0	0	0
1723	0	0	0
1724	4	8	10
1725	27	19	26
1726	4	6	12
1727	59	68	63
1728	18	22	17
1729	1746	1541	1524
1730	0	0	0
1731	5	8	9
1732	3	1	1
1733	228	188	230
1734	44	37	41
1735	67	60	71
1736	3	1	0
1737	11	5	7
1738	19	16	10
1739	20	14	21
1740	4	11	13
1741	333	307	237
1742	12	2	8
1743	21	17	13
1744	4	3	2
1745	7	6	11
1746	38	37	34
1747	10	7	9
1748	2	3	5
1749	4	4	5
1750	2	4	4
1751	42	51	28
1752	184	200	226
1753	20	22	14
1754	5	9	7
1755	1	0	2
1756	47	50	34
1757	44	39	32
1758	17	12	8
1759	21	20	31
1760	0	0	0
1761	31	32	40
1762	7	11	3
1763	5	5	3
1764	0	0	0
1765	0	0	0
1766	0	1	0
1767	0	0	1
1768	0	0	0
1769	3	0	1
1770	135	190	188
1771	240	289	268
1772	8	7	9
1773	12	9	6
1774	15	7	14
1775	6	14	14
1776	154	152	149
1777	7	5	8
1778	376	360	459
1779	75	65	77
1780	14	11	27
1781	362	373	318
1782	511	416	508
1783	30	44	22
1784	87	84	82
1785	14	5	12
1786	0	0	0
1787	108	136	84
1788	97	76	80
1789	17	14	13
1790	6	6	4
1791	16	12	7
1792	8	4	3
1793	0	0	0
1794	3	5	3
1795	23	31	23
1796	276	241	217
1797	768	714	651
1798	20	19	9
1799	4	4	5
1800	0	2	1
1801	15	11	9
1802	2	2	1
1803	165	174	131
1804	32	21	35
1805	460	456	456
1806	9	11	7
1807	90	61	61
1808	13	2	5
1809	119	74	102
1810	16	16	12
1811	0	0	0
1812	18	32	21
1813	5	1	0
1814	19	27	23
1815	7	19	10
1816	6	6	5
1817	14	9	7
1818	15	14	15
1819	1	0	4
1820	3	1	1
1821	2	2	0
1822	200	199	185
1823	184	184	195
1824	33	29	45
1825	8	5	7
1826	12	12	11
1827	10	6	5
1828	90	84	100
1829	7	6	3
1830	0	0	1
1831	6	6	9
1832	24	11	8
1833	3	2	1
1834	46	37	29
1835	173	133	133
1836	2	1	1
1837	51	52	52
1838	49	53	60
1839	3	2	4
1840	6	2	6
1841	66	64	48
1842	44	27	33
1843	50	31	33
1844	35	54	51
1845	7	9	5
1846	4	2	2
1847	41	47	34
1848	16	8	8
1849	1	0	1
1850	1	2	2
1851	195	157	119
1852	21	14	16
1853	3	4	3
1854	233	228	196
1855	30	18	29
1856	1	1	3
1857	1	3	2
1858	36	24	23
1859	12	8	9
1860	3	5	3
1861	80	77	83
1862	15	19	13
1863	8	6	8
1864	7	7	8
1865	9	5	7
1866	119	105	102
1867	3	4	1
1868	224	206	244
1869	13	20	13
1870	156	136	128
1871	12	19	18
1872	42	61	75
1873	19	23	20
1874	30	30	26
1875	5	8	10
1876	22	15	13
1877	86	51	68
1878	27	20	25
1879	16	29	20
1880	17	21	29
1881	303	304	272
1882	71	53	63
1883	14	7	8
1884	7	13	6
1885	81	50	58
1886	112	108	105
1887	5	4	3
1888	0	0	0
1889	31	21	13
1890	18	26	12
1891	12	10	8
1892	0	1	0
1893	2	1	1
1894	54	53	73
1895	0	0	0
1896	60	54	47
1897	72	80	64
1898	7	3	6
1899	10	11	10
1900	1	1	1
1901	1	2	3
1902	7	4	5
1903	9	3	3
1904	1	1	0
1905	14	20	17
1906	35	29	29
1907	15	10	11
1908	13	8	16
1909	1	0	3
1910	1	5	3
1911	20	18	13
1912	110	98	70
1913	29	46	58
1914	48	20	60
1915	2	1	0
1916	17	8	15
1917	0	0	1
1918	86	93	96
1919	3	1	3
1920	49	45	46
1921	0	0	0
1922	40	41	32
1923	98	88	78
1924	15	10	25
1925	6	4	3
1926	64	68	47
1927	19	8	9
1928	89	84	58
1929	4	2	6
1930	1	2	2
1931	8	5	10
1932	19	12	12
1933	1	0	2
1934	52	39	48
1935	46	57	43
1936	5	4	3
1937	3	5	3
1938	0	0	0
1939	221	216	194
1940	2	0	0
1941	187	149	143
1942	38	41	35
1943	2	2	0
1944	6	8	16
1945	8	5	6
1946	5	8	4
1947	20	23	16
1948	3	6	7
1949	7	4	3
1950	0	8	2
1951	13	14	9
1952	56	53	53
1953	1	0	0
1954	3	3	2
1955	0	0	0
1956	33	33	27
1957	0	0	0
1958	16	6	7
1959	0	0	0
1960	277	269	287
1961	35	31	45
1962	34	21	17
1963	29	22	33
1964	9	15	9
1965	5	13	8
1966	3	2	8
1967	2	1	2
1968	3	2	4
1969	78	97	91
1970	90	88	85
1971	5	4	2
1972	3	3	1
1973	7	1	11
1974	15	12	14
1975	2	1	0
1976	10	12	20
1977	123	79	89
1978	40	32	35
1979	127	109	98
1980	0	0	0
1981	26	27	26
1982	74	76	68
1983	8	8	3
1984	7	5	8
1985	1	4	2
1986	8	2	10
1987	6	3	2
1988	2	2	0
1989	5	3	1
1990	7	6	8
1991	24	25	13
1992	197	185	158
1993	0	0	0
1994	0	3	1
1995	44	50	38
1996	107	104	113
1997	10	12	10
1998	17	28	26
1999	31	29	34
2000	12	4	6
2001	1	5	3
2002	6	9	4
2003	24	17	20
2004	32	25	26
2005	12	9	10
2006	5	21	10
2007	209	161	119
2008	12	4	5
2009	9	13	9
2010	31	29	24
2011	0	0	0
2012	136	94	100
2013	11	16	14
2014	26	19	20
2015	7	11	5
2016	11	10	10
2017	0	0	1
2018	0	1	0
2019	2	3	3
2020	0	0	3
2021	1	0	0
2022	18	20	22
2023	9	6	10
2024	76	67	65
2025	11	17	21
2026	115	105	91
2027	49	55	39
2028	109	119	87
2029	112	85	86
2030	5	6	10
2031	325	316	313
2032	50	57	58
2033	4	2	2
2034	10	10	7
2035	24	17	26
2036	10	7	11
2037	11	10	6
2038	41	34	30
2039	26	34	28
2040	55	47	37
2041	90	81	74
2042	29	43	36
2043	15	20	17
2044	5	2	2
2045	5	5	9
2046	0	0	0
2047	7	10	7
2048	22	27	31
2049	255	255	214
2050	0	3	2
2051	1	4	0
2052	21	28	29
2053	77	87	85
2054	57	57	50
2055	0	1	0
2056	3	0	1
2057	14	21	8
2058	9	30	26
2059	51	56	55
2060	120	101	102
2061	23	20	23
2062	8	6	6
2063	0	0	0
2064	0	0	0
2065	10	6	1
2066	30	22	18
2067	564	519	412
2068	6	1	3
2069	2	0	0
2070	1	0	0
2071	0	0	0
2072	5	6	7
2073	40	38	24
2074	4	4	2
2075	32	23	20
2076	0	0	0
2077	2	9	6
2078	0	0	0
2079	6	7	4
2080	39	24	24
2081	28	32	26
2082	4	2	7
2083	2	0	3
2084	73	57	53
2085	21	18	8
2086	14	17	20
2087	224	222	182
2088	1	3	2
2089	102	130	139
2090	205	263	203
2091	20	26	21
2092	0	0	0
2093	182	172	175
2094	2	0	0
2095	0	0	3
2096	6	5	5
2097	1	2	1
2098	0	1	0
2099	1	1	3
2100	11	7	8
2101	5	6	4
2102	4	6	9
2103	26	29	27
2104	0	0	0
2105	3	0	1
2106	0	0	0
2107	242	217	238
2108	7	6	3
2109	0	0	1
2110	0	0	0
2111	67	49	44
2112	0	0	0
2113	10	23	11
2114	18	16	23
2115	4	1	0
2116	11	12	14
2117	26	36	17
2118	4	1	2
2119	1	0	0
2120	0	0	0
2121	0	0	0
2122	523	498	513
2123	25	16	15
2124	2	3	2
2125	0	0	0
2126	2	4	2
2127	0	0	0
2128	173	167	124
2129	0	0	0
2130	6	3	4
2131	235	228	230
2132	9	11	7
2133	130	118	118
2134	4	1	2
2135	0	0	0
2136	115	83	85
2137	15	15	18
2138	74	62	68
2139	68	55	69
2140	31	29	25
2141	0	0	1
2142	271	253	282
2143	11	11	8
2144	32	15	31
2145	11	15	10
2146	209	198	181
2147	3	2	0
2148	45	41	34
2149	7	4	2
2150	38	27	34
2151	11	12	13
2152	1	0	0
2153	1	1	6
2154	28	24	21
2155	89	80	78
2156	68	66	61
2157	11	16	8
2158	0	0	0
2159	1041	1030	942
2160	2	1	0
2161	20	24	26
2162	34	22	26
2163	7	6	8
2164	54	62	71
2165	0	1	0
2166	2	5	5
2167	8	4	8
2168	2	4	2
2169	48	59	51
2170	11	10	7
2171	0	0	0
2172	1	0	0
2173	5	2	1
2174	6	5	10
2175	85	109	52
2176	6	8	7
2177	1	1	1
2178	1	1	0
2179	3	3	6
2180	1	2	1
2181	4	4	10
2182	9	7	14
2183	6	4	5
2184	5	1	3
2185	100	79	91
2186	3	3	2
2187	249	253	288
2188	6	12	6
2189	76	76	67
2190	1	3	3
2191	0	0	0
2192	67	64	45
2193	0	0	0
2194	0	0	1
2195	54	51	41
2196	14	14	10
2197	7	8	12
2198	18	15	11
2199	4	3	10
2200	0	0	0
2201	72	92	63
2202	0	2	5
2203	3	4	2
2204	2	1	2
2205	49	60	46
2206	0	1	0
2207	2	2	1
2208	27	19	22
2209	3	2	0
2210	656	623	629
2211	0	0	0
2212	0	0	0
2213	15	9	8
2214	32	16	27
2215	34	32	32
2216	35	35	31
2217	6	9	11
2218	20	14	17
2219	25	26	24
2220	389	359	377
2221	11	14	13
2222	26	23	19
2223	2	3	2
2224	6	4	3
2225	18	12	19
2226	55	55	51
2227	33	44	26
2228	9	10	4
2229	8	9	16
2230	17	20	10
2231	13	11	14
2232	0	0	0
2233	3	1	3
2234	13	11	9
2235	7	15	6
2236	0	0	0
2237	31	26	30
2238	131	104	128
2239	89	94	83
2240	4	2	5
2241	19	12	6
2242	37	29	18
2243	1	1	0
2244	8	8	15
2245	111	161	126
2246	11	12	18
2247	69	71	66
2248	33	20	27
2249	9	13	12
2250	10	11	12
2251	12	7	9
2252	13	12	9
2253	0	0	0
2254	2	1	1
2255	0	0	0
2256	4	7	17
2257	4	3	2
2258	0	0	0
2259	2	0	2
2260	18	24	17
2261	0	0	3
2262	5	5	5
2263	20	21	18
2264	5	0	2
2265	2	2	1
2266	50	51	42
2267	43	35	33
2268	38	26	23
2269	13	11	12
2270	14	15	26
2271	9	5	6
2272	147	151	121
2273	0	0	0
2274	14	7	13
2275	0	0	7
2276	40	50	54
2277	85	90	69
2278	2	1	1
2279	0	0	0
2280	14	16	13
2281	159	145	133
2282	22	21	20
2283	71	70	101
2284	23	21	24
2285	3	1	2
2286	6	4	7
2287	0	0	0
2288	4	3	5
2289	8	3	4
2290	0	0	0
2291	17	27	18
2292	2	3	0
2293	32	45	31
2294	27	32	29
2295	11	11	7
2296	6	3	9
2297	225	185	172
2298	6	10	14
2299	203	199	249
2300	21	25	14
2301	146	153	167
2302	0	2	2
2303	22	11	18
2304	0	0	0
2305	0	1	0
2306	9	9	9
2307	10	22	26
2308	46	40	31
2309	1	0	3
2310	20	18	10
2311	59	55	45
2312	0	1	2
2313	20	19	14
2314	5	14	17
2315	15	10	11
2316	80	57	71
2317	3	6	1
2318	358	343	335
2319	4	2	3
2320	73	57	59
2321	4	6	2
2322	12	10	8
2323	2	0	1
2324	25	11	14
2325	794	645	664
2326	1	0	5
2327	16	7	7
2328	0	0	0
2329	52	65	44
2330	20	13	17
2331	26	37	27
2332	15	16	21
2333	16	9	12
2334	275	262	265
2335	21	5	5
2336	0	0	0
2337	55	56	50
2338	30	28	21
2339	33	27	19
2340	5	6	4
2341	0	2	1
2342	15	12	3
2343	10	7	7
2344	40	48	42
2345	0	2	1
2346	9	2	9
2347	130	104	105
2348	30	37	22
2349	37	31	20
2350	0	0	0
2351	0	0	0
2352	7	4	5
2353	44	65	66
2354	534	464	432
2355	17	24	28
2356	75	79	71
2357	2	0	0
2358	194	189	188
2359	0	0	0
2360	0	0	0
2361	18	13	20
2362	9	7	11
2363	12	13	6
2364	0	0	0
2365	25	27	17
2366	2	1	0
2367	0	0	0
2368	0	0	0
2369	53	63	54
2370	290	258	274
2371	39	39	45
2372	87	86	79
2373	45	49	41
2374	53	43	37
2375	17	18	14
2376	0	0	1
2377	1	2	4
2378	64	63	60
2379	31	44	34
2380	22	9	13
2381	7	6	7
2382	68	73	99
2383	6	11	6
2384	3	2	2
2385	2	2	3
2386	0	0	0
2387	63	82	45
2388	0	0	0
2389	0	1	0
2390	223	201	160
2391	62	59	69
2392	46	30	28
2393	5	9	10
2394	14	20	15
2395	2	7	5
2396	4	8	6
2397	4	0	0
2398	11	14	6
2399	7	7	3
2400	108	108	103
2401	53	38	48
2402	192	242	205
2403	5	5	6
2404	3	3	4
2405	0	0	0
2406	6	2	2
2407	5	4	5
2408	26	29	14
2409	24	9	12
2410	2	5	8
2411	20	16	17
2412	5	4	7
2413	63	48	64
2414	28	20	28
2415	13	9	9
2416	56	56	42
2417	769	805	854
2418	52	57	40
2419	5	11	5
2420	30	22	24
2421	30	31	26
2422	2	6	8
2423	19	27	30
2424	24	21	23
2425	15	19	12
2426	22	19	12
2427	41	29	38
2428	17	18	10
2429	412	342	374
2430	20	25	15
2431	102	108	133
2432	15	16	18
2433	3	3	4
2434	23	16	21
2435	6	17	8
2436	0	1	1
2437	11	8	9
2438	5	7	6
2439	1	6	3
2440	52	53	46
2441	0	0	0
2442	971	952	934
2443	12	4	9
2444	13	16	29
2445	1	0	0
2446	0	0	0
2447	0	1	0
2448	11	5	6
2449	104	75	74
2450	14	26	12
2451	9	6	3
2452	1	6	4
2453	5	3	5
2454	4	1	2
2455	33	26	14
2456	2	6	3
2457	46	53	70
2458	33	43	34
2459	17	10	6
2460	43	63	30
2461	220	194	169
2462	16	12	9
2463	2	0	1
2464	1	0	1
2465	129	97	92
2466	10	6	14
2467	0	1	3
2468	28	18	26
2469	23	36	29
2470	5	6	4
2471	30	31	31
2472	5	4	2
2473	308	273	306
2474	20	13	15
2475	0	0	0
2476	44	44	39
2477	3	4	3
2478	11	10	16
2479	3	1	2
2480	28	33	26
2481	2	3	2
2482	76	74	52
2483	34	35	40
2484	0	0	1
2485	11	9	11
2486	234	203	272
2487	38	39	42
2488	20	16	14
2489	96	124	122
2490	47	54	48
2491	0	0	1
2492	18	13	14
2493	72	72	84
2494	4	1	5
2495	12	8	10
2496	16	11	7
2497	19	15	7
2498	68	63	86
2499	1	1	3
2500	16	21	24
2501	0	0	1
2502	8	8	11
2503	15	15	24
2504	7	3	3
2505	16	22	29
2506	23	41	43
2507	88	65	74
2508	81	74	87
2509	7	4	5
2510	0	0	0
2511	24	26	21
2512	76	70	74
2513	11	13	9
2514	0	1	0
2515	64	64	51
2516	92	92	82
2517	99	100	84
2518	3	4	2
2519	18	17	28
2520	76	59	68
2521	107	99	105
2522	0	3	3
2523	83	69	53
2524	2	1	3
2525	4	4	5
2526	2	1	2
2527	1	0	0
2528	7	8	13
2529	8	9	8
2530	0	0	0
2531	5	5	3
2532	157	146	155
2533	130	132	126
2534	0	0	0
2535	210	194	179
2536	21	18	11
2537	207	198	176
2538	0	0	0
2539	0	0	0
2540	5	4	3
2541	6	5	6
2542	5	13	4
2543	205	218	241
2544	13	12	7
2545	52	62	59
2546	3	3	4
2547	128	129	155
2548	239	221	183
2549	12	18	10
2550	50	53	48
2551	211	159	183
2552	0	2	1
2553	21	25	9
2554	11	10	10
2555	105	93	74
2556	9	8	10
2557	0	0	0
2558	99	101	85
2559	0	0	0
2560	105	72	81
2561	9	11	14
2562	2	3	2
2563	3	6	6
2564	17	22	16
2565	1	0	0
2566	1	0	1
2567	381	330	364
2568	1	0	0
2569	37	42	34
2570	51	62	38
2571	50	54	30
2572	35	42	35
2573	33	18	16
2574	2	3	4
2575	0	0	0
2576	2	2	3
2577	343	350	380
2578	28	21	18
2579	215	181	194
2580	33	45	30
2581	0	0	0
2582	3	2	1
2583	7	4	5
2584	2	2	5
2585	21	18	15
2586	0	0	0
2587	6	5	6
2588	107	108	125
2589	6	12	13
2590	0	4	2
2591	2	8	3
2592	1	2	1
2593	6	4	11
2594	0	0	0
2595	15	7	26
2596	30	20	12
2597	8	7	5
2598	47	52	59
2599	5	2	0
2600	4	3	1
2601	0	0	0
2602	81	85	67
2603	2	5	4
2604	199	167	232
2605	0	0	0
2606	0	0	0
2607	3	1	1
2608	6	11	3
2609	104	101	91
2610	14	14	19
2611	1	0	0
2612	4	1	1
2613	0	2	0
2614	0	0	1
2615	1	0	0
2616	2	2	2
2617	1	3	2
2618	31	20	11
2619	1	0	0
2620	22	18	15
2621	35	24	28
2622	132	128	130
2623	10	12	14
2624	0	0	2
2625	0	0	0
2626	0	0	0
2627	0	1	1
2628	0	0	0
2629	21	11	21
2630	47	48	55
2631	1	4	2
2632	0	3	2
2633	17	12	10
2634	8	12	4
2635	13	8	6
2636	30	24	32
2637	6	4	5
2638	0	0	1
2639	0	3	2
2640	0	0	0
2641	51	30	33
2642	3	2	5
2643	39	28	27
2644	10	16	20
2645	5	4	5
2646	1	5	1
2647	3	1	1
2648	0	4	0
2649	55	46	45
2650	106	108	94
2651	10	19	11
2652	28	24	26
2653	11	11	10
2654	23	28	23
2655	5	1	5
2656	2	4	4
2657	38	35	36
2658	28	23	22
2659	9	2	5
2660	2	1	1
2661	2	3	3
2662	23	13	12
2663	4	12	9
2664	33	19	25
2665	89	87	99
2666	3	1	2
2667	26	21	16
2668	19	8	11
2669	1	3	3
2670	4	2	3
2671	2	2	1
2672	0	1	1
2673	1	1	0
2674	26	34	20
2675	19	29	16
2676	0	0	1
2677	19	14	5
2678	11	3	6
2679	24	34	31
2680	0	0	0
2681	0	0	0
2682	24	29	23
2683	0	0	0
2684	0	0	0
2685	0	0	0
2686	0	0	0
2687	0	2	0
2688	66	85	67
2689	44	22	24
2690	13	21	17
2691	23	14	13
2692	0	0	0
2693	19	16	20
2694	4	3	1
2695	45	40	52
2696	1	1	1
2697	16	18	12
2698	8	8	6
2699	39	37	22
2700	0	0	0
2701	12	17	14
2702	67	79	62
2703	12	13	9
2704	18	12	18
2705	6	5	6
2706	20	12	16
2707	16	14	11
2708	1	6	0
2709	16	21	18
2710	17	18	20
2711	61	53	40
2712	25	27	22
2713	44	54	55
2714	5	2	3
2715	33	22	33
2716	0	0	0
2717	0	0	0
2718	2	4	3
2719	7	4	6
2720	15	9	12
2721	0	0	0
2722	41	44	34
2723	9	11	12
2724	154	152	174
2725	248	263	344
2726	0	0	1
2727	38	27	31
2728	3	4	4
2729	12	20	15
2730	111	104	77
2731	0	0	0
2732	2	4	0
2733	11	6	1
2734	0	0	0
2735	0	0	0
2736	0	1	0
2737	22	22	11
2738	30	30	25
2739	3	6	5
2740	12	10	16
2741	7	4	5
2742	65	87	50
2743	164	152	134
2744	0	0	0
2745	8	7	6
2746	2	1	1
2747	7	11	14
2748	0	2	0
2749	11	22	17
2750	43	60	43
2751	3	7	7
2752	7	10	7
2753	15	10	9
2754	18	17	15
2755	20	23	12
2756	176	168	150
2757	0	0	0
2758	0	0	0
2759	31	24	15
2760	51	52	51
2761	0	0	0
2762	28	28	19
2763	461	465	455
2764	45	33	24
2765	24	17	13
2766	4	6	6
2767	14	11	14
2768	15	12	2
2769	787	743	742
2770	0	1	0
2771	5	10	4
2772	81	60	68
2773	1	4	3
2774	3	1	7
2775	7	3	5
2776	22	20	21
2777	2	0	0
2778	2	0	2
2779	615	529	527
2780	215	188	205
2781	17	31	21
2782	18	11	13
2783	1	0	0
2784	4	1	5
2785	0	1	0
2786	5	6	4
2787	1	1	0
2788	148	123	95
2789	23	22	13
2790	5	12	12
2791	9	14	5
2792	8	8	11
2793	566	584	555
2794	105	82	105
2795	389	427	402
2796	0	0	1
2797	73	81	60
2798	0	0	0
2799	16	12	12
2800	12	27	20
2801	326	259	281
2802	17	22	12
2803	17	10	17
2804	26	31	17
2805	5	6	6
2806	45	39	49
2807	898	794	875
2808	21	21	25
2809	231	248	223
2810	15	14	21
2811	59	70	43
2812	8	13	6
2813	25	20	13
2814	8	13	5
2815	1	1	1
2816	4	11	13
2817	25	14	15
2818	0	0	0
2819	4	6	5
2820	215	235	239
2821	42	29	22
2822	28	28	28
2823	0	0	0
2824	44	31	31
2825	56	63	56
2826	257	221	201
2827	16	15	10
2828	1	3	0
2829	17	18	15
2830	1492	1384	1418
2831	251	267	243
2832	165	143	158
2833	0	0	0
2834	135	105	118
2835	22	26	13
2836	7	9	15
2837	27	32	36
2838	15	5	13
2839	0	4	3
2840	307	273	310
2841	17	17	21
2842	0	0	2
2843	1	1	1
2844	79	93	56
2845	12	10	10
2846	1266	1204	1235
2847	5	5	7
2848	11	8	3
2849	0	3	0
2850	72	54	49
2851	15	17	13
2852	18	18	9
2853	30	22	16
2854	14	9	9
2855	8	14	13
2856	31	21	12
2857	16	14	12
2858	107	101	119
2859	6	9	4
2860	2	1	1
2861	1	10	7
2862	13	8	16
2863	7	7	2
2864	0	1	0
2865	9	12	12
2866	0	0	0
2867	26	29	32
2868	0	0	0
2869	0	0	1
2870	0	0	0
2871	308	291	263
2872	0	0	0
2873	19	16	18
2874	199	217	162
2875	35	34	36
2876	14	17	14
2877	194	172	136
2878	6	6	11
2879	0	0	0
2880	3	0	4
2881	6	7	7
2882	24	21	6
2883	4	5	10
2884	36	24	25
2885	11	11	6
2886	18	10	22
2887	0	0	0
2888	2	2	5
2889	19	19	18
2890	75	65	72
2891	40	39	32
2892	3	1	0
2893	4	4	4
2894	12	18	9
2895	16	9	13
2896	20	34	35
2897	4	7	7
2898	21	10	10
2899	51	31	37
2900	50	40	38
2901	1	0	0
2902	4	7	2
2903	42	26	31
2904	132	149	166
2905	56	72	48
2906	346	347	317
2907	0	0	0
2908	3	2	8
2909	35	30	27
2910	42	52	37
2911	21	16	9
2912	18	12	7
2913	112	87	108
2914	7	10	11
2915	33	28	29
2916	3	4	4
2917	22	24	19
2918	9	6	13
2919	5	3	2
2920	0	0	0
2921	2	3	1
2922	9	2	3
2923	59	44	35
2924	0	0	0
2925	23	28	21
2926	8	5	7
2927	95	71	92
2928	6	11	7
2929	15	16	9
2930	8	11	13
2931	12	18	10
2932	95	109	89
2933	93	96	76
2934	4	8	14
2935	74	70	81
2936	8	10	10
2937	2	1	2
2938	40	34	43
2939	44	42	30
2940	80	84	70
2941	28	24	17
2942	9	4	6
2943	5	6	3
2944	34	44	27
2945	34	26	24
2946	113	112	105
2947	4	0	3
2948	16	16	12
2949	4	3	4
2950	1	1	0
2951	171	145	205
2952	0	1	0
2953	7	5	3
2954	1	3	1
2955	3	2	2
2956	14	8	14
2957	9	14	13
2958	9	5	8
2959	2	3	1
2960	2	6	5
2961	8	16	6
2962	26	27	19
2963	33	41	33
2964	38	45	31
2965	3	3	4
2966	35	32	31
2967	0	0	0
2968	2	5	0
2969	3	4	4
2970	8	17	8
2971	19	34	33
2972	36	27	22
2973	112	105	86
2974	1	2	2
2975	43	45	47
2976	40	22	45
2977	73	71	77
2978	15	17	11
2979	0	0	0
2980	0	0	0
2981	9	3	2
2982	10	10	6
2983	43	44	48
2984	82	68	57
2985	4	4	1
2986	1	3	1
2987	228	241	270
2988	2	2	1
2989	22	38	30
2990	8	9	10
2991	18	19	19
2992	8	5	9
2993	0	0	0
2994	19	13	8
2995	17	17	20
2996	18	19	12
2997	3	4	4
2998	156	164	135
2999	5	4	8
3000	547	486	453
3001	8	9	3
3002	2	0	2
3003	12	5	6
3004	27	25	19
3005	0	1	0
3006	6	2	2
3007	26	26	24
3008	17	22	18
3009	53	47	53
3010	2	5	2
3011	23	17	21
3012	23	22	16
3013	57	42	59
3014	0	0	0
3015	46	36	38
3016	40	43	32
3017	11	15	5
3018	1	2	7
3019	14	9	5
3020	37	28	33
3021	0	0	0
3022	37	37	29
3023	86	80	84
3024	69	63	79
3025	8	6	4
3026	39	30	29
3027	57	53	49
3028	893	938	832
3029	73	64	59
3030	0	0	1
3031	1	1	2
3032	7	8	10
3033	5	5	9
3034	14	11	14
3035	8	10	6
3036	11	12	16
3037	42	16	26
3038	101	106	112
3039	110	99	116
3040	12	5	7
3041	38	47	67
3042	5	7	5
3043	98	87	90
3044	0	2	1
3045	21	26	25
3046	22	19	15
3047	95	80	62
3048	6	4	7
3049	21	18	19
3050	244	252	170
3051	2	6	5
3052	1	4	1
3053	0	0	1
3054	44	38	41
3055	44	43	49
3056	8	13	11
3057	61	78	56
3058	11	9	12
3059	19	22	22
3060	23	21	17
3061	28	23	20
3062	63	73	46
3063	4	4	4
3064	20	22	27
3065	30	44	28
3066	5	5	8
3067	68	58	63
3068	109	84	100
3069	0	0	0
3070	8	20	14
3071	67	66	55
3072	3	2	5
3073	19	14	16
3074	22	21	21
3075	10	3	5
3076	4	2	8
3077	0	0	0
3078	11	12	7
3079	8	17	11
3080	2	2	2
3081	8	12	9
3082	11	15	4
3083	20	36	26
3084	37	54	38
3085	0	0	0
3086	7	20	5
3087	122	139	140
3088	80	45	59
3089	77	78	101
3090	28	27	17
3091	17	19	22
3092	266	264	207
3093	4	5	6
3094	4	6	2
3095	49	54	40
3096	1	1	2
3097	0	0	0
3098	14	21	23
3099	3	5	4
3100	1	1	0
3101	1	1	1
3102	42	43	43
3103	17	22	18
3104	116	125	106
3105	2	6	5
3106	5	6	6
3107	2	1	0
3108	1	7	5
3109	2	3	2
3110	91	92	100
3111	10	26	9
3112	13	10	7
3113	0	1	0
3114	15	9	14
3115	329	307	322
3116	26	39	31
3117	0	0	0
3118	58	51	44
3119	43	43	32
3120	4	3	8
3121	19	13	8
3122	21	16	34
3123	5	8	7
3124	0	1	4
3125	88	99	78
3126	12	11	3
3127	13	26	13
3128	66	61	47
3129	16	14	18
3130	20	25	11
3131	0	0	1
3132	0	0	0
3133	0	0	0
3134	38	34	32
3135	52	57	50
3136	0	0	0
3137	9	16	16
3138	15	20	19
3139	235	250	240
3140	5	5	3
3141	0	0	0
3142	185	193	189
3143	8	7	5
3144	40	37	34
3145	1	1	2
3146	38	45	30
3147	32	22	13
3148	1	0	1
3149	1	2	1
3150	17	15	16
3151	0	1	0
3152	10	6	7
3153	57	57	50
3154	10	4	8
3155	1	0	1
3156	24	21	28
3157	13	6	5
3158	19	22	23
3159	0	0	0
3160	2	0	1
3161	8	6	5
3162	8	8	9
3163	17	19	11
3164	20	26	20
3165	53	44	47
3166	6	7	7
3167	12	11	8
3168	38	32	31
3169	10	17	10
3170	1	0	0
3171	13	16	17
3172	0	1	0
3173	0	0	0
3174	18	18	16
3175	104	111	104
3176	24	31	14
3177	7	3	6
3178	4	4	2
3179	1	2	3
3180	23	14	18
3181	1932	2044	2164
3182	0	0	1
3183	0	0	0
3184	1	1	5
3185	4	2	3
3186	90	49	67
3187	31	30	27
3188	319	281	325
3189	0	3	1
3190	89	99	101
3191	2	0	1
3192	1	1	0
3193	7	5	6
3194	3	2	1
3195	9	5	13
3196	37	36	27
3197	2	1	2
3198	0	0	0
3199	69	57	45
3200	18	29	20
3201	0	1	0
3202	0	1	1
3203	4	4	2
3204	9	9	10
3205	23	20	14
3206	2610	2483	2430
3207	16	14	17
3208	127	126	116
3209	84	89	87
3210	40	25	14
3211	0	0	2
3212	0	0	0
3213	7	10	6
3214	23	15	26
3215	27	35	30
3216	0	2	0
3217	3	5	0
3218	261	249	197
3219	128	87	104
3220	22	25	17
3221	12	7	9
3222	205	164	175
3223	8	3	5
3224	6	4	3
3225	225	220	251
3226	31	28	21
3227	6	8	8
3228	151	146	168
3229	130	156	94
3230	1	1	2
3231	13	11	12
3232	24	18	17
3233	100	99	95
3234	9	20	11
3235	5	4	3
3236	6	2	2
3237	13	21	19
3238	96	96	94
3239	252	281	305
3240	47	41	49
3241	3	0	3
3242	738	835	704
3243	5	5	6
3244	13	20	15
3245	9	18	18
3246	16	35	26
3247	1	0	1
3248	33	15	27
3249	5	5	2
3250	5	3	6
3251	0	0	0
3252	4	0	0
3253	17	25	23
3254	22	22	16
3255	11	17	16
3256	31	48	24
3257	12	9	7
3258	1	5	6
3259	8	7	8
3260	0	0	0
3261	3	14	17
3262	14	14	9
3263	3	3	0
3264	76	70	95
3265	1	0	0
3266	94	89	74
3267	5	12	8
3268	11	8	11
3269	9	14	11
3270	2	1	3
3271	67	47	80
3272	227	224	247
3273	1	3	7
3274	2	1	2
3275	10	5	5
3276	4	4	2
3277	3	4	4
3278	10	15	8
3279	6	15	22
3280	0	0	2
3281	2	1	0
3282	69	71	80
3283	2	6	2
3284	9	2	5
3285	1	0	0
3286	0	0	2
3287	1	0	0
3288	0	1	0
3289	0	0	0
3290	0	0	0
3291	1	8	4
3292	27	17	22
3293	516	532	545
3294	18	8	15
3295	38	34	27
3296	16	13	20
3297	44	42	36
3298	8	7	10
3299	1	0	0
3300	4	2	1
3301	3	1	2
3302	105	113	134
3303	91	78	128
3304	27	20	17
3305	19	18	10
3306	8	9	15
3307	98	93	85
3308	7	7	8
3309	5	4	1
3310	2	2	3
3311	14	16	22
3312	2	3	1
3313	64	68	51
3314	32	27	23
3315	15	9	3
3316	30	29	26
3317	45	52	50
3318	10	8	5
3319	54	69	62
3320	0	0	0
3321	2	2	4
3322	1	0	5
3323	21	14	12
3324	100	87	117
3325	5	1	5
3326	9	1	6
3327	14	17	5
3328	42	48	46
3329	0	0	0
3330	5	5	6
3331	2	0	2
3332	14	19	9
3333	4	7	5
3334	8	11	12
3335	1	1	0
3336	1	3	1
3337	0	0	0
3338	14	16	28
3339	7	8	3
3340	106	94	110
3341	290	285	292
3342	22	20	20
3343	1	0	0
3344	555	533	448
3345	8	4	7
3346	27	27	40
3347	18	32	17
3348	288	290	302
3349	26	6	20
3350	28	27	31
3351	6	4	2
3352	7	17	12
3353	0	0	0
3354	201	263	222
3355	3	0	1
3356	37	55	47
3357	129	131	103
3358	95	100	110
3359	0	0	0
3360	0	1	0
3361	20	30	23
3362	67	57	61
3363	30	16	17
3364	12	7	6
3365	10	16	21
3366	146	111	117
3367	21	21	29
3368	0	0	0
3369	153	132	102
3370	76	63	55
3371	26	29	15
3372	4	7	8
3373	40	38	38
3374	0	0	1
3375	21	33	24
3376	153	136	139
3377	2	2	2
3378	0	1	2
3379	0	0	0
3380	0	0	0
3381	88	111	81
3382	103	88	81
3383	41	60	41
3384	0	0	0
3385	0	0	0
3386	22	12	12
3387	1	1	2
3388	1	0	0
3389	5	1	1
3390	25	23	29
3391	2	0	0
3392	12	12	16
3393	28	38	33
3394	19	18	10
3395	36	41	34
3396	0	0	0
3397	340	376	361
3398	23	27	19
3399	0	0	0
3400	0	0	0
3401	0	0	0
3402	0	0	0
3403	0	0	0
3404	0	0	0
3405	0	3	1
3406	4	1	0
3407	2	2	4
3408	75	88	80
3409	53	41	26
3410	0	0	0
3411	21	18	17
3412	69	56	53
3413	5	4	5
3414	1	2	4
3415	0	0	0
3416	11	2	3
3417	1	3	0
3418	3	12	7
3419	1	0	0
3420	2	4	2
3421	10	11	8
3422	58	33	35
3423	9	14	13
3424	0	0	0
3425	50	50	62
3426	26	35	54
3427	16	9	11
3428	218	200	186
3429	6	10	5
3430	2	2	0
3431	106	132	88
3432	8	11	8
3433	34	27	26
3434	10	14	10
3435	7	10	7
3436	0	4	2
3437	74	56	65
3438	7	6	7
3439	12	13	7
3440	20	16	17
3441	92	101	92
3442	0	0	0
3443	42	58	22
3444	1	1	3
3445	10	12	5
3446	29	29	24
3447	0	0	0
3448	4	2	0
3449	0	0	0
3450	0	0	0
3451	0	0	0
3452	0	0	0
3453	13	7	11
3454	147	138	167
3455	6	1	4
3456	40	39	21
3457	8	9	5
3458	0	1	0
3459	100	78	108
3460	32	28	23
3461	16	23	27
3462	9	9	6
3463	0	1	0
3464	0	1	0
3465	8	14	8
3466	3	4	1
3467	0	0	1
3468	94	83	76
3469	6	2	2
3470	32	27	31
3471	0	0	0
3472	17	11	10
3473	18	19	19
3474	3	5	4
3475	14	7	8
3476	14	7	18
3477	53	62	65
3478	7	6	7
3479	33	41	28
3480	0	0	0
3481	49	41	24
3482	0	1	1
3483	69	83	50
3484	0	0	0
3485	24	27	30
3486	15	5	4
3487	39	25	26
3488	227	228	199
3489	2	7	3
3490	102	98	103
3491	0	0	0
3492	409	399	522
3493	24	26	60
3494	114	92	83
3495	366	328	350
3496	12	11	17
3497	3	5	4
3498	5	5	8
3499	1	4	2
3500	174	163	139
3501	11	16	19
3502	37	31	28
3503	7	0	3
3504	0	1	0
3505	3	3	5
3506	9	13	12
3507	30	26	44
3508	1	6	6
3509	171	195	224
3510	9	6	6
3511	19	16	20
3512	64	59	44
3513	13	11	11
3514	14	13	5
3515	5	6	6
3516	24	29	26
3517	0	0	0
3518	12	10	18
3519	15	17	15
3520	35	41	28
3521	23	27	25
3522	2	4	1
3523	2	3	3
3524	11	4	8
3525	71	88	59
3526	2	0	2
3527	140	107	110
3528	20	23	17
3529	17	13	14
3530	20	22	9
3531	2	0	2
3532	0	0	0
3533	9	2	6
3534	4	5	3
3535	1	1	3
3536	2	4	2
3537	19	15	20
3538	62	82	82
3539	116	97	91
3540	2	1	1
3541	12	14	16
3542	33	29	19
3543	0	1	3
3544	5	10	4
3545	31	28	21
3546	90	84	60
3547	50	56	44
3548	0	1	1
3549	10	16	16
3550	26	14	24
3551	59	55	43
3552	49	49	42
3553	15	5	9
3554	0	0	0
3555	9	8	6
3556	10	19	8
3557	60	51	36
3558	41	45	41
3559	0	0	1
3560	59	48	35
3561	5	3	0
3562	596	539	556
3563	46	38	34
3564	7	9	6
3565	11	6	10
3566	19	10	12
3567	88	60	71
3568	5	8	7
3569	14	15	9
3570	0	1	1
3571	73	55	47
3572	2	0	0
3573	41	37	38
3574	31	29	22
3575	27	26	16
3576	14	21	16
3577	39	24	22
3578	34	44	31
3579	77	66	87
3580	9	5	5
3581	24	37	39
3582	16	20	15
3583	4	3	0
3584	36	22	19
3585	0	0	0
3586	71	63	71
3587	24	28	21
3588	232	198	212
3589	2	0	1
3590	20	30	23
3591	10	9	12
3592	108	127	118
3593	30	21	29
3594	139	153	117
3595	59	44	38
3596	27	41	36
3597	9	3	3
3598	0	0	0
3599	98	124	97
3600	9	16	10
3601	70	54	44
3602	6	4	9
3603	3	0	1
3604	26	34	25
3605	1	1	0
3606	141	163	184
3607	2	0	0
3608	0	1	0
3609	7	7	2
3610	12	15	4
3611	14	26	27
3612	1	1	5
3613	3	4	3
3614	16	8	1
3615	7	10	5
3616	35	30	16
3617	0	0	0
3618	1	0	2
3619	18	13	23
3620	39	54	50
3621	2	1	3
3622	12	10	6
3623	6	7	10
3624	17	21	24
3625	27	37	29
3626	2	1	4
3627	3	3	4
3628	162	163	172
3629	15	15	4
3630	1	0	0
3631	7	8	4
3632	25	17	22
3633	66	67	63
3634	57	58	72
3635	455	492	431
3636	1	4	2
3637	0	0	0
3638	1	5	1
3639	7	8	8
3640	62	56	51
3641	0	0	0
3642	188	163	162
3643	0	0	0
3644	28	17	25
3645	5	5	4
3646	167	142	139
3647	1	0	0
3648	28	37	16
3649	4	2	4
3650	38	44	26
3651	0	0	0
3652	0	0	0
3653	30	23	20
3654	15	17	22
3655	0	0	0
3656	16	15	12
3657	0	0	0
3658	3	1	2
3659	58	36	49
3660	22	13	14
3661	156	168	115
3662	52	52	33
3663	2	6	0
3664	8	4	5
3665	2	1	1
3666	5	7	4
3667	4	7	5
3668	14	7	10
3669	161	174	173
3670	2	1	6
3671	5	2	6
3672	647	548	501
3673	0	0	0
3674	0	0	0
3675	495	490	503
3676	59	89	86
3677	45	33	27
3678	170	165	181
3679	155	151	176
3680	0	0	0
3681	0	0	0
3682	0	0	0
3683	43	38	33
3684	20	21	18
3685	3	0	0
3686	97	90	81
3687	8	19	11
3688	3	1	1
3689	192	222	243
3690	8	6	4
3691	66	55	66
3692	33	38	40
3693	9	9	7
3694	1	0	2
3695	28	14	33
3696	81	66	96
3697	20	25	22
3698	25	23	23
3699	112	103	77
3700	4	5	2
3701	79	57	59
3702	3	1	1
3703	26	32	18
3704	5	7	31
3705	0	2	2
3706	0	0	0
3707	0	0	0
3708	0	0	0
3709	9	9	10
3710	6	4	6
3711	12	5	9
3712	1	9	1
3713	0	0	0
3714	0	0	0
3715	3	3	7
3716	0	0	0
3717	1	1	0
3718	0	0	0
3719	9	15	11
3720	0	2	0
3721	3	4	3
3722	170	205	214
3723	5	2	5
3724	136	108	116
3725	10	10	15
3726	118	103	80
3727	143	146	101
3728	43	43	33
3729	62	47	57
3730	10	10	18
3731	2	6	5
3732	1	1	0
3733	1	2	3
3734	194	199	199
3735	128	137	99
3736	4	3	4
3737	19	15	16
3738	11	12	12
3739	46	49	41
3740	11	9	10
3741	0	8	1
3742	0	0	0
3743	17	23	18
3744	41	34	18
3745	67	37	44
3746	18	15	13
3747	6	10	9
3748	34	44	21
3749	23	28	15
3750	12	11	10
3751	1	1	5
3752	233	253	207
3753	0	1	1
3754	26	23	19
3755	1	1	0
3756	73	64	56
3757	3	7	9
3758	17	9	7
3759	16	9	11
3760	345	394	341
3761	1061	906	804
3762	197	247	188
3763	21	23	19
3764	0	1	0
3765	12	7	8
3766	0	0	0
3767	80	133	116
3768	7	7	8
3769	4	14	8
3770	10	11	8
3771	158	181	174
3772	273	273	249
3773	10	12	9
3774	97	93	85
3775	12	10	15
3776	13	21	16
3777	15	8	20
3778	48	61	44
3779	1	1	1
3780	43	55	42
3781	35	43	32
3782	33	31	36
3783	9	14	7
3784	16	14	7
3785	8	7	10
3786	0	0	0
3787	132	139	130
3788	18	27	11
3789	41	53	39
3790	41	37	30
3791	0	0	0
3792	0	0	0
3793	4	9	9
3794	14	23	16
3795	67	63	61
3796	2	10	3
3797	81	108	90
3798	0	0	0
3799	48	50	38
3800	3	1	1
3801	44	33	31
3802	3	4	6
3803	9	13	10
3804	69	66	64
3805	22	21	18
3806	45	47	48
3807	8	3	6
3808	46	48	32
3809	0	0	0
3810	1	1	4
3811	4	5	5
3812	8	10	12
3813	24	16	14
3814	37	44	29
3815	6	16	14
3816	41	35	30
3817	14	5	5
3818	0	0	0
3819	53	49	45
3820	47	32	44
3821	4	4	7
3822	1	0	1
3823	1	3	1
3824	0	0	0
3825	16	18	11
3826	17	19	12
3827	11	10	15
3828	0	0	0
3829	11	3	10
3830	13	18	17
3831	43	41	35
3832	16	17	13
3833	10	16	16
3834	5	13	16
3835	0	0	0
3836	1	0	1
3837	0	0	0
3838	118	98	114
3839	41	54	38
3840	12	9	6
3841	151	151	127
3842	41	32	37
3843	21	18	12
3844	18	28	18
3845	3	8	7
3846	51	71	58
3847	3	7	1
3848	50	28	30
3849	4	6	4
3850	1	2	1
3851	54	65	78
3852	20	20	7
3853	9	8	8
3854	17	13	10
3855	27	23	16
3856	0	0	0
3857	5	6	2
3858	15	14	11
3859	11	8	10
3860	0	0	0
3861	3	2	1
3862	39	27	35
3863	72	78	79
3864	11	9	19
3865	0	0	0
3866	0	0	0
3867	6	6	3
3868	8	7	4
3869	12	15	16
3870	1	1	4
3871	31	35	36
3872	3	2	1
3873	3	0	0
3874	89	89	86
3875	2	0	2
3876	6	8	23
3877	14	22	15
3878	36	32	32
3879	11	6	7
3880	62	32	55
3881	40	48	36
3882	394	401	429
3883	0	0	0
3884	1	6	6
3885	0	0	0
3886	1924	1852	1995
3887	3	5	2
3888	91	73	64
3889	28	31	24
3890	3	0	2
3891	31	29	29
3892	350	353	316
3893	0	0	0
3894	9	12	3
3895	49	45	33
3896	82	89	79
3897	22	16	12
3898	44	28	39
3899	18	13	12
3900	14	4	11
3901	2	2	0
3902	43	37	29
3903	52	52	63
3904	55	63	60
3905	14	14	9
3906	63	55	39
3907	332	356	308
3908	10	15	9
3909	15	17	15
3910	24	23	23
3911	160	144	172
3912	1	2	1
3913	1	3	2
3914	0	1	0
3915	26	25	27
3916	6	3	4
3917	13	16	19
3918	15	19	16
3919	23	11	30
3920	46	58	41
3921	77	80	80
3922	76	84	85
3923	0	0	0
3924	32	38	36
3925	227	222	232
3926	31	27	27
3927	36	50	32
3928	10	13	8
3929	39	51	32
3930	1	4	6
3931	44	45	31
3932	1	5	6
3933	0	0	0
3934	73	64	69
3935	0	0	0
3936	6	9	29
3937	18	12	12
3938	0	0	1
3939	92	93	134
3940	56	55	60
3941	5	14	8
3942	0	0	0
3943	89	103	73
3944	1	1	1
3945	32	23	27
3946	3	5	1
3947	9	14	11
3948	28	26	16
3949	13	16	9
3950	23	17	20
3951	37	26	25
3952	0	0	0
3953	12	34	8
3954	4	8	8
3955	61	56	44
3956	0	0	1
3957	5	6	5
3958	34	32	22
3959	15	17	13
3960	4	5	7
3961	4	4	4
3962	0	1	2
3963	0	0	0
3964	6	14	5
3965	23	15	28
3966	0	1	0
3967	340	342	306
3968	40	37	23
3969	200	199	212
3970	38	37	51
3971	9	11	11
3972	24	20	27
3973	15	18	21
3974	0	0	1
3975	139	99	110
3976	13	15	7
3977	5	9	6
3978	56	68	52
3979	43	39	37
3980	47	26	28
3981	91	94	72
3982	206	200	175
3983	0	0	0
3984	7	12	6
3985	198	215	197
3986	63	77	61
3987	155	131	98
3988	0	2	0
3989	1	1	0
3990	21	17	17
3991	37	32	33
3992	6	4	4
3993	10	7	10
3994	7	9	12
3995	29	21	18
3996	34	55	32
3997	27	22	35
3998	23	16	18
3999	25	14	15
4000	0	0	0
4001	0	2	0
4002	8	11	4
4003	18	13	21
4004	205	202	175
4005	2	3	5
4006	91	82	103
4007	199	336	186
4008	14	6	5
4009	6	2	9
4010	14	14	12
4011	47	34	41
4012	70	47	42
4013	1	0	1
4014	59	75	74
4015	37	22	19
4016	81	86	81
4017	73	67	47
4018	147	127	161
4019	23	34	31
4020	0	2	0
4021	0	1	0
4022	828	703	691
4023	25	17	18
4024	14	17	19
4025	138	104	103
4026	11	12	8
4027	47	55	54
4028	7	6	2
4029	188	203	172
4030	291	302	201
4031	67	74	65
4032	48	40	48
4033	33	27	32
4034	2	3	0
4035	94	72	75
4036	20	18	12
4037	0	0	0
4038	178	133	147
4039	91	89	61
4040	18	15	18
4041	87	55	67
4042	3	4	2
4043	10	17	9
4044	37	48	32
4045	49	46	60
4046	2	1	2
4047	15	10	18
4048	24	22	25
4049	63	70	49
4050	21	11	8
4051	0	0	0
4052	2	4	1
4053	1	2	6
4054	11	14	5
4055	2	5	6
4056	0	2	2
4057	25	10	22
4058	4	3	2
4059	0	0	0
4060	2	3	5
4061	62	59	46
4062	129	128	133
4063	2	9	7
4064	16	25	20
4065	6	3	5
4066	2	2	1
4067	73	80	73
4068	3	1	1
4069	1	1	1
4070	5	2	4
4071	20	28	21
4072	0	0	0
4073	0	2	1
4074	23	18	21
4075	0	1	0
4076	78	90	78
4077	2	1	0
4078	0	0	0
4079	1	0	1
4080	0	0	0
4081	30	18	26
4082	0	0	1
4083	1	1	0
4084	31	16	23
4085	22	19	19
4086	3	4	3
4087	19	16	18
4088	9	5	5
4089	2	6	6
4090	44	47	38
4091	2	1	3
4092	2	5	6
4093	1	3	2
4094	0	0	0
4095	452	537	497
4096	0	0	0
4097	89	76	49
4098	32	26	16
4099	17	16	9
4100	64	61	52
4101	4	2	2
4102	18	18	25
4103	49	34	28
4104	16	14	10
4105	21	22	25
4106	0	0	0
4107	0	0	0
4108	58	45	48
4109	8	10	10
4110	40	53	37
4111	9	9	4
4112	15	5	11
4113	10	4	11
4114	4	4	7
4115	74	75	70
4116	4	2	2
4117	121	126	112
4118	0	1	1
4119	1	2	0
4120	8	3	3
4121	40	36	30
4122	4	1	5
4123	0	0	0
4124	0	0	0
4125	0	0	0
4126	0	0	0
4127	0	0	0
4128	0	0	1
4129	0	1	0
4130	13	14	27
4131	24	18	13
4132	57	69	39
4133	55	55	74
4134	23	17	11
4135	20	17	19
4136	0	10	2
4137	14	12	16
4138	9	8	6
4139	0	2	4
4140	0	0	0
4141	0	0	0
4142	0	0	0
4143	0	0	0
4144	50	33	34
4145	9	5	5
4146	14	9	11
4147	3	1	2
4148	0	0	0
4149	0	5	2
4150	0	0	0
4151	6	6	13
4152	77	73	60
4153	1	3	8
4154	35	33	41
4155	1	2	0
4156	7	10	9
4157	0	0	0
4158	118	151	130
4159	7	4	4
4160	111	138	128
4161	222	207	176
4162	24	15	16
4163	4	2	3
4164	2	0	0
4165	141	174	182
4166	6	9	8
4167	3	9	3
4168	19	20	20
4169	43	38	22
4170	0	0	0
4171	95	88	95
4172	7	0	2
4173	9	10	7
4174	115	100	82
4175	39	45	28
4176	96	86	88
4177	25	24	17
4178	77	72	50
4179	0	6	0
4180	0	2	2
4181	170	161	177
4182	10	13	9
4183	19	27	8
4184	1	0	0
4185	0	1	0
4186	4	5	2
4187	13	18	15
4188	3	1	1
4189	22	32	14
4190	56	54	47
4191	97	77	86
4192	1	0	0
4193	1	1	0
4194	9	9	13
4195	11	26	21
4196	7	8	2
4197	0	0	0
4198	79	74	97
4199	22	21	27
4200	3	2	0
4201	41	41	31
4202	5	9	5
4203	5	5	8
4204	380	375	353
4205	1	1	1
4206	13	16	14
4207	21	20	23
4208	13	22	13
4209	16	16	16
4210	13	11	23
4211	169	175	175
4212	4	14	13
4213	1	2	3
4214	15	6	5
4215	15	30	13
4216	8	13	10
4217	0	0	0
4218	0	0	0
4219	16	13	8
4220	7	5	4
4221	26	24	19
4222	82	70	63
4223	1	1	0
4224	31	37	56
4225	1	2	4
4226	95	98	98
4227	1	3	5
4228	10	6	6
4229	14	11	7
4230	21	20	27
4231	26	17	21
4232	29	21	30
4233	45	34	36
4234	38	50	39
4235	13	18	11
4236	29	27	21
4237	62	77	74
4238	6	15	9
4239	52	37	33
4240	38	43	35
4241	4	1	1
4242	38	36	39
4243	5	4	3
4244	1	1	0
4245	108	59	46
4246	25	33	19
4247	95	97	62
4248	44	79	92
4249	2	3	0
4250	0	0	0
4251	5	15	11
4252	2	2	2
4253	0	4	1
4254	15	4	14
4255	7	9	13
4256	10	7	26
4257	1	2	2
4258	179	172	192
4259	1	0	0
4260	33	23	28
4261	2	5	1
4262	249	217	188
4263	0	0	1
4264	24	23	18
4265	11	10	6
4266	5	5	10
4267	1	1	0
4268	10	11	10
4269	16	12	9
4270	31	31	31
4271	4	4	4
4272	20	22	19
4273	4	2	2
4274	49	36	35
4275	23	29	32
4276	41	41	34
4277	36	55	46
4278	17	14	19
4279	82	62	48
4280	4	5	2
4281	1647	1692	1525
4282	5	3	4
4283	19	15	4
4284	20	14	15
4285	26	26	32
4286	12	12	12
4287	51	47	32
4288	38	28	38
4289	2	2	6
4290	0	0	0
4291	64	72	79
4292	46	31	22
4293	12	6	12
4294	11	10	20
4295	0	1	1
4296	0	2	2
4297	12	19	14
4298	156	176	166
4299	22	32	25
4300	21	19	10
4301	9	4	5
4302	36	35	28
4303	15	20	29
4304	0	2	1
4305	6	5	5
4306	77	50	83
4307	6	7	26
4308	14	20	32
4309	17	3	8
4310	27	28	25
4311	3	3	13
4312	2	3	5
4313	13	10	10
4314	0	0	0
4315	175	143	134
4316	98	101	79
4317	5	8	7
4318	19	14	15
4319	50	51	35
4320	26	32	24
4321	18	15	18
4322	0	0	0
4323	10	16	21
4324	1	1	0
4325	1	2	1
4326	3	2	5
4327	0	0	0
4328	77	71	71
4329	7	3	6
4330	11	21	15
4331	4	4	4
4332	102	91	93
4333	7	4	10
4334	0	2	3
4335	0	2	1
4336	354	362	314
4337	1	0	1
4338	1	1	1
4339	0	1	2
4340	0	0	0
4341	22	26	25
4342	0	0	1
4343	1	1	0
4344	2	1	1
4345	40	37	46
4346	13	23	23
4347	7	13	4
4348	0	0	0
4349	9	6	7
4350	10	4	3
4351	15	20	15
4352	8	3	10
4353	4	1	1
4354	0	0	0
4355	2	0	2
4356	96	71	72
4357	3	4	0
4358	31	36	43
4359	1	0	1
4360	12	7	7
4361	3	7	2
4362	1	2	0
4363	14	21	20
4364	45	53	53
4365	3	3	1
4366	22	15	9
4367	0	0	0
4368	249	230	215
4369	5	0	2
4370	2	6	6
4371	68	70	50
4372	2	0	6
4373	4	10	4
4374	1	2	5
4375	9	14	12
4376	0	0	0
4377	10	9	6
4378	87	91	92
4379	1	3	4
4380	1	1	0
4381	3	7	4
4382	30	24	30
4383	1	5	0
4384	3	1	2
4385	1	0	0
4386	5	12	8
4387	1	0	4
4388	3	0	0
4389	17	22	28
4390	134	106	149
4391	202	231	250
4392	70	43	51
4393	192	157	136
4394	90	55	74
4395	29	24	21
4396	872	750	833
4397	21	21	18
4398	91	83	97
4399	41	34	35
4400	0	0	0
4401	7	14	8
4402	62	61	46
4403	40	27	33
4404	66	50	47
4405	0	0	0
4406	7	11	10
4407	3	5	6
4408	41	53	41
4409	15	12	10
4410	25	23	14
4411	8	2	4
4412	0	0	0
4413	36	42	44
4414	31	40	26
4415	23	12	14
4416	199	225	186
4417	25	51	23
4418	2	0	1
4419	3	5	2
4420	85	80	75
4421	11	5	14
4422	69	60	66
4423	30	23	26
4424	10	7	6
4425	0	0	1
4426	15	18	13
4427	10	9	6
4428	125	97	128
4429	8	19	16
4430	0	0	0
4431	0	3	1
4432	10	11	9
4433	20	13	13
4434	3	1	1
4435	71	73	69
4436	27	17	15
4437	70	64	60
4438	67	93	63
4439	39	46	31
4440	0	0	0
4441	4	2	5
4442	279	253	277
4443	0	1	0
4444	16	16	19
4445	3	9	5
4446	15	10	9
4447	8	9	5
4448	4	0	3
4449	4	4	3
4450	0	1	0
4451	0	1	0
4452	26	27	29
4453	70	74	72
4454	103	92	79
4455	1	5	1
4456	433	386	430
4457	9	8	7
4458	7	6	6
4459	103	117	95
4460	3	5	2
4461	20	10	11
4462	10	18	14
4463	8	11	6
4464	228	208	215
4465	64	56	45
4466	16	14	14
4467	39	48	35
4468	72	73	72
4469	18	17	13
4470	1	0	1
4471	456	442	383
4472	17	7	8
4473	0	0	0
4474	12	16	13
4475	40	46	25
4476	4	5	6
4477	14	6	9
4478	3	5	6
4479	0	0	0
4480	27	23	17
4481	2	4	6
4482	3	1	4
4483	0	0	0
4484	4	9	6
4485	1	3	3
4486	13	10	8
4487	2	1	2
4488	53	77	76
4489	57	62	89
4490	0	0	0
4491	39	44	36
4492	41	29	33
4493	18	12	13
4494	1	0	0
4495	16	15	6
4496	1	3	1
4497	13	20	15
4498	0	0	0
4499	5	13	6
4500	39	39	48
4501	3	2	1
4502	3	1	4
4503	1	4	1
4504	62	69	40
4505	18	19	6
4506	2	3	2
4507	1	0	3
4508	37	50	32
4509	0	0	0
4510	46	37	33
4511	1	4	5
4512	9	19	12
4513	14	12	13
4514	15	18	14
4515	2	5	1
4516	17	17	5
4517	13	16	11
4518	21	17	25
4519	75	83	84
4520	2	3	1
4521	1	1	1
4522	44	27	40
4523	9	13	7
4524	24	12	16
4525	9	6	10
4526	1	1	1
4527	41	38	39
4528	7	11	7
4529	0	0	1
4530	13	20	11
4531	2	1	0
4532	1	0	0
4533	0	0	0
4534	2	2	5
4535	0	0	0
4536	105	107	124
4537	0	0	0
4538	102	81	79
4539	0	1	2
4540	78	66	69
4541	4	9	6
4542	69	53	40
4543	8	5	5
4544	42	32	28
4545	33	26	40
4546	12	12	12
4547	11	12	20
4548	1	0	1
4549	0	0	0
4550	25	27	22
4551	5	7	7
4552	4	11	7
4553	0	0	0
4554	89	86	85
4555	6	8	4
4556	11	9	8
4557	0	0	0
4558	14	23	11
4559	7	5	4
4560	74	62	73
4561	3	4	1
4562	12	9	12
4563	144	117	113
4564	12	16	20
4565	445	437	356
4566	31	27	18
4567	15	11	3
4568	96	86	63
4569	44	41	31
4570	35	28	26
4571	89	80	57
4572	36	33	26
4573	1	1	5
4574	2	0	0
4575	1	0	0
4576	11	7	10
4577	0	1	2
4578	3	4	2
4579	84	87	84
4580	4	5	5
4581	0	0	0
4582	3	1	6
4583	0	0	1
4584	0	1	0
4585	1	0	0
4586	9	7	5
4587	5	0	4
4588	464	393	323
4589	7	13	15
4590	6	7	9
4591	10	3	2
4592	32	32	37
4593	8	4	4
4594	171	172	222
4595	22	20	19
4596	0	0	0
4597	26	24	25
4598	93	91	104
4599	3	6	2
4600	9	8	9
4601	26	30	30
4602	20	16	18
4603	22	18	13
4604	6	6	5
4605	12	12	7
4606	268	292	251
4607	0	0	0
4608	0	0	2
4609	2	0	0
4610	35	22	18
4611	119	92	97
4612	1	9	14
4613	28	14	22
4614	17	15	9
4615	55	46	61
4616	23	23	22
4617	35	40	39
4618	1	3	3
4619	8	8	5
4620	25	18	22
4621	4	4	3
4622	24	21	20
4623	0	0	0
4624	68	66	66
4625	16	13	14
4626	3	7	9
4627	111	113	97
4628	14	12	19
4629	36	22	29
4630	0	0	0
4631	426	401	334
4632	23	16	19
4633	57	53	70
4634	0	0	0
4635	25	20	26
4636	0	0	0
4637	35	40	38
4638	9	17	17
4639	11	16	25
4640	188	166	180
4641	8	15	25
4642	122	111	125
4643	96	96	86
4644	7	8	6
4645	1	1	1
4646	455	401	464
4647	11	8	7
4648	79	74	56
4649	5	4	5
4650	20	23	34
4651	14	11	18
4652	0	0	0
4653	1	0	0
4654	1	0	3
4655	1	1	1
4656	20	15	12
4657	17	16	19
4658	10	13	17
4659	13	13	7
4660	0	0	0
4661	81	66	58
4662	3	2	1
4663	313	296	348
4664	47	34	35
4665	18	7	14
4666	18	16	8
4667	222	198	212
4668	34	48	31
4669	42	31	21
4670	7	5	3
4671	0	2	2
4672	4	6	6
4673	2	1	1
4674	51	74	38
4675	64	42	86
4676	144	151	165
4677	11	26	12
4678	32	9	27
4679	102	115	91
4680	7	13	16
4681	223	201	183
4682	42	42	29
4683	0	2	1
4684	2	5	4
4685	2	2	1
4686	11	8	11
4687	5	4	8
4688	5	10	5
4689	4	6	8
4690	30	34	17
4691	11	8	5
4692	2	2	3
4693	24	16	24
4694	11	5	4
4695	5	8	3
4696	3	5	8
4697	8	2	1
4698	3	1	6
4699	31	41	39
4700	42	43	43
4701	9	9	5
4702	0	2	0
4703	0	1	0
4704	15	13	9
4705	6	3	3
4706	64	63	52
4707	41	33	52
4708	32	32	32
4709	45	40	50
4710	36	47	50
4711	2	2	2
4712	11	10	7
4713	64	61	68
4714	7	14	9
4715	36	29	34
4716	4	3	8
4717	269	180	177
4718	92	51	56
4719	20	20	20
4720	0	0	0
4721	19	23	21
4722	0	0	0
4723	25	41	44
4724	0	0	0
4725	12	10	14
4726	580	617	547
4727	4	4	3
4728	222	243	194
4729	14	17	13
4730	234	193	214
4731	2	1	1
4732	34	27	20
4733	12	15	22
4734	14	5	5
4735	205	210	201
4736	0	0	0
4737	8	8	3
4738	32	34	28
4739	1	1	3
4740	89	80	73
4741	4	13	10
4742	197	149	174
4743	202	175	253
4744	34	36	34
4745	71	48	45
4746	0	2	1
4747	0	1	0
4748	11	13	11
4749	97	104	81
4750	11	14	13
4751	15	16	13
4752	30	28	19
4753	3	2	7
4754	75	75	87
4755	29	28	18
4756	37	21	31
4757	10	15	8
4758	0	0	0
4759	20	21	17
4760	20	15	18
4761	19	13	16
4762	10	6	5
4763	10	16	6
4764	14	14	16
4765	17	21	11
4766	145	151	131
4767	33	19	13
4768	92	82	89
4769	117	110	153
4770	0	0	0
4771	0	1	0
4772	27	20	12
4773	258	257	213
4774	12	9	7
4775	1	1	2
4776	0	0	0
4777	103	92	87
4778	2	3	2
4779	0	0	0
4780	1	3	1
4781	7	11	5
4782	0	0	0
4783	21	23	24
4784	3	3	2
4785	63	68	67
4786	24	28	36
4787	13	13	8
4788	8	3	4
4789	78	113	102
4790	23	26	29
4791	7	5	10
4792	4	5	7
4793	1	0	2
4794	13	12	18
4795	66	71	63
4796	63	55	59
4797	14	14	13
4798	0	0	0
4799	14	19	13
4800	2	0	0
4801	0	0	0
4802	140	134	99
4803	170	208	191
4804	189	137	171
4805	17	10	12
4806	2	0	0
4807	215	183	167
4808	40	31	31
4809	100	93	103
4810	13	6	15
4811	6	3	5
4812	21	15	15
4813	17	8	11
4814	28	14	13
4815	0	0	0
4816	176	183	147
4817	0	3	0
4818	5	4	5
4819	201	190	188
4820	11	6	11
4821	21	19	13
4822	3	2	8
4823	26	22	18
4824	7	14	6
4825	108	110	106
4826	82	59	58
4827	38	43	39
4828	2	1	1
4829	8	12	5
4830	0	0	1
4831	3	5	4
4832	9	4	9
4833	19	18	33
4834	0	0	0
4835	14	12	15
4836	0	2	2
4837	7	2	6
4838	54	46	46
4839	408	424	481
4840	36	46	54
4841	77	77	67
4842	26	26	15
4843	14	11	5
4844	68	43	54
4845	179	201	153
4846	9	8	14
4847	5	3	3
4848	4	7	11
4849	93	76	85
4850	1	3	0
4851	17	23	17
4852	8	9	4
4853	7	5	9
4854	5	4	5
4855	15	8	11
4856	37	49	56
4857	1	1	3
4858	0	0	0
4859	0	0	0
4860	8	6	11
4861	1339	1389	1540
4862	11	9	13
4863	17	16	10
4864	41	35	23
4865	0	0	0
4866	0	1	3
4867	0	0	1
4868	58	70	56
4869	72	72	68
4870	4	2	2
4871	0	0	0
4872	0	0	0
4873	5	3	2
4874	20	16	9
4875	7	13	11
4876	1	1	0
4877	40	54	46
4878	0	0	0
4879	0	2	1
4880	0	0	0
4881	0	0	0
4882	0	0	0
4883	0	0	0
4884	0	0	0
4885	2	0	0
4886	10	3	3
4887	3	4	4
4888	60	38	46
4889	298	299	289
4890	134	98	92
4891	103	99	78
4892	0	0	0
4893	1	0	1
4894	21	25	33
4895	3	4	1
4896	0	0	0
4897	0	0	0
4898	11	7	12
4899	71	44	54
4900	11	4	5
4901	22	20	11
4902	28	28	28
4903	4	0	4
4904	419	471	346
4905	0	0	0
4906	5	2	1
4907	25	21	28
4908	1	2	2
4909	78	55	62
4910	6	8	5
4911	343	387	442
4912	99	103	159
4913	2	4	1
4914	131	121	139
4915	0	1	0
4916	3	4	1
4917	11	12	5
4918	11	21	10
4919	28	35	15
4920	55	43	38
4921	43	41	23
4922	104	89	70
4923	84	86	80
4924	2	7	10
4925	0	0	0
4926	186	192	168
4927	9	5	12
4928	112	125	112
4929	3	5	3
4930	0	0	0
4931	91	80	91
4932	350	336	389
4933	3	2	0
4934	36	26	29
4935	27	26	28
4936	42	35	28
4937	6	7	7
4938	33	22	27
4939	38	37	31
4940	25	28	20
4941	8	12	19
4942	388	355	361
4943	2	1	1
4944	0	0	1
4945	1	1	2
4946	2	3	3
4947	12	20	12
4948	50	68	51
4949	45	44	35
4950	0	1	0
4951	0	0	0
4952	70	75	81
4953	5	5	7
4954	0	0	2
4955	2	1	0
4956	30	29	22
4957	3	2	5
4958	4	3	4
4959	5	1	3
4960	8	9	11
4961	23	21	23
4962	4	5	5
4963	28	28	22
4964	892	844	949
4965	3	3	3
4966	612	615	536
4967	1	1	1
4968	3	0	2
4969	0	0	0
4970	0	0	0
4971	24	34	31
4972	65	57	67
4973	1	3	4
4974	0	2	2
4975	11	11	16
4976	26	23	25
4977	20	15	14
4978	20	15	14
4979	67	80	67
4980	29	23	18
4981	6	10	5
4982	0	3	2
4983	4	0	0
4984	0	0	0
4985	0	2	1
4986	40	34	31
4987	11	12	17
4988	6	7	9
4989	2	4	2
4990	13	12	13
4991	74	57	55
4992	0	0	0
4993	0	1	0
4994	3	0	2
4995	3	3	1
4996	5	4	1
4997	57	46	50
4998	48	57	44
4999	146	153	135
5000	3	11	4
5001	29	35	33
5002	2	6	7
5003	129	140	155
5004	123	111	84
5005	0	1	2
5006	0	1	5
5007	84	97	100
5008	3	6	6
5009	24	23	24
5010	121	109	77
5011	0	1	0
5012	14	11	11
5013	1	0	1
5014	39	39	32
5015	74	80	58
5016	119	118	122
5017	1	0	2
5018	18	9	13
5019	9	18	11
5020	887	900	764
5021	2	0	0
5022	13	11	16
5023	38	27	33
5024	328	298	317
5025	16	10	12
5026	30	17	33
5027	8	13	11
5028	68	55	50
5029	35	28	31
5030	2	2	0
5031	4	0	3
5032	11	15	11
5033	9	4	9
5034	138	122	99
5035	362	305	340
5036	39	20	20
5037	72	75	125
5038	24	18	23
5039	9	7	4
5040	0	0	0
5041	0	0	0
5042	2	5	4
5043	19	17	24
5044	1	3	3
5045	0	0	1
5046	143	152	116
5047	8	19	15
5048	24	19	25
5049	1	0	2
5050	1	1	2
5051	3	4	1
5052	113	76	109
5053	53	52	44
5054	22	24	31
5055	148	145	95
5056	18	24	16
5057	0	0	0
5058	76	61	82
5059	8	11	8
5060	5	4	5
5061	4	12	9
5062	371	511	440
5063	10	7	5
5064	0	0	0
5065	5	2	4
5066	2	0	0
5067	27	13	41
5068	6	4	7
5069	59	59	70
5070	1	1	0
5071	7	10	10
5072	198	176	168
5073	108	107	67
5074	77	67	60
5075	2	0	1
5076	167	120	105
5077	60	48	42
5078	39	39	37
5079	8	5	4
5080	8	9	9
5081	5	7	3
5082	0	3	1
5083	1	3	3
5084	4	3	4
5085	25	35	33
5086	13	13	14
5087	9	7	7
5088	1	1	0
5089	103	95	80
5090	15	17	15
5091	11	13	13
5092	90	92	64
5093	0	2	4
5094	27	25	18
5095	38	41	17
5096	0	0	0
5097	14	13	7
5098	358	351	348
5099	38	30	20
5100	2	2	2
5101	25	23	31
5102	101	77	91
5103	15	19	18
5104	1	1	1
5105	47	41	45
5106	515	451	385
5107	3	4	5
5108	4	4	5
5109	13	6	17
5110	124	107	81
5111	72	78	54
5112	8	10	6
5113	6	8	14
5114	8	13	18
5115	13	10	14
5116	151	164	170
5117	0	0	0
5118	3	3	3
5119	20	13	13
5120	46	31	23
5121	209	208	190
5122	6	8	6
5123	9	5	4
5124	0	0	0
5125	1	4	4
5126	9	7	6
5127	599	565	574
5128	0	0	0
5129	0	1	1
5130	12	14	7
5131	99	103	102
5132	10	13	15
5133	1	3	1
5134	5	0	4
5135	0	0	0
5136	2	5	1
5137	4	6	4
5138	0	2	3
5139	25	21	27
5140	146	92	98
5141	3	5	5
5142	15	10	7
5143	5	4	0
5144	0	0	0
5145	18	11	13
5146	72	73	100
5147	2	1	0
5148	1	1	2
5149	1	1	0
5150	54	47	38
5151	23	40	45
5152	2	3	4
5153	1	1	0
5154	18	9	1
5155	120	99	91
5156	3	3	1
5157	48	48	55
5158	0	0	0
5159	24	13	17
5160	36	29	20
5161	5	11	6
5162	51	65	54
5163	20	18	24
5164	2	6	2
5165	65	65	55
5166	15	6	10
5167	8	6	4
5168	50	63	69
5169	6	3	5
5170	55	53	58
5171	25	17	14
5172	11	14	4
5173	122	120	121
5174	5	5	1
5175	1	1	1
5176	1	0	0
5177	42	28	50
5178	2	0	0
5179	49	31	33
5180	35	26	16
5181	0	0	0
5182	49	45	44
5183	62	52	69
5184	55	46	57
5185	232	253	239
5186	108	87	97
5187	35	32	31
5188	44	41	50
5189	13	11	11
5190	1	0	0
5191	9	14	7
5192	1	0	1
5193	30	46	28
5194	9	5	3
5195	12	11	15
5196	4	3	4
5197	42	47	49
5198	71	65	57
5199	3	1	0
5200	2	0	1
5201	14	16	21
5202	17	7	13
5203	160	194	162
5204	118	116	86
5205	0	0	0
5206	504	451	464
5207	0	0	0
5208	63	57	50
5209	12	13	13
5210	23	24	20
5211	16	25	17
5212	39	25	29
5213	40	49	50
5214	26	21	17
5215	44	54	48
5216	61	60	48
5217	1	0	0
5218	0	0	0
5219	14	14	7
5220	22	15	19
5221	8	5	5
5222	60	46	48
5223	157	176	167
5224	27	27	17
5225	87	84	74
5226	19	18	16
5227	6	6	5
5228	49	38	53
5229	49	42	51
5230	79	90	89
5231	53	43	45
5232	1	1	6
5233	8	6	2
5234	20	17	15
5235	1	0	0
5236	125	125	148
5237	0	0	0
5238	0	0	0
5239	1	0	0
5240	0	0	0
5241	0	0	0
5242	13	9	16
5243	19	10	12
5244	24	26	23
5245	2	2	1
5246	3	6	2
5247	14	12	15
5248	5	3	4
5249	46	31	43
5250	35	51	34
5251	158	164	128
5252	2	2	2
5253	2	1	1
5254	132	132	127
5255	10	9	4
5256	51	54	53
5257	1	3	2
5258	2	5	3
5259	28	39	31
5260	55	55	48
5261	32	34	27
5262	15	10	13
5263	0	0	0
5264	52	37	38
5265	14	9	9
5266	241	199	187
5267	2	1	3
5268	0	0	0
5269	13	14	11
5270	1	4	2
5271	7	10	5
5272	0	0	0
5273	0	0	0
5274	40	24	28
5275	0	0	0
5276	0	1	0
5277	6	3	5
5278	8	5	6
5279	60	50	70
5280	5	3	4
5281	63	51	54
5282	0	0	0
5283	61	44	40
5284	236	231	183
5285	13	11	13
5286	1	1	0
5287	15	22	12
5288	0	0	0
5289	29	34	16
5290	51	82	64
5291	47	63	69
5292	385	379	409
5293	33	22	27
5294	21	15	14
5295	80	75	59
5296	1	0	0
5297	10	7	6
5298	33	25	44
5299	1	2	0
5300	102	80	78
5301	16	9	13
5302	4	4	1
5303	33	28	16
5304	41	30	23
5305	36	45	29
5306	51	64	42
5307	13	16	15
5308	17	16	10
5309	59	38	36
5310	70	59	75
5311	20	21	14
5312	0	0	0
5313	47	33	33
5314	12	2	4
5315	0	0	0
5316	17	15	13
5317	2	2	0
5318	11	15	10
5319	21	17	12
5320	48	45	32
5321	301	263	271
5322	15	22	12
5323	1	0	0
5324	31	31	22
5325	29	20	16
5326	2	2	0
5327	708	684	729
5328	1	1	1
5329	13	9	16
5330	2	2	3
5331	54	53	45
5332	773	831	896
5333	35	33	20
5334	1	3	1
5335	15	17	17
5336	17	21	27
5337	610	642	658
5338	1	1	2
5339	19	16	18
5340	195	207	184
5341	20	27	23
5342	2	2	1
5343	5	5	11
5344	145	147	127
5345	20	29	20
5346	1	7	6
5347	2	1	2
5348	2	3	1
5349	103	103	77
5350	38	35	40
5351	70	86	90
5352	12	2	2
5353	25	27	9
5354	17	28	25
5355	8	4	4
5356	82	115	70
5357	39	49	32
5358	7	10	3
5359	2	1	1
5360	1	0	2
5361	9	6	4
5362	0	0	0
5363	0	0	0
5364	41	32	37
5365	9	5	4
5366	17	14	13
5367	11	24	13
5368	14	13	16
5369	94	75	69
5370	8	10	13
5371	9	6	7
5372	3	7	6
5373	21	23	19
5374	3	3	5
5375	65	56	54
5376	6	5	5
5377	3	4	2
5378	0	0	3
5379	102	94	79
5380	10	6	5
5381	0	0	0
5382	6	11	4
5383	41	53	66
5384	0	0	0
5385	22	18	23
5386	50	69	65
5387	0	3	4
5388	7	16	9
5389	3	8	3
5390	5	10	6
5391	10	17	9
5392	1	4	4
5393	26	16	26
5394	50	44	51
5395	3	2	1
5396	0	1	0
5397	12	10	10
5398	211	207	169
5399	5	5	5
5400	0	0	0
5401	207	202	242
5402	4	9	6
5403	54	48	38
5404	2	2	2
5405	31	26	45
5406	2	1	0
5407	9	4	9
5408	6	2	3
5409	36	33	28
5410	70	80	82
5411	0	0	0
5412	1	1	1
5413	8	5	8
5414	17	28	38
5415	7	6	8
5416	180	152	234
5417	2	0	2
5418	3	4	2
5419	24	9	17
5420	0	6	5
5421	0	0	0
5422	5	1	1
5423	39	28	23
5424	33	31	22
5425	4	5	4
5426	6	9	12
5427	16	27	22
5428	3	4	5
5429	6	19	11
5430	10	3	8
5431	4	4	1
5432	264	208	268
5433	84	93	76
5434	57	52	54
5435	4	6	3
5436	5	4	10
5437	11	2	7
5438	74	109	72
5439	0	2	2
5440	5	6	7
5441	285	286	284
5442	83	60	57
5443	1001	865	899
5444	244	240	227
5445	53	47	37
5446	202	222	197
5447	115	123	132
5448	5	5	3
5449	74	58	60
5450	241	219	232
5451	174	198	131
5452	12	16	18
5453	253	240	254
5454	0	0	2
5455	0	1	2
5456	19	34	29
5457	277	240	260
5458	1	0	0
5459	3	2	6
5460	1	0	2
5461	4	5	3
5462	2	4	0
5463	321	255	318
5464	5	4	2
5465	16	15	16
5466	554	488	542
5467	1	1	5
5468	79	63	73
5469	3	3	2
5470	115	140	147
5471	26	24	15
5472	0	2	0
5473	2	3	4
5474	6	1	1
5475	0	0	0
5476	98	85	62
5477	3	6	5
5478	2	1	1
5479	2	0	0
5480	1	1	1
5481	11	2	2
5482	212	184	193
5483	2	1	0
5484	10	9	8
5485	0	1	0
5486	55	41	36
5487	32	47	37
5488	67	61	62
5489	56	54	47
5490	16	17	13
5491	20	14	9
5492	0	0	0
5493	0	0	0
5494	1	0	0
5495	0	0	0
5496	5	0	2
5497	15	15	22
5498	0	0	2
5499	5	10	9
5500	150	172	125
5501	0	2	0
5502	107	114	119
5503	149	157	159
5504	1	2	4
5505	8	9	6
5506	126	106	94
5507	9	8	9
5508	1	4	3
5509	327	283	327
5510	6	3	2
5511	3	10	10
5512	130	106	74
5513	1	1	1
5514	9	12	8
5515	15	12	17
5516	27	20	19
5517	0	0	0
5518	0	0	0
5519	30	26	23
5520	12	9	12
5521	27	33	28
5522	5	5	1
5523	13	11	2
5524	5	4	7
5525	0	0	0
5526	0	0	0
5527	0	0	0
5528	25	12	20
5529	6	3	2
5530	230	219	243
5531	595	590	522
5532	6	5	7
5533	0	0	0
5534	127	107	85
5535	46	42	40
5536	12	13	27
5537	2	5	7
5538	0	3	2
5539	8	9	7
5540	0	1	2
5541	190	124	98
5542	0	0	0
5543	4	4	2
5544	8	3	4
5545	34	28	26
5546	43	53	48
5547	26	29	37
5548	21	20	7
5549	0	2	2
5550	42	51	43
5551	6	8	9
5552	6	7	5
5553	0	0	0
5554	54	49	42
5555	2	2	4
5556	3	1	6
5557	1	0	2
5558	18	10	7
5559	7	1	1
5560	2	5	2
5561	10	12	10
5562	2	0	0
5563	6	6	7
5564	23	15	15
5565	1430	1445	1198
5566	28	24	15
5567	8	5	3
5568	75	64	71
5569	8	15	13
5570	2	2	2
5571	0	0	0
5572	4	4	10
5573	22	24	23
5574	47	33	33
5575	0	0	1
5576	35	31	29
5577	648	604	521
5578	70	69	54
5579	10	4	7
5580	8	15	5
5581	6	8	11
5582	1	0	0
5583	20	13	22
5584	57	53	38
5585	15	12	17
5586	0	1	0
5587	8	4	6
5588	5	4	3
5589	144	130	130
5590	31	29	18
5591	7	2	8
5592	8	3	12
5593	3	3	4
5594	1	7	8
5595	4	1	4
5596	117	144	96
5597	5	7	4
5598	18	8	10
5599	21	25	12
5600	0	0	0
5601	30	23	29
5602	1	3	2
5603	40	37	39
5604	37	34	26
5605	97	101	72
5606	47	39	33
5607	32	23	18
5608	7	12	6
5609	0	0	0
5610	80	51	68
5611	22	13	9
5612	9	5	14
5613	19	21	10
5614	159	189	163
5615	9	6	9
5616	2	0	0
5617	50	37	29
5618	32	34	28
5619	252	219	145
5620	45	37	40
5621	1	6	11
5622	4	3	10
5623	7	9	8
5624	5	10	6
5625	2	2	0
5626	1	0	0
5627	5	2	3
5628	0	2	0
5629	19	18	10
5630	20	10	17
5631	0	0	0
5632	6	5	9
5633	21	27	20
5634	40	53	56
5635	3	4	3
5636	23	26	20
5637	11	11	4
5638	15	9	16
5639	14	13	12
5640	0	1	0
5641	16	20	21
5642	50	57	63
5643	145	135	166
5644	1	2	1
5645	0	1	1
5646	7	4	2
5647	9	10	8
5648	9	10	7
5649	4	4	2
5650	6	2	3
5651	2	4	1
5652	0	0	0
5653	19	30	26
5654	6	11	13
5655	7	3	6
5656	4	6	4
5657	30	20	16
5658	9	5	3
5659	0	0	0
5660	186	174	151
5661	2	1	4
5662	12	18	17
5663	18	20	10
5664	126	102	125
5665	3	3	5
5666	16	13	4
5667	84	69	79
5668	77	89	84
5669	4	6	7
5670	39	37	41
5671	1	1	5
5672	67	62	74
5673	96	106	87
5674	0	2	0
5675	2	4	3
5676	23	31	20
5677	0	0	1
5678	15	20	17
5679	0	0	0
5680	4	6	7
5681	105	85	83
5682	15	10	8
5683	6	4	5
5684	6	7	5
5685	5	2	2
5686	25	35	19
5687	32	28	30
5688	6	2	2
5689	0	0	0
5690	177	188	171
5691	62	53	65
5692	4	8	10
5693	45	37	36
5694	24	25	20
5695	1017	976	984
5696	6	7	4
5697	15	11	17
5698	25	13	23
5699	61	64	48
5700	28	24	23
5701	1	0	0
5702	3	3	6
5703	0	0	0
5704	0	0	0
5705	11	4	7
5706	1	1	0
5707	2	1	1
5708	184	163	207
5709	47	42	31
5710	27	33	34
5711	54	45	39
5712	19	20	21
5713	222	228	296
5714	40	37	39
5715	3	1	3
5716	0	0	0
5717	1	3	2
5718	72	68	80
5719	183	164	109
5720	0	0	0
5721	15	13	12
5722	292	232	276
5723	4	5	4
5724	14	6	11
5725	9	6	17
5726	42	62	52
5727	6	1	7
5728	4	5	4
5729	48	47	68
5730	117	107	100
5731	391	369	402
5732	150	130	92
5733	49	40	32
5734	30	29	21
5735	4	2	3
5736	2	1	3
5737	7	4	2
5738	0	0	0
5739	7	4	7
5740	23	40	17
5741	36	35	30
5742	0	0	2
5743	20	12	11
5744	4	2	0
5745	10	20	10
5746	27	15	12
5747	83	75	50
5748	5	10	4
5749	492	432	451
5750	8	13	14
5751	140	170	132
5752	9	9	19
5753	14	12	12
5754	0	1	1
5755	7	4	5
5756	1	2	2
5757	66	58	76
5758	24	33	25
5759	2	3	5
5760	0	0	0
5761	175	212	210
5762	12	8	9
5763	9	8	11
5764	12	24	20
5765	33	37	51
5766	0	0	0
5767	1	3	0
5768	1	1	1
5769	2	1	0
5770	2	2	3
5771	35	35	25
5772	55	60	70
5773	3	4	6
5774	61	54	45
5775	59	58	58
5776	26	21	14
5777	0	0	0
5778	30	32	31
5779	82	78	63
5780	19	34	40
5781	5	2	1
5782	11	6	5
5783	85	73	56
5784	7	5	0
5785	7	4	6
5786	22	19	14
5787	4	1	3
5788	0	0	0
5789	1387	1469	1582
5790	376	398	377
5791	3	3	1
5792	420	357	273
5793	18	19	24
5794	500	436	518
5795	22	45	27
5796	25	21	18
5797	35	33	29
5798	1	1	0
5799	41	32	33
5800	273	261	269
5801	73	68	58
5802	9	3	1
5803	0	0	0
5804	2	12	6
5805	20	25	25
5806	40	21	27
5807	0	0	0
5808	5	13	14
5809	1	1	0
5810	61	82	58
5811	61	58	40
5812	132	138	173
5813	25	35	50
5814	0	0	0
5815	12	16	16
5816	125	132	117
5817	99	66	74
5818	22	25	37
5819	30	19	15
5820	35	40	15
5821	97	85	139
5822	2	2	3
5823	14	4	8
5824	516	498	448
5825	42	36	43
5826	0	0	0
5827	4	6	2
5828	8	6	12
5829	6	9	1
5830	13	28	27
5831	146	147	122
5832	5	5	8
5833	27	22	23
5834	13	13	11
5835	12	20	21
5836	41	33	22
5837	10	8	9
5838	49	49	41
5839	31	26	21
5840	171	167	149
5841	1	0	0
5842	42	39	24
5843	2	2	2
5844	1	0	0
5845	45	49	51
5846	2	1	2
5847	0	0	0
5848	1	0	1
5849	0	0	0
5850	2	5	4
5851	9	9	6
5852	12	4	13
5853	0	0	0
5854	16	15	9
5855	19	14	8
5856	31	48	39
5857	2	2	2
5858	86	65	82
5859	89	88	47
5860	47	33	32
5861	16	17	18
5862	7	9	5
5863	2	2	5
5864	7	16	15
5865	32	29	35
5866	0	0	0
5867	0	0	0
5868	0	0	0
5869	39	38	27
5870	1	3	1
5871	1	2	1
5872	1	4	8
5873	46	34	51
5874	6	5	3
5875	0	0	1
5876	53	70	65
5877	0	0	3
5878	0	1	2
5879	1	2	2
5880	5	2	2
5881	0	1	2
5882	0	0	0
5883	39	32	36
5884	12	18	17
5885	10	22	15
5886	3	2	1
5887	17	17	11
5888	16	19	14
5889	85	109	114
5890	49	37	48
5891	4	4	7
5892	0	0	0
5893	3	2	2
5894	355	317	322
5895	21	15	20
5896	0	0	0
5897	9	7	7
5898	0	0	0
5899	9	9	8
5900	0	0	0
5901	1	1	4
5902	52	45	40
5903	30	27	20
5904	3	3	1
5905	33	31	23
5906	59	46	41
5907	5	18	18
5908	177	129	121
5909	0	2	0
5910	7	2	2
5911	2	0	1
5912	6	3	5
5913	16	12	17
5914	39	33	43
5915	37	46	19
5916	114	132	111
5917	118	100	89
5918	196	184	220
5919	1	0	1
5920	1	2	0
5921	28	30	30
5922	1	0	1
5923	9	10	9
5924	0	0	0
5925	387	350	281
5926	58	66	49
5927	7	2	3
5928	10	11	9
5929	47	50	37
5930	2	0	0
5931	66	73	66
5932	431	459	448
5933	25	21	12
5934	5	4	3
5935	2	1	3
5936	0	0	0
5937	65	62	61
5938	76	65	78
5939	6	6	4
5940	18	21	15
5941	10	17	26
5942	8	10	6
5943	6	5	2
5944	0	0	0
5945	1969	1932	1879
5946	21	31	23
5947	6	15	11
5948	298	289	241
5949	49	38	28
5950	0	1	4
5951	22	15	21
5952	0	0	0
5953	6	8	5
5954	8	7	3
5955	20	30	32
5956	26	15	18
5957	0	1	0
5958	6	16	4
5959	3	2	1
5960	10	13	16
5961	177	143	155
5962	170	150	159
5963	2	4	3
5964	0	0	0
5965	2	1	1
5966	0	0	0
5967	0	0	0
5968	33	25	25
5969	210	209	174
5970	24	19	21
5971	6	3	4
5972	30	14	10
5973	0	3	3
5974	101	114	99
5975	38	35	25
5976	0	0	0
5977	0	0	0
5978	0	0	0
5979	77	78	70
5980	16	17	29
5981	26	30	26
5982	138	136	120
5983	1	0	0
5984	7	2	3
5985	36	51	58
5986	10	15	18
5987	8	9	4
5988	3	2	4
5989	22	27	16
5990	10	15	10
5991	135	142	121
5992	4	4	4
5993	38	32	55
5994	1	3	2
5995	16	19	11
5996	1	0	3
5997	3	7	3
5998	82	88	88
5999	90	81	96
6000	15	18	16
6001	9	10	9
6002	15	12	9
6003	11	7	16
6004	14	9	10
6005	50	25	27
6006	0	0	0
6007	4	4	3
6008	95	97	94
6009	23	34	19
6010	26	26	29
6011	286	264	275
6012	6	9	12
6013	48	56	43
6014	9	6	5
6015	15	10	6
6016	41	40	39
6017	8	13	12
6018	20	17	16
6019	3	5	4
6020	0	0	0
6021	4	2	2
6022	2	3	4
6023	33	30	18
6024	7	9	7
6025	19	19	15
6026	17	13	9
6027	1	6	2
6028	28	26	32
6029	121	128	132
