	-24	-23	-22	-21	-20	-19	-18	-17	-16	-15	-14	-13	-12	-11	-10	-9	-8	-7	-6	-5	-4	-3	-2	-1	0	1	2	3	4	5	6	7	8
ILE-VAL-TRP (IVW)	3	10	7	5	5	4	6	6	1	4	5	5	4	26	2	7	0	11	3	6	5	4	6	4	8	4	9	3	6	3	5	4	3
PHE-HIS-PHE (FHF)	5	5	3	7	6	4	3	5	7	9	5	3	3	24	4	7	12	4	6	9	6	5	5	6	9	4	4	9	11	12	8	6	10
THR-ASN-ARG (TNR)	24	15	15	14	7	17	20	10	15	19	20	13	75	70	21	23	13	21	24	20	11	17	13	22	22	12	12	23	20	15	12	15	13
GLN-MET-HIS (QMH)	3	4	6	8	2	5	5	7	4	3	6	5	5	18	7	4	6	3	6	6	5	4	10	4	3	4	6	6	2	4	3	6	5
ALA-ARG-MET (ARM)	7	14	7	16	14	11	13	11	16	16	21	14	14	35	7	10	2	10	13	7	11	8	19	9	8	9	4	7	3	6	15	5	11
CYS-VAL-PRO (CVP)	8	9	9	10	4	9	4	6	6	13	3	12	9	26	14	7	18	7	5	4	9	8	7	7	14	9	5	10	7	4	4	5	6
CYS-ALA-CYS (CAC)	2	4	2	6	3	2	1	3	0	5	3	3	4	10	4	3	2	4	9	1	6	3	3	4	4	2	2	4	1	5	3	0	0
HIS-SER-TYR (HSY)	5	3	6	7	7	12	6	6	7	25	5	11	8	25	19	4	7	7	5	11	9	8	4	8	3	15	4	6	7	8	6	9	4
CYS-PRO-GLY (CPG)	4	6	5	13	7	5	4	9	5	9	6	8	27	24	8	9	6	5	7	4	4	10	6	5	6	6	6	15	23	7	3	2	5
GLN-MET-GLU (QME)	8	8	8	8	7	21	9	5	26	8	10	8	13	31	7	6	10	8	10	14	11	12	3	9	9	8	11	13	9	4	12	15	7
HIS-TRP-GLN (HWQ)	4	1	6	9	4	6	4	11	4	5	5	6	4	14	5	5	3	4	2	4	3	16	3	5	3	5	3	3	1	1	4	4	3
ILE-TYR-CYS (IYC)	6	2	2	5	3	4	4	5	6	8	1	3	2	11	5	1	7	0	2	2	0	1	5	4	5	3	3	5	5	4	5	6	1
ILE-GLY-CYS (IGC)	12	10	8	9	8	9	11	13	15	21	15	10	18	33	9	14	10	10	16	10	6	14	10	8	12	10	5	7	11	12	9	7	7
TRP-LYS-THR (WKT)	6	10	6	10	7	3	7	5	3	5	3	6	9	16	4	6	5	2	10	4	1	1	8	5	5	2	1	9	7	5	7	5	5
PRO-PRO-GLY (PPG)	39	34	24	27	30	30	23	30	22	43	44	15	100	82	26	29	29	24	32	25	30	22	31	36	22	23	28	18	29	17	14	12	19
GLU-TRP-CYS (EWC)	5	6	1	2	2	3	3	4	3	6	9	3	4	11	2	4	6	3	1	2	7	3	3	2	4	4	7	3	1	8	5	5	4
TYR-GLN-ALA (YQA)	13	8	10	17	8	16	12	16	15	5	21	22	20	45	22	13	14	23	19	18	15	27	13	17	19	22	8	20	18	21	20	10	18
PRO-TRP-CYS (PWC)	12	7	13	5	6	15	5	6	3	9	7	4	8	17	11	9	7	9	8	9	5	2	8	6	5	6	4	7	0	0	0	0	2
TRP-ARG-GLY (WRG)	2	3	4	6	4	6	1	3	8	7	7	5	3	11	4	5	6	4	3	2	4	3	5	3	4	2	4	3	6	1	8	1	2
VAL-TYR-ARG (VYR)	12	9	15	16	12	19	15	11	13	10	9	7	11	36	15	25	22	11	11	12	8	9	22	13	11	19	16	17	11	11	13	14	8
TRP-GLY-PHE (WGF)	3	3	2	4	6	5	5	1	1	5	2	2	4	9	2	5	4	5	4	3	1	5	4	3	5	0	2	11	1	1	3	3	2
ALA-PHE-TRP (AFW)	6	7	1	4	6	4	5	2	4	1	4	9	4	10	4	6	0	0	7	3	4	4	6	4	1	3	2	2	3	2	3	1	7
ALA-MET-TRP (AMW)	5	7	6	5	0	4	3	1	4	1	3	3	7	8	4	2	5	2	1	2	1	2	2	3	1	4	3	8	3	2	0	0	2
TYR-PRO-VAL (YPV)	10	5	7	8	11	19	18	12	15	14	10	11	13	33	16	11	17	7	16	17	15	5	18	13	16	15	9	19	8	4	10	13	14
MET-PRO-ARG (MPR)	3	4	1	1	1	3	4	2	1	3	4	5	3	8	4	5	2	4	2	2	5	4	7	6	4	2	0	1	2	1	4	3	4
MET-ARG-GLY (MRG)	10	9	7	8	8	7	14	6	6	10	13	9	15	27	13	13	14	8	14	10	11	9	10	14	14	5	5	10	29	9	9	4	9
MET-MET-PRO (MMP)	1	2	0	1	1	3	2	2	4	2	2	1	6	8	4	2	8	8	5	4	6	0	3	1	3	2	1	3	18	1	2	2	0
ASP-PRO-PRO (DPP)	24	19	19	18	15	22	12	11	14	17	20	18	34	46	14	25	27	14	20	12	11	9	16	33	20	21	19	18	18	16	8	11	22
CYS-SER-THR (CST)	12	6	5	12	8	14	15	15	13	14	5	16	11	26	14	8	10	10	17	4	16	8	9	10	9	9	7	11	7	5	11	8	8
ARG-TYR-MET (RYM)	3	4	2	21	6	3	2	6	4	5	2	3	4	11	3	6	5	5	4	2	2	5	5	4	9	3	6	7	1	3	4	1	0
HIS-GLY-TYR (HGY)	12	13	20	17	12	8	12	15	11	12	11	14	24	31	15	13	14	13	16	9	10	13	7	9	8	12	9	8	8	11	11	13	15
ILE-PRO-GLY (IPG)	30	44	55	48	37	46	27	55	31	41	68	33	106	122	69	73	57	37	63	39	60	53	48	64	68	51	38	40	58	31	19	37	37
ARG-LEU-LYS (RLK)	127	91	100	136	123	110	118	139	126	144	116	124	289	312	137	143	118	116	147	113	89	131	134	138	95	127	83	132	122	73	100	174	102
ILE-TRP-CYS (IWC)	2	3	3	4	4	6	4	5	6	2	6	2	2	10	4	4	4	6	5	0	6	6	4	5	7	3	2	3	2	3	7	6	3
MET-LYS-HIS (MKH)	6	7	2	3	9	5	4	6	8	3	1	5	8	13	1	4	6	1	3	5	4	2	2	2	6	7	4	9	22	9	5	8	7
THR-CYS-VAL (TCV)	7	1	1	8	8	4	7	6	3	6	6	7	5	14	7	8	1	4	4	11	3	6	3	11	16	7	7	2	8	3	10	7	2
THR-ALA-TRP (TAW)	4	2	6	6	5	4	5	5	3	7	3	10	6	11	5	2	4	4	2	3	2	2	15	6	6	9	3	2	1	3	4	3	7
VAL-CYS-GLN (VCQ)	8	2	3	1	6	7	4	7	3	6	7	3	1	11	5	5	3	3	6	4	4	11	5	5	3	5	4	8	6	1	4	8	1
MET-PRO-GLU (MPE)	4	4	15	5	5	7	3	7	7	12	10	11	8	20	14	7	9	8	7	8	3	12	14	8	16	9	4	8	11	5	8	9	16
ALA-HIS-PRO (AHP)	14	14	7	6	3	11	7	9	13	15	7	9	15	27	24	15	9	13	12	11	12	12	15	10	13	7	11	14	11	10	21	14	6
TYR-TRP-THR (YWT)	2	4	3	5	2	3	3	3	7	6	2	4	2	7	3	3	6	6	0	2	1	1	1	2	1	3	2	4	1	6	5	2	1
VAL-TRP-SER (VWS)	2	13	4	5	6	5	4	7	5	8	2	6	4	12	4	7	4	10	7	3	7	5	7	4	2	6	9	5	2	4	2	6	0
TRP-ALA-LEU (WAL)	4	8	5	4	4	3	16	9	12	6	7	7	12	19	7	12	10	15	13	7	4	7	11	12	11	7	2	12	7	7	7	8	6
GLN-ASP-MET (QDM)	7	29	6	3	8	4	11	10	6	4	9	12	9	20	6	7	6	9	10	7	8	6	3	14	12	15	5	8	6	15	13	7	2
ASN-ASN-TRP (NNW)	7	5	5	5	2	1	3	4	6	4	4	2	2	10	4	2	7	3	1	7	4	5	1	6	7	6	3	6	5	9	8	0	5
GLN-TYR-TRP (QYW)	4	4	5	3	4	3	6	7	1	1	6	2	5	10	6	1	6	10	4	0	2	4	6	2	2	8	3	8	5	5	6	3	7
THR-ASN-TRP (TNW)	7	10	8	19	7	6	9	7	11	3	9	3	12	20	9	11	10	10	14	6	9	12	9	7	13	6	10	7	5	8	11	6	4
ARG-PHE-MET (RFM)	8	5	8	2	3	4	2	2	5	2	3	7	2	11	6	2	3	2	6	4	3	5	6	7	4	2	8	8	4	3	21	6	0
VAL-MET-ASN (VMN)	10	8	5	5	8	8	14	12	13	13	7	4	8	26	9	12	13	7	6	11	3	12	18	8	19	7	20	11	9	4	12	61	6
ASN-GLN-CYS (NQC)	3	4	6	5	3	4	2	3	2	3	3	6	2	8	7	3	4	3	5	1	4	5	4	5	4	4	2	3	5	2	2	1	2
