	-30	-29	-28	-27	-26	-25	-24	-23	-22	-21	-20	-19	-18	-17	-16	-15	-14	-13	-12	-11	-10	-9	-8	-7	-6	-5	-4	-3	-2	-1	0	1	2
ALA_GCT	76796	70253	60119	76523	70724	60523	76432	70625	60568	76803	70421	60437	68578	66713	62006	76900	71157	59683	75418	72199	62068	81925	70684	61541	79727	68705	59867	82418	84072	52267	77165	66055	52647
ALA_GCC	31878	28750	24159	30893	28173	23640	30770	28343	24409	30777	28345	23581	27440	26865	25689	30626	28713	23623	30133	28757	24550	34179	28170	24125	31520	27251	23871	35231	41618	24018	31800	25609	21692
ALA_GCA	39761	34920	28588	39298	34684	27936	40165	35755	28488	41933	35869	29481	48511	37098	30573	41972	36008	28883	41597	33490	28816	43173	33318	27953	40691	30977	27101	40233	38927	21437	38447	25584	26900
ALA_GCG	5704	4691	4008	5571	4961	4063	5688	4857	4036	5785	5193	4848	16132	11737	5454	5846	4626	3825	5652	4923	4278	5800	4629	4091	5729	4473	3905	5988	5169	3142	5546	3824	3309
ARG_CGT	17570	15347	12682	17659	16053	12951	17944	16151	13099	19329	16857	13509	24771	19807	13643	18317	16341	13603	21238	18492	13297	16296	16703	13371	17899	17490	13646	17661	16768	13971	15943	15674	11025
ARG_CGG	2555	2205	1780	2544	2229	1779	2768	2215	1605	2780	2452	1943	5430	4042	1823	3142	2669	1964	3243	2697	1829	2453	2349	1880	3035	2521	1983	2837	2727	2654	3194	1370	1237
ARG_CGC	1953	1690	1360	1800	1599	1335	1930	1554	1284	2164	1866	1417	4161	3208	1293	2033	1653	1363	1968	1835	1323	1764	1776	1154	1798	1900	1506	1880	1973	1998	1660	1913	1221
ARG_CGA	10407	8924	6678	10450	8997	6545	10363	8847	6789	11222	9400	7548	28050	21942	7331	14030	11747	6708	12290	10488	6680	9102	8675	6819	10170	9383	7212	10368	10081	7713	8541	7924	6030
ARG_AGA	78575	71222	59661	79613	71251	58944	80276	71332	60364	80378	72708	61132	78154	71618	64168	80270	73945	62638	93452	82079	60875	79761	75254	61961	82606	78762	59644	73969	74907	55279	72308	69068	58259
ARG_AGG	7508	6580	5184	7723	6477	5250	7993	6613	4993	7893	6478	5674	10416	7786	6412	9642	7252	4836	9290	7515	5173	7157	6972	5459	7861	6414	4848	6673	6716	5241	7653	3892	4103
ASN_AAT	104808	89859	72358	104538	89967	73455	104813	89471	71456	106615	91036	72386	106318	88838	65906	105796	89493	71520	93295	82916	68630	96642	87779	70335	104914	86926	68279	102015	74614	61592	105825	104661	69427
ASN_AAC	44979	40305	33588	45123	40781	33841	46021	40354	33809	45945	41024	32940	43244	38853	31691	44726	40294	35129	41594	37497	32716	42780	39597	31743	43603	39120	32213	43895	35859	31453	48777	51944	35238
ASP_GAT	133820	117782	97540	134412	117832	97960	133386	118451	97682	132350	116925	94829	124731	116750	101580	133968	114486	94466	130069	121777	101183	156844	135077	102771	146766	126906	98023	138689	119110	82626	125346	112255	112648
ASP_GAC	39090	34505	29352	38142	34689	29616	39065	34894	29308	39361	34941	29618	37206	35051	30770	39558	34651	28529	38865	35800	30214	45619	38472	29398	39918	35889	28376	38746	36669	26248	35875	39594	35893
CYS_TGT	21120	18679	15348	21191	18840	15302	20841	18470	15356	20858	18819	14988	21397	19573	14316	19389	16932	13911	18232	18218	15538	19905	19026	14943	19904	20219	15307	19819	18883	17605	19082	17847	14101
CYS_TGC	3160	2842	2164	3246	2864	2417	3305	2926	2342	3106	2811	2343	4112	3744	2217	3027	2708	1989	2814	2643	2377	3380	2921	2244	3010	3044	2418	3205	3016	3551	2646	3202	2243
GLN_CAA	99793	88173	73156	100137	88067	73063	99599	87671	72472	101854	88768	69304	81644	76105	72236	94661	82632	72846	94360	81736	70682	92699	85948	72659	96094	88794	75144	100038	82234	79302	85569	97816	77910
GLN_CAG	17138	15000	12259	17671	15106	12106	17634	14874	12235	18374	15808	12112	16378	13924	12466	17852	14481	11563	16293	14120	12597	16593	14936	12897	17569	16006	13827	18790	13860	14562	16939	16360	10931
GLU_GAA	184113	163361	138291	185107	162711	137993	185750	161560	136476	181917	161525	137471	167277	154025	137316	173046	156148	142723	189121	163387	138339	195108	165305	138336	188045	162856	131234	174878	159993	114270	158785	147822	185001
GLU_GAG	42375	36741	30141	42437	36152	29477	41953	36878	30460	42325	36744	30950	43531	37396	30726	41761	40336	31962	43701	37225	32884	45168	38787	31353	44767	35701	28486	41004	35330	25521	36097	28803	34185
GLY_GGT	85932	78301	67147	86227	79181	66826	86093	80471	66617	86482	80413	66511	83763	79084	64836	89903	85789	68354	83607	83526	67726	90192	85805	67887	84213	82823	66734	89953	101786	70080	59792	71780	58680
GLY_GGC	10982	9811	8015	10814	9390	7993	10892	9845	7898	11037	10002	8082	14612	12756	7627	11038	10482	8430	10731	10450	7894	12274	10477	7668	10165	10138	7858	11310	14499	10248	6353	9563	7341
GLY_GGA	37402	32656	26493	38067	33260	27215	38485	33865	26375	38694	33293	27228	40836	35666	28508	44877	39130	29220	38795	35384	27568	41451	35855	27758	38863	35483	26236	38678	42960	26733	22823	27109	26476
GLY_GGG	17870	15174	12232	17985	15513	12380	18525	16171	12295	17908	15719	12534	20622	17384	13674	20251	17502	12247	17503	15786	12655	19236	17444	13414	18280	15682	12951	20147	24355	18076	11729	8607	11665
HIS_CAT	35450	30843	24777	35144	31441	25137	34594	30265	25057	37094	32608	24500	33116	28015	23314	37584	32616	23905	31586	30008	24995	33253	31732	24834	35808	32431	26751	38376	27389	27451	34339	39775	24650
HIS_CAC	15181	13707	11304	15039	14136	12053	14727	13812	11532	15454	14482	11417	16134	13563	11557	16207	14813	11373	14375	13495	11621	14784	13894	11084	14616	14480	12806	16076	13339	15145	15234	18505	11366
ILE_ATT	94173	83364	68327	94695	84571	69937	95927	84281	69855	94982	84514	67764	84071	80919	71867	92850	80372	67449	89338	86180	67204	89329	83596	69327	95360	81847	69702	91894	76525	68300	107758	80192	64336
ILE_ATC	32063	29119	24174	32244	29239	24365	31920	29322	24188	31832	28816	23925	28552	27757	26142	33065	28588	23617	31182	29371	24286	32679	29688	24593	31658	28879	25002	31984	27382	26989	40189	28027	24399
ILE_ATA	32722	28078	21306	32748	27415	21635	33583	27965	22025	31597	27450	22325	35549	29882	26319	35855	29080	21105	33317	26936	21297	30691	27006	21743	32387	26201	21073	29653	25636	19799	36218	24252	22430
LEU_TTA	90019	78477	64542	91079	79642	63943	89715	79394	64809	87258	76368	64262	88008	78843	65685	90411	78984	62432	85695	73092	63519	88523	74723	62821	88356	81971	64159	84135	80408	66807	91838	91167	67868
LEU_TTG	97202	86940	72763	98874	87411	71619	97776	87400	72948	95920	85894	76983	117845	94733	73398	109106	96751	72182	93161	81587	75323	93653	83849	73687	99339	90367	75926	97096	87037	78780	106820	79597	56640
LEU_CTT	18710	16245	13420	19419	16794	13121	18512	16151	13855	19773	16720	13692	27084	19507	12845	18359	15556	13249	20125	16914	12911	17013	15857	13484	18901	17334	15462	21286	15842	16413	20125	22884	12373
LEU_CTC	4370	3679	2896	4306	3668	2938	4307	3646	3049	4522	3726	3014	6043	4428	2894	4282	3787	2883	4189	3749	3003	4071	3384	2900	3927	3695	3358	5014	3847	4478	5140	5560	2837
LEU_CTA	8867	7579	5642	9139	7884	5713	8733	7469	5787	8627	7266	6478	20804	14071	5930	11390	8832	5572	8635	7039	5700	8023	7212	5516	8113	7311	6130	8378	6807	6987	7999	8090	5672
LEU_CTG	8097	6716	5395	8405	7058	5495	8227	6826	5657	8222	6977	5941	13265	9272	6005	9810	6835	5156	7813	6563	5911	8193	6793	5917	8421	6746	6498	9327	6698	6507	10761	8001	4146
LYS_AAA	154306	135927	112647	153966	135283	112744	156404	135924	111183	155404	135722	111095	158839	140899	109032	147490	134151	116584	172721	138942	107618	146556	135282	109139	153134	132204	105175	143955	116515	96358	147053	145679	124781
LYS_AAG	67427	60747	49610	67052	60023	49653	68168	60586	49443	69114	60789	50030	73718	64489	47915	67746	61104	51678	75476	62976	50173	67274	61941	50997	70956	60069	47118	64957	51690	43068	67818	60203	44789
PHE_TTT	61484	53126	43588	61734	53350	42636	60424	53197	43539	61093	53397	41679	50392	46898	44075	61270	51610	43448	55867	51337	42265	59151	52974	42290	58969	60495	43366	59959	51662	47683	65734	65908	40332
PHE_TTC	33591	30485	26197	33997	30710	25810	34206	30999	26056	33447	30448	24867	28955	27357	25797	35945	31343	26836	33619	30635	26162	35956	31976	25302	32709	32392	27139	35291	32050	33634	45585	46763	28103
PRO_CCT	28696	24791	20367	28485	24481	20237	28112	24911	20492	28995	25104	20565	31511	25904	18892	33700	29647	22285	37761	29763	21012	28991	25258	21251	29138	25368	24278	39391	28666	31922	35185	32690	19487
PRO_CCC	7522	6547	5214	7374	6388	4977	7174	6628	5113	7550	6673	5386	9190	7512	5206	8185	6868	5622	9424	7946	5343	8050	6330	5043	7361	6453	6591	11841	10304	12572	13545	8537	4929
PRO_CCA	66114	58985	50244	66473	60017	49964	66396	59430	50909	68305	60115	50415	70124	61632	48184	73392	65045	54803	86748	67262	52389	70288	58524	52652	69347	59881	59530	82758	64713	69035	75845	61334	50473
PRO_CCG	6417	5471	4396	6612	5348	4368	6356	5621	4402	6371	5450	4676	9323	7135	4867	7049	6094	4486	8516	6499	4885	6616	5130	4689	6905	5264	5584	8645	5634	7639	8651	6727	3675
SER_TCT	48928	44147	36836	48445	44041	36948	48782	44265	37666	49265	44154	35863	47200	42796	34722	46218	42634	37231	47830	43685	38353	50580	43998	38144	49440	45124	41054	55677	46625	45453	58965	50522	35714
SER_TCC	20203	17929	15304	19990	17762	15007	19322	17852	15534	19900	17942	15490	20876	18414	14945	18651	18017	14768	19028	17778	15924	21625	17857	15254	20011	18544	16978	22957	22185	23170	33071	21920	15208
SER_TCA	55423	47860	39199	55878	47728	38894	55471	48417	38901	54879	48162	39316	55294	47486	38429	50846	44861	36838	54457	45614	40622	58864	45945	40341	55865	47694	43078	57011	51093	43944	64937	48192	40406
SER_TCG	14692	12897	10243	15233	13027	10326	15079	12982	10459	14787	12838	11154	16951	13974	10623	17098	15031	10147	15290	12909	11893	16092	12669	11587	15984	13264	12594	17110	13228	12365	17349	13962	8720
SER_AGT	41611	35462	28927	42329	36387	29198	42941	35873	28609	42836	36444	29907	42607	34978	26986	40646	34911	26736	39403	36724	28568	40123	38122	29312	41338	38216	28301	39290	37436	27050	37974	36801	24724
SER_AGC	10331	9035	7168	10267	9006	7552	11016	9406	7489	10640	9306	7612	10540	8905	7183	10140	9144	6964	10234	9474	7319	10852	9413	7374	9933	9497	6879	9472	9167	8060	8591	10584	6489
THR_ACT	64719	57097	48342	64663	58115	49072	64947	57657	49080	66222	58397	48403	55850	51641	48152	64411	57173	46856	62851	56405	48120	62680	56323	49904	67917	53765	49350	66161	54059	47073	82020	57203	45589
THR_ACC	29078	26134	22279	28591	25364	21981	29182	25989	22434	29242	26335	21882	24498	23393	22360	28724	25553	20982	27440	25643	22332	29257	25862	21999	29207	24369	23047	30492	27513	25588	42083	23810	21184
THR_ACA	37685	32156	25967	37620	32357	25957	38933	32699	26584	38887	32880	27045	40066	31368	26404	36327	30383	25126	38504	30463	25288	37198	29817	26467	38631	28618	26508	36478	28230	24532	47925	26675	26239
THR_ACG	8577	7202	5750	8928	7527	5755	8447	7450	5893	8992	7644	6184	8372	7036	6877	9902	7659	5374	8856	7186	6453	8651	7083	6510	9357	6548	6450	8554	6397	5551	11727	7324	4750
TRP_TGG	25193	21559	17859	24710	21955	17529	24998	22149	18140	24631	22225	18868	30764	24689	17633	25995	23407	18560	26382	22687	19416	24719	22714	19348	28054	25857	18827	25487	24916	25954	27738	14135	17282
TYR_TAT	55510	49035	38921	56144	48752	39013	54935	48361	38433	54834	47934	37598	51771	46249	36268	52907	46129	39577	55817	50065	38844	51972	46814	38502	53424	50628	37837	55182	41923	38261	57264	56820	39908
TYR_TAC	26476	24395	20542	26948	24527	20644	27313	24977	20747	27059	24846	20423	26508	24257	19386	25713	24082	21179	26537	25264	21323	26334	23230	19938	25252	25723	20807	27097	23364	23293	27271	35216	22497
VAL_GTT	80774	72833	61783	81640	73661	62312	81107	73333	61701	80842	72853	61905	68773	67579	61726	74409	68299	63275	79038	76050	61854	83035	73666	61364	79969	71376	59968	81635	72549	56930	75525	62640	65871
VAL_GTC	24173	22324	19152	24829	22553	19591	24848	23227	19749	24488	22757	19929	21629	21674	20295	24020	22159	19345	23912	23291	19792	27003	23422	19085	24657	22626	19817	26748	25792	19559	23379	20572	22849
VAL_GTA	21487	17852	14217	20928	18008	14287	21360	18256	14226	20812	17816	15153	18918	16453	15316	20968	17080	14695	21129	17837	14286	21776	17432	14061	20515	17271	13721	20656	18769	12223	19462	13932	16911
VAL_GTG	26079	22356	18088	25988	22823	18635	26506	22972	18735	26410	23098	20104	33905	26493	20434	28497	23149	17986	26142	22634	18873	27078	22410	18712	26617	20802	17876	26953	23147	16168	26495	15998	14711
TERM_TAA	1895	1724	1534	1810	1647	1430	1707	1455	1407	1597	1391	1471	9019	9099	1568	1918	1621	1410	1261	1431	1382	1418	1244	1305	1336	1202	1144	1171	1098	1047	929	1028	1362
TERM_TGA	536	455	360	445	391	362	443	404	319	438	428	378	2497	2459	437	664	425	349	410	415	325	335	387	301	254	351	286	342	271	284	194	230	241
TERM_TAG	667	536	515	606	569	507	602	563	509	541	519	453	3704	3581	526	843	690	430	406	450	530	405	354	482	433	393	431	417	356	410	309	353	438
MET_ATG	41147	36115	29210	41964	36867	30438	42197	36652	30127	40749	35988	30698	35894	34315	30166	41607	36397	32211	40669	33111	30201	38930	34801	30392	43389	34456	30160	39358	32888	27345	51779	31360	23446
