	-27	-26	-25	-24	-23	-22	-21	-20	-19	-18	-17	-16	-15	-14	-13	-12	-11	-10	-9	-8	-7	-6	-5	-4	-3	-2	-1	0	1	2	3	4	5
MET-TERM_ATGTGA	7	2	2	7	2	2	5	1	2	2	0	1	0	23	0	2	1	2	1	2	1	1	0	1	1	2	4	6	2	0	5	18	5
LEU-ALA_CTAGCG	36	27	18	28	42	33	33	20	36	85	66	40	242	306	48	37	37	33	20	21	10	28	19	16	30	22	51	28	32	13	33	19	9
ARG-ARG_CGACGA	54	57	27	76	75	33	107	118	49	372	279	52	534	633	67	118	119	27	66	86	23	29	54	43	38	39	37	35	29	39	42	28	33
CYS-ALA_TGCGCG	4	8	6	15	3	4	4	3	1	5	3	2	22	28	3	4	2	4	2	0	3	5	2	1	3	1	5	4	1	1	3	3	1
ALA-ALA_GCCGCG	15	8	6	7	7	4	24	4	10	11	6	8	58	82	16	13	12	13	19	10	9	11	11	4	12	13	12	7	12	8	7	13	7
ARG-LEU_CGACTA	37	36	11	27	18	28	29	32	22	83	89	27	216	225	29	40	49	24	23	21	21	31	35	28	38	25	25	21	30	14	29	27	31
SER-ALA_AGCGCG	11	10	4	6	8	4	8	5	5	8	8	6	67	51	5	13	9	1	11	5	4	10	3	10	13	6	4	3	9	2	8	5	2
PRO-ALA_CCCGCG	9	17	3	2	4	5	6	6	3	7	4	4	61	41	3	5	2	2	16	1	9	3	3	7	8	5	8	11	3	1	8	6	2
LEU-TERM_CTTTAA	1	1	0	1	2	1	1	2	4	6	2	0	7	18	5	15	4	8	11	2	1	6	5	0	3	3	2	1	2	0	2	2	5
GLY-ALA_GGAGCG	19	12	14	16	20	12	37	21	12	27	13	21	155	120	33	22	15	12	18	15	10	22	17	13	20	31	4	21	10	9	17	34	9
ARG-PRO_CGACCG	18	15	10	23	24	16	30	18	8	95	79	21	122	131	19	13	6	9	26	10	20	14	12	8	15	11	16	17	15	34	18	45	6
ARG-PRO_AGGCCG	11	11	4	11	10	8	14	2	6	9	15	6	13	44	5	4	9	6	9	9	7	17	12	10	6	7	6	14	5	5	12	4	4
SER-ARG_AGCCGC	6	8	11	12	7	7	7	12	4	4	3	10	40	37	0	8	7	4	2	9	6	11	7	4	7	9	3	8	12	3	4	7	2
LEU-ARG_CTACGA	97	65	46	99	55	74	105	55	50	235	158	81	591	416	51	102	89	52	54	42	39	64	54	45	69	56	50	62	127	80	63	57	49
SER-CYS_TCCTGC	3	10	0	3	1	4	4	1	1	1	3	0	7	21	3	3	3	4	4	4	8	6	2	5	6	7	6	21	17	3	4	4	1
ARG-ALA_CGAGCG	32	19	24	63	41	37	31	22	33	105	83	77	149	200	94	72	37	39	37	39	33	32	31	25	32	31	50	58	12	14	31	23	15
ALA-ALA_GCAGCG	121	105	58	83	84	63	87	90	62	118	118	108	420	436	123	123	90	83	109	88	73	92	89	59	133	105	41	109	79	38	75	61	58
LEU-ARG_CTCCGA	14	11	10	12	11	13	11	12	5	21	22	14	58	68	10	31	24	19	8	11	5	16	24	9	14	13	16	26	32	6	13	11	7
VAL-ARG_GTGCGG	9	10	10	17	17	3	11	11	7	6	7	16	52	54	6	15	19	15	24	14	5	8	8	10	22	5	2	14	9	15	41	6	6
VAL-ALA_GTAGCG	15	8	7	14	19	13	16	17	11	29	28	17	116	84	24	40	16	15	39	19	15	23	20	10	35	15	9	16	15	7	19	11	11
PRO-ALA_CCGGCG	30	33	26	36	20	41	38	24	45	78	51	59	139	169	60	76	51	30	29	36	27	24	39	26	40	29	47	40	76	14	46	16	20
GLY-ALA_GGGGCG	21	32	29	47	32	17	38	37	17	29	30	53	170	173	68	54	72	59	52	68	34	24	20	33	52	52	58	66	31	19	33	24	16
ARG-ARG_CGACGG	2	6	9	10	10	5	9	6	9	78	71	4	39	45	13	3	11	3	13	19	2	8	2	13	8	1	5	7	7	8	11	3	0
ARG-ARG_AGGCGA	32	33	26	51	39	31	43	31	28	79	62	28	138	127	11	65	38	23	63	48	19	35	27	23	22	30	18	18	14	19	22	11	16
LEU-ARG_CTTCGA	142	125	85	163	131	87	121	137	99	254	172	86	651	519	98	173	179	88	120	125	89	91	115	132	190	172	127	132	238	87	121	94	65
VAL-ALA_GTCGCG	12	5	2	8	9	7	3	10	3	8	8	11	28	31	16	9	9	3	7	3	8	20	17	7	5	9	11	7	13	10	6	6	10
ALA-ALA_GCGGCG	16	11	13	12	19	13	20	16	24	118	78	54	157	99	16	33	16	19	23	13	14	31	26	19	23	20	13	26	37	10	14	11	13
VAL-ALA_GTGGCG	118	100	68	117	80	68	108	95	65	227	157	128	602	409	115	170	127	71	112	86	70	115	103	50	145	105	79	152	99	47	150	86	83
SER-ARG_AGCCGA	20	20	13	29	48	6	18	22	13	18	21	13	81	82	43	46	28	16	35	51	26	26	12	6	12	10	14	24	55	12	21	31	12
ARG-SER_AGGAGC	21	22	18	37	18	19	35	32	33	65	33	41	95	105	18	43	37	30	47	50	27	60	43	23	36	38	17	21	14	17	22	21	22
TRP-ARG_TGGCGG	10	5	9	12	7	4	12	7	4	21	21	13	25	31	4	6	9	12	14	12	6	7	9	7	8	12	7	15	3	11	13	6	1
THR-ARG_ACGCGA	13	12	14	25	22	18	26	23	10	24	24	33	71	75	36	48	22	13	27	17	23	30	17	17	17	21	17	47	20	14	17	18	19
ARG-ALA_AGAGCG	102	81	65	85	70	62	93	62	68	60	75	73	358	244	86	97	75	35	70	70	63	81	74	52	103	70	39	41	26	39	121	52	33
VAL-ARG_GTGCGA	37	34	31	46	31	24	39	24	24	39	33	26	178	115	22	74	69	39	40	19	19	48	43	20	40	25	14	28	14	21	10	34	27
LYS-ARG_AAGCGC	23	12	9	15	12	10	21	9	10	29	8	22	72	57	9	35	9	11	20	7	11	26	22	14	16	15	11	22	17	40	14	20	13
ILE-ALA_ATAGCG	140	104	93	130	110	72	107	99	78	200	179	121	385	339	93	102	80	69	102	118	92	128	103	79	82	75	73	125	106	72	103	85	49
LEU-ARG_TTGCGA	195	176	127	178	192	152	187	185	169	263	203	192	801	599	137	272	219	136	197	168	140	199	196	165	222	184	163	183	152	146	132	142	122
PRO-ARG_CCGCGC	7	7	11	1	1	3	6	0	1	9	4	0	14	15	3	3	3	1	15	7	5	2	2	1	9	4	9	2	7	10	3	5	3
ALA-ARG_GCCCGG	3	3	5	3	5	3	4	4	0	1	1	7	17	15	3	6	9	2	10	3	4	2	2	1	4	11	6	14	6	6	7	3	4
ILE-ARG_ATTCGC	28	22	28	14	26	15	23	23	9	15	16	29	67	74	13	18	20	12	22	31	15	23	29	10	28	41	10	46	36	31	36	33	18
GLU-ARG_GAGCGA	107	101	75	100	65	65	101	109	84	117	64	101	269	266	49	135	109	65	112	72	58	91	56	76	72	76	47	53	65	161	67	61	47
ARG-ARG_AGGCGT	13	9	13	18	11	10	13	20	8	39	15	11	30	42	8	6	13	11	23	21	10	22	22	11	18	12	7	14	3	5	7	11	14
SER-ALA_TCAGCG	142	118	66	104	98	85	89	78	79	95	78	105	319	273	82	78	55	50	105	77	77	90	74	71	97	68	79	121	105	44	91	66	42
THR-ALA_ACAGCG	103	72	74	76	81	55	89	89	58	87	106	79	352	262	64	107	71	41	73	89	83	103	75	59	113	59	51	118	97	41	123	72	51
SER-ALA_TCGGCG	20	30	25	32	38	20	47	33	31	36	46	35	141	119	60	56	53	18	43	41	40	29	44	46	60	32	39	58	51	7	59	18	17
ILE-ALA_ATCGCG	19	12	10	18	18	8	14	12	14	12	17	12	71	47	21	13	11	8	9	9	10	24	15	16	23	7	10	21	4	16	26	23	18
THR-ARG_ACCCGA	32	22	21	42	26	19	43	25	24	26	33	20	91	99	22	41	36	25	65	54	28	31	27	23	26	39	79	66	25	23	24	30	18
GLY-ARG_GGACGC	28	27	33	31	13	10	19	23	24	17	26	28	87	83	23	52	48	25	31	13	40	28	32	18	20	34	35	11	23	39	31	35	28
ILE-ARG_ATACGC	14	17	17	23	10	13	12	21	18	14	8	19	64	49	18	27	12	9	22	20	22	15	13	19	17	20	9	11	8	16	17	15	13
ARG-ARG_CGACGC	53	44	20	39	23	32	39	26	21	195	184	56	181	142	33	45	43	31	43	33	34	30	35	14	30	37	25	32	27	52	45	79	32
