	-27	-26	-25	-24	-23	-22	-21	-20	-19	-18	-17	-16	-15	-14	-13	-12	-11	-10	-9	-8	-7	-6	-5	-4	-3	-2	-1	0	1	2	3	4	5
MET-TERM (M*)	7	2	2	7	2	2	5	1	2	2	0	1	0	23	0	2	1	2	1	2	1	1	0	1	1	2	4	7	2	0	5	18	5
LEU-TERM (L*)	4	7	4	1	3	2	5	4	6	8	4	2	11	22	9	16	7	11	14	3	3	8	9	4	10	9	8	2	7	5	4	4	9
TYR-TERM (Y*)	1	2	7	6	3	6	3	3	4	9	8	7	8	8	3	5	4	2	1	1	1	3	1	4	4	4	2	3	3	3	2	4	2
ASN-ARG (NR)	5527	5013	3982	5437	4839	3928	5587	5061	4030	5815	4955	3903	8537	7344	4582	5389	4746	4063	6306	5565	3712	5371	4834	3938	5755	4641	3544	5911	6508	4091	5598	5061	4081
GLU-CYS (EC)	1511	1370	1037	1691	1426	1093	1365	1341	1195	1361	1350	1174	1816	1713	1057	1358	1180	1010	1414	1309	1104	1424	1213	976	1215	1356	787	1156	1078	1817	1086	1152	989
PRO-GLY (PG)	5397	4859	4096	5254	4790	4203	5697	4916	4246	5752	5180	3898	7925	7342	4654	8878	7330	4411	5418	4824	4314	5930	5429	5051	7054	5833	6100	7439	8441	4519	3416	4057	4002
TERM-LEU (*L)	6	23	8	6	8	20	4	31	8	8	4	5	3	10	6	8	6	8	6	6	7	9	1	6	5	3	3	4	5	4	2	5	9
LEU-LYS (LK)	20335	17610	14307	20025	17537	14425	19529	17078	14636	24183	19022	14452	26623	23064	13631	17917	15922	15276	19892	15642	13387	19208	17892	14261	19206	16796	13945	16839	14782	10757	20231	20904	13708
GLY-ARG (GR)	7528	6898	6024	7690	7283	5395	7533	6974	6030	8243	7798	6016	10043	9390	6634	7782	7544	6243	9892	8859	6162	7859	8039	6180	8568	9594	6218	4160	5594	5115	5970	5259	5016
TERM-TERM (**)	3	7	13	11	12	8	13	9	9	10	6	9	10	12	12	13	12	9	20	16	13	4	9	4	3	9	12	11	3	7	2	4	4
LEU-ARG (LR)	11135	9965	8153	11092	9870	8435	11271	9691	8431	13472	11128	8978	16551	13562	8754	11546	9766	8532	11217	9733	8201	10623	10793	8497	11266	11035	8703	10422	11833	7756	10782	10728	7608
GLY-TRP (GW)	1825	1605	1338	1660	1563	1184	1668	1673	1292	1808	1571	1353	2396	2101	1353	1719	1710	1369	1929	1700	1514	1842	1737	1500	2009	2410	1464	1059	1442	1571	1780	897	1025
GLY-CYS (GC)	1724	1547	1344	1865	1666	1349	1873	1690	1318	1780	1581	1262	2161	2024	1165	1666	1491	1181	1600	1689	1346	1812	1726	1388	1879	2327	1488	1152	1280	1408	1372	1356	1082
HIS-ARG (HR)	2976	2530	2114	2730	2552	2074	2902	2704	2072	2798	2424	2032	3890	3338	2010	2659	2532	2071	2925	2791	1996	2588	2738	2329	3246	2644	2594	2803	3672	2039	2694	2463	2185
TYR-ARG (YR)	3442	3022	2360	3412	3058	2472	3497	3015	2421	3491	3106	2632	4645	4005	2790	3826	3589	2578	3545	3340	2485	3190	3326	2654	3342	2973	2707	3462	4368	2621	3532	3174	2504
ARG-ARG (RR)	8225	7215	5954	8640	7666	5950	8768	7822	6502	11216	9732	6919	11033	9783	6666	10402	9012	6534	9670	9064	6402	8469	8405	6059	7952	8310	5827	6705	6482	5790	8261	6081	5241
GLY-GLY (GG)	15175	13894	11644	15859	14642	11315	15263	14555	11587	15583	14945	11684	18731	17473	12159	16389	16576	11744	14880	15832	11356	15125	15267	11483	16453	19555	12914	10679	15087	11589	8992	10830	9644
PRO-TRP (PW)	1159	996	807	1042	975	829	1130	964	766	1189	1105	900	1718	1405	866	1358	1084	889	1224	1029	916	1220	1156	1037	1620	1351	1492	1849	1426	1170	1280	653	798
CYS-ARG (CR)	1020	791	707	940	868	806	1053	909	734	1193	1093	789	1453	1167	690	948	1020	874	1188	1138	764	899	1043	784	1080	1109	1122	951	842	703	1150	805	663
LYS-ARG (KR)	11162	10008	8132	11868	10309	8189	12052	10329	8101	12289	10735	8118	14456	12423	9174	14325	11753	8372	13485	12341	8153	11099	10221	7837	10676	9056	6827	10055	11166	8256	9912	9551	6939
HIS-LYS (HK)	3401	3155	2534	3336	2981	2382	3621	3381	2399	3202	2635	2314	4316	3697	2401	3037	2938	2575	3741	3304	2285	3347	3236	2589	3807	2759	2711	3162	3115	2020	3352	3252	3425
ASN-LEU (NL)	12832	11300	9350	13256	11315	8746	13007	11154	8940	12518	10824	8466	16489	13297	9494	11669	10383	8482	11615	10277	8817	11712	9894	8373	11883	9509	8013	13253	13273	8897	14981	12981	9048
GLY-ILE (GI)	8755	8105	6586	9266	8111	6668	9345	8038	6736	9408	8781	6806	9746	9624	7573	9281	8776	6553	10157	9601	6953	8604	8350	6509	9221	9692	6951	5687	6490	6063	8832	6488	5960
ARG-TRP (RW)	1124	971	864	1129	1026	805	1128	1066	785	1357	1197	880	1462	1288	884	1430	1268	859	1180	1036	947	1186	1080	889	1342	1317	910	1035	1185	1148	1243	586	770
HIS-CYS (HC)	632	583	498	630	600	421	720	584	447	611	547	425	612	651	456	550	502	392	477	516	428	581	563	505	602	547	545	606	702	484	588	531	433
PRO-CYS (PC)	512	448	416	468	438	332	525	454	385	623	509	380	673	609	352	633	476	344	493	474	438	510	493	495	793	713	594	691	517	520	520	554	447
PRO-TYR (PY)	3151	2800	2262	3264	2892	2288	3233	2965	2285	3527	3228	2241	3797	3677	2531	3882	3152	2461	3416	3044	2436	3188	2829	2928	4245	3485	3613	4071	2780	2320	3432	3665	2635
ILE-ARG (IR)	7239	6460	5247	7260	6245	5049	6987	6226	5160	6900	6249	6063	9318	7652	5382	7246	6945	5239	7806	6987	5208	6571	6317	5342	6974	6489	5325	8036	6645	4926	7104	7203	5104
TRP-ALA (WA)	1328	1182	908	1411	1197	1002	1370	1278	1043	1446	1268	997	1530	1463	1074	1471	1186	1093	1291	1296	1032	1459	1283	966	1305	1215	1457	1866	1039	748	1705	991	814
TRP-CYS (WC)	505	441	336	437	400	305	424	382	330	539	378	288	503	459	307	419	358	341	386	348	343	459	413	337	451	479	409	410	267	332	356	365	274
ALA-TRP (AW)	1092	907	748	1011	926	837	1193	997	913	1152	1087	971	1443	1191	841	1089	985	842	1330	929	900	1191	979	940	1280	1344	673	1038	853	1012	1210	558	768
GLY-LEU (GL)	12600	11089	9127	12970	11481	9106	12771	11448	9194	12613	11277	9656	15210	13162	9436	13003	12252	9288	13149	11231	9446	12310	11616	9376	12889	15188	10903	8135	8926	8993	11450	10572	7721
PRO-ASP (PD)	5401	4753	3975	5333	4909	4112	5549	5039	4128	6155	5058	3805	7087	6385	4782	9511	6795	4058	5827	5287	4136	6056	5009	5112	8140	6108	6049	6726	6395	3163	4998	5064	4562
TRP-ASN (WN)	1452	1380	1031	1524	1354	1087	1526	1244	1015	1919	1556	1072	1888	1573	1052	1587	1373	1272	1474	1404	1188	1663	1562	1036	1629	1446	1324	1500	811	1048	1558	1311	909
TRP-LYS (WK)	2159	1929	1622	2364	1951	1577	2179	1940	1640	2642	2009	1717	2545	2323	1585	2383	2076	1957	2583	1951	1813	2493	2412	1789	2345	2293	1821	2245	1097	1497	2188	1742	1404
PHE-ARG (FR)	3658	3379	2815	3981	3517	2973	3806	3532	2799	3303	3148	2889	4965	4122	3149	4112	3775	2951	4339	3688	2769	3610	3996	3012	3973	3846	3442	4320	5587	2650	3864	3258	2807
GLY-ASP (GD)	9603	8336	6906	9458	8658	7039	9508	8343	6946	9867	8624	6757	9464	9507	7380	9302	8537	6829	9374	8737	7197	9633	8875	6947	10190	11886	7721	6658	7352	5440	7448	7664	6829
HIS-LEU (HL)	4569	4112	3419	4527	3983	3339	4871	4235	3344	4341	3767	3212	6095	4687	3305	4159	3965	3239	4320	3810	3393	4438	3971	3595	4884	3777	3891	4443	5157	3164	5190	4625	3329
LEU-LEU (LL)	19767	17465	14060	19607	17476	14069	19287	16935	14676	22482	18217	14373	25048	19828	13685	18474	15838	13582	18389	16030	14053	18683	16909	14620	19300	17357	15842	19943	19275	14538	21293	19101	12367
VAL-CYS (VC)	1531	1404	1138	1699	1455	1204	1550	1449	1201	1432	1298	1168	1694	1504	1098	1413	1360	1019	1290	1329	1130	1544	1353	1053	1420	1399	1040	1368	1063	1331	1253	1281	1004
VAL-TRP (VW)	1359	1222	991	1295	1092	831	1352	1180	973	1171	1101	989	1673	1322	946	1391	1373	982	1355	1121	1013	1258	1128	965	1525	1276	866	1132	972	1484	1363	703	834
LEU-CYS (LC)	2243	1984	1588	2288	1900	1641	2196	1982	1686	2648	2135	1536	2466	2236	1600	2004	1799	1379	1844	1951	1691	2041	2114	1698	2160	2070	1746	2317	2396	1838	1937	1992	1597
MET-TRP (MW)	471	384	292	445	354	273	369	288	274	309	313	373	483	398	278	395	322	308	423	308	261	365	336	292	396	347	290	547	348	371	421	289	212
ILE-LYS (IK)	13537	12143	9564	13137	11434	9642	13246	11686	9153	11653	11215	10075	15272	12886	8845	12210	11410	9721	13947	12100	9275	12482	11395	9368	12692	10498	9246	13276	8741	7121	13192	13968	10383
MET-LYS (MK)	3706	3263	2617	3636	2960	2716	3678	3296	2532	3012	3049	2667	3959	3545	2701	3353	2807	2811	3662	2940	2492	3471	2959	2453	3483	2825	2348	4070	2388	1880	3505	6064	2458
PHE-LYS (FK)	7352	6603	5256	7145	6133	5394	7214	6199	5029	6010	5528	5391	8542	7179	5476	6911	6285	5600	8224	6928	4862	6528	6813	5317	7345	6451	5687	6853	6854	4011	7684	6807	5841
ALA-CYS (AC)	1378	1259	1055	1505	1408	1109	1483	1269	1110	1402	1357	1044	1418	1396	1064	1352	1180	943	1413	1234	1027	1316	1151	1033	1530	1722	863	1265	1046	1136	1257	1150	984
GLN-ARG (QR)	5840	4955	4198	5600	4866	4006	5931	5133	4072	5096	4528	4151	6949	5612	4207	5498	4837	4167	6159	5884	4243	5328	5363	4305	5539	4933	4543	4447	5868	4202	5180	4721	4005
HIS-ASN (HN)	3050	2762	2151	2940	2584	2010	3092	2706	2016	2976	2436	2055	3407	2876	1884	2623	2495	2122	2516	2441	2039	2758	2635	2070	3190	2234	2281	2763	2878	1717	3153	3062	2330
MET-LEU (ML)	3705	3092	2569	3753	3116	2447	3387	3125	2713	2957	2879	2707	4275	3419	2705	3424	2646	2443	3282	2799	2759	3430	2706	2464	3187	2811	2373	4234	2494	2377	3294	4619	1990
