760.0	79.83475742159565
380.0	30.66795366790536
253.33333333333334	9.796719020041921
190.0	6.8696931768179486
152.0	6.63310728283104
126.66666666666667	5.943428808745144
108.57142857142857	2.94779759894461
95.0	3.9342476917544977
84.44444444444444	3.11966480459826
76.0	3.5715313646891493
69.0909090909091	1.0755842251425896
63.333333333333336	2.5247228452863535
58.46153846153846	1.6563189683414552
54.285714285714285	0.9554027378629385
50.666666666666664	2.209826851792688
47.5	2.2283954154887575
44.705882352941174	1.579973553928079
42.22222222222222	1.9763100392639394
40.0	3.150242214035648
38.0	4.0441814099478535
36.19047619047619	3.985946936788254
34.54545454545455	6.650732419147469
33.04347826086956	7.77669964670647
31.666666666666668	7.515714374042614
30.4	8.53031585013903
29.23076923076923	8.431189198436346
28.14814814814815	6.336334153185009
27.142857142857142	6.466089828911591
26.20689655172414	4.863991719502848
25.333333333333332	4.162459470842873
24.516129032258064	4.200981248368925
23.75	2.69979933505733
23.03030303030303	3.153937708116751
22.352941176470587	3.190089505533472
21.714285714285715	2.1602136177396076
21.11111111111111	1.9899635164353817
20.54054054054054	3.1365151755804335
20.0	2.3450722576589778
19.487179487179485	3.1566742456890626
19.0	1.9753014250498646
18.536585365853657	2.6239952113599254
18.095238095238095	2.594411502111402
17.674418604651162	3.3502116333963583
17.272727272727273	4.2722508831845545
16.88888888888889	3.924531197380296
16.52173913043478	3.9517383403297828
16.170212765957448	3.9865993735383327
15.833333333333334	4.214596107879747
15.510204081632653	5.187628816560918
15.2	4.1667976035901475
14.901960784313726	4.408613977035876
14.615384615384615	3.954442763165746
14.339622641509434	3.965523895251073
14.074074074074074	3.5061137545773438
13.818181818181818	4.2444603753348815
13.571428571428571	2.938106834987483
13.333333333333334	3.3595023959216395
13.10344827586207	2.5795668087478756
12.88135593220339	2.34672737169536
12.666666666666666	2.9371229651123705
12.459016393442623	3.1245347583939003
12.258064516129032	2.338637480951231
12.063492063492063	2.9360812704767603
11.875	2.2754715449470924
11.692307692307692	2.389544942397474
11.515151515151516	2.804769387273158
11.343283582089553	3.868953739653471
11.176470588235293	3.476443958856005
11.014492753623188	3.481060548241937
10.857142857142858	3.7176537530436096
10.704225352112676	4.606124096508763
10.555555555555555	4.74405481403403
10.41095890410959	5.288271423366707
10.27027027027027	4.22132960608679
10.133333333333333	4.730593055342481
10.0	4.749740172748788
9.87012987012987	3.336931947934124
9.743589743589743	4.147057125891032
9.620253164556962	3.2908398905681104
9.5	2.2259978383336345
9.382716049382717	2.613378301939883
9.268292682926829	1.7756355030135356
9.156626506024097	2.1681404506306547
9.047619047619047	2.244247313249822
8.941176470588236	1.2212543218687806
8.837209302325581	1.8507899911454764
8.735632183908047	1.7447135993233511
8.636363636363637	2.0699626947758585
8.539325842696629	1.693534520282622
8.444444444444445	1.3800493015094002
8.351648351648352	1.5013515489897853
8.26086956521739	2.0038579067091424
8.172043010752688	2.165586185187815
8.085106382978724	2.8905715423880602
8.0	3.1059814085019717
7.916666666666667	2.470457324484266
7.835051546391752	3.822737106802556
7.755102040816326	3.9714085223676467
7.6767676767676765	3.512796379483209
7.6	3.8031615280913065
7.524752475247524	3.881146578415989
7.450980392156863	3.6746284162550045
7.378640776699029	3.4370874772656768
7.3076923076923075	3.55120359714411
7.238095238095238	2.842506802537721
7.169811320754717	3.6006412703530324
7.102803738317757	3.578934139252331
7.037037037037037	2.4996410337803114
6.972477064220183	2.158441709474029
6.909090909090909	2.926517547978718
6.846846846846847	2.2672739013657806
6.785714285714286	3.0816283888002785
6.725663716814159	2.188838701419612
6.666666666666667	2.8623689888399815
6.608695652173913	2.9791684995714296
6.551724137931035	2.261795472233289
6.495726495726496	2.457318753699342
6.440677966101695	2.1278188498058226
6.38655462184874	2.404915430916684
6.333333333333333	1.3802118056309678
6.2809917355371905	2.750784691762981
6.229508196721311	3.0971038371432242
6.178861788617886	2.7185926484112715
6.129032258064516	2.4392529737804702
6.08	3.2888976242842047
6.031746031746032	2.792956646995853
5.984251968503937	2.2257804919593744
5.9375	3.0384562978172402
5.891472868217054	3.231075478531778
5.846153846153846	2.639138328693998
5.801526717557252	2.345993072181404
5.757575757575758	2.1083757970238173
5.714285714285714	3.045870345332799
5.6716417910447765	1.97827392028137
5.62962962962963	1.8526119181366456
5.588235294117647	2.795696357798717
5.547445255474453	2.3851449568892655
5.507246376811594	1.7691908757379775
5.467625899280575	2.908507039451698
5.428571428571429	1.9166244758569093
5.390070921985815	2.533528757338714
5.352112676056338	1.8633025014425475
5.314685314685315	2.192862989273592
5.277777777777778	2.145678769448051
5.241379310344827	2.511374169677966
5.205479452054795	2.7552520019351623
5.170068027210885	2.5774765367120294
5.135135135135135	2.46871612406453
5.100671140939597	2.957311010380764
5.066666666666666	3.080437644589808
5.033112582781457	3.7378393802251884
5.0	3.203176443775988
4.967320261437909	3.222346965214638
4.935064935064935	2.006309334361033
4.903225806451613	3.197093152849865
4.871794871794871	2.9837424404897477
4.840764331210191	2.314197112831502
4.810126582278481	2.4191412855972145
4.779874213836478	2.0066057350741975
4.75	1.8363178578343011
4.720496894409938	1.5753609202870775
4.691358024691358	1.974070591405905
4.662576687116564	1.165071174383247
4.634146341463414	1.571724883740968
4.606060606060606	1.141056313676573
4.578313253012048	0.9475408248368312
4.550898203592815	1.5717547243042396
4.523809523809524	1.3344557814997664
4.497041420118343	1.4046008100434997
4.470588235294118	2.056187816416668
4.444444444444445	1.2879554340538681
4.4186046511627906	1.710418902466351
4.393063583815029	1.9348391764111303
4.367816091954023	2.437518857866386
4.3428571428571425	3.0637016577703746
4.318181818181818	2.097306905382328
4.293785310734464	3.33826587628384
4.269662921348314	2.972930663133601
4.245810055865922	3.470827298857584
4.222222222222222	3.5791384519587712
4.198895027624309	3.3404417449812005
4.175824175824176	2.7953933386294114
4.1530054644808745	2.664643426485824
4.130434782608695	2.579124244937995
4.108108108108108	2.5944134390080906
4.086021505376344	2.2955074738188435
4.064171122994653	1.577340914181262
4.042553191489362	1.6565992016905324
4.021164021164021	1.7035244449790734
4.0	2.596056901816604
3.979057591623037	0.8728137777183571
3.9583333333333335	1.4548187646598645
3.937823834196891	1.8647879633425966
3.917525773195876	1.2713820653341086
3.8974358974358974	1.0149816624147343
3.877551020408163	2.1065061538516843
3.8578680203045685	1.603336572927202
3.8383838383838382	1.8993298440904665
3.819095477386935	1.8348524304533773
3.8	2.4604281264988273
3.781094527363184	2.4288069822969582
3.762376237623762	2.8974178785470124
3.7438423645320196	3.165095365624681
3.7254901960784315	3.3120427741548544
3.707317073170732	3.3083765989231155
3.6893203883495147	2.776611608231949
3.6714975845410627	2.8873195662918
3.6538461538461537	2.4412475695921256
3.6363636363636362	3.0772238616224388
3.619047619047619	1.42017834480898
3.6018957345971563	1.9141753714471927
3.5849056603773586	2.2079976447748955
3.568075117370892	1.7936653060274013
3.5514018691588785	0.5526323448549958
3.5348837209302326	1.99356559756072
3.5185185185185186	0.9688124374516227
3.5023041474654377	1.0061932946608814
3.4862385321100917	1.8202710304055787
3.470319634703196	1.172886167780667
3.4545454545454546	1.5043701990075367
3.4389140271493215	2.0191534738263246
3.4234234234234235	1.790978549304313
3.408071748878924	1.999107452017734
3.392857142857143	2.193390595203112
3.3777777777777778	3.716804583441557
3.3628318584070795	2.9124015498829015
3.3480176211453743	3.6255928080091397
3.3333333333333335	4.581677533748718
3.3187772925764194	3.4751348860770994
3.3043478260869565	3.6216049788717086
3.29004329004329	2.7364070450732014
3.2758620689655173	2.750528792654405
3.2618025751072963	2.5996030639929426
3.247863247863248	1.5090117206161286
3.234042553191489	0.5172537501866326
3.2203389830508473	1.073537174872041
3.2067510548523206	0.917427324540959
3.19327731092437	1.2157397261641032
3.1799163179916317	1.2519156653865937
3.1666666666666665	0.23743335936791743
3.1535269709543567	0.49826563080250097
3.1404958677685952	0.5982046227395962
3.1275720164609053	0.3377639319469669
3.1147540983606556	0.9227232281661228
3.1020408163265305	1.045787964374883
3.089430894308943	0.638172211400846
3.076923076923077	0.6680296540963547
3.064516129032258	0.7196482801067806
3.0522088353413657	0.8556460610689215
3.04	0.8561633973299569
3.0278884462151394	2.7766604989459727
3.015873015873016	10.791299065408204
3.0039525691699605	55.164034234739134
2.9921259842519685	8.916068268402885
2.980392156862745	3.2412251886479404
2.96875	1.7256833442010933
2.9571984435797667	0.8262085238934354
2.945736434108527	0.8630406974177505
2.9343629343629343	0.5873701881041632
2.923076923076923	0.2511900272034993
2.9118773946360155	0.5487141300525711
2.900763358778626	0.1755534541396864
2.8897338403041823	0.5182455367113955
2.878787878787879	0.7315489502051665
2.8679245283018866	0.9302573049265423
2.857142857142857	0.3319702791998566
2.846441947565543	0.7237596178302863
2.8358208955223883	0.2694970833036646
2.825278810408922	0.8892887719746273
2.814814814814815	0.6126993358741297
2.804428044280443	0.8349244364442894
2.7941176470588234	0.3486816939495968
2.7838827838827838	1.182700026599801
2.7737226277372264	1.4034525944696357
2.7636363636363637	2.391832078727531
2.753623188405797	2.547798883187277
2.743682310469314	2.8516544633022582
2.7338129496402876	2.884947893083564
2.7240143369175627	2.6185841188166536
2.7142857142857144	1.941879167201637
2.704626334519573	1.6784230491501102
2.6950354609929077	1.1799909701925473
2.685512367491166	1.7095603866212665
2.676056338028169	1.4098673761613933
2.6666666666666665	1.4010846337466563
2.6573426573426575	1.0689757952599321
2.64808362369338	0.7456460780764324
2.638888888888889	1.2157883971960166
2.629757785467128	1.1681265365051172
2.6206896551724137	0.944509668189631
2.611683848797251	1.0921538571538714
2.6027397260273974	0.9059205338908756
2.5938566552901023	0.9348088661230132
2.5850340136054424	0.6661863710860928
2.5762711864406778	1.2352793700215448
2.5675675675675675	1.1921138418811321
2.558922558922559	1.0406989279387737
2.5503355704697985	1.6440289058957134
2.5418060200668897	1.0069271625886735
2.533333333333333	1.8014907797650013
2.524916943521595	1.6549890625338144
2.5165562913907285	1.317386545568167
2.5082508250825084	1.423770343565027
2.5	1.4195128522290108
2.4918032786885247	1.3606688933539302
2.4836601307189543	1.1314541267610385
2.47557003257329	1.2114399742387087
2.4675324675324677	0.8543222309618612
2.459546925566343	0.6452697576029351
2.4516129032258065	0.9322558192362997
2.4437299035369775	0.6958177850269952
2.4358974358974357	0.5268011476499823
2.428115015974441	0.3146546564302395
2.4203821656050954	0.6443941890394873
2.4126984126984126	0.7224240769560205
2.4050632911392404	0.611361849525629
2.3974763406940065	0.22111834649981374
2.389937106918239	0.6338293120092566
2.3824451410658307	0.7281874170278361
2.375	0.3422916676831726
2.367601246105919	0.6946728173619654
2.360248447204969	0.9217887481346702
2.3529411764705883	0.6242920557374818
2.345679012345679	1.2474878999802916
2.3384615384615386	1.0214652273662517
2.331288343558282	0.8166086712567072
2.324159021406728	1.0959001995896085
2.317073170731707	1.965436321289506
2.310030395136778	1.7270463717117597
2.303030303030303	1.0365938176741547
2.29607250755287	0.851049445120282
2.289156626506024	0.7460221188455205
2.2822822822822824	1.300527466418536
2.2754491017964074	0.8611817771716263
2.2686567164179103	0.9936351999984494
2.261904761904762	0.8655768392273732
2.255192878338279	0.2699130189242051
2.2485207100591715	0.6829033634221403
2.24188790560472	1.0370130670599866
2.235294117647059	0.4304189101596777
2.228739002932551	0.5634154167146073
2.2222222222222223	0.5055221274496906
2.2157434402332363	0.5014915096225679
2.2093023255813953	0.09047812830790812
2.2028985507246377	0.5742169524678641
2.1965317919075145	0.3188964494711082
2.190201729106628	0.18177707186495576
2.1839080459770117	0.1996822894953231
2.177650429799427	0.8146402461416706
2.1714285714285713	0.6433603507026595
2.1652421652421654	0.39447240050368093
2.159090909090909	0.417351731336407
2.1529745042492916	0.5272614749264338
2.146892655367232	1.0936978908171866
2.140845070422535	0.9219698836907182
2.134831460674157	0.5411063271430203
2.1288515406162465	0.4896283091705851
2.122905027932961	0.25803670364052217
2.116991643454039	0.6524633882054751
2.111111111111111	0.7361852720265377
2.1052631578947367	0.1461122543727773
2.0994475138121547	0.31262021849901456
2.09366391184573	0.4809232764079614
2.087912087912088	0.606088292400249
2.0821917808219177	0.5139213151661929
2.0765027322404372	0.22836909495283575
2.0708446866485013	0.3504423414309098
2.0652173913043477	0.45935567199720495
2.059620596205962	0.9451662780104406
2.054054054054054	0.45293933207236575
2.0485175202156336	0.570204337670738
2.043010752688172	0.7788494784996487
2.037533512064343	0.48881737407877823
2.0320855614973263	0.48380844149496127
2.026666666666667	0.23158474743888263
2.021276595744681	0.5827120498097064
2.0159151193633953	0.7673805260446944
2.0105820105820107	0.4159273159628778
2.005277044854881	0.46954428597528997
