	F0	F1	F2
0	301	301	281
1	5	10	4
2	306	263	165
3	1212	1244	988
4	299	301	310
5	616	549	473
6	74	84	68
7	183	234	170
8	243	293	169
9	36	42	62
10	625	547	419
11	765	609	502
12	1046	719	536
13	2376	2702	2105
14	49	63	50
15	2642	2649	2243
16	0	1	0
17	4	7	3
18	1943	1862	1508
19	129	146	114
20	213	212	140
21	51	58	62
22	0	0	0
23	68	66	70
24	46	38	31
25	197	189	121
26	68	68	37
27	1833	1303	1115
28	85	99	70
29	30	27	10
30	5	4	1
31	343	277	217
32	572	475	412
33	231	211	182
34	17	10	12
35	261	302	212
36	356	269	205
37	2748	2278	1989
38	167	121	107
39	67	52	48
40	259	183	123
41	1889	1908	1577
42	20	17	24
43	429	576	520
44	87	103	61
45	225	213	210
46	365	270	262
47	205	196	91
48	61	63	60
49	152	161	95
50	773	496	357
51	82	68	41
52	1044	981	834
53	260	247	167
54	503	426	364
55	113	82	72
56	18	15	12
57	926	728	509
58	1276	1149	1079
59	224	207	86
60	50	48	38
61	11	21	19
62	246	180	162
63	245	227	167
64	158	125	124
65	189	148	131
66	65	59	52
67	1852	1416	1250
68	171	145	108
69	13	17	16
70	0	0	1
71	157	97	87
72	133	109	76
73	20	47	21
74	116	105	52
75	70	59	33
76	49	46	29
77	3	3	1
78	62	47	40
79	405	394	243
80	52	40	45
81	406	323	236
82	161	89	70
83	68	60	25
84	450	285	260
85	3440	3048	2518
86	81	102	58
87	88	66	53
88	1355	990	767
89	19	22	20
90	72	79	50
91	273	207	180
92	399	328	195
93	323	302	218
94	244	242	174
95	158	163	106
96	47	37	39
97	732	660	587
98	862	562	437
99	260	199	120
100	30	28	38
101	2282	1981	1482
102	302	179	205
103	1880	1266	919
104	706	629	465
105	100	77	58
106	138	124	78
107	58	43	39
108	1	0	0
109	343	268	175
110	96	68	51
111	228	170	141
112	61	55	39
113	29	21	24
114	552	545	399
115	4	6	5
116	383	291	229
117	23	18	14
118	285	230	139
119	176	165	153
120	2641	2261	1788
121	68	59	46
122	143	119	55
123	2795	2736	2371
124	3265	2747	2521
125	935	919	801
126	38	25	12
127	112	64	73
128	69	53	38
129	347	314	168
130	0	2	0
131	438	347	222
132	275	233	138
133	459	334	224
134	811	879	796
135	455	351	320
136	16	12	10
137	46	54	29
138	1008	879	748
139	243	168	139
140	392	262	216
141	1037	790	586
142	161	202	129
143	161	148	130
144	2351	2204	2008
145	824	632	470
146	3	5	1
147	7	1	1
148	124	98	73
149	1480	1595	1260
150	849	801	591
151	234	166	138
152	243	211	165
153	330	416	324
154	4232	3649	2865
155	4244	3047	2422
156	2	2	1
157	241	191	129
158	70	60	52
159	49	34	38
160	105	77	46
161	2289	1767	1256
162	1067	641	620
163	18	24	15
164	382	277	170
165	64	69	53
166	147	195	163
167	631	432	329
168	386	292	223
169	194	167	202
170	50	35	31
171	373	230	200
172	267	261	140
173	443	391	283
174	1542	1315	902
175	65	68	100
176	318	240	109
177	81	59	39
178	0	0	0
179	3	7	4
180	2	0	0
181	49	37	25
182	298	289	240
183	118	107	67
184	30	45	13
185	652	531	441
186	608	643	537
187	377	405	314
188	1	0	0
189	17	21	11
190	64	55	45
191	63	48	27
192	2	1	1
193	5396	4269	3435
194	99	84	71
195	183	170	152
196	14	3	4
197	4	0	1
198	90	78	42
199	110	107	65
200	23	16	12
201	1152	809	628
202	18	12	8
203	842	661	529
204	353	305	209
205	169	169	134
206	216	231	137
207	1	3	0
208	363	226	168
209	108	84	69
210	70	69	39
211	16	16	10
212	135	140	120
213	642	544	632
214	1436	1414	858
215	15	5	28
216	253	168	150
217	21	22	14
218	443	375	265
219	229	192	109
220	206	174	120
221	2487	2227	1975
222	767	509	480
223	186	145	99
224	124	125	77
225	2219	2050	1796
226	51	50	50
227	402	372	294
228	415	292	188
229	87	42	40
230	106	103	108
231	0	0	0
232	131	115	93
233	5	3	7
234	1	3	0
235	387	372	288
236	1115	795	610
237	337	245	213
238	79	103	93
239	55	36	17
240	287	279	189
241	184	152	122
242	103	101	62
243	2	7	1
244	26	28	33
245	0	0	0
246	10	14	7
247	552	513	430
248	275	240	161
249	4	1	2
250	98	129	29
251	410	383	323
252	246	181	151
253	61	92	59
254	572	723	550
255	744	596	606
256	21	11	7
257	2635	2375	1970
258	530	592	454
259	378	327	177
260	495	435	265
261	187	125	81
262	418	379	359
263	68	39	34
264	349	318	282
265	141	140	84
266	97	137	49
267	466	329	216
268	380	344	285
269	127	86	73
270	132	107	62
271	5	10	4
272	259	252	205
273	167	121	137
274	190	176	143
275	2	0	2
276	8	17	7
277	551	685	483
278	2575	2344	2072
279	1161	1036	956
280	36	36	13
281	142	146	90
282	243	226	185
283	704	567	521
284	150	145	67
285	1147	1168	1038
286	1016	875	720
287	294	212	239
288	1361	1006	908
289	770	804	628
290	37	34	48
291	50	63	43
292	367	337	230
293	56	30	21
294	45	49	24
295	762	588	490
296	67	56	48
297	1256	1116	899
298	1136	1154	1062
299	133	98	91
300	22	15	17
301	243	193	106
302	131	124	90
303	80	68	61
304	381	439	321
305	1593	1152	785
306	544	544	336
307	227	158	114
308	40	30	33
309	178	111	88
310	376	390	273
311	404	349	259
312	3728	3251	2709
313	2897	2946	2705
314	3434	3367	2910
315	143	170	108
316	324	257	181
317	309	293	133
318	73	112	50
319	174	119	121
320	1001	862	703
321	185	158	104
322	4	0	0
323	551	463	325
324	436	459	332
325	245	277	199
326	522	608	535
327	2364	1841	1555
328	79	74	33
329	84	107	46
330	86	94	106
331	163	233	152
332	0	0	0
333	63	52	49
334	15	18	8
335	395	314	224
336	121	80	76
337	243	165	141
338	204	227	186
339	5	6	4
340	144	128	106
341	100	78	65
342	163	154	110
343	485	349	242
344	189	183	168
345	168	172	153
346	52	64	38
347	351	325	442
348	763	610	472
349	510	338	242
350	192	150	136
351	4498	4539	4573
352	84	87	29
353	11	9	6
354	130	119	101
355	75	55	55
356	71	66	60
357	1021	758	619
358	13	5	5
359	0	0	0
360	0	1	0
361	10	11	7
362	625	592	406
363	44	41	18
364	565	484	296
365	958	776	639
366	19	21	14
367	553	433	277
368	75	95	27
369	241	180	133
370	472	424	231
371	5	3	1
372	46	65	47
373	139	125	102
374	784	591	492
375	0	0	0
376	11	15	5
377	48	45	33
378	49	49	45
379	212	153	125
380	134	149	105
381	29	28	23
382	976	1021	673
383	1038	989	773
384	57	54	69
385	3	13	4
386	186	133	122
387	529	583	419
388	643	575	378
389	168	160	90
390	1507	1087	859
391	1836	1647	1408
392	131	165	85
393	1334	1162	993
394	528	465	377
395	1004	1054	847
396	2	3	3
397	350	201	141
398	1543	1515	1400
399	3376	3411	3267
400	128	137	55
401	2808	2256	1899
402	1685	1518	924
403	40	46	28
404	20	15	14
405	191	193	153
406	65	44	34
407	168	141	116
408	1558	1201	913
409	965	966	908
410	196	204	142
411	593	576	525
412	22	11	20
413	3	1	0
414	103	91	93
415	7	2	2
416	12	6	12
417	760	592	430
418	474	536	381
419	11	8	9
420	13	10	15
421	156	166	179
422	133	123	79
423	212	177	121
424	11	7	10
425	211	196	124
426	72	53	23
427	93	112	102
428	263	257	170
429	371	366	332
430	1186	1153	1039
431	990	789	680
432	220	179	151
433	249	154	145
434	0	1	1
435	483	576	465
436	944	638	498
437	214	261	211
438	2	1	1
439	142	117	92
440	81	66	40
441	13	7	14
442	419	337	274
443	38	37	52
444	4	6	3
445	1053	904	610
446	1029	887	658
447	894	547	446
448	285	384	189
449	0	0	1
450	505	380	255
451	29	26	31
452	851	786	722
453	77	72	42
454	654	534	359
455	1	4	0
456	111	87	75
457	1666	1407	1229
458	233	223	166
459	132	95	97
460	3	2	3
461	1	2	0
462	1075	851	572
463	3996	3256	2789
464	3615	3428	3139
465	214	133	112
466	868	827	715
467	2675	2197	1619
468	17	17	12
469	199	205	94
470	757	674	463
471	332	289	187
472	398	344	306
473	107	83	50
474	1	0	2
475	271	214	175
476	25	20	10
477	213	216	200
478	295	233	219
479	1013	837	639
480	0	0	0
481	661	522	415
482	792	691	636
483	67	71	46
484	44	50	27
485	212	176	120
486	378	359	185
487	1	2	3
488	61	74	54
489	955	824	741
490	0	0	0
491	127	137	97
492	960	761	657
493	98	85	43
494	1157	1203	1126
495	2754	2768	2609
496	36	20	15
497	15	14	11
498	175	137	104
499	46	36	17
500	100	87	41
501	183	155	133
502	103	94	112
503	563	405	299
504	64	67	56
505	61	78	50
506	15	7	16
507	715	485	380
508	10	8	4
509	1	0	0
510	237	159	164
511	32	43	25
512	5	14	9
513	337	324	244
514	264	225	141
515	70	87	71
516	25	16	9
517	88	60	43
518	5895	4854	4306
519	152	140	148
520	43	27	21
521	259	181	142
522	0	1	0
523	471	475	423
524	545	487	256
525	31	38	24
526	353	348	274
527	235	220	219
528	86	78	78
529	0	1	0
530	10	9	7
531	1	1	0
532	327	372	269
533	22	24	20
534	652	544	449
535	0	1	0
536	46	58	52
537	387	293	249
538	20	25	23
539	50	32	17
540	39	35	28
541	75	71	41
542	1	1	0
543	30	33	19
544	927	768	668
545	27	32	24
546	28	28	30
547	136	107	117
548	0	0	1
549	261	275	206
550	2041	1370	895
551	5	4	1
552	536	441	321
553	3887	3009	2497
554	175	119	101
555	299	271	220
556	0	0	0
557	82	81	38
558	74	46	68
559	0	0	0
560	108	116	68
561	88	76	54
562	92	60	47
563	124	97	50
564	116	167	101
565	705	564	455
566	153	124	86
567	263	225	182
568	200	113	129
569	2998	2741	2454
570	204	142	117
571	49	93	25
572	617	499	468
573	0	0	0
574	0	0	0
575	330	305	319
576	0	0	0
577	105	69	66
578	15	24	26
579	0	0	0
580	37	31	25
581	74	47	101
582	0	0	0
583	142	146	60
584	9	13	7
585	85	58	49
586	12	10	2
587	440	428	300
588	204	186	135
589	0	0	0
590	30	28	24
591	99	90	51
592	140	162	138
593	629	420	258
594	686	402	314
595	0	0	1
596	193	155	127
597	2953	3009	2875
598	522	522	491
599	635	604	427
600	279	271	173
601	48	37	27
602	27	28	14
603	1514	1316	1205
604	2189	1677	1291
605	330	246	184
606	5331	5278	4538
607	600	440	337
608	36	15	15
609	3813	3717	3767
610	576	490	408
611	736	782	625
612	2	0	0
613	0	1	0
614	233	220	147
615	24	16	17
616	198	178	174
617	579	500	420
618	654	433	296
619	288	222	111
620	37	83	61
621	179	111	117
622	57	47	29
623	145	114	81
624	343	336	162
625	103	141	68
626	7	6	3
627	225	181	160
628	1530	1119	918
629	51	71	49
630	130	110	76
631	102	72	65
632	541	406	318
633	75	77	82
634	2744	2164	1707
635	1	0	0
636	47	43	41
637	2	3	3
638	1805	1762	1499
639	346	347	304
640	427	352	249
641	58	64	43
642	1483	1174	949
643	461	442	342
644	2189	1919	1526
645	410	354	237
646	60	51	27
647	255	157	131
648	76	62	47
649	180	141	115
650	19	24	12
651	14	18	11
652	242	212	162
653	28	49	22
654	888	809	613
655	8	9	6
656	383	368	357
657	731	603	314
658	3181	2894	2166
659	54	50	44
660	766	667	336
661	631	474	379
662	3	6	4
663	21	28	15
664	40	13	16
665	119	122	92
666	214	144	98
667	95	94	62
668	509	409	269
669	58	48	22
670	389	474	387
671	419	358	335
672	92	78	60
673	947	872	426
674	226	214	114
675	7	7	3
676	178	159	136
677	2664	2421	1925
678	210	213	153
679	278	217	148
680	90	78	59
681	356	429	338
682	165	105	96
683	1387	948	831
684	157	148	150
685	19	13	19
686	0	0	0
687	800	600	452
688	58	47	36
689	331	246	195
690	2	2	0
691	104	76	52
692	1354	1214	957
693	106	76	45
694	379	375	307
695	0	0	0
696	1188	1229	1020
697	20	24	17
698	75	98	34
699	43	50	28
700	0	0	0
701	656	450	362
702	165	127	101
703	7	11	5
704	12	6	4
705	191	121	109
706	38	32	27
707	0	0	0
708	33	34	22
709	1	0	0
710	126	138	100
711	270	245	184
712	51	52	30
713	1050	900	722
714	2191	1770	1294
715	216	207	128
716	66	41	34
717	75	53	34
718	40	37	24
719	337	328	202
720	235	227	208
721	102	111	42
722	7	1	1
723	4095	3609	3435
724	103	100	75
725	1042	963	914
726	91	32	37
727	173	150	130
728	771	782	520
729	182	175	73
730	187	152	107
731	154	131	68
732	1936	1304	858
733	48	39	37
734	43	34	18
735	585	595	381
736	292	277	225
737	826	516	419
738	68	71	62
739	2	5	6
740	1658	1416	1205
741	213	232	262
742	3888	3579	3152
743	413	386	337
744	4264	4184	3346
745	113	104	83
746	747	586	547
747	1610	1193	918
748	74	72	54
749	33	31	30
750	3	4	1
751	800	696	409
752	180	135	119
753	2106	1783	1529
754	42	28	12
755	39	30	19
756	1387	1202	907
757	582	487	467
758	43	38	43
759	510	385	283
760	121	111	102
761	498	436	309
762	901	767	459
763	742	627	486
764	91	73	59
765	804	904	857
766	86	77	69
767	69	62	59
768	438	466	289
769	2429	2380	1961
770	1268	1088	852
771	3451	3613	3306
772	264	187	143
773	550	487	440
774	107	86	73
775	797	674	560
776	1226	1212	881
777	7	10	1
778	324	268	239
779	1115	975	707
780	528	456	433
781	256	213	152
782	238	155	115
783	2825	3124	2883
784	742	609	356
785	68	40	32
786	6	5	7
787	540	445	344
788	1145	974	868
789	253	206	155
790	37	37	25
791	130	86	61
792	1852	1975	1640
793	1981	1481	1167
794	1294	1008	594
795	166	132	168
796	199	144	106
797	70	64	55
798	98	100	78
799	47	51	39
800	321	262	166
801	742	515	429
802	78	50	43
803	7188	4998	4097
804	783	588	414
805	644	381	354
806	633	583	485
807	11	27	21
808	1034	722	496
809	13	14	18
810	428	426	385
811	3736	2982	2232
812	1210	801	738
813	465	380	251
814	14	12	10
815	0	0	0
816	18	16	14
817	63	58	54
818	138	154	96
819	577	418	327
820	1137	938	824
821	8	6	3
822	16	17	15
823	48	44	37
824	1122	821	663
825	107	73	61
826	883	780	622
827	2178	1584	1232
828	576	546	509
829	379	351	301
830	380	350	278
831	608	433	301
832	92	95	55
833	397	381	246
834	695	725	455
835	41	53	23
836	226	213	159
837	199	265	206
838	949	709	409
839	237	174	139
840	164	132	119
841	13	6	6
842	338	264	149
843	74	60	38
844	97	83	69
845	30	16	19
846	329	264	182
847	51	35	35
848	7462	7546	6982
849	61	62	56
850	367	317	227
851	32	22	16
852	66	52	39
853	72	72	49
854	6711	6458	5182
855	164	118	84
856	48	41	35
857	454	309	265
858	83	94	70
859	0	0	0
860	5	13	11
861	252	211	142
862	30	35	22
863	91	50	43
864	318	322	194
865	451	432	282
866	759	580	411
867	373	296	195
868	101	93	37
869	14	9	7
870	0	0	0
871	98	68	52
872	34	39	26
873	524	473	369
874	762	638	437
875	157	107	83
876	2	8	0
877	566	654	531
878	0	0	1
879	96	66	66
880	159	119	83
881	88	62	35
882	146	126	99
883	12	8	11
884	34	31	20
885	0	0	0
886	0	0	0
887	6	19	22
888	405	366	345
889	20	18	20
890	1168	1110	985
891	1193	1158	1114
892	120	122	96
893	517	490	377
894	16	14	16
895	343	326	242
896	201	186	202
897	1	0	0
898	715	751	440
899	864	890	882
900	100	72	65
901	15	1	1
902	54	61	31
903	91	59	51
904	26	34	46
905	69	65	41
906	135	138	87
907	150	118	119
908	550	578	393
909	0	0	0
910	583	512	414
911	79	56	51
912	1234	1101	1036
913	638	496	477
914	54	26	37
915	22	10	7
916	2	0	0
917	34	30	31
918	325	315	204
919	0	0	0
920	0	1	0
921	30	38	15
922	202	135	125
923	159	98	80
924	41	61	33
925	338	285	261
926	111	104	93
927	731	496	352
928	694	418	302
929	208	138	94
930	922	804	691
931	3	0	2
932	0	0	0
933	212	184	138
934	385	246	219
935	1326	1062	959
936	180	170	164
937	33	17	22
938	549	524	420
939	59	47	36
940	3	3	4
941	495	461	386
942	0	0	0
943	658	423	294
944	348	237	161
945	78	76	50
946	129	154	105
947	1485	1095	763
948	1641	1167	823
949	13	10	5
950	36	20	14
951	1039	894	638
952	233	224	129
953	238	220	228
954	18	21	24
955	220	188	73
956	16	23	17
957	14	16	11
958	63	62	44
959	14	11	12
960	728	631	645
961	1661	1386	887
962	972	752	518
963	1070	1120	886
964	42	48	24
965	46	34	28
966	188	135	87
967	1	0	1
968	1169	891	666
969	1236	1231	895
970	241	211	118
971	164	153	98
972	1233	906	740
973	358	285	264
974	55	31	40
975	0	0	0
976	13	13	3
977	160	115	130
978	524	459	353
979	4	5	4
980	39	33	16
981	1	0	0
982	9	8	2
983	277	206	126
984	4826	4396	4059
985	237	180	109
986	265	145	153
987	895	553	400
988	139	133	86
989	2318	1740	1641
990	1232	1113	1017
991	67	35	46
992	113	106	84
993	24	21	14
994	144	143	112
995	113	108	87
996	18	23	10
997	73	37	43
998	216	160	135
999	63	48	35
1000	114	97	60
1001	1860	1951	1771
1002	64	59	35
1003	0	0	0
1004	592	491	443
1005	87	94	80
1006	3762	3406	2908
1007	0	0	0
1008	170	145	122
1009	745	706	576
1010	37	32	27
1011	104	97	75
1012	476	387	304
1013	59	46	45
1014	248	227	184
1015	219	238	179
1016	639	434	326
1017	140	160	99
1018	1112	796	636
1019	2	0	0
1020	297	222	107
1021	282	268	206
1022	298	257	175
1023	0	0	0
1024	158	145	96
1025	65	110	107
1026	27	29	32
1027	997	946	822
1028	90	71	44
1029	1782	1447	1093
1030	188	154	83
1031	35	28	18
1032	223	181	126
1033	433	358	389
1034	84	103	49
1035	87	57	54
1036	88	76	64
1037	36	38	35
1038	107	110	87
1039	234	161	113
1040	1515	1819	1637
1041	420	315	174
1042	560	460	440
1043	23	15	11
1044	42	47	29
1045	38	55	26
1046	0	1	0
1047	148	140	108
1048	285	269	211
1049	3	4	4
1050	209	151	94
1051	1013	710	557
1052	25	27	16
1053	346	264	259
1054	2	3	5
1055	540	462	395
1056	489	406	284
1057	273	215	143
1058	139	145	85
1059	3	4	1
1060	2023	1694	1439
1061	11	7	7
1062	1193	1077	842
1063	79	63	40
1064	708	605	492
1065	620	618	592
1066	82	98	54
1067	285	261	216
1068	0	1	0
1069	104	80	62
1070	207	171	156
1071	142	116	69
1072	1	1	2
1073	947	759	725
1074	897	884	708
1075	41	26	25
1076	37	47	33
1077	36	29	22
1078	2420	1914	1615
1079	61	46	50
1080	23	14	10
1081	2	1	0
1082	6	3	3
1083	67	61	47
1084	692	702	594
1085	521	551	599
1086	611	585	479
1087	1	5	3
1088	69	39	36
1089	16	19	13
1090	0	0	0
1091	33	24	23
1092	1151	898	812
1093	368	256	180
1094	32	31	16
1095	284	241	191
1096	774	609	456
1097	24	23	18
1098	149	123	68
1099	620	506	344
1100	2510	2245	1462
1101	863	836	808
1102	768	732	580
1103	90	94	85
1104	33	30	34
1105	714	529	259
1106	65	38	16
1107	1573	1346	1185
1108	580	558	433
1109	13	15	15
1110	25	14	14
1111	5	14	3
1112	894	632	333
1113	98	86	32
1114	104	55	40
1115	0	2	2
1116	155	133	100
1117	140	109	121
1118	0	0	0
1119	2965	2605	2238
1120	5	13	4
1121	20	22	10
1122	28	24	22
1123	1	0	0
1124	65	51	24
1125	12	3	5
1126	446	342	286
1127	75	65	42
1128	4	3	3
1129	11	8	9
1130	107	181	116
1131	47	35	27
1132	133	112	78
1133	55	70	42
1134	107	108	76
1135	363	324	247
1136	89	73	29
1137	2905	2370	1668
1138	80	89	50
1139	144	120	97
1140	1112	773	569
1141	23	28	35
1142	26	15	12
1143	217	198	134
1144	178	126	103
1145	425	365	343
1146	0	4	0
1147	372	296	247
1148	367	315	245
1149	2378	2233	2063
1150	33	27	17
1151	666	569	458
1152	1851	1868	1641
1153	94	71	41
1154	919	800	604
1155	441	339	280
1156	7	6	6
1157	2586	2567	2052
1158	4	4	10
1159	11	22	12
1160	1420	1163	975
1161	235	200	167
1162	447	344	229
1163	399	291	186
1164	83	55	69
1165	413	326	220
1166	2	0	0
1167	8	9	8
1168	284	255	173
1169	19	23	18
1170	602	493	363
1171	100	78	51
1172	4311	3140	3028
1173	37	29	26
1174	26	13	29
1175	5	3	10
1176	820	514	393
1177	79	85	47
1178	210	181	141
1179	7	3	2
1180	15	18	20
1181	344	243	149
1182	0	0	0
1183	435	407	346
1184	358	310	192
1185	14	31	20
1186	1392	995	766
1187	6435	5969	5539
1188	208	177	182
1189	44	34	21
1190	12	19	5
1191	57	49	43
1192	100	82	68
1193	610	364	340
1194	39	47	30
1195	57	56	40
1196	124	199	58
1197	0	1	0
1198	42	26	34
1199	74	142	49
1200	1	2	1
1201	21	23	8
1202	5	11	10
1203	0	2	0
1204	223	138	103
1205	1686	1341	930
1206	1248	1029	941
1207	1281	990	638
1208	59	66	39
1209	773	591	521
1210	905	815	652
1211	618	534	408
1212	62	55	39
1213	0	0	0
1214	0	0	0
1215	1642	1190	794
1216	437	383	315
1217	115	95	85
1218	3577	2775	2174
1219	7	7	5
1220	247	212	181
1221	2	0	2
1222	86	108	63
1223	34	52	34
1224	470	345	261
1225	98	111	62
1226	254	209	211
1227	698	566	551
1228	59	33	35
1229	133	92	78
1230	1	1	0
1231	4020	3867	3579
1232	125	81	78
1233	207	219	189
1234	160	184	149
1235	1078	980	690
1236	16	16	11
1237	74	136	119
1238	54	31	25
1239	45	32	15
1240	166	154	100
1241	21	14	15
1242	3363	3040	2784
1243	12	16	4
1244	0	0	0
1245	0	11	4
1246	31	24	12
1247	1379	1476	1224
1248	48	30	19
1249	505	342	235
1250	219	161	101
1251	406	355	239
1252	202	197	173
1253	135	95	59
1254	33	24	37
1255	704	628	512
1256	5	1	3
1257	50	42	29
1258	115	72	59
1259	8175	7581	7167
1260	356	374	329
1261	93	66	46
1262	204	169	146
1263	125	134	72
1264	137	150	100
1265	2139	2026	1927
1266	1461	1122	895
1267	160	141	168
1268	19	15	19
1269	2200	1692	1230
1270	19	23	14
1271	51	39	46
1272	19	6	3
1273	199	152	142
1274	54	61	40
1275	1118	1016	911
1276	57	49	29
1277	2	9	3
1278	2447	1714	1156
1279	10	11	8
1280	761	716	578
1281	432	375	226
1282	1	2	1
1283	927	1063	935
1284	19	9	9
1285	221	130	90
1286	127	119	98
1287	185	187	167
1288	1313	1122	1071
1289	665	452	335
1290	35	27	38
1291	7	15	5
1292	101	88	53
1293	255	242	166
1294	28	29	40
1295	8	6	7
1296	267	233	120
1297	0	1	0
1298	0	0	1
1299	20	30	14
1300	491	395	321
1301	473	452	338
1302	493	492	367
1303	391	290	303
1304	150	142	86
1305	131	123	98
1306	884	986	826
1307	68	60	48
1308	81	92	76
1309	1810	1447	1097
1310	252	389	181
1311	287	222	202
1312	233	191	162
1313	17	13	8
1314	414	274	261
1315	124	125	63
1316	1991	1848	1252
1317	138	122	101
1318	328	313	258
1319	993	859	752
1320	428	407	293
1321	1944	1852	1653
1322	30	34	27
1323	3507	3702	3424
1324	4350	4391	3929
1325	323	303	222
1326	106	116	81
1327	146	147	99
1328	83	67	56
1329	3401	2875	2498
1330	507	453	358
1331	1892	1312	1009
1332	52	44	41
1333	80	71	64
1334	116	109	72
1335	81	112	83
1336	278	304	192
1337	145	123	105
1338	258	229	228
1339	130	174	122
1340	676	640	646
1341	500	401	331
1342	266	230	160
1343	33	24	14
1344	230	189	233
1345	1987	2028	1814
1346	159	210	159
1347	62	92	77
1348	14	20	10
1349	0	0	0
1350	3	0	0
1351	28	19	14
1352	210	204	225
1353	19	29	16
1354	135	95	82
1355	0	0	0
1356	727	628	547
1357	1490	1193	809
1358	23	28	20
1359	57	47	32
1360	46	51	42
1361	84	76	62
1362	580	520	395
1363	884	748	583
1364	62	57	36
1365	101	57	72
1366	102	67	69
1367	19	8	15
1368	889	561	495
1369	117	116	138
1370	222	156	183
1371	811	673	516
1372	100	100	71
1373	63	60	44
1374	807	756	704
1375	1977	1919	1816
1376	44	60	53
1377	32	34	19
1378	613	419	383
1379	1200	1154	880
1380	0	0	0
1381	43	41	25
1382	861	595	381
1383	279	224	159
1384	325	262	231
1385	371	447	312
1386	373	277	264
1387	1266	993	844
1388	158	105	74
1389	481	426	399
1390	463	381	279
1391	162	121	102
1392	2179	1536	1391
1393	22	31	10
1394	282	222	102
1395	0	0	0
1396	618	485	366
1397	6	4	4
1398	1250	1059	880
1399	127	138	71
1400	91	72	44
1401	180	180	135
1402	333	331	213
1403	0	0	0
1404	0	0	0
1405	216	141	150
1406	334	340	260
1407	209	172	90
1408	327	316	133
1409	80	92	46
1410	16	17	21
1411	43	60	56
1412	14	9	6
1413	497	474	247
1414	1	0	0
1415	10	11	6
1416	20	23	8
1417	677	510	435
1418	2017	2151	1216
1419	237	163	74
1420	401	284	240
1421	1157	856	690
1422	0	3	1
1423	465	502	435
1424	195	224	156
1425	65	65	49
1426	26	13	16
1427	16	19	9
1428	5	11	5
1429	83	54	51
1430	1270	1031	849
1431	399	345	213
1432	246	234	222
1433	0	0	0
1434	69	53	37
1435	134	135	83
1436	4	1	1
1437	0	0	0
1438	0	0	0
1439	0	0	0
1440	617	408	299
1441	38	31	33
1442	47	36	22
1443	170	155	114
1444	738	464	353
1445	5136	5099	4754
1446	519	515	387
1447	833	848	734
1448	136	120	104
1449	4	2	2
1450	0	0	0
1451	1	2	0
1452	88	82	65
1453	81	84	63
1454	462	405	378
1455	1159	1166	936
1456	253	204	155
1457	0	0	0
1458	790	548	433
1459	52	43	37
1460	193	200	164
1461	10	11	8
1462	67	55	60
1463	830	733	687
1464	152	108	65
1465	368	316	264
1466	22	21	14
1467	130	147	104
1468	126	148	117
1469	153	94	76
1470	164	123	125
1471	196	206	130
1472	545	357	306
1473	121	109	86
1474	38	37	12
1475	308	286	249
1476	229	217	141
1477	409	313	215
1478	2582	1828	1636
1479	121	80	92
1480	656	574	405
1481	584	422	293
1482	597	462	352
1483	424	292	193
1484	167	179	170
1485	20	32	22
1486	7	9	5
1487	0	1	0
1488	706	649	431
1489	2856	2860	2521
1490	100	91	59
1491	0	0	0
1492	49	51	48
1493	124	108	58
1494	316	278	238
1495	18	14	9
1496	1156	912	874
1497	197	218	181
1498	3	3	1
1499	101	99	77
1500	132	103	98
1501	791	650	530
1502	1101	1015	989
1503	207	188	168
1504	25	28	15
1505	1879	1751	1635
1506	2	0	2
1507	3	1	1
1508	334	311	309
1509	818	613	457
1510	84	58	71
1511	272	183	130
1512	9	5	7
1513	194	211	124
1514	123	110	65
1515	250	264	182
1516	72	48	51
1517	61	57	24
1518	876	829	741
1519	0	1	0
1520	330	296	159
1521	88	60	42
1522	225	190	158
1523	538	492	418
1524	9	7	8
1525	19	11	9
1526	20	13	9
1527	254	163	132
1528	735	581	378
1529	21	23	10
1530	1964	1689	1011
1531	668	599	341
1532	46	72	24
1533	231	191	124
1534	89	56	55
1535	1490	1353	1137
1536	216	183	165
1537	36	34	16
1538	329	358	238
1539	712	624	497
1540	834	624	490
1541	276	214	158
1542	3	1	2
1543	0	0	0
1544	511	433	232
1545	4541	3591	2803
1546	0	1	1
1547	140	137	75
1548	1	0	1
1549	0	0	0
1550	416	460	396
1551	1443	1123	875
1552	372	310	210
1553	102	98	76
1554	134	125	94
1555	145	116	106
1556	503	467	272
1557	1	0	0
1558	1	1	0
1559	391	311	199
1560	927	614	576
1561	366	386	289
1562	179	151	140
1563	343	290	246
1564	18	14	7
1565	369	243	179
1566	1151	870	786
1567	229	252	228
1568	0	1	1
1569	470	325	309
1570	288	317	172
1571	11	5	8
1572	1073	1020	957
1573	1144	1131	923
1574	16	19	10
1575	74	40	34
1576	77	68	54
1577	429	370	281
1578	46	29	32
1579	147	156	90
1580	575	491	420
1581	253	225	182
1582	0	0	0
1583	312	289	219
1584	3204	2512	1934
1585	65	66	66
1586	149	127	80
1587	2	2	1
1588	4105	3490	2879
1589	4	7	3
1590	1	0	1
1591	14	8	10
1592	465	516	376
1593	10	9	9
1594	81	54	23
1595	188	155	181
1596	19	16	12
1597	122	139	100
1598	154	100	72
1599	7	4	4
1600	178	107	94
1601	243	274	207
1602	91	67	60
1603	446	334	291
1604	868	656	585
1605	419	365	256
1606	100	90	69
1607	1	2	5
1608	1914	1517	1379
1609	1080	857	957
1610	2	4	2
1611	0	0	0
1612	27	40	14
1613	76	103	57
1614	15	20	6
1615	430	428	361
1616	150	114	95
1617	1	0	0
1618	3660	3252	2852
1619	453	338	287
1620	114	101	112
1621	1037	802	592
1622	22	9	17
1623	0	1	0
1624	43	82	39
1625	2730	2445	2174
1626	102	74	54
1627	5	1	0
1628	23	13	15
1629	2656	2183	1723
1630	130	110	78
1631	492	571	486
1632	240	228	206
1633	721	709	647
1634	358	294	193
1635	390	333	305
1636	2	5	4
1637	361	288	279
1638	751	589	528
1639	23	18	13
1640	306	285	268
1641	519	522	329
1642	6472	6885	6440
1643	60	40	32
1644	59	82	48
1645	78	43	22
1646	1013	887	722
1647	40	29	18
1648	513	538	461
1649	23	17	9
1650	13646	13988	12035
1651	153	126	82
1652	15	14	8
1653	1451	1110	759
1654	228	190	126
1655	1800	1451	1030
1656	43	43	41
1657	368	296	208
1658	1999	2175	2157
1659	625	535	491
1660	22	27	24
1661	158	188	120
1662	778	566	463
1663	196	172	188
1664	132	125	115
1665	192	160	101
1666	0	0	0
1667	284	294	202
1668	20	12	8
1669	1866	1621	1579
1670	1299	1042	853
1671	131	129	64
1672	429	314	293
1673	106	107	80
1674	147	147	84
1675	21	37	19
1676	248	191	107
1677	1578	1352	969
1678	670	617	499
1679	82	73	32
1680	1473	1125	835
1681	1444	1113	785
1682	683	444	293
1683	1548	1428	1203
1684	894	758	533
1685	353	348	327
1686	36	50	16
1687	43	62	46
1688	103	59	76
1689	2	7	3
1690	57	64	54
1691	1	0	1
1692	15	7	6
1693	2	0	1
1694	0	0	0
1695	35	35	24
1696	86	28	26
1697	1	0	0
1698	2	1	0
1699	70	104	71
1700	2211	1711	1322
1701	233	178	169
1702	1472	1413	890
1703	47	47	68
1704	1967	1494	1144
1705	716	788	730
1706	1664	1626	1404
1707	643	426	376
1708	65	49	39
1709	207	241	172
1710	13	9	6
1711	14	5	9
1712	1194	1128	742
1713	337	301	148
1714	158	126	76
1715	589	375	228
1716	163	138	111
1717	349	367	220
1718	1944	1920	1710
1719	214	167	123
1720	129	139	71
1721	388	349	236
1722	0	0	1
1723	46	62	31
1724	180	208	135
1725	303	289	230
1726	79	92	79
1727	767	736	594
1728	1232	1072	838
1729	3986	3235	2827
1730	1	1	1
1731	216	197	126
1732	12	7	7
1733	753	552	431
1734	824	654	419
1735	1322	951	977
1736	21	18	8
1737	119	81	42
1738	339	285	254
1739	217	233	174
1740	445	437	439
1741	1194	966	711
1742	2	2	0
1743	188	154	141
1744	110	107	92
1745	378	398	201
1746	1087	790	507
1747	167	194	84
1748	49	58	37
1749	220	219	148
1750	200	197	135
1751	729	545	346
1752	1061	975	870
1753	516	410	280
1754	65	58	38
1755	11	9	17
1756	567	452	265
1757	628	489	340
1758	109	62	82
1759	311	294	284
1760	7	11	10
1761	345	343	291
1762	35	52	31
1763	17	21	16
1764	0	0	2
1765	1	1	1
1766	3	3	3
1767	151	160	93
1768	0	0	0
1769	6	2	8
1770	1948	1519	1130
1771	2838	2803	2265
1772	76	94	68
1773	72	48	36
1774	485	329	275
1775	56	34	38
1776	1004	1054	766
1777	64	65	39
1778	1075	961	688
1779	912	804	828
1780	451	377	368
1781	1340	1304	1102
1782	5332	4975	4351
1783	125	142	63
1784	885	728	617
1785	700	593	366
1786	0	0	0
1787	1302	1343	882
1788	1058	755	534
1789	261	235	117
1790	52	74	32
1791	86	72	67
1792	64	60	32
1793	14	9	9
1794	54	19	16
1795	343	275	202
1796	1039	828	660
1797	4654	3552	3114
1798	171	122	86
1799	71	42	41
1800	4	5	2
1801	85	90	55
1802	19	20	29
1803	3116	2483	2038
1804	45	38	37
1805	5263	4358	3590
1806	171	208	220
1807	1799	1137	844
1808	44	37	32
1809	1020	1001	843
1810	193	146	88
1811	4	5	4
1812	160	153	125
1813	28	34	25
1814	113	101	103
1815	135	87	106
1816	55	78	52
1817	84	54	35
1818	121	109	80
1819	53	58	45
1820	19	5	6
1821	13	9	19
1822	590	509	355
1823	1078	918	801
1824	784	534	441
1825	49	36	40
1826	168	136	118
1827	275	249	157
1828	378	452	230
1829	86	72	52
1830	28	19	23
1831	87	71	68
1832	207	111	109
1833	29	17	9
1834	362	281	198
1835	711	496	369
1836	137	129	117
1837	582	421	333
1838	122	123	92
1839	118	73	48
1840	52	43	59
1841	302	237	187
1842	458	329	255
1843	382	228	177
1844	233	179	134
1845	105	89	47
1846	31	32	32
1847	739	524	448
1848	488	436	272
1849	6	4	3
1850	16	18	8
1851	1153	970	890
1852	397	291	239
1853	154	113	97
1854	9315	9697	9385
1855	181	169	159
1856	14	14	14
1857	13	7	6
1858	270	206	203
1859	42	37	32
1860	15	11	16
1861	1381	1184	1020
1862	133	116	73
1863	90	86	92
1864	148	124	95
1865	62	59	37
1866	989	738	585
1867	57	39	27
1868	1678	1768	1521
1869	7	9	2
1870	2173	1524	1196
1871	337	283	246
1872	395	358	340
1873	201	128	89
1874	677	545	362
1875	962	954	588
1876	2727	2723	2510
1877	595	588	542
1878	351	324	257
1879	220	222	126
1880	203	172	131
1881	577	484	337
1882	587	707	487
1883	224	141	150
1884	80	94	65
1885	903	733	675
1886	1261	1133	697
1887	105	88	86
1888	157	136	82
1889	13	20	10
1890	15	7	7
1891	95	93	58
1892	70	30	33
1893	9	9	6
1894	906	843	804
1895	0	0	1
1896	304	252	227
1897	875	838	721
1898	73	41	32
1899	82	85	64
1900	42	41	32
1901	4	4	2
1902	57	30	28
1903	47	25	19
1904	3	2	0
1905	64	51	21
1906	770	615	420
1907	85	103	77
1908	388	377	166
1909	13	6	6
1910	24	29	23
1911	184	171	129
1912	225	196	151
1913	758	692	652
1914	508	466	395
1915	4	5	6
1916	98	63	65
1917	1	1	0
1918	1489	1286	986
1919	20	12	11
1920	344	271	226
1921	0	0	0
1922	832	643	504
1923	591	525	301
1924	155	168	135
1925	160	156	56
1926	737	646	485
1927	92	86	47
1928	320	290	235
1929	54	51	29
1930	1	2	4
1931	27	34	21
1932	217	237	201
1933	76	52	38
1934	345	294	278
1935	460	395	244
1936	61	50	32
1937	8	8	2
1938	0	0	0
1939	475	483	345
1940	17	11	11
1941	732	857	767
1942	1298	1121	778
1943	122	130	61
1944	15	9	33
1945	111	113	55
1946	42	41	38
1947	104	101	35
1948	90	83	48
1949	119	72	74
1950	20	10	11
1951	18	19	13
1952	399	368	308
1953	9	6	10
1954	248	214	196
1955	56	63	57
1956	3276	2298	1766
1957	0	0	0
1958	243	290	113
1959	0	0	1
1960	1624	1393	1406
1961	233	187	121
1962	223	162	98
1963	188	152	108
1964	42	54	27
1965	207	179	87
1966	42	57	32
1967	11	5	3
1968	31	14	37
1969	902	935	883
1970	825	581	434
1971	24	15	11
1972	12	4	8
1973	79	77	59
1974	156	135	59
1975	9	8	5
1976	57	41	44
1977	796	710	611
1978	679	667	516
1979	426	360	219
1980	2	2	1
1981	95	100	62
1982	658	428	306
1983	87	87	52
1984	267	283	238
1985	104	87	67
1986	95	89	59
1987	36	33	27
1988	3	3	1
1989	406	307	215
1990	60	65	56
1991	68	73	46
1992	2781	2763	2719
1993	0	0	2
1994	0	0	0
1995	319	328	244
1996	773	648	502
1997	152	105	84
1998	266	239	176
1999	214	181	145
2000	509	409	295
2001	54	56	47
2002	101	77	44
2003	239	270	151
2004	841	553	416
2005	230	168	139
2006	99	115	71
2007	1221	1007	755
2008	222	183	142
2009	386	300	213
2010	459	287	275
2011	4	7	5
2012	652	593	445
2013	76	89	75
2014	1410	1303	1028
2015	99	101	67
2016	148	128	106
2017	6	4	5
2018	5	4	4
2019	126	110	102
2020	99	118	71
2021	8	7	3
2022	120	147	135
2023	16	8	5
2024	390	398	337
2025	262	271	296
2026	1683	1510	1188
2027	104	75	54
2028	512	439	295
2029	572	407	269
2030	121	131	115
2031	2028	1970	1727
2032	799	657	540
2033	50	43	43
2034	67	48	40
2035	549	488	459
2036	264	219	175
2037	140	132	110
2038	71	62	43
2039	1723	1434	924
2040	435	411	296
2041	622	565	445
2042	868	827	698
2043	269	248	156
2044	63	51	54
2045	50	65	51
2046	1	0	1
2047	131	140	65
2048	389	384	315
2049	2839	2312	1601
2050	2334	2303	1882
2051	100	87	59
2052	205	242	201
2053	414	355	250
2054	1198	1033	831
2055	2	2	1
2056	421	391	414
2057	892	746	589
2058	546	388	394
2059	327	222	168
2060	1150	1023	635
2061	92	85	74
2062	36	23	25
2063	6	28	2
2064	0	0	0
2065	120	86	62
2066	128	130	118
2067	2965	2719	2003
2068	32	36	16
2069	19	11	7
2070	3	3	2
2071	0	2	1
2072	29	33	23
2073	227	186	168
2074	71	67	37
2075	333	200	170
2076	4	2	0
2077	138	89	52
2078	0	0	0
2079	112	87	87
2080	163	115	111
2081	1557	1464	1149
2082	20	13	18
2083	21	12	14
2084	868	686	483
2085	154	111	60
2086	122	100	81
2087	432	333	258
2088	23	20	12
2089	877	782	568
2090	2922	2934	2407
2091	348	242	161
2092	4	3	0
2093	997	1056	957
2094	8	15	16
2095	12	18	8
2096	38	28	22
2097	114	103	74
2098	0	0	0
2099	292	236	241
2100	227	232	132
2101	812	683	539
2102	557	615	525
2103	117	74	82
2104	0	0	0
2105	20	16	18
2106	3	0	3
2107	467	310	243
2108	76	54	43
2109	24	19	15
2110	0	0	0
2111	1254	1385	1328
2112	0	1	0
2113	154	157	96
2114	180	140	72
2115	3990	3873	3549
2116	178	314	138
2117	88	81	29
2118	48	40	32
2119	1	1	0
2120	0	0	0
2121	0	0	0
2122	2132	2186	2014
2123	287	274	216
2124	757	717	558
2125	0	0	0
2126	61	83	28
2127	0	0	0
2128	926	658	442
2129	4	4	0
2130	8	16	10
2131	563	430	380
2132	116	68	56
2133	2686	2186	1865
2134	17	10	9
2135	0	0	0
2136	166	80	95
2137	264	164	137
2138	328	237	182
2139	508	467	389
2140	78	91	48
2141	0	0	0
2142	3012	2796	2531
2143	135	169	78
2144	341	324	314
2145	388	257	209
2146	2645	2028	1673
2147	23	23	21
2148	966	865	632
2149	40	26	16
2150	167	133	104
2151	74	67	49
2152	3	5	2
2153	57	49	28
2154	455	485	305
2155	1239	1221	903
2156	795	635	483
2157	79	86	61
2158	2	1	0
2159	7434	7387	6318
2160	26	27	19
2161	413	367	376
2162	500	452	256
2163	52	66	48
2164	301	302	277
2165	1	1	0
2166	32	34	27
2167	26	23	18
2168	178	169	142
2169	4852	3805	3022
2170	408	372	321
2171	0	0	0
2172	2	2	2
2173	29	45	14
2174	196	177	88
2175	721	582	386
2176	67	79	69
2177	157	107	83
2178	13	14	9
2179	148	118	53
2180	17	12	12
2181	88	121	91
2182	57	68	73
2183	7	6	7
2184	131	98	71
2185	652	536	428
2186	34	25	20
2187	2219	2178	1980
2188	106	83	54
2189	639	663	549
2190	40	37	33
2191	0	0	0
2192	221	172	122
2193	1	2	1
2194	1	13	9
2195	274	231	228
2196	140	151	67
2197	67	60	28
2198	383	351	242
2199	67	70	50
2200	1	1	1
2201	1175	1208	1074
2202	39	21	34
2203	73	63	27
2204	9	6	6
2205	500	375	296
2206	33	58	27
2207	21	12	15
2208	295	197	185
2209	8	7	2
2210	3290	2581	2147
2211	0	0	0
2212	0	0	0
2213	22	15	18
2214	92	57	54
2215	134	111	55
2216	102	147	71
2217	87	101	92
2218	85	98	55
2219	174	115	96
2220	3237	3035	2446
2221	838	683	407
2222	121	118	66
2223	79	74	64
2224	24	40	37
2225	25	34	31
2226	281	222	218
2227	284	216	178
2228	38	55	52
2229	130	111	77
2230	158	145	69
2231	115	93	65
2232	12	24	10
2233	25	20	10
2234	121	165	56
2235	169	148	118
2236	2	1	0
2237	234	233	191
2238	1033	1073	981
2239	155	183	93
2240	166	138	101
2241	375	362	298
2242	263	161	112
2243	12	7	2
2244	2502	2221	1831
2245	1240	1348	1231
2246	131	100	89
2247	564	546	442
2248	795	812	700
2249	73	59	52
2250	92	87	51
2251	53	64	82
2252	185	153	114
2253	0	0	0
2254	11	16	15
2255	39	39	29
2256	116	142	118
2257	56	72	35
2258	0	1	0
2259	77	94	74
2260	408	311	308
2261	4	4	4
2262	7	2	5
2263	201	176	122
2264	58	49	23
2265	4	3	2
2266	474	449	301
2267	363	428	319
2268	875	788	607
2269	388	361	201
2270	205	140	144
2271	237	190	195
2272	1914	1746	1381
2273	5	2	3
2274	142	136	163
2275	7	10	13
2276	116	134	152
2277	3897	3213	2752
2278	62	52	27
2279	1	1	2
2280	294	316	156
2281	364	296	248
2282	98	83	35
2283	582	519	380
2284	242	215	202
2285	19	17	40
2286	70	57	47
2287	0	0	0
2288	12	21	13
2289	58	60	45
2290	1	2	2
2291	627	589	276
2292	423	322	226
2293	289	313	203
2294	362	299	226
2295	121	62	49
2296	1034	976	914
2297	1108	632	521
2298	226	206	167
2299	571	470	334
2300	477	430	296
2301	1164	1130	946
2302	31	14	12
2303	31	29	21
2304	0	1	1
2305	3	10	12
2306	231	177	133
2307	401	509	343
2308	639	427	295
2309	7	14	8
2310	135	91	61
2311	1324	1223	876
2312	22	15	15
2313	272	276	200
2314	190	168	126
2315	817	699	595
2316	1020	709	570
2317	53	64	40
2318	4448	3991	3392
2319	401	428	286
2320	1295	909	646
2321	36	37	19
2322	475	406	349
2323	26	17	13
2324	181	142	112
2325	2529	2446	2348
2326	25	27	24
2327	160	115	131
2328	8	6	6
2329	534	425	233
2330	275	278	215
2331	1570	1286	808
2332	601	551	413
2333	316	235	182
2334	1572	1489	1034
2335	149	118	80
2336	0	0	1
2337	130	113	67
2338	478	370	227
2339	190	148	117
2340	29	56	22
2341	4	8	1
2342	72	45	34
2343	53	58	69
2344	110	86	83
2345	3	2	1
2346	41	47	33
2347	1374	1019	818
2348	226	181	160
2349	397	424	295
2350	569	538	578
2351	933	1041	1007
2352	97	94	63
2353	6	6	5
2354	2630	2648	2334
2355	219	272	202
2356	1476	1351	1006
2357	0	0	3
2358	1370	1322	1055
2359	0	0	0
2360	0	0	0
2361	100	118	77
2362	147	106	87
2363	25	21	23
2364	22	9	11
2365	129	156	162
2366	1	2	0
2367	8	2	3
2368	1	2	0
2369	1137	931	876
2370	2521	2154	1622
2371	820	651	502
2372	1386	1101	915
2373	520	440	262
2374	746	652	529
2375	79	69	36
2376	37	33	26
2377	4362	4144	4069
2378	230	210	169
2379	296	339	212
2380	187	96	104
2381	71	62	91
2382	212	359	158
2383	144	140	86
2384	9	5	4
2385	109	66	66
2386	0	0	0
2387	700	487	393
2388	12	3	5
2389	8	10	8
2390	1190	1075	604
2391	715	689	519
2392	667	528	389
2393	165	165	186
2394	777	762	654
2395	8	13	7
2396	33	43	27
2397	31	35	21
2398	128	91	58
2399	158	86	63
2400	4617	4413	3862
2401	186	148	108
2402	974	976	872
2403	9	29	20
2404	11	5	4
2405	8	9	4
2406	49	37	33
2407	48	53	44
2408	254	197	163
2409	113	109	58
2410	6	8	2
2411	140	116	91
2412	125	92	45
2413	1311	975	756
2414	454	321	347
2415	115	89	52
2416	333	266	160
2417	5978	6255	5601
2418	149	127	116
2419	108	78	43
2420	181	176	152
2421	611	437	366
2422	76	75	33
2423	295	273	199
2424	313	271	236
2425	82	82	73
2426	335	353	303
2427	359	305	252
2428	110	105	74
2429	4190	3895	3339
2430	259	269	195
2431	1233	1156	928
2432	74	66	39
2433	47	41	19
2434	114	84	86
2435	1	1	0
2436	29	38	10
2437	447	370	243
2438	62	43	35
2439	43	34	18
2440	240	237	243
2441	0	0	0
2442	1742	1335	960
2443	111	89	88
2444	380	308	221
2445	24	22	17
2446	11	5	5
2447	4	6	6
2448	89	64	58
2449	805	646	505
2450	295	242	173
2451	21	18	16
2452	22	18	16
2453	31	20	17
2454	10	16	12
2455	166	187	138
2456	5	6	3
2457	499	602	429
2458	523	388	324
2459	812	744	564
2460	1152	897	535
2461	612	431	223
2462	464	388	251
2463	33	46	32
2464	1	2	0
2465	414	320	210
2466	83	152	80
2467	48	65	47
2468	46	33	64
2469	186	147	127
2470	229	171	97
2471	692	550	337
2472	3	8	8
2473	525	448	412
2474	176	166	192
2475	0	3	0
2476	635	526	450
2477	152	135	114
2478	166	144	133
2479	18	17	15
2480	126	99	54
2481	53	27	33
2482	1025	834	642
2483	108	167	63
2484	9	12	12
2485	99	68	47
2486	1113	1091	1018
2487	1229	982	691
2488	128	91	87
2489	629	513	316
2490	329	274	242
2491	985	965	807
2492	67	102	78
2493	190	141	152
2494	91	77	44
2495	75	60	44
2496	225	176	125
2497	231	176	133
2498	919	820	688
2499	24	16	12
2500	141	184	140
2501	4	1	2
2502	13	6	17
2503	42	74	45
2504	186	141	112
2505	497	438	247
2506	346	364	293
2507	333	210	156
2508	1061	1043	903
2509	31	26	30
2510	0	1	0
2511	308	226	182
2512	907	767	601
2513	248	193	114
2514	7	37	22
2515	461	336	271
2516	911	546	472
2517	744	822	540
2518	159	146	136
2519	73	69	51
2520	414	352	303
2521	872	855	806
2522	18	12	7
2523	2444	2047	1450
2524	138	111	94
2525	46	40	31
2526	1	3	3
2527	107	67	98
2528	1423	1170	986
2529	61	48	41
2530	5	3	0
2531	69	90	47
2532	2234	2048	2043
2533	1284	1065	1012
2534	0	0	0
2535	491	376	290
2536	115	109	81
2537	380	283	213
2538	4	1	1
2539	1	0	0
2540	55	53	38
2541	59	41	45
2542	66	66	42
2543	1497	1500	1282
2544	180	182	147
2545	179	138	114
2546	61	49	43
2547	500	386	274
2548	1656	1340	1286
2549	158	169	128
2550	444	403	339
2551	2391	2204	1994
2552	0	1	0
2553	130	131	100
2554	238	188	134
2555	830	738	546
2556	135	127	76
2557	0	0	0
2558	1080	920	663
2559	0	1	0
2560	645	640	490
2561	438	316	232
2562	27	25	38
2563	816	638	428
2564	301	264	207
2565	13	41	2
2566	8	6	6
2567	1554	1438	1054
2568	1	4	1
2569	197	237	167
2570	132	153	95
2571	585	634	494
2572	1759	1590	1323
2573	265	209	177
2574	47	35	26
2575	7	6	6
2576	25	15	12
2577	2223	2071	2007
2578	776	741	636
2579	2686	2172	1778
2580	333	348	152
2581	8	4	3
2582	12	22	11
2583	60	62	47
2584	89	71	69
2585	105	101	46
2586	5	5	4
2587	46	52	38
2588	968	743	718
2589	200	161	140
2590	99	107	101
2591	98	107	47
2592	41	40	36
2593	202	220	195
2594	5	0	6
2595	145	165	120
2596	230	167	161
2597	30	34	11
2598	259	249	175
2599	53	42	22
2600	17	14	10
2601	0	0	2
2602	491	511	282
2603	78	61	32
2604	1242	1212	1148
2605	6	5	1
2606	0	0	0
2607	11	8	6
2608	138	80	51
2609	895	802	545
2610	109	50	29
2611	3	3	2
2612	64	51	43
2613	5	2	1
2614	27	35	19
2615	22	9	10
2616	123	78	57
2617	11	18	11
2618	377	327	258
2619	0	0	0
2620	238	232	181
2621	1037	767	603
2622	1533	1251	848
2623	47	48	33
2624	1	1	2
2625	0	0	0
2626	0	0	0
2627	36	35	22
2628	0	0	0
2629	200	223	162
2630	503	438	386
2631	16	24	16
2632	19	18	11
2633	49	52	41
2634	64	80	29
2635	149	110	61
2636	487	428	276
2637	16	22	16
2638	3	13	5
2639	37	33	38
2640	0	0	1
2641	835	735	632
2642	51	48	32
2643	741	652	448
2644	148	182	127
2645	59	32	23
2646	40	32	25
2647	5	11	6
2648	133	103	51
2649	840	625	399
2650	1472	1193	884
2651	214	258	146
2652	211	242	218
2653	94	79	66
2654	249	227	182
2655	42	26	33
2656	51	48	67
2657	1054	935	515
2658	427	355	334
2659	304	248	200
2660	128	118	60
2661	46	27	22
2662	285	202	133
2663	115	121	88
2664	513	494	516
2665	2409	1969	1780
2666	131	139	66
2667	9	23	10
2668	77	47	31
2669	0	2	1
2670	127	128	99
2671	78	76	57
2672	147	153	96
2673	10	25	13
2674	325	299	201
2675	311	291	245
2676	0	2	5
2677	121	58	55
2678	107	85	60
2679	336	275	223
2680	0	0	0
2681	0	1	1
2682	165	119	97
2683	0	0	0
2684	11	5	4
2685	0	0	0
2686	0	0	0
2687	13	12	12
2688	119	130	94
2689	234	243	124
2690	1083	909	603
2691	226	248	147
2692	5	4	4
2693	109	107	72
2694	53	52	35
2695	805	770	604
2696	44	20	19
2697	124	112	79
2698	180	154	114
2699	993	870	492
2700	0	0	1
2701	85	107	66
2702	1068	974	720
2703	152	149	118
2704	93	110	68
2705	97	97	52
2706	176	116	119
2707	248	135	97
2708	38	27	42
2709	415	450	354
2710	180	177	151
2711	573	461	310
2712	253	210	154
2713	679	639	406
2714	76	62	73
2715	431	318	347
2716	0	0	0
2717	2	3	5
2718	9	4	3
2719	28	25	24
2720	145	96	73
2721	2	0	0
2722	6972	7172	6977
2723	1234	1140	892
2724	1485	1563	1492
2725	1567	1583	1596
2726	4	5	2
2727	1154	911	644
2728	87	63	51
2729	931	874	684
2730	924	829	740
2731	0	0	0
2732	14	22	7
2733	120	86	71
2734	2	6	4
2735	5	5	7
2736	7	3	3
2737	332	221	170
2738	279	237	139
2739	42	54	46
2740	282	217	119
2741	104	88	85
2742	671	621	401
2743	997	754	541
2744	0	0	0
2745	73	71	74
2746	31	30	23
2747	97	63	80
2748	4	4	4
2749	476	378	316
2750	175	144	124
2751	23	10	9
2752	73	68	49
2753	134	144	94
2754	314	277	192
2755	358	237	203
2756	949	1015	761
2757	2	0	0
2758	0	0	0
2759	179	146	102
2760	624	557	430
2761	172	136	122
2762	159	138	89
2763	2734	2464	2167
2764	86	76	41
2765	605	489	365
2766	38	48	32
2767	66	73	55
2768	2126	1822	1337
2769	3054	2435	1994
2770	0	1	1
2771	191	145	124
2772	980	891	695
2773	7	11	4
2774	116	97	81
2775	27	28	22
2776	332	287	178
2777	26	26	19
2778	4	8	6
2779	1761	1750	1593
2780	1360	1463	1299
2781	306	278	146
2782	105	53	50
2783	4	6	3
2784	60	36	38
2785	1	3	3
2786	98	71	52
2787	54	60	44
2788	426	347	301
2789	243	213	139
2790	91	83	82
2791	138	100	70
2792	179	148	101
2793	2859	3161	2860
2794	1219	1070	994
2795	9087	8925	7872
2796	1	0	3
2797	1800	1616	1174
2798	0	0	0
2799	323	263	260
2800	179	145	107
2801	379	290	224
2802	127	127	69
2803	1069	744	558
2804	161	103	100
2805	60	47	30
2806	441	392	311
2807	2410	2326	2212
2808	1329	1033	897
2809	1846	1485	1370
2810	174	201	173
2811	604	454	321
2812	76	46	37
2813	106	97	88
2814	153	106	97
2815	0	0	0
2816	21	17	14
2817	46	32	24
2818	1	1	0
2819	166	124	111
2820	1724	1795	1489
2821	220	204	107
2822	379	357	235
2823	1	2	3
2824	182	144	92
2825	431	495	400
2826	520	444	316
2827	76	67	29
2828	14	13	12
2829	116	145	116
2830	3288	3196	3183
2831	3814	3597	3088
2832	1911	1441	970
2833	6	1	1
2834	567	475	440
2835	262	168	147
2836	125	145	78
2837	130	113	92
2838	51	50	36
2839	47	24	25
2840	3482	2905	2682
2841	108	101	85
2842	3	6	1
2843	6	4	4
2844	451	327	211
2845	771	601	410
2846	3619	3505	3470
2847	15	35	15
2848	261	216	150
2849	12	12	20
2850	492	369	241
2851	352	242	164
2852	139	116	59
2853	272	159	129
2854	1010	822	641
2855	119	136	89
2856	382	413	144
2857	101	106	74
2858	976	837	847
2859	133	115	94
2860	4	3	3
2861	91	105	93
2862	269	232	206
2863	64	64	31
2864	0	4	3
2865	85	89	75
2866	5	6	3
2867	586	469	342
2868	3	5	2
2869	0	0	0
2870	0	0	1
2871	3099	2920	2412
2872	0	0	0
2873	622	470	343
2874	598	654	490
2875	887	1148	871
2876	85	60	50
2877	365	306	240
2878	64	45	54
2879	14	2	0
2880	34	28	23
2881	53	40	36
2882	158	149	83
2883	126	97	39
2884	250	197	104
2885	39	22	21
2886	104	93	78
2887	0	0	0
2888	175	100	78
2889	48	58	38
2890	538	407	342
2891	256	215	201
2892	19	10	11
2893	8	8	11
2894	101	101	83
2895	24	16	18
2896	496	452	405
2897	77	67	42
2898	79	72	31
2899	251	224	137
2900	1269	895	666
2901	4	5	5
2902	189	158	116
2903	86	62	51
2904	1897	1968	1669
2905	331	382	200
2906	980	791	587
2907	1	5	1
2908	42	28	27
2909	60	49	42
2910	392	361	232
2911	133	104	90
2912	131	87	70
2913	593	605	515
2914	126	101	62
2915	132	144	125
2916	1653	1403	841
2917	215	153	128
2918	2	4	2
2919	118	93	74
2920	0	0	0
2921	18	28	20
2922	59	41	21
2923	423	385	223
2924	6	5	1
2925	302	266	189
2926	81	61	21
2927	705	595	545
2928	32	28	14
2929	529	498	333
2930	279	259	255
2931	427	361	192
2932	916	807	514
2933	572	474	321
2934	103	124	99
2935	837	861	732
2936	57	68	65
2937	20	4	18
2938	340	303	353
2939	255	151	118
2940	244	210	140
2941	122	82	69
2942	45	41	24
2943	29	30	13
2944	134	142	111
2945	404	356	281
2946	1352	1369	1178
2947	32	32	30
2948	429	356	236
2949	81	65	74
2950	108	92	107
2951	2411	2420	2188
2952	1	0	0
2953	129	97	45
2954	47	52	26
2955	45	43	15
2956	365	285	185
2957	1557	1244	949
2958	39	26	24
2959	1	0	1
2960	72	69	56
2961	160	111	84
2962	1204	938	640
2963	579	451	384
2964	292	290	127
2965	25	26	15
2966	624	410	318
2967	0	0	1
2968	17	15	6
2969	94	91	70
2970	158	141	70
2971	2284	2056	1421
2972	1019	668	518
2973	307	308	223
2974	7	1	0
2975	489	347	240
2976	194	192	111
2977	80	98	57
2978	105	96	50
2979	1	0	0
2980	51	40	30
2981	65	64	47
2982	332	252	193
2983	921	641	620
2984	132	130	84
2985	177	150	97
2986	193	151	127
2987	5183	5700	5432
2988	12	13	6
2989	306	298	215
2990	171	136	101
2991	417	265	221
2992	316	257	335
2993	1	0	1
2994	10	10	5
2995	123	80	89
2996	108	62	51
2997	77	77	43
2998	3286	2444	2003
2999	335	291	177
3000	6797	5480	5178
3001	50	41	44
3002	23	13	23
3003	84	90	103
3004	537	473	309
3005	3	7	12
3006	36	20	16
3007	652	503	408
3008	157	140	102
3009	227	213	148
3010	13	20	13
3011	29	33	21
3012	149	102	78
3013	671	685	585
3014	0	0	1
3015	236	168	155
3016	429	312	220
3017	16	25	6
3018	36	22	24
3019	152	117	103
3020	316	260	192
3021	0	0	0
3022	383	253	195
3023	1638	1482	1269
3024	1450	1402	1322
3025	579	428	287
3026	187	152	89
3027	292	228	131
3028	10793	10864	9875
3029	426	431	291
3030	9	11	10
3031	37	53	25
3032	189	161	142
3033	37	37	38
3034	112	67	57
3035	284	232	238
3036	64	43	30
3037	131	137	74
3038	780	708	760
3039	1039	865	750
3040	594	446	388
3041	2063	2173	2189
3042	51	30	31
3043	1330	1075	860
3044	13	10	7
3045	450	322	317
3046	627	524	438
3047	1310	1041	609
3048	54	61	27
3049	83	88	59
3050	1631	1315	1085
3051	38	35	22
3052	45	34	29
3053	7	2	4
3054	217	184	128
3055	472	405	334
3056	55	32	34
3057	1014	733	632
3058	149	147	107
3059	51	27	16
3060	122	117	79
3061	431	404	310
3062	818	701	548
3063	35	27	13
3064	116	115	113
3065	423	396	317
3066	135	96	88
3067	780	628	542
3068	310	303	248
3069	3	3	5
3070	187	238	164
3071	723	642	535
3072	63	41	36
3073	29	23	9
3074	181	204	149
3075	79	90	70
3076	114	108	97
3077	1	0	0
3078	163	149	112
3079	261	246	147
3080	33	30	45
3081	54	56	41
3082	59	56	44
3083	132	154	109
3084	201	231	179
3085	0	0	0
3086	40	73	28
3087	1578	1549	1431
3088	177	207	180
3089	271	255	189
3090	203	197	176
3091	229	192	178
3092	1357	1308	1073
3093	122	129	79
3094	13	24	11
3095	615	519	427
3096	1	4	1
3097	0	0	0
3098	107	77	72
3099	9	9	7
3100	4	5	3
3101	1	0	0
3102	532	516	414
3103	1450	1079	873
3104	1963	1976	1819
3105	143	151	155
3106	124	108	93
3107	1	3	1
3108	56	44	49
3109	32	27	35
3110	668	636	572
3111	40	79	56
3112	119	98	86
3113	0	0	0
3114	312	272	175
3115	2536	2562	2238
3116	177	224	147
3117	1	1	0
3118	466	413	301
3119	380	350	255
3120	123	110	80
3121	150	228	129
3122	172	241	207
3123	223	179	147
3124	95	70	57
3125	446	334	227
3126	100	68	57
3127	295	316	234
3128	838	711	542
3129	178	166	159
3130	533	451	336
3131	0	0	0
3132	5	10	4
3133	9	13	16
3134	559	452	347
3135	839	739	463
3136	2	0	0
3137	64	53	41
3138	296	261	210
3139	690	617	391
3140	23	13	15
3141	0	0	0
3142	774	644	553
3143	128	92	61
3144	1218	1066	775
3145	144	135	120
3146	945	791	698
3147	538	408	320
3148	6	5	3
3149	10	6	5
3150	275	210	143
3151	2	1	1
3152	230	219	161
3153	401	339	309
3154	91	98	88
3155	42	39	32
3156	70	72	54
3157	166	122	95
3158	349	283	217
3159	8	17	15
3160	4	5	2
3161	123	67	65
3162	78	77	51
3163	90	55	56
3164	425	325	290
3165	527	449	305
3166	23	16	15
3167	25	16	18
3168	101	90	37
3169	49	53	33
3170	2	6	0
3171	594	510	325
3172	0	0	0
3173	3	4	2
3174	79	68	69
3175	1123	1158	1017
3176	172	219	172
3177	29	52	27
3178	22	9	16
3179	181	141	113
3180	718	605	447
3181	11397	10633	9564
3182	1	0	1
3183	6	9	1
3184	2	4	3
3185	28	23	15
3186	1503	1085	1020
3187	148	227	130
3188	2976	2607	2303
3189	0	3	1
3190	755	654	537
3191	8	9	4
3192	249	193	156
3193	28	29	20
3194	26	13	10
3195	154	117	160
3196	886	561	334
3197	96	98	37
3198	2	2	3
3199	660	421	321
3200	175	211	179
3201	6	8	12
3202	25	52	19
3203	122	107	119
3204	440	392	374
3205	118	145	42
3206	5132	5169	5161
3207	555	425	300
3208	1277	1070	834
3209	2521	2286	1686
3210	232	136	92
3211	5	7	3
3212	0	0	0
3213	91	119	77
3214	333	251	258
3215	249	211	210
3216	14	10	4
3217	31	60	28
3218	1587	1267	1021
3219	653	645	398
3220	337	345	297
3221	84	62	68
3222	1287	909	820
3223	49	44	55
3224	29	31	26
3225	927	870	802
3226	35	47	22
3227	80	67	90
3228	845	865	794
3229	2720	2398	1837
3230	25	24	16
3231	60	62	32
3232	215	122	95
3233	1271	1134	790
3234	299	235	172
3235	100	83	72
3236	258	242	218
3237	146	174	132
3238	385	351	308
3239	1853	1943	1684
3240	752	648	558
3241	16	21	10
3242	5511	5690	5547
3243	603	497	570
3244	88	89	107
3245	406	380	257
3246	652	522	300
3247	24	17	31
3248	165	113	120
3249	21	26	16
3250	73	74	60
3251	5	4	4
3252	237	186	122
3253	237	240	150
3254	240	189	141
3255	152	162	109
3256	431	423	369
3257	628	459	348
3258	58	45	48
3259	88	48	49
3260	0	1	0
3261	293	273	232
3262	660	534	359
3263	79	82	41
3264	1182	1199	1041
3265	0	0	0
3266	435	309	218
3267	39	25	20
3268	57	46	54
3269	12	6	8
3270	69	45	36
3271	306	255	217
3272	1595	1520	1335
3273	50	33	20
3274	12	12	9
3275	77	64	51
3276	201	181	130
3277	345	271	232
3278	224	211	162
3279	121	106	113
3280	14	10	7
3281	10	2	13
3282	304	242	243
3283	73	64	34
3284	5	4	4
3285	0	1	1
3286	9	10	9
3287	1	0	0
3288	1	1	1
3289	2	0	0
3290	0	0	0
3291	12	24	18
3292	107	63	59
3293	2742	2644	2457
3294	137	108	79
3295	1378	1172	767
3296	991	833	574
3297	456	395	243
3298	122	94	75
3299	63	55	40
3300	70	71	57
3301	186	153	186
3302	794	872	811
3303	1152	1309	1196
3304	256	204	124
3305	1882	1695	1434
3306	262	237	153
3307	1169	989	788
3308	131	86	105
3309	202	202	240
3310	70	63	28
3311	318	267	276
3312	19	20	18
3313	218	198	159
3314	81	75	29
3315	83	108	70
3316	489	352	237
3317	357	251	186
3318	54	39	32
3319	297	240	184
3320	2	1	0
3321	130	106	64
3322	3	2	3
3323	124	103	84
3324	489	482	459
3325	7	1	1
3326	160	145	138
3327	84	98	55
3328	17	36	26
3329	3	2	3
3330	64	66	40
3331	15	20	22
3332	792	715	410
3333	56	32	36
3334	45	35	44
3335	20	21	27
3336	181	130	103
3337	2	0	0
3338	474	419	306
3339	138	78	75
3340	1095	973	809
3341	531	487	316
3342	94	58	67
3343	1	1	0
3344	921	700	472
3345	56	46	31
3346	165	99	89
3347	526	621	508
3348	1913	1820	1657
3349	200	171	112
3350	392	475	370
3351	69	57	55
3352	255	225	111
3353	0	0	0
3354	4633	4936	4493
3355	36	31	28
3356	212	199	152
3357	1582	1506	1180
3358	897	810	664
3359	22	9	9
3360	125	100	66
3361	335	313	213
3362	136	90	91
3363	95	65	45
3364	25	27	25
3365	79	132	92
3366	1939	1342	1052
3367	303	273	176
3368	12	15	10
3369	2620	1967	1548
3370	768	531	426
3371	210	217	149
3372	11	12	9
3373	283	254	183
3374	12	10	7
3375	81	143	50
3376	724	647	591
3377	76	60	41
3378	47	37	38
3379	1547	1700	1769
3380	111	167	83
3381	334	283	198
3382	2638	2084	1647
3383	454	500	379
3384	11	5	5
3385	0	0	0
3386	379	285	152
3387	24	15	19
3388	1	0	0
3389	267	189	107
3390	965	1043	901
3391	92	74	58
3392	180	139	162
3393	1219	1101	954
3394	160	162	99
3395	315	211	189
3396	38	38	25
3397	574	454	422
3398	682	513	380
3399	0	0	2
3400	0	0	0
3401	0	0	0
3402	0	0	0
3403	0	0	0
3404	11	23	11
3405	16	21	16
3406	25	21	18
3407	23	29	17
3408	936	691	523
3409	1150	801	630
3410	5	1	3
3411	183	166	81
3412	1319	1033	986
3413	2107	1494	1070
3414	11	11	9
3415	0	0	0
3416	57	39	34
3417	14	9	4
3418	94	65	43
3419	12	8	4
3420	177	163	129
3421	30	24	40
3422	234	145	132
3423	124	122	81
3424	1	3	0
3425	245	299	296
3426	516	373	237
3427	160	128	96
3428	931	719	536
3429	123	91	75
3430	17	7	12
3431	240	192	151
3432	41	41	26
3433	313	203	138
3434	158	144	88
3435	175	121	73
3436	437	386	196
3437	931	981	518
3438	28	21	14
3439	102	71	52
3440	274	205	129
3441	628	549	389
3442	0	0	0
3443	1116	1101	811
3444	4	1	1
3445	125	168	77
3446	128	98	75
3447	0	0	0
3448	0	0	0
3449	0	0	0
3450	74	91	116
3451	1	0	1
3452	1	0	1
3453	107	94	77
3454	397	314	306
3455	176	143	144
3456	233	238	157
3457	138	87	63
3458	6	6	2
3459	2120	2105	1844
3460	255	255	158
3461	56	40	42
3462	73	80	49
3463	2	0	0
3464	2	0	0
3465	134	92	67
3466	57	46	40
3467	13	14	22
3468	514	421	411
3469	26	19	17
3470	298	261	162
3471	5	4	10
3472	202	160	133
3473	198	178	124
3474	52	40	26
3475	97	92	55
3476	46	38	35
3477	624	638	500
3478	173	149	93
3479	980	798	582
3480	9	10	9
3481	375	345	203
3482	30	36	16
3483	261	385	308
3484	0	0	0
3485	409	337	315
3486	214	151	90
3487	239	204	120
3488	2427	2136	1733
3489	47	32	19
3490	642	502	440
3491	13	8	10
3492	1624	1491	1339
3493	344	292	230
3494	509	495	406
3495	670	496	377
3496	156	173	143
3497	88	61	48
3498	105	84	55
3499	58	57	53
3500	2157	1640	1272
3501	638	727	614
3502	404	342	224
3503	137	157	100
3504	28	3	9
3505	37	27	20
3506	99	120	59
3507	813	775	473
3508	43	40	23
3509	1384	1186	1170
3510	362	297	180
3511	1704	1464	1068
3512	500	475	355
3513	562	391	301
3514	71	65	40
3515	226	187	128
3516	359	305	259
3517	3	7	5
3518	54	43	44
3519	163	110	148
3520	382	414	247
3521	745	613	440
3522	61	54	34
3523	30	23	22
3524	12	9	7
3525	1276	1207	971
3526	7	5	6
3527	926	739	653
3528	234	268	222
3529	128	74	69
3530	169	141	99
3531	37	27	37
3532	9	8	4
3533	57	50	62
3534	127	108	61
3535	72	50	41
3536	28	34	21
3537	38	40	29
3538	81	62	69
3539	742	670	490
3540	4	1	4
3541	209	169	113
3542	98	71	55
3543	30	29	16
3544	95	54	68
3545	555	474	371
3546	1729	1421	1244
3547	70	69	33
3548	3	6	7
3549	376	417	413
3550	292	231	198
3551	359	386	254
3552	464	367	388
3553	91	49	59
3554	0	0	0
3555	51	34	31
3556	88	71	60
3557	103	62	63
3558	561	419	340
3559	7	6	0
3560	190	157	119
3561	37	93	26
3562	5628	4499	3817
3563	412	312	288
3564	829	820	768
3565	53	44	30
3566	128	141	103
3567	305	252	151
3568	101	115	73
3569	160	77	62
3570	2	6	2
3571	287	265	224
3572	27	29	17
3573	1028	748	703
3574	87	59	63
3575	161	129	93
3576	383	326	265
3577	1254	1165	613
3578	202	179	155
3579	4931	4664	4252
3580	7	5	15
3581	1999	1755	1514
3582	132	116	108
3583	12	12	6
3584	650	396	253
3585	0	0	0
3586	1797	1738	1472
3587	228	210	116
3588	2025	1954	1689
3589	37	31	27
3590	229	202	159
3591	213	184	117
3592	533	567	358
3593	293	246	185
3594	3059	2694	2106
3595	814	663	430
3596	350	373	295
3597	23	9	9
3598	20	12	10
3599	956	847	670
3600	99	89	53
3601	637	532	226
3602	14	13	17
3603	15	12	5
3604	160	138	107
3605	10	10	10
3606	2569	2049	1761
3607	9	15	6
3608	2	8	0
3609	14	17	11
3610	207	148	130
3611	163	164	131
3612	15	17	10
3613	339	228	146
3614	265	210	127
3615	319	281	214
3616	449	390	271
3617	4	3	3
3618	110	92	70
3619	250	209	220
3620	488	574	454
3621	18	8	8
3622	70	69	38
3623	26	29	42
3624	265	196	190
3625	254	250	202
3626	33	41	13
3627	105	69	47
3628	1811	1823	1566
3629	98	75	41
3630	3	0	1
3631	56	53	40
3632	365	301	279
3633	348	326	305
3634	858	819	676
3635	6531	6546	5482
3636	50	44	27
3637	2	2	0
3638	9	7	6
3639	162	145	94
3640	460	359	267
3641	0	0	0
3642	710	653	386
3643	2	1	1
3644	234	187	152
3645	94	79	40
3646	2006	1653	1297
3647	59	67	50
3648	306	261	223
3649	13	31	17
3650	417	337	218
3651	0	0	0
3652	1	3	1
3653	454	445	396
3654	116	105	80
3655	1	0	2
3656	27	34	21
3657	0	1	0
3658	159	145	107
3659	812	574	555
3660	143	105	77
3661	1187	1126	684
3662	170	139	91
3663	18	18	15
3664	25	22	15
3665	107	77	78
3666	59	62	34
3667	87	64	67
3668	77	58	36
3669	2055	1813	1569
3670	72	65	53
3671	2	2	3
3672	4242	3853	3653
3673	0	1	2
3674	0	0	0
3675	12833	13070	12978
3676	2464	2116	1724
3677	315	196	135
3678	1761	1440	1214
3679	1678	1407	1069
3680	2	1	1
3681	0	0	0
3682	0	0	0
3683	1091	836	603
3684	1124	1061	1143
3685	7	10	3
3686	442	461	464
3687	169	192	148
3688	36	32	33
3689	822	818	534
3690	130	98	88
3691	1854	1488	1145
3692	761	794	708
3693	135	81	73
3694	7	16	11
3695	67	59	70
3696	710	562	508
3697	280	205	196
3698	318	310	236
3699	754	702	564
3700	9	13	4
3701	238	219	234
3702	22	16	11
3703	315	345	319
3704	101	105	147
3705	6	5	11
3706	16	0	0
3707	0	2	0
3708	0	0	0
3709	169	134	94
3710	134	88	88
3711	36	37	18
3712	6	13	8
3713	0	0	0
3714	0	0	0
3715	22	20	15
3716	0	0	0
3717	37	38	24
3718	1	0	0
3719	61	47	28
3720	0	2	1
3721	180	151	108
3722	661	623	526
3723	48	35	27
3724	879	682	422
3725	169	123	126
3726	525	475	369
3727	1568	1544	1273
3728	311	224	167
3729	388	321	296
3730	69	55	46
3731	5	7	4
3732	5	7	1
3733	13	12	7
3734	1509	1618	1432
3735	865	738	495
3736	30	25	24
3737	316	314	272
3738	64	51	41
3739	659	485	319
3740	386	434	334
3741	41	47	24
3742	131	175	120
3743	26	60	16
3744	201	192	108
3745	311	277	159
3746	87	61	41
3747	137	126	80
3748	430	371	248
3749	192	180	196
3750	312	296	267
3751	76	91	67
3752	1483	1573	1224
3753	5	2	9
3754	171	191	111
3755	26	18	17
3756	388	372	312
3757	88	48	32
3758	352	305	274
3759	317	288	241
3760	6349	6640	5662
3761	5304	4874	4192
3762	860	879	649
3763	195	176	163
3764	11	11	5
3765	170	130	98
3766	24	8	9
3767	398	433	364
3768	48	54	67
3769	29	34	23
3770	40	39	26
3771	1873	1570	1348
3772	735	714	454
3773	93	109	63
3774	646	631	586
3775	109	69	55
3776	138	111	102
3777	90	80	97
3778	389	444	210
3779	671	670	541
3780	328	248	161
3781	236	243	139
3782	82	139	65
3783	342	327	234
3784	100	105	105
3785	114	103	72
3786	2	4	2
3787	1641	1422	1343
3788	336	265	207
3789	254	187	131
3790	76	59	55
3791	0	0	0
3792	0	1	0
3793	50	30	27
3794	371	264	229
3795	808	663	565
3796	65	74	80
3797	698	736	587
3798	0	0	0
3799	505	287	226
3800	30	33	25
3801	220	114	120
3802	28	34	13
3803	257	227	170
3804	585	531	494
3805	1406	1102	809
3806	348	340	269
3807	83	82	56
3808	44	39	34
3809	0	1	1
3810	25	24	27
3811	42	51	32
3812	543	421	312
3813	366	252	202
3814	169	140	118
3815	364	203	119
3816	176	149	116
3817	238	221	141
3818	1	1	0
3819	444	343	319
3820	434	426	297
3821	75	41	64
3822	0	3	3
3823	155	151	114
3824	3	10	3
3825	737	686	511
3826	109	92	67
3827	98	71	71
3828	1	2	7
3829	30	18	4
3830	568	461	482
3831	1068	772	649
3832	138	110	87
3833	233	250	156
3834	145	136	98
3835	0	0	0
3836	1	1	5
3837	0	2	3
3838	986	946	592
3839	97	93	65
3840	91	82	57
3841	2480	2105	1856
3842	864	948	734
3843	118	81	70
3844	172	194	143
3845	28	20	17
3846	317	246	207
3847	26	64	22
3848	180	136	157
3849	54	65	24
3850	34	29	10
3851	897	881	744
3852	63	33	41
3853	149	101	106
3854	297	251	152
3855	423	335	210
3856	2	1	0
3857	80	75	37
3858	659	483	322
3859	143	174	110
3860	0	2	0
3861	28	18	26
3862	772	651	464
3863	297	197	162
3864	220	182	121
3865	0	0	1
3866	0	0	0
3867	33	31	9
3868	82	90	38
3869	66	69	69
3870	30	38	59
3871	181	136	94
3872	61	51	35
3873	9	7	7
3874	349	272	265
3875	5	5	0
3876	42	16	24
3877	393	318	233
3878	269	297	192
3879	113	115	65
3880	291	284	223
3881	468	353	291
3882	1445	1290	1143
3883	0	1	0
3884	77	54	48
3885	2	4	3
3886	8733	9181	8714
3887	46	50	27
3888	103	79	40
3889	56	29	41
3890	59	47	35
3891	315	207	156
3892	3562	3076	2557
3893	24	23	25
3894	33	22	13
3895	285	231	214
3896	588	604	371
3897	68	65	24
3898	210	132	146
3899	35	23	18
3900	81	67	30
3901	2	3	3
3902	504	424	327
3903	302	258	247
3904	394	415	293
3905	255	201	173
3906	464	328	301
3907	1775	1768	1488
3908	76	77	53
3909	83	62	40
3910	151	182	132
3911	1323	1094	1027
3912	9	13	9
3913	82	73	60
3914	1	1	2
3915	115	104	95
3916	124	74	74
3917	215	195	128
3918	77	64	50
3919	245	87	88
3920	485	489	368
3921	1323	856	700
3922	810	750	505
3923	0	0	0
3924	79	105	67
3925	560	448	414
3926	379	345	223
3927	761	718	580
3928	130	102	91
3929	584	516	419
3930	153	145	63
3931	339	291	160
3932	456	489	521
3933	0	0	0
3934	181	172	108
3935	0	0	0
3936	109	112	95
3937	117	99	89
3938	23	12	12
3939	664	738	650
3940	1152	806	721
3941	244	185	114
3942	0	0	0
3943	824	698	567
3944	17	19	11
3945	546	444	365
3946	27	13	15
3947	91	115	61
3948	262	257	219
3949	143	125	83
3950	430	340	170
3951	604	503	478
3952	0	0	0
3953	88	103	55
3954	48	38	49
3955	1051	856	580
3956	4	5	4
3957	7	3	6
3958	450	308	189
3959	3267	3198	2943
3960	251	187	124
3961	68	64	64
3962	11	9	7
3963	5	7	2
3964	121	96	71
3965	343	257	177
3966	1	1	0
3967	1048	772	616
3968	292	303	180
3969	1296	1137	948
3970	796	669	553
3971	267	260	189
3972	615	501	458
3973	178	211	149
3974	6	1	3
3975	409	270	248
3976	235	188	133
3977	57	58	69
3978	1514	1459	1104
3979	107	86	57
3980	204	135	102
3981	1329	988	750
3982	997	780	682
3983	89	97	69
3984	279	273	184
3985	2277	2001	1824
3986	231	269	142
3987	1315	1020	625
3988	75	66	43
3989	149	133	119
3990	580	457	302
3991	302	299	213
3992	123	102	87
3993	129	119	88
3994	46	42	32
3995	297	228	190
3996	499	476	362
3997	245	200	166
3998	92	89	51
3999	657	496	385
4000	4	1	3
4001	6	21	8
4002	76	55	47
4003	431	381	278
4004	1271	1024	842
4005	247	236	218
4006	752	726	532
4007	2911	2436	1975
4008	282	172	131
4009	82	66	49
4010	197	226	199
4011	1646	1515	1153
4012	301	209	178
4013	6	7	5
4014	308	304	176
4015	141	105	70
4016	649	493	421
4017	131	87	50
4018	732	916	827
4019	182	191	186
4020	34	28	27
4021	1	0	0
4022	2986	2969	2925
4023	183	118	96
4024	268	173	135
4025	1917	1616	1087
4026	121	102	59
4027	303	254	214
4028	19	18	12
4029	2898	2367	2109
4030	1461	960	575
4031	463	391	311
4032	177	139	82
4033	75	70	68
4034	667	620	331
4035	141	117	92
4036	98	97	74
4037	2	3	1
4038	1816	1691	1546
4039	405	397	287
4040	240	183	133
4041	84	68	47
4042	78	55	31
4043	109	90	55
4044	205	170	157
4045	486	451	317
4046	34	30	16
4047	191	150	138
4048	105	122	130
4049	569	517	440
4050	128	96	68
4051	2	0	1
4052	11	13	8
4053	72	55	68
4054	84	74	51
4055	38	27	25
4056	158	139	122
4057	1331	960	727
4058	1795	1394	877
4059	0	0	0
4060	12	38	8
4061	251	252	216
4062	1236	999	806
4063	231	194	103
4064	212	166	148
4065	86	51	35
4066	86	62	40
4067	578	570	330
4068	16	19	15
4069	61	52	36
4070	3	2	3
4071	5	7	3
4072	0	3	5
4073	13	14	8
4074	135	124	89
4075	17	17	9
4076	308	347	245
4077	2	5	2
4078	0	0	0
4079	12	13	13
4080	1	0	0
4081	277	205	157
4082	4	4	4
4083	73	41	37
4084	166	93	94
4085	305	310	193
4086	5	8	10
4087	209	193	143
4088	139	102	67
4089	75	77	71
4090	500	468	263
4091	38	45	40
4092	146	101	77
4093	34	42	21
4094	1	0	0
4095	684	835	725
4096	2	0	0
4097	78	116	35
4098	74	53	27
4099	137	118	77
4100	118	109	88
4101	59	61	53
4102	85	84	79
4103	348	259	160
4104	203	153	85
4105	378	251	278
4106	0	0	0
4107	0	0	2
4108	45	41	46
4109	309	319	242
4110	366	331	209
4111	68	77	41
4112	118	89	54
4113	24	34	28
4114	58	53	25
4115	828	632	632
4116	22	19	20
4117	127	262	161
4118	5	1	4
4119	28	34	26
4120	61	85	48
4121	316	277	219
4122	18	16	12
4123	0	3	0
4124	0	0	0
4125	0	0	0
4126	2	0	2
4127	0	0	0
4128	0	0	0
4129	19	7	4
4130	322	381	365
4131	103	65	47
4132	923	804	554
4133	573	528	495
4134	172	154	87
4135	176	161	77
4136	28	30	20
4137	82	81	72
4138	47	60	45
4139	105	74	58
4140	0	1	0
4141	0	0	0
4142	0	0	0
4143	1	0	0
4144	842	831	525
4145	257	169	128
4146	382	343	301
4147	4	1	0
4148	0	1	0
4149	61	55	52
4150	0	0	0
4151	84	95	72
4152	392	347	326
4153	146	109	71
4154	141	127	93
4155	21	17	6
4156	254	257	186
4157	8	8	11
4158	571	539	450
4159	31	37	25
4160	868	845	642
4161	3673	3080	2598
4162	326	243	142
4163	16	8	17
4164	58	34	23
4165	2406	2158	1800
4166	41	32	23
4167	123	77	47
4168	417	302	254
4169	276	234	174
4170	0	0	0
4171	909	914	830
4172	95	70	44
4173	217	242	244
4174	890	866	701
4175	158	134	103
4176	387	366	246
4177	563	340	263
4178	781	721	429
4179	19	7	11
4180	3	13	6
4181	13281	13615	13192
4182	144	116	123
4183	31	29	19
4184	3	0	0
4185	3	0	0
4186	185	194	109
4187	66	68	46
4188	57	57	35
4189	149	104	84
4190	269	218	127
4191	1041	909	782
4192	1	1	1
4193	5	3	5
4194	63	56	59
4195	328	277	193
4196	26	20	9
4197	0	0	1
4198	162	136	179
4199	149	108	99
4200	12	18	21
4201	252	234	226
4202	172	96	60
4203	210	207	100
4204	6374	6519	6549
4205	3	5	7
4206	377	274	217
4207	120	84	64
4208	112	140	85
4209	63	72	40
4210	85	95	104
4211	1778	1462	1345
4212	76	89	55
4213	46	40	42
4214	60	47	40
4215	94	153	69
4216	112	92	78
4217	0	0	0
4218	3	1	3
4219	414	306	240
4220	162	128	72
4221	11	17	9
4222	848	767	619
4223	0	2	0
4224	241	186	189
4225	56	45	55
4226	1096	914	720
4227	21	22	25
4228	69	86	74
4229	153	149	144
4230	290	296	273
4231	268	198	210
4232	366	264	286
4233	212	160	137
4234	408	411	302
4235	209	174	119
4236	253	267	178
4237	1130	1028	880
4238	65	78	57
4239	448	385	258
4240	568	568	527
4241	43	28	25
4242	1810	1471	1165
4243	193	190	150
4244	17	18	19
4245	691	553	467
4246	1465	1246	1110
4247	560	517	417
4248	489	428	331
4249	48	63	69
4250	0	0	0
4251	9	19	17
4252	17	23	39
4253	12	10	8
4254	128	136	125
4255	104	138	112
4256	147	102	108
4257	3	1	2
4258	2138	1747	1502
4259	9	8	6
4260	167	161	89
4261	16	11	12
4262	2770	2161	1669
4263	11	4	2
4264	160	143	134
4265	117	165	105
4266	137	139	103
4267	2	2	3
4268	122	135	66
4269	359	351	264
4270	387	322	297
4271	26	11	8
4272	1287	987	742
4273	1503	1167	944
4274	1458	1296	908
4275	440	375	232
4276	207	175	106
4277	1801	1526	1216
4278	257	215	196
4279	1138	773	590
4280	71	43	40
4281	4923	4620	4170
4282	91	87	83
4283	568	493	316
4284	191	126	123
4285	510	535	422
4286	199	212	122
4287	1042	820	494
4288	267	262	197
4289	16	18	35
4290	3	3	2
4291	85	96	84
4292	339	247	204
4293	105	89	51
4294	310	316	258
4295	0	2	1
4296	23	16	10
4297	292	234	134
4298	1980	1683	1307
4299	237	214	165
4300	327	253	147
4301	56	57	41
4302	318	290	180
4303	228	217	211
4304	12	6	7
4305	27	14	12
4306	347	319	291
4307	81	69	80
4308	135	146	127
4309	85	105	48
4310	74	85	53
4311	451	335	331
4312	57	54	31
4313	559	488	436
4314	0	1	0
4315	933	737	643
4316	3175	3181	3098
4317	99	107	102
4318	922	675	406
4319	804	770	520
4320	31	47	21
4321	87	71	55
4322	2	3	1
4323	120	132	88
4324	43	74	45
4325	52	44	33
4326	49	53	53
4327	8	6	4
4328	1163	930	763
4329	264	185	175
4330	450	325	286
4331	77	87	44
4332	3842	3519	3319
4333	78	69	44
4334	15	14	11
4335	25	19	14
4336	1586	1559	931
4337	16	15	7
4338	61	64	48
4339	83	92	72
4340	28	31	20
4341	52	37	36
4342	14	11	6
4343	6	2	6
4344	92	88	76
4345	53	44	24
4346	232	197	139
4347	167	175	109
4348	0	1	1
4349	168	157	63
4350	35	51	16
4351	780	516	322
4352	226	198	168
4353	6	18	6
4354	1	1	0
4355	22	22	18
4356	484	422	286
4357	124	120	40
4358	35	46	30
4359	139	146	129
4360	182	147	97
4361	33	31	19
4362	4	4	4
4363	441	329	267
4364	692	663	493
4365	91	80	50
4366	817	636	494
4367	0	2	1
4368	1999	1873	1609
4369	10	13	5
4370	57	60	40
4371	613	540	351
4372	16	17	10
4373	42	55	44
4374	120	133	106
4375	145	105	80
4376	0	4	1
4377	162	203	145
4378	887	880	755
4379	66	56	39
4380	1	0	0
4381	62	51	19
4382	273	258	162
4383	12	15	9
4384	33	40	42
4385	3	1	4
4386	17	42	18
4387	77	135	68
4388	2	0	0
4389	347	413	340
4390	248	196	315
4391	1067	1197	970
4392	592	457	245
4393	1120	839	750
4394	558	422	495
4395	274	266	150
4396	4393	3922	3510
4397	494	394	208
4398	4314	3870	3310
4399	2041	1499	1242
4400	2	3	3
4401	85	85	91
4402	357	311	290
4403	432	382	259
4404	250	315	133
4405	0	0	0
4406	460	479	273
4407	75	74	41
4408	354	342	290
4409	194	130	88
4410	200	171	89
4411	103	90	76
4412	4	3	0
4413	449	416	395
4414	288	278	238
4415	139	97	78
4416	3226	2548	1893
4417	79	117	91
4418	20	17	16
4419	38	34	31
4420	188	155	127
4421	434	372	366
4422	935	860	801
4423	344	242	195
4424	33	35	21
4425	4	10	6
4426	339	334	267
4427	87	66	40
4428	377	399	424
4429	142	165	103
4430	84	88	62
4431	2	2	2
4432	1015	1041	1053
4433	196	217	157
4434	150	104	75
4435	477	409	340
4436	103	68	53
4437	1205	729	712
4438	540	642	454
4439	87	91	60
4440	2	1	0
4441	45	41	34
4442	4027	3745	3306
4443	2	3	1
4444	272	186	196
4445	81	63	42
4446	244	205	124
4447	104	67	35
4448	85	77	49
4449	43	42	39
4450	15	8	4
4451	4	13	7
4452	106	113	108
4453	225	179	141
4454	573	537	427
4455	4	4	3
4456	3736	3347	3085
4457	49	52	29
4458	80	54	39
4459	194	141	111
4460	41	44	21
4461	121	96	61
4462	138	102	55
4463	93	79	46
4464	1537	1401	1334
4465	130	97	97
4466	76	69	43
4467	392	257	197
4468	177	191	146
4469	429	296	293
4470	51	48	33
4471	1583	1292	869
4472	147	153	62
4473	10	6	4
4474	109	87	73
4475	721	666	427
4476	46	41	29
4477	33	29	33
4478	624	500	524
4479	1	1	1
4480	285	222	115
4481	71	85	67
4482	80	61	50
4483	2	1	2
4484	336	390	386
4485	168	184	79
4486	565	511	343
4487	30	18	13
4488	568	586	455
4489	756	681	576
4490	0	0	0
4491	505	346	281
4492	1184	779	484
4493	32	34	28
4494	1	4	1
4495	199	199	141
4496	21	25	10
4497	98	75	64
4498	1	1	0
4499	169	122	81
4500	330	330	326
4501	18	23	9
4502	24	11	13
4503	24	25	19
4504	139	100	90
4505	309	233	139
4506	191	106	78
4507	28	20	26
4508	620	492	387
4509	2	3	1
4510	1373	1248	894
4511	60	66	39
4512	360	303	227
4513	76	80	72
4514	100	143	141
4515	1	0	0
4516	17	15	7
4517	30	34	25
4518	570	508	381
4519	1441	1101	959
4520	57	63	49
4521	3	6	6
4522	208	195	93
4523	78	62	52
4524	206	167	88
4525	257	227	136
4526	8	19	8
4527	426	350	237
4528	46	20	32
4529	2	0	4
4530	67	77	58
4531	35	40	22
4532	1	0	2
4533	0	2	0
4534	50	42	36
4535	3	1	0
4536	368	368	301
4537	12	6	9
4538	958	698	639
4539	7	5	7
4540	1156	831	571
4541	115	83	84
4542	874	667	402
4543	5	0	4
4544	548	346	346
4545	313	285	153
4546	21	34	15
4547	76	45	41
4548	24	24	16
4549	7	6	5
4550	2749	2480	2023
4551	67	52	51
4552	213	281	187
4553	0	1	2
4554	3340	2898	2185
4555	228	173	112
4556	32	28	13
4557	19	21	26
4558	136	111	76
4559	280	277	212
4560	1203	842	749
4561	46	36	23
4562	3336	2787	2572
4563	828	588	494
4564	349	325	217
4565	2865	2699	2528
4566	1129	831	818
4567	153	139	85
4568	760	559	451
4569	116	109	60
4570	184	169	142
4571	1105	896	732
4572	714	582	443
4573	38	30	28
4574	1	0	0
4575	0	1	0
4576	186	141	132
4577	12	4	8
4578	32	31	20
4579	1362	1325	730
4580	103	80	79
4581	0	0	0
4582	86	48	46
4583	15	32	17
4584	0	0	0
4585	89	100	77
4586	41	63	46
4587	39	26	25
4588	880	644	520
4589	196	187	155
4590	167	138	101
4591	61	68	59
4592	793	792	712
4593	157	170	138
4594	1866	1782	1631
4595	110	75	63
4596	6	4	1
4597	501	514	424
4598	1809	1776	1614
4599	55	40	31
4600	300	245	191
4601	106	82	54
4602	428	369	259
4603	652	404	278
4604	150	132	92
4605	97	79	48
4606	1039	824	612
4607	8	16	13
4608	2	9	7
4609	7	2	2
4610	262	237	206
4611	1074	822	809
4612	41	68	68
4613	582	425	400
4614	160	110	70
4615	610	556	478
4616	753	706	398
4617	831	776	693
4618	7	3	4
4619	165	109	102
4620	597	455	398
4621	24	17	28
4622	207	135	125
4623	4	0	1
4624	1126	1089	991
4625	78	63	54
4626	104	91	67
4627	1033	846	624
4628	262	252	228
4629	296	193	171
4630	0	0	0
4631	591	552	301
4632	343	304	270
4633	127	122	141
4634	5	7	3
4635	366	267	223
4636	5	1	1
4637	96	99	100
4638	192	135	142
4639	33	36	41
4640	2136	1731	1519
4641	157	176	145
4642	1064	1066	877
4643	726	739	494
4644	70	80	57
4645	1	2	1
4646	303	248	207
4647	41	44	20
4648	668	580	407
4649	120	87	71
4650	203	165	102
4651	527	674	590
4652	0	0	0
4653	5	4	2
4654	19	11	18
4655	12	8	4
4656	89	88	49
4657	152	119	103
4658	197	192	136
4659	481	445	454
4660	0	0	1
4661	859	721	511
4662	25	20	16
4663	3431	3417	3100
4664	66	52	38
4665	175	135	96
4666	159	129	96
4667	1767	1737	1495
4668	551	514	406
4669	356	240	222
4670	49	58	60
4671	37	56	43
4672	7	12	10
4673	1	0	0
4674	533	506	450
4675	507	382	589
4676	1325	1387	1131
4677	194	286	225
4678	105	55	72
4679	757	637	475
4680	77	91	102
4681	1954	1587	1393
4682	152	162	94
4683	23	34	21
4684	36	41	39
4685	11	5	7
4686	285	262	219
4687	39	50	36
4688	55	67	73
4689	73	78	84
4690	67	65	24
4691	39	44	37
4692	0	0	0
4693	164	123	90
4694	234	213	114
4695	49	43	37
4696	70	63	63
4697	34	32	19
4698	56	44	33
4699	241	274	199
4700	728	713	461
4701	54	41	29
4702	0	0	0
4703	4	7	3
4704	127	128	123
4705	56	27	29
4706	460	347	280
4707	80	83	40
4708	811	700	579
4709	3329	2885	2430
4710	404	301	257
4711	31	27	20
4712	71	81	52
4713	834	655	503
4714	177	172	151
4715	121	102	62
4716	79	67	51
4717	202	139	103
4718	596	648	553
4719	246	241	140
4720	2	2	2
4721	191	163	97
4722	0	0	2
4723	72	55	48
4724	0	0	0
4725	31	35	30
4726	5332	4707	3842
4727	3	5	6
4728	1085	910	807
4729	56	36	39
4730	682	596	491
4731	41	39	21
4732	305	290	227
4733	140	123	141
4734	135	97	80
4735	2103	2092	2073
4736	9	15	12
4737	276	175	132
4738	314	251	212
4739	49	41	15
4740	531	375	279
4741	55	81	67
4742	1221	1077	1032
4743	2989	2633	2104
4744	719	765	452
4745	1291	929	727
4746	59	92	115
4747	15	15	8
4748	290	207	156
4749	663	601	429
4750	269	253	164
4751	165	228	161
4752	246	240	129
4753	41	26	18
4754	760	728	579
4755	200	169	114
4756	60	46	45
4757	71	72	56
4758	1	2	0
4759	714	677	660
4760	105	110	58
4761	237	151	122
4762	183	167	118
4763	1130	1179	1061
4764	196	189	129
4765	240	196	174
4766	1291	1363	1248
4767	36	22	21
4768	1275	904	734
4769	656	764	702
4770	0	0	0
4771	2	1	5
4772	114	112	63
4773	1373	1172	875
4774	62	51	44
4775	9	5	6
4776	0	0	0
4777	3014	2102	1658
4778	6	5	5
4779	0	1	0
4780	37	29	22
4781	167	156	113
4782	0	2	0
4783	439	347	214
4784	20	21	22
4785	182	122	129
4786	113	97	109
4787	41	43	47
4788	264	226	186
4789	475	430	362
4790	134	146	118
4791	98	88	78
4792	627	451	402
4793	62	45	16
4794	263	241	153
4795	462	446	262
4796	359	230	204
4797	85	88	64
4798	0	3	0
4799	50	42	21
4800	2	7	2
4801	4	10	6
4802	1319	905	602
4803	2256	1950	1549
4804	1136	834	780
4805	156	128	100
4806	6	3	3
4807	1211	1027	922
4808	197	194	98
4809	1144	962	803
4810	493	356	208
4811	236	166	129
4812	92	106	110
4813	88	67	55
4814	47	27	21
4815	7	3	10
4816	1164	872	733
4817	11	6	10
4818	52	27	23
4819	1512	1269	917
4820	71	46	40
4821	171	123	90
4822	94	68	56
4823	134	76	57
4824	66	91	57
4825	1168	1297	1049
4826	5403	5081	4913
4827	278	205	191
4828	25	24	23
4829	34	20	16
4830	4	5	2
4831	46	42	28
4832	41	43	27
4833	472	401	331
4834	1	1	3
4835	635	490	283
4836	92	62	53
4837	32	23	13
4838	795	570	458
4839	3438	3184	3041
4840	6794	6893	6319
4841	1327	1336	1011
4842	168	159	94
4843	136	207	74
4844	322	227	168
4845	1627	1585	1391
4846	158	94	78
4847	6	4	6
4848	132	128	136
4849	840	758	609
4850	3	1	2
4851	932	884	750
4852	493	502	243
4853	703	595	456
4854	59	29	40
4855	162	98	61
4856	175	177	154
4857	11	13	12
4858	0	0	0
4859	3	0	0
4860	463	433	273
4861	7240	7317	6888
4862	377	318	209
4863	204	229	94
4864	246	197	139
4865	0	0	1
4866	5	2	10
4867	7	7	12
4868	433	429	363
4869	823	835	673
4870	14	20	5
4871	0	0	0
4872	4	7	4
4873	20	22	10
4874	29	41	18
4875	427	350	251
4876	32	38	21
4877	163	147	118
4878	0	1	0
4879	14	16	10
4880	3	2	2
4881	0	0	0
4882	0	0	0
4883	0	0	1
4884	0	0	0
4885	11	7	6
4886	132	77	56
4887	52	53	49
4888	516	414	278
4889	3039	2814	2371
4890	314	178	160
4891	451	440	253
4892	0	0	0
4893	13	18	5
4894	635	681	625
4895	68	52	50
4896	124	155	165
4897	18	21	23
4898	127	95	72
4899	250	195	193
4900	54	39	45
4901	151	121	91
4902	378	267	275
4903	11	16	2
4904	1139	1149	834
4905	4	0	1
4906	87	50	39
4907	220	188	111
4908	39	32	33
4909	379	225	210
4910	67	65	57
4911	3056	3420	3105
4912	441	535	525
4913	239	265	84
4914	1048	981	916
4915	4	10	4
4916	55	59	37
4917	401	319	226
4918	110	109	81
4919	245	203	118
4920	171	155	110
4921	710	566	553
4922	801	634	553
4923	452	491	347
4924	44	40	38
4925	0	0	0
4926	683	599	493
4927	163	172	123
4928	493	531	368
4929	452	518	349
4930	0	0	0
4931	836	732	707
4932	790	676	589
4933	5	3	1
4934	325	253	179
4935	451	254	214
4936	160	137	85
4937	41	47	35
4938	141	132	79
4939	201	166	112
4940	169	112	114
4941	69	55	48
4942	4543	4026	3291
4943	225	190	98
4944	34	23	18
4945	18	13	10
4946	25	20	18
4947	148	156	86
4948	595	510	320
4949	475	260	196
4950	13	9	6
4951	0	2	1
4952	503	367	324
4953	15	11	11
4954	5	7	3
4955	16	13	3
4956	360	256	241
4957	37	33	21
4958	38	36	25
4959	1259	1064	779
4960	75	76	54
4961	317	236	213
4962	55	72	48
4963	1074	915	749
4964	4531	4507	4217
4965	182	165	96
4966	893	805	690
4967	23	12	11
4968	11	15	13
4969	2	1	3
4970	0	0	0
4971	284	254	184
4972	702	613	575
4973	10	17	11
4974	27	23	13
4975	74	86	82
4976	499	431	328
4977	240	143	100
4978	305	239	263
4979	139	128	99
4980	313	206	114
4981	65	73	30
4982	134	225	72
4983	54	48	34
4984	12	9	7
4985	7	9	1
4986	68	57	47
4987	958	883	627
4988	45	44	20
4989	71	64	33
4990	214	268	101
4991	84	52	38
4992	0	0	0
4993	0	1	0
4994	58	57	48
4995	63	64	59
4996	34	32	19
4997	441	365	271
4998	261	205	150
4999	1342	876	700
5000	58	50	20
5001	209	164	131
5002	35	27	23
5003	3084	3066	2692
5004	848	841	683
5005	31	33	27
5006	11	2	5
5007	89	86	85
5008	31	21	19
5009	371	323	281
5010	289	286	152
5011	5	8	2
5012	101	91	59
5013	102	64	35
5014	264	323	213
5015	219	174	147
5016	1996	1713	1653
5017	6	7	4
5018	140	135	120
5019	189	180	158
5020	845	863	485
5021	82	72	75
5022	130	135	116
5023	323	265	154
5024	2158	1667	1500
5025	29	19	15
5026	295	320	264
5027	64	58	55
5028	484	478	474
5029	750	586	451
5030	43	23	11
5031	41	23	39
5032	103	93	82
5033	380	295	169
5034	1258	905	663
5035	2949	2886	2671
5036	234	195	220
5037	1167	1120	1067
5038	292	258	170
5039	35	37	31
5040	0	0	0
5041	0	0	0
5042	321	289	209
5043	534	318	293
5044	51	53	37
5045	38	38	18
5046	1196	1229	738
5047	63	31	37
5048	154	120	86
5049	13	13	8
5050	30	5	11
5051	16	20	13
5052	146	107	92
5053	187	170	119
5054	225	278	203
5055	3616	3068	2648
5056	974	822	574
5057	4	3	7
5058	908	690	614
5059	121	104	91
5060	59	68	52
5061	40	64	90
5062	2413	2700	2184
5063	142	136	90
5064	3	8	2
5065	15	15	12
5066	8	4	6
5067	9	12	9
5068	9	3	8
5069	358	316	198
5070	10	11	23
5071	92	76	64
5072	1897	1835	1372
5073	1530	1097	801
5074	227	206	156
5075	49	86	49
5076	1725	1666	1281
5077	1167	979	719
5078	554	484	323
5079	46	37	29
5080	65	44	33
5081	37	25	15
5082	53	53	33
5083	22	22	22
5084	7	21	7
5085	150	104	79
5086	2778	2473	2309
5087	27	26	24
5088	7	5	7
5089	651	569	390
5090	163	160	114
5091	169	195	159
5092	824	646	595
5093	54	41	60
5094	783	651	402
5095	258	190	95
5096	0	1	1
5097	437	323	283
5098	3635	3445	3018
5099	636	378	281
5100	29	22	16
5101	868	801	598
5102	4408	3604	3146
5103	228	179	127
5104	7	6	5
5105	140	98	98
5106	3804	2769	2480
5107	57	76	45
5108	41	40	30
5109	156	204	137
5110	281	230	203
5111	257	163	108
5112	12	7	11
5113	55	56	47
5114	205	146	107
5115	339	343	275
5116	2112	1763	1589
5117	0	0	0
5118	42	34	36
5119	943	807	752
5120	315	225	201
5121	2270	1809	1558
5122	179	169	134
5123	172	119	65
5124	4	2	5
5125	11	8	10
5126	46	62	32
5127	9234	9084	8006
5128	1	0	2
5129	4	4	2
5130	61	47	27
5131	374	263	194
5132	172	174	96
5133	26	31	9
5134	25	13	18
5135	0	0	0
5136	50	41	17
5137	301	210	166
5138	22	26	27
5139	3670	3685	3577
5140	380	239	226
5141	7	7	5
5142	289	302	169
5143	20	18	13
5144	0	0	0
5145	79	100	99
5146	514	632	509
5147	38	25	12
5148	6	10	3
5149	18	25	18
5150	199	138	115
5151	426	360	278
5152	57	53	45
5153	1	0	0
5154	9	8	7
5155	2588	1996	1738
5156	84	50	45
5157	432	279	230
5158	1	1	1
5159	142	114	71
5160	106	71	55
5161	979	805	534
5162	1048	657	626
5163	186	104	89
5164	58	53	46
5165	903	767	581
5166	209	181	111
5167	112	136	104
5168	1021	913	748
5169	83	32	55
5170	249	230	184
5171	365	333	295
5172	107	74	51
5173	1423	1330	1181
5174	71	59	88
5175	11	4	6
5176	28	16	23
5177	574	545	390
5178	1	0	0
5179	533	317	275
5180	138	119	80
5181	1	1	0
5182	1145	945	793
5183	294	273	188
5184	200	181	168
5185	2057	1766	1439
5186	794	615	515
5187	300	384	309
5188	861	646	456
5189	151	130	99
5190	1	2	0
5191	295	279	185
5192	42	14	33
5193	195	132	135
5194	45	36	19
5195	249	238	135
5196	445	489	485
5197	202	167	112
5198	832	619	412
5199	19	21	24
5200	463	481	444
5201	1869	1920	1957
5202	81	83	43
5203	786	754	617
5204	1016	809	584
5205	0	0	0
5206	3296	2924	2607
5207	0	0	0
5208	1930	1713	1186
5209	72	52	40
5210	152	130	88
5211	118	101	53
5212	263	323	123
5213	754	634	517
5214	58	33	24
5215	891	890	704
5216	798	898	812
5217	1	2	2
5218	0	0	1
5219	57	58	40
5220	283	201	135
5221	105	103	53
5222	386	368	290
5223	1506	1457	1255
5224	117	90	77
5225	189	129	77
5226	389	283	208
5227	215	188	167
5228	746	688	514
5229	616	652	534
5230	871	771	656
5231	930	845	620
5232	3	8	6
5233	22	28	25
5234	199	184	147
5235	1	2	5
5236	1006	920	831
5237	1	2	0
5238	0	0	1
5239	1	0	0
5240	1	1	0
5241	13	14	10
5242	71	48	32
5243	161	119	73
5244	225	267	217
5245	8	1	11
5246	27	20	11
5247	101	80	56
5248	84	75	58
5249	113	73	55
5250	642	624	455
5251	1344	1192	745
5252	42	41	27
5253	465	488	382
5254	1470	1168	961
5255	101	131	77
5256	186	148	141
5257	6	15	8
5258	203	171	204
5259	527	423	347
5260	747	569	414
5261	538	378	342
5262	336	321	258
5263	12	9	11
5264	154	132	79
5265	101	99	96
5266	895	603	523
5267	103	111	86
5268	20	26	25
5269	169	130	86
5270	40	36	16
5271	162	201	119
5272	29	19	12
5273	0	0	0
5274	296	209	142
5275	0	0	0
5276	0	0	0
5277	145	162	107
5278	61	43	26
5279	122	122	88
5280	202	154	62
5281	1484	830	773
5282	11	13	13
5283	926	593	469
5284	1058	1113	726
5285	89	83	78
5286	4	7	2
5287	525	442	292
5288	11	8	6
5289	274	207	166
5290	4213	3455	2649
5291	124	109	114
5292	2248	2082	1744
5293	143	104	107
5294	86	62	52
5295	3332	2668	1771
5296	4	1	2
5297	137	83	77
5298	428	290	197
5299	3	4	3
5300	829	654	546
5301	93	80	78
5302	274	230	113
5303	135	115	79
5304	1738	1420	999
5305	2024	1551	1204
5306	481	390	293
5307	181	173	155
5308	40	58	47
5309	95	103	56
5310	198	232	190
5311	286	260	145
5312	0	0	0
5313	1087	812	513
5314	230	168	109
5315	0	2	1
5316	278	179	128
5317	40	56	34
5318	910	723	557
5319	1120	1099	1246
5320	341	290	185
5321	2216	2201	1928
5322	315	271	225
5323	72	51	72
5324	135	120	62
5325	244	187	159
5326	136	129	92
5327	7944	7219	6631
5328	12	7	8
5329	219	143	154
5330	126	147	89
5331	508	424	287
5332	875	816	549
5333	824	641	418
5334	63	71	61
5335	343	376	259
5336	302	253	229
5337	3189	3158	2853
5338	16	8	10
5339	219	206	83
5340	2812	2596	2267
5341	502	370	281
5342	15	10	7
5343	61	72	60
5344	472	358	307
5345	138	132	93
5346	221	199	168
5347	20	27	24
5348	81	90	36
5349	2306	1714	1406
5350	393	300	205
5351	972	1110	960
5352	158	110	68
5353	116	104	66
5354	271	237	173
5355	161	119	88
5356	2916	2612	1994
5357	475	428	236
5358	308	279	114
5359	235	206	104
5360	5	3	4
5361	82	80	74
5362	0	0	0
5363	0	1	2
5364	1053	912	650
5365	182	194	123
5366	504	324	228
5367	289	219	137
5368	161	113	95
5369	264	266	185
5370	25	17	12
5371	8	10	5
5372	63	56	52
5373	252	235	146
5374	101	93	68
5375	626	644	425
5376	20	19	21
5377	12	11	13
5378	0	1	1
5379	2497	1691	1261
5380	67	77	40
5381	0	0	0
5382	35	25	25
5383	89	73	55
5384	1	1	0
5385	267	294	261
5386	515	471	418
5387	30	24	17
5388	34	37	21
5389	54	55	17
5390	3	5	5
5391	45	48	39
5392	15	23	18
5393	502	376	326
5394	665	540	511
5395	99	93	80
5396	1	0	2
5397	162	132	109
5398	418	381	280
5399	28	19	20
5400	0	0	0
5401	848	675	583
5402	84	72	52
5403	443	381	260
5404	34	27	27
5405	245	278	240
5406	143	155	85
5407	158	158	141
5408	41	53	27
5409	353	355	238
5410	265	292	244
5411	2	2	4
5412	16	24	11
5413	99	142	52
5414	461	424	335
5415	221	235	114
5416	765	657	567
5417	2	5	0
5418	112	125	68
5419	330	213	156
5420	299	362	222
5421	3	0	3
5422	44	47	20
5423	1102	763	524
5424	267	214	171
5425	25	27	11
5426	93	82	59
5427	87	81	65
5428	16	25	11
5429	173	130	86
5430	178	130	117
5431	29	22	13
5432	1811	1396	1371
5433	1102	966	740
5434	275	270	230
5435	74	98	44
5436	99	104	97
5437	92	63	46
5438	752	569	453
5439	546	425	361
5440	216	223	206
5441	2326	1850	1574
5442	1126	1087	932
5443	3075	3054	2981
5444	207	145	98
5445	280	244	151
5446	1375	1320	1183
5447	833	630	501
5448	17	9	7
5449	254	213	118
5450	1047	766	661
5451	2036	1713	1295
5452	193	150	159
5453	1132	1185	897
5454	1733	1364	923
5455	4	3	1
5456	146	164	125
5457	1120	855	744
5458	0	0	0
5459	32	44	30
5460	6	8	4
5461	29	26	15
5462	24	24	9
5463	1576	1332	1113
5464	81	113	98
5465	299	185	141
5466	4158	3390	2883
5467	238	250	164
5468	510	477	342
5469	17	13	15
5470	1506	1427	1229
5471	559	346	233
5472	2	0	0
5473	10	9	5
5474	12	6	7
5475	0	0	0
5476	946	979	648
5477	154	129	108
5478	4	3	4
5479	64	63	53
5480	73	69	55
5481	55	56	40
5482	9621	9872	9696
5483	111	132	96
5484	63	55	53
5485	0	1	0
5486	608	552	499
5487	152	158	99
5488	610	591	461
5489	500	512	335
5490	2312	2040	1688
5491	245	251	140
5492	0	0	0
5493	0	0	0
5494	4	7	14
5495	0	0	0
5496	33	29	15
5497	342	346	260
5498	5	15	18
5499	23	23	9
5500	2405	2085	1582
5501	5	8	7
5502	1759	1700	1505
5503	215	237	126
5504	19	22	15
5505	9	9	8
5506	621	492	478
5507	169	136	117
5508	7	13	7
5509	1911	1786	1607
5510	1	2	1
5511	20	24	22
5512	375	313	280
5513	58	34	20
5514	52	95	46
5515	249	179	179
5516	156	163	131
5517	13	16	20
5518	0	0	0
5519	260	279	93
5520	93	65	54
5521	582	452	372
5522	16	26	26
5523	90	52	48
5524	1043	943	785
5525	0	1	0
5526	0	0	0
5527	0	0	0
5528	361	224	203
5529	19	25	17
5530	2811	2298	2006
5531	5174	4595	3867
5532	68	59	58
5533	0	0	0
5534	1065	735	410
5535	1132	821	635
5536	157	124	88
5537	35	34	25
5538	0	3	5
5539	13	18	10
5540	16	18	18
5541	2240	1891	1507
5542	0	3	0
5543	23	17	11
5544	160	122	99
5545	557	400	277
5546	294	311	205
5547	106	100	90
5548	535	491	352
5549	11	14	16
5550	1537	1281	1002
5551	147	131	117
5552	140	109	110
5553	670	836	683
5554	804	492	433
5555	43	37	46
5556	63	76	47
5557	4	10	10
5558	1087	791	666
5559	9	16	3
5560	72	80	41
5561	97	107	83
5562	19	16	14
5563	159	152	132
5564	104	89	64
5565	3205	2626	2291
5566	307	236	158
5567	43	34	41
5568	344	338	283
5569	691	445	355
5570	34	7	9
5571	0	1	0
5572	42	36	22
5573	142	119	87
5574	78	58	31
5575	20	24	14
5576	750	496	371
5577	1842	1200	1007
5578	2421	2446	2184
5579	49	74	43
5580	87	90	80
5581	99	95	62
5582	31	14	15
5583	1456	1181	1102
5584	1024	705	534
5585	583	443	267
5586	117	123	89
5587	179	118	98
5588	36	34	24
5589	1923	1759	1480
5590	331	269	212
5591	66	44	50
5592	89	86	46
5593	48	43	25
5594	36	44	31
5595	57	62	53
5596	1025	840	593
5597	39	28	22
5598	183	160	117
5599	1220	1041	624
5600	0	1	0
5601	410	327	254
5602	70	63	49
5603	404	404	303
5604	756	586	510
5605	439	389	336
5606	626	564	435
5607	520	337	267
5608	42	42	21
5609	0	0	0
5610	1151	791	707
5611	156	158	129
5612	162	225	164
5613	202	171	127
5614	2565	2486	1967
5615	178	112	107
5616	0	0	1
5617	187	155	150
5618	123	82	63
5619	1456	1007	670
5620	788	731	746
5621	355	246	212
5622	174	165	102
5623	57	76	76
5624	27	20	10
5625	6	2	2
5626	6	11	10
5627	30	49	41
5628	17	13	12
5629	1170	732	545
5630	425	318	229
5631	2	2	4
5632	60	60	45
5633	184	138	112
5634	1160	1228	1062
5635	11	6	4
5636	821	644	471
5637	323	334	174
5638	189	163	111
5639	62	62	32
5640	0	0	0
5641	1146	920	570
5642	97	91	120
5643	1210	1062	934
5644	5	4	4
5645	2	7	3
5646	35	37	23
5647	32	73	35
5648	28	34	29
5649	6	11	13
5650	42	25	19
5651	413	361	193
5652	1	2	0
5653	182	152	119
5654	0	3	0
5655	64	54	32
5656	189	151	94
5657	35	40	20
5658	48	46	32
5659	0	0	0
5660	778	585	442
5661	168	113	124
5662	243	239	243
5663	263	317	114
5664	617	423	368
5665	68	49	35
5666	118	104	48
5667	851	750	761
5668	1167	1269	1049
5669	70	63	45
5670	716	680	387
5671	29	42	19
5672	632	649	472
5673	953	897	743
5674	12	17	10
5675	98	113	91
5676	181	181	111
5677	11	10	5
5678	166	153	109
5679	4	1	1
5680	84	99	57
5681	660	534	407
5682	80	63	34
5683	50	44	25
5684	271	198	186
5685	103	135	143
5686	326	294	216
5687	130	189	121
5688	17	13	9
5689	0	0	0
5690	2017	1794	1485
5691	1153	1157	1152
5692	21	21	14
5693	137	95	61
5694	313	272	127
5695	4291	3904	3580
5696	82	60	44
5697	134	121	103
5698	137	109	82
5699	655	609	543
5700	154	160	85
5701	3	6	4
5702	46	37	18
5703	0	2	0
5704	21	31	36
5705	1973	2002	1864
5706	28	27	19
5707	15	15	4
5708	1256	932	857
5709	1859	1520	1189
5710	93	70	61
5711	824	588	530
5712	52	39	17
5713	1991	1914	1544
5714	41	46	37
5715	6	12	10
5716	0	0	0
5717	12	7	6
5718	6	8	10
5719	50	52	28
5720	0	0	0
5721	34	30	26
5722	1002	696	608
5723	46	73	54
5724	179	148	132
5725	299	207	141
5726	178	143	110
5727	102	94	74
5728	74	65	38
5729	438	302	275
5730	1193	1149	1044
5731	3327	3131	2729
5732	670	528	411
5733	1025	893	607
5734	322	352	144
5735	39	34	32
5736	264	280	151
5737	245	256	192
5738	42	54	33
5739	39	48	18
5740	205	136	129
5741	145	143	128
5742	0	0	0
5743	206	196	153
5744	62	62	26
5745	189	159	105
5746	162	150	132
5747	435	380	283
5748	97	83	54
5749	2182	2057	1967
5750	102	135	108
5751	1225	1135	901
5752	276	271	197
5753	92	85	65
5754	14	26	26
5755	285	275	120
5756	29	24	13
5757	449	502	382
5758	384	509	338
5759	1	2	2
5760	1	2	1
5761	618	841	465
5762	98	97	85
5763	820	531	404
5764	265	345	186
5765	6532	6494	6462
5766	0	1	0
5767	3	5	4
5768	2	2	3
5769	79	87	38
5770	32	32	48
5771	281	304	167
5772	483	394	329
5773	47	49	57
5774	297	256	172
5775	878	761	449
5776	331	222	157
5777	0	1	0
5778	58	49	39
5779	248	225	118
5780	487	391	287
5781	44	39	19
5782	15	55	15
5783	1468	1413	954
5784	173	154	93
5785	87	93	84
5786	403	440	357
5787	120	92	90
5788	3	0	0
5789	6604	6727	6343
5790	1624	1396	1179
5791	9	25	8
5792	4846	3407	2852
5793	207	192	174
5794	1653	1554	1397
5795	367	292	251
5796	144	142	89
5797	172	187	124
5798	9	18	10
5799	121	126	71
5800	1254	1220	1077
5801	2901	2689	2040
5802	135	77	165
5803	2	0	1
5804	26	24	12
5805	381	349	242
5806	813	768	582
5807	1	3	3
5808	45	44	44
5809	16	11	5
5810	312	279	237
5811	1270	1053	847
5812	977	1109	1154
5813	471	430	362
5814	0	0	0
5815	127	161	119
5816	964	768	576
5817	333	280	204
5818	270	279	215
5819	240	180	108
5820	268	219	133
5821	863	839	717
5822	2	3	6
5823	85	105	68
5824	914	753	599
5825	97	81	40
5826	5	2	0
5827	39	24	11
5828	368	326	212
5829	80	66	71
5830	224	299	301
5831	1612	1417	1055
5832	12	10	5
5833	156	128	72
5834	125	134	96
5835	658	710	523
5836	246	182	149
5837	97	97	49
5838	373	300	266
5839	899	874	655
5840	1126	932	657
5841	4	3	3
5842	204	180	101
5843	32	35	39
5844	101	58	81
5845	961	842	615
5846	4	15	7
5847	0	0	0
5848	9	6	10
5849	0	2	0
5850	106	62	57
5851	158	150	93
5852	192	199	128
5853	0	0	0
5854	400	438	359
5855	80	66	62
5856	480	440	369
5857	11	9	7
5858	693	574	455
5859	301	205	192
5860	554	478	437
5861	111	97	48
5862	199	166	88
5863	131	135	134
5864	429	358	344
5865	119	124	81
5866	4	3	7
5867	77	65	64
5868	1	0	0
5869	740	549	354
5870	15	27	11
5871	5	7	5
5872	16	11	5
5873	311	336	280
5874	56	53	59
5875	11	21	16
5876	332	355	268
5877	40	32	29
5878	96	87	69
5879	24	26	21
5880	139	117	54
5881	141	116	65
5882	0	0	0
5883	752	600	538
5884	176	155	174
5885	523	442	499
5886	22	28	22
5887	398	303	264
5888	424	342	319
5889	441	478	296
5890	1069	1110	1024
5891	278	243	187
5892	1	0	1
5893	27	34	21
5894	1869	1386	927
5895	172	150	99
5896	0	0	0
5897	150	116	83
5898	7	4	4
5899	241	176	93
5900	8	11	4
5901	17	23	15
5902	322	278	215
5903	333	316	187
5904	76	79	66
5905	264	231	204
5906	275	238	165
5907	1033	895	661
5908	259	221	150
5909	5	7	7
5910	64	51	51
5911	5	2	10
5912	88	73	56
5913	142	147	155
5914	606	516	429
5915	1198	1055	673
5916	1114	1210	840
5917	1179	1064	891
5918	588	463	418
5919	44	34	41
5920	63	53	26
5921	490	443	416
5922	8	16	4
5923	233	172	100
5924	7	12	6
5925	949	714	540
5926	174	125	88
5927	276	184	122
5928	53	54	33
5929	285	287	186
5930	66	59	45
5931	1334	1268	1084
5932	1133	918	783
5933	346	348	140
5934	35	19	18
5935	38	33	22
5936	0	0	0
5937	540	413	306
5938	3138	2303	1583
5939	96	74	74
5940	83	71	43
5941	59	70	59
5942	18	21	8
5943	352	332	155
5944	0	2	1
5945	4554	4329	4061
5946	487	395	312
5947	102	96	100
5948	3915	3109	2514
5949	458	349	252
5950	25	15	49
5951	67	81	74
5952	38	38	13
5953	295	225	178
5954	80	130	75
5955	1344	830	777
5956	172	115	107
5957	2	3	2
5958	75	59	51
5959	31	25	8
5960	480	336	258
5961	1267	1070	828
5962	2055	1691	1485
5963	9	15	7
5964	4	4	3
5965	29	26	11
5966	26	35	46
5967	2	0	0
5968	2096	1220	1013
5969	813	587	424
5970	826	834	789
5971	16	16	9
5972	200	141	162
5973	15	23	32
5974	669	536	406
5975	552	503	402
5976	10	6	3
5977	0	0	0
5978	5	1	1
5979	319	301	223
5980	565	517	418
5981	682	579	483
5982	924	811	647
5983	0	0	0
5984	28	26	22
5985	463	385	286
5986	49	23	11
5987	108	102	60
5988	47	44	20
5989	87	69	33
5990	326	265	148
5991	331	330	292
5992	77	87	64
5993	346	336	365
5994	77	54	41
5995	231	192	141
5996	8	4	5
5997	34	26	25
5998	136	110	74
5999	258	209	159
6000	307	381	269
6001	262	267	156
6002	154	117	85
6003	133	170	108
6004	49	98	88
6005	158	153	131
6006	3	4	0
6007	13	12	10
6008	279	200	166
6009	225	177	112
6010	208	158	127
6011	2189	1955	1635
6012	14	12	14
6013	221	214	155
6014	97	67	47
6015	52	57	51
6016	225	212	214
6017	113	93	103
6018	44	60	45
6019	43	49	45
6020	1	1	1
6021	105	93	69
6022	45	57	74
6023	163	149	118
6024	32	24	19
6025	64	79	47
6026	118	117	75
6027	586	658	622
6028	265	267	266
6029	326	358	206
