	-24	-23	-22	-21	-20	-19	-18	-17	-16	-15	-14	-13	-12	-11	-10	-9	-8	-7	-6	-5	-4	-3	-2	-1	0	1	2	3	4	5	6	7	8
THR-MET-TERM (TM*)	7	2	2	7	2	2	4	1	2	2	0	1	0	23	0	2	0	2	1	1	0	1	0	1	1	2	4	6	2	0	5	18	5
CYS-MET-MET (CMM)	7	4	4	5	5	2	4	3	0	6	1	2	10	24	4	3	4	6	4	1	1	6	6	4	4	1	3	2	1	2	9	7	2
ARG-LEU-TERM (RL*)	1	1	0	1	0	1	1	2	4	6	2	0	5	18	5	15	4	8	11	2	1	6	5	0	3	3	2	1	2	0	2	2	5
CYS-ASN-CYS (CNC)	7	7	6	6	9	5	7	8	4	2	1	4	8	33	1	6	6	3	11	5	4	7	12	5	9	8	10	11	10	3	10	8	7
ARG-LEU-LYS (RLK)	1158	987	872	1159	974	819	1270	1191	881	1275	1091	946	4411	4263	905	865	867	841	1013	946	735	973	1049	822	814	909	678	895	683	475	908	973	608
HIS-TRP-TYR (HWY)	7	10	8	8	8	5	7	8	6	15	9	2	11	35	8	34	19	7	10	3	9	6	8	8	4	10	7	11	5	8	4	9	8
CYS-TRP-SER (CWS)	2	3	3	1	2	6	14	3	4	8	5	7	9	20	3	6	0	1	2	6	10	13	10	9	7	7	5	10	2	3	5	9	2
GLN-PRO-TYR (QPY)	133	99	64	122	136	102	116	104	82	143	139	104	370	460	121	146	119	99	143	125	116	151	126	129	157	123	110	146	113	84	153	141	100
ILE-CYS-TRP (ICW)	10	6	2	8	5	8	4	8	12	17	15	7	13	34	4	11	18	6	15	11	4	14	7	5	20	19	10	9	11	13	13	6	4
TERM-GLU-ILE (*EI)	2	5	2	8	3	5	4	7	5	5	4	0	14	10	7	3	7	3	2	6	8	0	0	0	0	0	0	0	0	0	0	0	0
THR-HIS-CYS (THC)	12	14	10	13	7	13	8	9	13	18	6	10	26	45	22	13	20	13	10	18	23	13	25	14	13	18	19	19	20	23	8	15	20
ARG-TYR-ARG (RYR)	152	105	78	157	110	96	204	137	87	149	98	128	368	374	116	126	134	89	159	127	110	142	202	91	99	98	86	152	171	71	122	115	79
TRP-PRO-TRP (WPW)	4	3	0	3	4	3	3	4	2	0	2	3	12	10	5	10	2	4	10	5	1	6	3	0	7	1	6	3	4	4	4	0	2
ARG-ILE-ARG (RIR)	299	280	254	315	271	215	378	327	223	327	300	263	848	754	256	245	255	270	316	302	243	285	263	221	269	266	199	385	261	215	291	235	208
LYS-LEU-LYS (KLK)	2130	1813	1340	2101	1865	1490	2082	1889	1511	2424	2024	1714	6869	4890	1517	1760	1581	1431	2006	1445	1270	1728	1531	1329	1772	1931	1546	1805	1661	1136	2036	2071	1412
ARG-ILE-LYS (RIK)	585	532	380	610	472	410	720	542	417	487	568	437	1683	1347	433	420	438	394	622	544	411	423	582	332	511	534	373	668	343	271	506	568	392
ARG-TRP-LYS (RWK)	66	69	72	80	76	17	82	73	49	64	75	71	175	184	62	71	74	60	89	76	74	88	74	68	80	101	70	73	45	53	78	60	48
LYS-LEU-ARG (KLR)	1166	1054	745	1126	891	774	1129	1008	781	1334	1154	978	3445	2652	909	1065	969	835	1095	914	725	904	930	695	937	1194	895	1037	1199	808	1131	1114	664
ARG-HIS-LYS (RHK)	168	148	107	156	147	130	232	211	101	179	149	108	528	409	124	145	164	132	202	175	130	153	157	115	160	174	134	158	145	81	182	155	148
ARG-PHE-LYS (RFK)	250	283	168	233	228	213	350	320	258	273	257	245	844	649	197	239	206	237	327	356	206	278	333	218	211	252	176	272	244	137	254	209	173
THR-ASN-ARG (TNR)	286	248	171	273	200	152	161	172	147	194	203	150	554	514	204	209	218	159	305	225	153	212	184	135	312	139	113	229	207	161	215	203	201
GLN-HIS-TRP (QHW)	16	16	8	11	10	10	12	9	3	24	14	6	19	34	7	16	33	13	15	16	10	15	13	10	13	14	12	8	20	17	20	11	22
CYS-TRP-ASN (CWN)	9	8	5	2	1	11	3	12	4	13	9	5	34	18	3	6	9	3	9	7	8	6	4	5	6	10	5	16	5	5	11	4	4
ARG-HIS-ARG (RHR)	212	151	123	194	163	117	267	269	133	189	167	149	443	429	135	205	193	129	197	180	129	123	161	122	207	210	164	199	256	148	198	181	100
GLY-TRP-CYS (GWC)	8	31	11	20	12	8	12	7	11	24	17	9	14	28	11	15	15	9	10	10	13	10	15	7	6	16	12	8	7	10	11	7	4
ARG-TYR-LYS (RYK)	227	232	156	191	208	194	233	215	189	196	192	201	511	458	167	188	188	166	225	203	151	161	228	160	182	183	125	175	160	99	207	205	160
ARG-LEU-ARG (RLR)	776	754	650	817	683	653	960	805	562	862	750	789	2118	1721	636	804	644	623	810	755	610	725	739	572	691	704	535	660	626	479	776	685	526
HIS-PRO-CYS (HPC)	11	6	3	19	6	3	11	10	14	18	10	11	9	26	33	5	9	9	8	9	7	12	10	4	19	20	7	18	16	18	7	15	7
HIS-TRP-ASP (HWD)	8	3	5	14	14	7	5	7	33	6	5	3	5	25	11	7	10	30	9	5	17	14	19	9	12	25	21	16	8	6	8	6	3
ARG-TRP-ARG (RWR)	80	85	45	52	69	17	39	56	44	105	93	65	180	148	50	87	50	47	80	64	43	78	69	36	52	99	53	67	23	42	96	83	34
GLY-ARG-CYS (GRC)	40	33	32	42	59	31	50	38	26	68	61	58	51	99	49	75	65	26	45	58	40	50	84	31	22	32	24	36	27	41	31	37	34
LEU-TRP-HIS (LWH)	19	26	15	18	29	27	27	15	7	22	28	10	19	39	16	13	15	12	12	10	11	17	15	12	17	37	15	30	7	16	14	12	9
ASP-ASN-PRO (DNP)	238	198	138	219	195	180	225	227	168	220	194	157	634	497	208	272	181	152	305	305	133	205	193	124	243	194	199	244	257	267	263	202	138
ARG-CYS-ARG (RCR)	43	31	23	30	29	25	38	47	18	41	30	35	83	80	30	27	40	34	28	43	28	63	54	31	27	31	40	39	27	33	45	32	26
ARG-ASN-ARG (RNR)	380	339	270	466	377	276	526	448	287	421	367	278	929	828	301	347	312	326	514	455	242	356	362	310	378	327	243	450	419	280	375	362	277
ILE-PRO-GLY (IPG)	465	491	368	457	422	319	431	411	374	492	449	323	1015	1070	408	692	664	420	555	439	365	466	390	356	753	472	571	717	815	417	334	338	338
TYR-PRO-CYS (YPC)	14	13	5	18	8	9	13	19	9	13	36	13	30	43	14	36	22	5	12	17	7	14	13	46	16	29	28	32	22	19	31	35	34
THR-VAL-CYS (TVC)	73	68	48	90	68	53	50	56	49	51	45	73	99	121	77	66	65	73	41	50	37	76	45	35	90	51	28	46	26	48	45	39	25
HIS-TRP-ASN (HWN)	8	5	16	19	13	10	27	16	13	30	41	14	19	32	5	20	13	15	12	12	10	15	8	18	13	19	2	17	6	24	12	14	7
TRP-ASN-TRP (WNW)	21	14	7	18	15	17	24	24	22	28	14	13	49	43	12	20	17	18	18	18	34	44	40	18	19	16	10	16	30	12	16	13	6
VAL-CYS-GLN (VCQ)	22	30	19	48	42	19	24	29	28	31	31	19	17	56	47	27	27	25	28	20	17	21	23	14	26	21	29	27	21	23	34	25	25
THR-PRO-TRP (TPW)	59	40	14	21	19	24	41	16	17	25	31	25	111	83	23	29	29	24	32	27	31	31	42	32	80	36	44	121	95	32	59	20	19
PRO-CYS-TRP (PCW)	5	2	1	5	8	3	4	4	7	18	8	7	19	19	0	3	2	4	4	9	13	11	16	15	16	9	7	5	19	31	15	4	14
LYS-ILE-LYS (KIK)	1064	1011	805	1074	841	743	1084	998	640	784	851	944	2734	2033	718	954	936	768	1261	1083	787	981	809	647	1064	987	799	1105	764	573	1139	1147	769
ARG-LYS-LYS (RKK)	1224	1121	860	1192	1052	968	1598	1357	915	1423	1218	957	2903	2491	961	1409	1302	1047	1563	1548	970	1284	1294	904	1197	932	785	1185	909	697	1065	1238	797
LYS-ASN-ARG (KNR)	406	377	306	397	379	305	533	428	307	387	351	346	1013	825	351	371	397	286	495	463	272	402	343	278	422	382	296	425	545	264	449	365	242
ARG-TRP-PRO (RWP)	23	20	11	15	14	33	35	21	9	42	38	10	34	39	11	16	18	17	50	18	8	11	14	10	13	15	22	26	6	7	10	8	10
ILE-GLY-CYS (IGC)	143	166	87	146	146	123	184	161	137	183	132	97	235	278	71	110	141	102	146	172	95	128	134	85	151	186	106	102	160	134	112	105	78
GLU-PRO-CYS (EPC)	40	47	38	36	40	27	42	32	29	53	46	36	96	91	27	58	27	22	34	35	46	31	32	32	45	56	64	52	57	51	75	49	39
ARG-MET-LYS (RMK)	219	221	170	260	154	158	264	280	127	220	178	146	420	374	116	163	155	141	186	179	116	158	171	128	128	110	102	221	94	87	214	332	126
