	-27	-26	-25	-24	-23	-22	-21	-20	-19	-18	-17	-16	-15	-14	-13	-12	-11	-10	-9	-8	-7	-6	-5	-4	-3	-2	-1	0	1	2	3	4	5
ARG-ALA_CGAGCG	2	3	2	8	5	1	4	3	2	17	9	12	110	126	6	3	3	3	4	3	3	5	4	2	2	2	10	7	0	1	7	2	0
ARG-PRO_AGGCCG	3	1	1	3	3	1	5	2	3	1	2	4	5	31	0	3	2	0	0	3	1	4	2	2	0	2	3	7	0	4	3	2	1
ARG-ARG_CGACGA	21	8	4	21	6	11	41	29	8	164	67	18	255	334	10	35	31	4	20	16	5	6	11	2	9	8	5	4	4	5	6	3	7
LEU-ALA_CTAGCG	9	6	9	9	11	2	16	6	17	55	56	22	153	159	12	16	8	5	5	7	5	6	6	8	5	2	12	8	5	0	7	5	2
GLY-ALA_GGAGCG	8	7	2	12	6	3	13	9	11	6	7	7	83	77	5	6	3	1	7	5	2	12	2	0	3	6	9	5	2	3	7	7	3
PRO-ALA_CCGGCG	13	13	4	9	10	4	10	10	9	21	8	8	58	99	9	16	6	5	8	7	5	7	9	7	17	5	9	7	19	3	13	5	3
ARG-PRO_CGACCG	1	3	3	9	14	2	10	5	0	35	31	10	112	90	5	1	3	2	7	3	4	4	2	3	9	0	2	5	2	14	2	6	0
ARG-LEU_CGACTA	12	8	4	10	5	10	11	6	3	73	34	10	115	117	7	35	20	5	5	6	3	2	5	6	6	10	8	1	12	4	7	10	12
GLN-ARG_CAGCGA	36	24	6	19	24	10	21	17	8	25	14	20	127	137	5	26	14	11	12	5	4	11	19	8	12	10	15	7	19	7	10	7	9
SER-ARG_AGCCGA	17	5	4	3	9	3	6	5	1	9	6	1	44	49	3	6	1	3	5	12	6	11	3	1	6	2	5	12	14	4	1	11	1
SER-ARG_AGCCGC	3	1	2	5	4	0	2	3	1	1	0	3	27	19	1	3	3	1	3	3	1	3	2	1	1	2	0	2	2	2	1	5	0
VAL-ALA_GTAGCG	5	2	6	2	6	2	4	2	3	4	4	4	47	32	7	6	3	2	8	0	4	10	1	1	8	5	1	3	4	0	2	2	1
LEU-ARG_CTACGA	23	15	10	23	7	7	40	12	10	98	75	17	228	155	8	28	21	11	17	10	15	12	4	8	15	12	13	17	31	13	5	12	8
GLY-ALA_GGGGCG	10	11	11	15	14	8	14	11	11	8	15	38	91	100	32	20	9	12	27	24	13	9	7	6	14	18	24	31	8	3	11	4	6
ALA-ALA_GCAGCG	38	34	8	19	10	18	29	29	13	31	31	23	160	140	29	33	23	12	19	14	12	19	12	8	24	22	8	29	9	10	14	9	6
SER-ALA_TCAGCG	24	22	11	24	17	12	29	15	10	23	14	17	148	127	12	16	10	7	21	13	19	23	30	12	25	20	12	30	17	9	17	16	11
SER-ALA_TCGGCG	7	6	5	10	6	7	21	9	8	11	8	3	72	66	15	27	8	9	8	6	4	12	8	8	12	12	7	19	12	2	5	5	5
ARG-ARG_AGGCGA	13	6	3	7	8	3	3	5	6	40	29	11	45	53	5	21	6	0	21	19	3	3	2	2	2	8	5	2	4	2	7	2	2
THR-ARG_ACCCGA	8	9	5	14	12	7	20	6	7	5	4	6	39	54	4	7	9	8	17	33	4	4	3	4	7	9	9	25	4	2	6	4	2
ALA-ALA_GCGGCG	3	0	4	5	6	3	5	5	3	32	13	5	45	33	1	9	0	4	7	1	3	2	4	2	4	4	3	2	5	0	4	1	3
THR-ALA_ACAGCG	24	14	9	14	11	7	17	21	12	15	12	10	149	99	21	15	8	8	14	7	8	40	10	11	22	8	8	40	11	5	16	13	12
SER-ALA_AGCGCG	0	2	2	3	2	1	1	1	0	3	1	1	31	16	1	2	0	0	3	4	1	2	3	4	3	1	0	1	9	3	7	4	0
LEU-ARG_TTGCGA	44	31	22	46	39	20	49	50	36	75	58	29	315	244	18	54	69	17	34	32	23	54	45	27	46	33	23	38	40	29	26	32	13
VAL-ALA_GTGGCG	37	19	18	32	26	13	27	39	11	73	38	40	318	208	40	57	33	19	52	23	13	29	31	16	46	26	21	41	17	16	35	28	32
HIS-ARG_CATCGA	59	51	26	63	54	31	61	56	25	36	48	31	363	303	29	58	55	26	56	54	21	60	56	29	69	42	40	68	98	23	35	81	42
GLY-ARG_GGCCGA	7	8	2	13	8	6	7	7	4	15	13	6	39	57	10	24	9	4	21	11	6	8	7	5	25	33	6	4	8	7	12	14	5
CYS-VAL_TGCGTG	2	2	3	3	6	2	4	2	1	12	16	7	15	29	26	3	1	2	2	7	5	3	5	2	10	12	7	6	6	5	2	0	3
LEU-ALA_CTGGCG	1	2	3	4	2	6	3	5	4	18	7	7	47	30	5	5	4	2	4	2	5	6	4	4	9	4	3	10	6	2	3	1	1
LEU-ARG_CTTCGA	60	41	20	64	43	24	48	58	26	91	51	31	350	262	21	59	67	18	33	45	16	34	34	26	59	68	23	36	104	20	33	37	17
VAL-ARG_GTGCGA	11	6	5	16	14	3	15	7	4	6	8	13	84	49	4	6	18	5	15	4	3	20	6	5	11	6	3	4	3	1	1	5	6
LEU-ALA_TTGGCG	80	65	34	61	55	41	61	64	47	127	102	47	396	305	58	48	35	52	47	32	33	63	44	34	74	43	31	69	45	14	47	33	27
LEU-LEU_CTTCTA	34	17	3	31	22	7	24	13	17	22	12	11	78	75	11	31	7	5	14	9	4	11	12	8	15	10	9	12	18	11	10	5	2
ARG-ARG_AGGCGT	8	2	1	7	5	3	9	1	3	16	14	14	29	33	9	7	9	1	6	14	5	9	6	2	6	1	6	9	3	2	6	5	0
ILE-ALA_ATAGCG	25	25	9	53	36	16	16	16	14	106	89	33	167	138	22	26	7	6	25	24	14	22	10	13	21	11	10	45	14	7	28	14	7
ARG-ALA_AGAGCG	25	21	10	21	8	4	27	18	8	14	11	19	121	77	16	22	15	3	7	9	6	16	13	15	13	6	10	7	10	6	22	6	12
ALA-ALA_GCCGCG	4	5	1	11	3	4	25	4	4	2	0	4	41	26	5	7	3	0	3	3	0	6	3	2	5	1	0	12	3	1	9	5	2
TRP-ALA_TGGGCG	12	6	2	8	5	5	7	9	4	12	13	5	84	51	10	11	12	7	6	11	3	21	10	8	12	8	11	16	3	3	14	8	4
ALA-ARG_GCCCGA	16	15	5	15	7	5	14	6	3	12	9	14	23	52	4	11	8	5	16	7	5	6	7	3	6	18	9	21	13	11	22	36	8
LEU-LEU_CTGCTA	12	10	1	3	6	7	5	8	2	14	14	7	36	32	2	18	4	5	4	6	3	4	5	2	5	4	8	6	4	3	4	4	6
ILE-ARG_ATACGC	4	7	4	6	3	3	9	8	6	11	8	2	32	24	5	3	5	1	6	4	2	3	1	0	5	2	2	6	3	6	9	4	0
MET-ALA_ATGGCG	26	20	14	45	33	16	24	22	9	22	21	19	159	109	24	24	10	12	30	20	15	28	18	14	17	11	15	40	21	8	23	13	11
ILE-ALA_ATCGCG	10	1	0	4	3	5	1	4	3	3	3	1	26	19	4	1	2	1	4	1	6	8	5	4	5	1	3	6	1	3	10	1	7
GLY-LEU_GGCCTA	1	2	3	6	2	1	4	3	2	4	4	1	20	14	1	3	4	1	4	2	4	3	2	2	3	3	3	0	2	3	2	5	1
THR-ALA_ACGGCG	12	25	11	14	3	3	20	9	13	13	8	10	79	53	14	10	4	7	11	6	6	14	6	13	10	3	3	22	12	1	13	3	7
ASN-ARG_AATCGA	212	109	68	191	132	79	179	133	85	164	100	91	773	654	78	159	191	74	211	200	72	189	120	77	163	119	63	174	161	73	135	170	82
ASN-LEU_AATCTA	104	69	39	102	68	41	117	66	41	88	70	50	496	341	53	81	68	23	76	57	38	72	59	50	52	46	29	98	67	43	89	132	51
LEU-ARG_TTACGA	152	120	67	158	120	57	107	91	68	150	113	61	714	521	55	212	131	55	110	69	48	96	101	56	144	175	50	107	155	70	97	114	57
GLY-ALA_GGTGCG	30	16	20	41	27	17	32	26	14	28	20	24	190	117	31	25	16	16	34	21	18	24	23	16	27	17	12	20	15	13	36	12	11
LEU-ARG_TTGCGC	20	16	6	13	12	7	13	13	7	15	12	16	78	55	3	13	4	5	8	14	5	11	9	6	15	18	7	9	17	12	5	15	8
ILE-ARG_ATTCGA	90	79	45	102	76	45	93	87	42	89	64	68	443	360	47	140	137	33	84	123	44	69	51	44	81	62	32	107	86	41	59	88	52
