	-27	-26	-25	-24	-23	-22	-21	-20	-19	-18	-17	-16	-15	-14	-13	-12	-11	-10	-9	-8	-7	-6	-5	-4	-3	-2	-1	0	1	2	3	4	5
LEU-LYS (LK)	5789	4566	2845	5612	4471	2788	5506	4317	3045	8599	5895	3016	11269	9253	2625	4506	3576	3135	5391	3839	2650	5453	4642	2819	5627	4663	2800	4583	4065	2152	5320	4591	2783
HIS-ARG (HR)	832	625	396	761	648	452	850	639	391	637	529	381	1575	1201	477	759	618	419	834	840	387	704	733	449	1011	680	557	682	1212	381	675	585	417
ASN-ARG (NR)	1709	1197	817	1650	1299	874	1770	1473	838	1644	1272	800	3242	2415	1107	1351	1235	865	2014	1796	759	1528	1261	779	1737	1122	727	1716	1675	843	1458	1330	857
HIS-LYS (HK)	1039	829	536	970	859	527	1192	994	539	904	687	508	1861	1498	464	809	806	614	1300	1031	516	1058	909	581	1339	904	665	948	1042	415	1112	864	687
LEU-ARG (LR)	3529	2825	1843	3457	2931	1884	3324	2712	2031	4888	3439	2104	7167	4761	1926	3427	2535	2005	3178	2500	1716	2932	3042	1855	3237	3423	1942	2840	3883	1726	2826	2600	1784
ASN-LEU (NL)	3719	2948	1821	3704	2844	1798	3839	2903	1765	3216	2650	1689	6463	4481	1930	3341	2750	1535	2916	2300	1681	3058	2296	1598	3334	2323	1510	3701	3291	1773	4016	3759	2013
LYS-ARG (KR)	3631	2886	1899	3862	2893	1870	4010	2962	1915	4534	3598	1844	6216	4846	2217	5283	4114	1955	5391	4894	1898	3342	3066	1715	3319	2751	1568	2959	3546	1900	2804	2714	1651
ARG-ARG (RR)	2468	1941	1289	2665	2151	1312	2767	2194	1479	4562	3264	1618	4361	3365	1609	3506	2901	1493	2970	2965	1386	2387	2362	1357	2180	2519	1243	1724	1829	1250	2009	1810	1215
TYR-ARG (YR)	1099	860	480	976	848	483	1052	774	489	1008	860	547	1984	1296	642	1176	1007	566	1057	878	539	939	937	574	991	790	618	1025	1434	578	919	923	540
GLY-GLY (GG)	4685	4202	2670	4898	4316	2734	4724	4218	2785	4747	4277	2648	6250	5708	2791	5011	4959	2870	4471	4334	2732	4572	4666	2746	4438	5342	2779	2817	3882	2700	2714	2998	2404
MET-LEU (ML)	1043	805	560	1115	853	510	1016	792	598	648	641	580	1568	1133	589	961	639	517	842	678	548	918	580	539	947	694	501	1206	569	579	926	1102	498
TRP-LEU (WL)	668	509	288	612	499	293	581	499	330	803	562	263	1037	728	323	769	548	289	499	412	376	633	535	336	615	554	459	522	301	319	517	582	269
ILE-ARG (IR)	2221	1866	1122	2322	1689	1187	2147	1691	1139	2194	1733	1495	3567	2634	1173	2082	1888	1182	2532	2161	1118	1903	1698	1263	2238	1893	1124	2487	1960	1102	1936	1909	1227
HIS-LEU (HL)	1241	1013	686	1278	1050	705	1449	1190	639	1092	833	678	2335	1550	658	1283	1178	636	1103	887	678	1216	985	752	1374	920	923	1258	1592	635	1395	1402	690
GLN-ARG (QR)	1726	1505	940	1839	1378	815	1843	1485	876	1299	1143	1009	2714	2042	985	1554	1362	908	2246	2034	971	1496	1528	990	1670	1442	1084	1204	2007	897	1431	1325	975
PHE-ARG (FR)	1163	921	586	1232	1006	625	1196	1062	573	849	703	670	1953	1452	806	1257	1050	654	1415	1049	564	967	1160	743	1252	1121	820	1259	2168	565	996	821	637
CYS-ARG (CR)	294	218	151	247	201	150	298	225	139	328	219	178	480	347	105	250	310	179	382	353	140	228	272	142	303	315	205	237	259	148	292	221	159
ILE-LYS (IK)	4049	3355	1990	3835	3082	2067	4005	3171	1856	3703	2932	2231	5522	4391	1780	3759	3180	2148	4437	3576	1928	3629	2887	1960	3988	2867	1861	4043	2068	1501	4007	3448	2281
LEU-LEU (LL)	5768	4500	2896	5634	4596	2660	5390	4546	2949	7543	5531	2956	9308	6425	2624	5037	3731	2594	4516	3476	2812	4693	3888	2807	5438	4860	3231	5303	6531	3276	5496	5503	2705
SER-ARG (SR)	2432	1945	1224	2591	2018	1173	2557	1905	1274	2671	1981	1359	3911	2934	1319	2341	1833	1401	3850	2784	1312	2266	2017	1340	2759	2664	1511	2942	2342	1216	2158	1902	1348
TRP-SER (WS)	464	339	242	452	371	248	515	378	266	557	408	249	669	550	230	516	439	240	405	299	288	627	477	275	489	397	387	496	267	315	590	383	246
GLY-ARG (GR)	2472	1989	1367	2403	2123	1357	2331	2013	1434	2443	2256	1368	3244	2788	1840	2292	2152	1468	3776	3350	1439	2346	2419	1466	2388	2900	1407	1224	1393	1216	1687	1482	1196
MET-LYS (MK)	1113	924	583	1009	808	621	1188	924	597	795	728	569	1438	1152	632	937	662	616	1201	818	527	1037	805	583	1179	827	503	1287	528	430	1045	1161	575
TRP-LYS (WK)	642	510	331	711	490	319	647	487	322	724	458	319	844	709	334	675	526	404	724	498	351	688	678	363	637	661	343	739	355	274	602	524	304
LEU-ILE (LI)	4497	3477	2038	4298	3484	2189	4225	3353	2466	6232	4519	2337	5878	4596	2331	3833	2742	2059	3295	2910	2028	3934	3496	2231	3934	3379	2448	4102	3900	2040	4857	2931	2054
TRP-PRO (WP)	145	154	91	199	152	93	195	175	93	280	217	99	259	235	80	185	166	187	457	275	124	217	182	108	196	158	155	232	97	132	173	132	92
SER-LEU (SL)	4574	3671	2428	4940	3597	2378	4748	3694	2466	4684	3466	2336	6857	5104	2284	4424	3428	2371	4753	3355	2552	4236	3338	2659	4730	4237	3069	5843	4197	2624	4804	4720	2455
ASN-PRO (NP)	1683	1476	968	1843	1424	917	1893	1469	861	1695	1321	875	2451	2047	829	1391	1311	1093	2552	2074	917	1702	1134	950	2012	1138	889	2287	1920	1648	2583	1897	975
HIS-PRO (HP)	797	527	390	748	629	460	734	562	388	703	499	383	1244	927	380	629	579	511	1142	850	392	729	549	446	947	623	744	939	1181	737	1173	815	449
THR-ARG (TR)	1652	1186	749	1591	1243	819	1810	1345	893	1357	1013	928	2443	1748	911	1568	1175	875	2356	1738	899	1480	1135	933	1705	1344	871	2281	933	832	1387	1175	919
PRO-GLY (PG)	1585	1241	856	1684	1328	928	1738	1261	879	1751	1326	825	2219	2027	1124	3790	2812	973	1448	1123	951	1893	1526	1163	2139	1641	1674	2160	2548	919	946	990	857
GLY-TRP (GW)	565	390	323	484	363	241	526	416	266	450	333	288	725	541	225	575	450	297	547	455	307	526	445	322	611	704	299	258	383	336	488	245	244
PHE-LYS (FK)	2231	1764	1046	2058	1684	1094	2242	1673	1016	1413	1274	1063	3101	2219	1110	2102	1756	1177	2847	1949	979	1899	1969	1107	2303	1912	1202	2064	2473	784	2040	1640	1238
GLY-LEU (GL)	3692	2991	1973	3854	2974	1967	3759	3191	1968	3585	3001	2191	5279	3816	2093	3884	3306	1868	3808	3029	2096	3305	2816	1952	3637	4133	2193	2206	2217	2115	3321	3658	1923
LYS-LYS (KK)	7713	6035	3978	7932	6278	4032	8175	6072	4049	9548	7641	3801	9694	8171	3912	10260	7862	4025	9814	8038	3780	8031	7075	3597	7936	5120	3207	7736	5730	3395	7280	6592	3972
PRO-LEU (PL)	2280	1917	1203	2381	1892	1262	2464	1823	1292	2668	2059	1237	3839	2713	1472	4366	2744	1212	2113	1560	1334	2145	1606	1684	3344	2410	2522	3205	2484	1468	2439	2292	1294
ARG-LYS (RK)	3739	3057	1742	3504	2754	1819	3605	2790	2017	5356	4014	1991	4759	3800	1789	5383	4717	1868	3956	3405	1846	3504	3591	1810	3071	3091	1615	2881	2493	1552	3221	2632	1888
TRP-ALA (WA)	425	293	209	470	360	221	413	334	250	480	307	237	538	433	249	446	328	258	361	361	219	526	439	218	446	308	339	543	249	143	489	271	187
VAL-ARG (VR)	2027	1744	1102	2170	1805	1201	2117	1763	1193	1643	1496	1446	2986	2153	1445	2072	1832	1218	3170	2490	1161	1893	1588	1239	2140	1910	1055	1799	1649	1088	1607	1562	1153
TRP-ILE (WI)	495	276	213	425	346	160	433	321	207	499	289	166	471	412	237	483	343	196	366	403	226	481	503	221	424	390	253	428	192	211	466	245	189
ALA-CYS (AC)	378	317	224	437	391	239	428	321	247	393	344	265	384	394	223	351	273	181	356	312	235	381	299	240	416	446	176	352	262	246	389	390	224
HIS-ASN (HN)	874	647	439	814	663	404	933	708	418	808	535	424	1030	811	407	676	583	413	633	640	390	839	776	462	909	580	518	868	864	367	973	771	497
THR-LEU (TL)	3192	2491	1635	3283	2581	1620	3204	2522	1663	2728	2160	1862	4274	3077	1559	3188	2265	1581	2881	2035	1881	2952	1977	1768	3448	2383	1719	4518	1706	1844	3499	3421	1607
GLY-THR (GT)	2320	1829	1175	2318	1987	1288	2285	1799	1249	2288	1771	1165	2507	2151	1308	2106	1773	1132	2449	1876	1314	2067	1744	1216	2381	2104	1215	1530	1335	1109	2777	1249	1089
TYR-LEU (YL)	2348	1906	1193	2242	1860	1221	2411	1810	1089	1932	1620	1126	3355	2325	1315	3307	2656	1163	1947	1485	1230	1895	1676	1162	2445	1627	1304	2430	2690	1302	2708	2630	1248
GLY-ALA (GA)	3257	2485	1742	2970	2589	1766	2980	2450	1821	3033	2619	1930	3664	2921	2023	2688	2391	1650	3013	2475	1858	3173	2519	1624	3053	2852	1733	1931	2187	1442	2835	1767	1522
ASP-LEU (DL)	4113	3338	2261	4361	3303	2174	4326	3571	2114	3286	2985	2582	6305	4177	2115	4750	4219	2201	4556	3194	2429	4239	3224	2190	4588	3737	1889	3956	3157	2448	4582	4336	2230
MET-CYS (MC)	121	103	85	115	106	86	153	128	78	93	95	66	190	124	47	111	76	83	86	84	82	147	80	83	128	123	58	152	106	70	106	115	77
TRP-ASN (WN)	449	351	220	436	334	203	423	273	202	518	316	198	582	411	208	475	360	230	361	348	206	491	482	200	441	400	236	484	188	210	373	319	213
MET-TRP (MW)	137	121	57	140	71	59	109	88	45	73	65	75	129	108	52	117	64	66	110	71	53	87	97	66	149	111	57	188	88	58	105	75	37
