760.0	22.90909622188227
380.0	5.2873061594692485
253.33333333333334	1.6116326453593675
190.0	1.3647734173459682
152.0	0.7843115817486259
126.66666666666667	0.9932303589519228
108.57142857142857	0.864372964912462
95.0	0.5190561248412208
84.44444444444444	0.7391149069587117
76.0	0.47594128162843524
69.0909090909091	0.7120976061575237
63.333333333333336	0.10515763396685177
58.46153846153846	0.19721271908575583
54.285714285714285	1.0047504484347096
50.666666666666664	0.8846529035566751
47.5	0.8402307722563211
44.705882352941174	0.9217616540611225
42.22222222222222	1.2520173746320862
40.0	1.6044262306783237
38.0	2.815876070379789
36.19047619047619	2.1010234265527945
34.54545454545455	2.195071771794961
33.04347826086956	2.7241517737076966
31.666666666666668	2.9120424952806445
30.4	3.1701177599371677
29.23076923076923	2.714335342592682
28.14814814814815	2.5308763675783768
27.142857142857142	2.4718498904085675
26.20689655172414	1.8340110618806347
25.333333333333332	1.7335606438830427
24.516129032258064	2.0566459561632437
23.75	1.1360855500458207
23.03030303030303	1.3866933536523067
22.352941176470587	1.3331612579735899
21.714285714285715	1.0566241068007556
21.11111111111111	0.9535254524992429
20.54054054054054	1.4893285946006651
20.0	1.347236249440607
19.487179487179485	1.3945139686750068
19.0	1.1473321769219893
18.536585365853657	1.7290964512838018
18.095238095238095	1.614958651683707
17.674418604651162	1.5189372254702385
17.272727272727273	2.1586384009622814
16.88888888888889	1.9772835655986465
16.52173913043478	1.869395770332965
16.170212765957448	1.6205013424605783
15.833333333333334	2.236791216154873
15.510204081632653	2.2452990038842646
15.2	2.0448369618067868
14.901960784313726	1.6293544262020878
14.615384615384615	1.9505151249023847
14.339622641509434	1.7490011104991257
14.074074074074074	1.3020684703162626
13.818181818181818	1.6963786038312465
13.571428571428571	1.4534216332640444
13.333333333333334	1.3580286795087422
13.10344827586207	1.2231810067692275
12.88135593220339	1.2728250615725123
12.666666666666666	1.0675798952589766
12.459016393442623	1.5019080141605445
12.258064516129032	1.3587033985430956
12.063492063492063	1.5313579289315944
11.875	1.3515711525212712
11.692307692307692	1.478848864882431
11.515151515151516	1.4952193210746885
11.343283582089553	2.0617055942828055
11.176470588235293	1.7176049978641343
11.014492753623188	1.564424378536652
10.857142857142858	1.8604539476477158
10.704225352112676	2.150635977457059
10.555555555555555	1.9569755572170224
10.41095890410959	2.26131600831746
10.27027027027027	1.3190670160929545
10.133333333333333	1.9340263740034949
10.0	1.9160836880197727
9.87012987012987	1.158327600384615
9.743589743589743	1.4779813910508734
9.620253164556962	1.3446876484318468
9.5	1.0774832838274608
9.382716049382717	1.3291399565940847
9.268292682926829	1.4225909861608752
9.156626506024097	0.8090223957824575
9.047619047619047	1.2194904201447292
8.941176470588236	1.047643321455164
8.837209302325581	1.2492068543625734
8.735632183908047	1.227691287610396
8.636363636363637	0.738510547250164
8.539325842696629	1.0588901787185132
8.444444444444445	1.2502244829280635
8.351648351648352	1.0878035197655114
8.26086956521739	1.297779917638492
8.172043010752688	1.3775162814906747
8.085106382978724	1.4368021448081025
8.0	1.8187480741024407
7.916666666666667	1.3478711637631897
7.835051546391752	2.05513877919682
7.755102040816326	1.4400797301126158
7.6767676767676765	1.1440096304368041
7.6	1.7437631183834856
7.524752475247524	1.888485990751559
7.450980392156863	1.1796164326663756
7.378640776699029	1.6892389243225907
7.3076923076923075	1.82526747615471
7.238095238095238	1.5122087212846598
7.169811320754717	1.2209040979266632
7.102803738317757	1.5022987897560172
7.037037037037037	1.0805331766222424
6.972477064220183	0.9985774287765302
6.909090909090909	1.4142549769323798
6.846846846846847	1.390507062868132
6.785714285714286	1.3685249554351628
6.725663716814159	1.158153247674698
6.666666666666667	1.4375577084008637
6.608695652173913	1.237333619019482
6.551724137931035	1.3798827016120947
6.495726495726496	1.4074179908919557
6.440677966101695	1.3978226730307324
6.38655462184874	1.3134470139919778
6.333333333333333	1.1391621643676977
6.2809917355371905	1.5271257428661673
6.229508196721311	1.480966170592556
6.178861788617886	1.3343440618969111
6.129032258064516	1.0986491402891625
6.08	1.575529929396962
6.031746031746032	1.1243445281944917
5.984251968503937	1.057190335377137
5.9375	1.4220971522238368
5.891472868217054	1.3363479516869454
5.846153846153846	1.316460185700758
5.801526717557252	1.0870946087402908
5.757575757575758	1.2089412917243054
5.714285714285714	1.3030558565274406
5.6716417910447765	1.2104252966153461
5.62962962962963	1.3141242978125298
5.588235294117647	1.3728727983171847
5.547445255474453	1.2373411080105476
5.507246376811594	1.051632422000953
5.467625899280575	1.2829967855134363
5.428571428571429	0.9951976798361004
5.390070921985815	0.9785656262425863
5.352112676056338	1.3982696714234666
5.314685314685315	1.0059768153337425
5.277777777777778	0.9804509500629891
5.241379310344827	1.3184487830003815
5.205479452054795	1.0974781914317797
5.170068027210885	1.2063365905997518
5.135135135135135	1.2176273538837625
5.100671140939597	1.3286713170132491
5.066666666666666	1.4372228589506826
5.033112582781457	1.298891267254346
5.0	1.5171830885588382
4.967320261437909	1.2418277093066945
4.935064935064935	0.9520884684118698
4.903225806451613	1.1771997199661062
4.871794871794871	1.3199319284243283
4.840764331210191	1.2252783098283873
4.810126582278481	1.5075215964609143
4.779874213836478	1.302555283883833
4.75	0.9325757287601916
4.720496894409938	1.073894882847056
4.691358024691358	1.1819119326394358
4.662576687116564	0.8308692386874005
4.634146341463414	0.8504335646158239
4.606060606060606	0.7453158627252104
4.578313253012048	1.1526338171245103
4.550898203592815	0.793565422800461
4.523809523809524	1.0018659490613746
4.497041420118343	0.9717260178594618
4.470588235294118	0.9343957757523128
4.444444444444445	0.8451781646145123
4.4186046511627906	1.0092953738424815
4.393063583815029	0.8561284994309926
4.367816091954023	0.9177304952529701
4.3428571428571425	1.1347798363208812
4.318181818181818	0.9187269803897358
4.293785310734464	1.3625684250824752
4.269662921348314	0.9357642028574771
4.245810055865922	1.0750427814291625
4.222222222222222	1.678184201448944
4.198895027624309	1.4453539685807133
4.175824175824176	1.3758709712172648
4.1530054644808745	1.2854191308576746
4.130434782608695	1.1635156737595485
4.108108108108108	1.2542294271611396
4.086021505376344	1.0851959566927305
4.064171122994653	1.156426155604946
4.042553191489362	0.9047680001672713
4.021164021164021	0.9894170681821526
4.0	1.0336258156274876
3.979057591623037	0.7205947068964571
3.9583333333333335	1.0036848328123935
3.937823834196891	0.7994523408224185
3.917525773195876	0.6040635404885444
3.8974358974358974	0.6654188056594063
3.877551020408163	0.8032831753371191
3.8578680203045685	0.7929433278176555
3.8383838383838382	1.1553330988725918
3.819095477386935	0.9774734377923254
3.8	1.1850343682657105
3.781094527363184	1.097564355885616
3.762376237623762	0.9861179399984067
3.7438423645320196	1.3886003364955433
3.7254901960784315	1.326476555244508
3.707317073170732	1.751327643570949
3.6893203883495147	1.0921897134845984
3.6714975845410627	1.5275814635180116
3.6538461538461537	1.4462743217786107
3.6363636363636362	1.556937294338422
3.619047619047619	0.6887291995574855
3.6018957345971563	1.2625259179641746
3.5849056603773586	1.240376347517158
3.568075117370892	0.876711710804466
3.5514018691588785	0.6152694412556631
3.5348837209302326	0.7246752463195103
3.5185185185185186	0.9812601791844978
3.5023041474654377	0.4565571106967078
3.4862385321100917	0.8834191335159669
3.470319634703196	0.8723196408896923
3.4545454545454546	0.6311561382084455
3.4389140271493215	0.6639366062446972
3.4234234234234235	1.3317460918473534
3.408071748878924	0.813977252411561
3.392857142857143	0.8995582992250952
3.3777777777777778	1.6000274418525886
3.3628318584070795	1.125688113749452
3.3480176211453743	1.3297930644616165
3.3333333333333335	1.597439090559184
3.3187772925764194	1.6647079343927595
3.3043478260869565	1.3885808545192218
3.29004329004329	1.2198754011873791
3.2758620689655173	1.3837604471445728
3.2618025751072963	1.5689868783608436
3.247863247863248	0.9875077242541214
3.234042553191489	0.40487361471650485
3.2203389830508473	0.3425510643654797
3.2067510548523206	0.7516308135351699
3.19327731092437	0.38527657321996195
3.1799163179916317	0.8014319367448477
3.1666666666666665	0.36888231484329514
3.1535269709543567	0.3215616989006756
3.1404958677685952	0.8491124976621685
3.1275720164609053	0.17232117849697728
3.1147540983606556	0.8085337738678225
3.1020408163265305	0.3417678510968323
3.089430894308943	0.6884404585413848
3.076923076923077	0.6733707276594662
3.064516129032258	0.39100077128013366
3.0522088353413657	0.7789329007700884
3.04	0.7528427014490264
3.0278884462151394	0.9404372309671608
3.015873015873016	5.128335324516796
3.0039525691699605	29.35592835557626
2.9921259842519685	5.217921720098707
2.980392156862745	0.6469667322572237
2.96875	0.13184360922918364
2.9571984435797667	0.3450664910163552
2.945736434108527	0.2565257661891619
2.9343629343629343	0.3477173554721468
2.923076923076923	0.3722612266446902
2.9118773946360155	0.31187866624105187
2.900763358778626	0.47760247421712076
2.8897338403041823	0.41705619581767595
2.878787878787879	0.22581098160187404
2.8679245283018866	0.1409394044349456
2.857142857142857	0.266278982389012
2.846441947565543	0.3194967887176806
2.8358208955223883	0.41233875119297375
2.825278810408922	0.07493693569770316
2.814814814814815	0.6111660311363121
2.804428044280443	0.8175291012736514
2.7941176470588234	0.34304181774753917
2.7838827838827838	0.9278919965338271
2.7737226277372264	0.7142107030973001
2.7636363636363637	0.6726835926322626
2.753623188405797	0.9673762675269936
2.743682310469314	1.0589219753510242
2.7338129496402876	1.2205016801859911
2.7240143369175627	1.0542877493744605
2.7142857142857144	0.9303085333876916
2.704626334519573	0.7784951198312013
2.6950354609929077	0.965302626069714
2.685512367491166	0.7545448558326361
2.676056338028169	0.65498677584405
2.6666666666666665	0.7113569069668725
2.6573426573426575	0.7746366111969698
2.64808362369338	0.5946079044653089
2.638888888888889	0.624039336824026
2.629757785467128	0.26012655864459056
2.6206896551724137	0.40407346617106477
2.611683848797251	0.6839536387034704
2.6027397260273974	0.4868002624757727
2.5938566552901023	0.1980916506444777
2.5850340136054424	0.7108663036966119
2.5762711864406778	0.395774935371572
2.5675675675675675	0.5718756983249732
2.558922558922559	0.47254564880611405
2.5503355704697985	0.5808818525978207
2.5418060200668897	0.7052125370857478
2.533333333333333	0.6536541957231985
2.524916943521595	0.5422981364491309
2.5165562913907285	0.7227519276467728
2.5082508250825084	0.7679843595650026
2.5	0.5971560241852432
2.4918032786885247	0.7117023563246486
2.4836601307189543	0.35627034261689744
2.47557003257329	0.3693291998207075
2.4675324675324677	0.516445102073277
2.459546925566343	0.542586575040285
2.4516129032258065	0.14789067450994717
2.4437299035369775	0.42616668219570486
2.4358974358974357	0.6558248963097958
2.428115015974441	0.3894673134685959
2.4203821656050954	0.3537785708846134
2.4126984126984126	0.18801120386090117
2.4050632911392404	0.43078398950606905
2.3974763406940065	0.2152047786077193
2.389937106918239	0.3037185256324191
2.3824451410658307	0.17645976341508993
2.375	0.5709146122654967
2.367601246105919	0.3938385088275386
2.360248447204969	0.4002809945173395
2.3529411764705883	0.5257875565797429
2.345679012345679	0.726422908241714
2.3384615384615386	0.5214605655781023
2.331288343558282	0.4215112181486946
2.324159021406728	0.500215863657829
2.317073170731707	0.5886745563750979
2.310030395136778	0.7400615822337803
2.303030303030303	0.5025281221475483
2.29607250755287	0.0946334729016405
2.289156626506024	0.4351465524993505
2.2822822822822824	0.6728571667550727
2.2754491017964074	0.5271816676644808
2.2686567164179103	0.4521281260398479
2.261904761904762	0.22350765064509218
2.255192878338279	0.25989863737798036
2.2485207100591715	0.09687691083804706
2.24188790560472	0.40373068854272715
2.235294117647059	0.22913366075315952
2.228739002932551	0.1990351370535151
2.2222222222222223	0.13505655214908738
2.2157434402332363	0.24133118940246373
2.2093023255813953	0.17849257400816862
2.2028985507246377	0.2479370852003643
2.1965317919075145	0.3085164841412553
2.190201729106628	0.22346306121516987
2.1839080459770117	0.1478393426261427
2.177650429799427	0.27805004412741413
2.1714285714285713	0.459266809085544
2.1652421652421654	0.2611933209670452
2.159090909090909	0.19501493825059538
2.1529745042492916	0.3272176975816159
2.146892655367232	0.21873200872559398
2.140845070422535	0.2903995362048541
2.134831460674157	0.16470072745003594
2.1288515406162465	0.4181010370148533
2.122905027932961	0.3934164241705298
2.116991643454039	0.14499989596662935
2.111111111111111	0.3204967270266435
2.1052631578947367	0.19257817980835648
2.0994475138121547	0.04744678494837488
2.09366391184573	0.15466510994985744
2.087912087912088	0.24623302077165257
2.0821917808219177	0.34858909538161675
2.0765027322404372	0.08798076214254924
2.0708446866485013	0.2859408142032255
2.0652173913043477	0.21789733982294054
2.059620596205962	0.24722895178260937
2.054054054054054	0.18962983555483562
2.0485175202156336	0.18063947186481902
2.043010752688172	0.23585711900920928
2.037533512064343	0.31224930516955246
2.0320855614973263	0.14005299226759016
2.026666666666667	0.3542605055717726
2.021276595744681	0.21166893568679282
2.0159151193633953	0.2048945757789614
2.0105820105820107	0.07215346828161236
2.005277044854881	0.1590380163213067
