	F0	F1	F2
0	56	62	73
1	1	0	0
2	140	111	55
3	214	244	174
4	67	63	63
5	117	97	117
6	10	12	4
7	71	116	74
8	67	65	41
9	22	18	33
10	179	129	88
11	205	168	101
12	551	384	215
13	767	946	462
14	46	39	27
15	1084	969	618
16	1	0	0
17	3	0	0
18	347	286	200
19	113	119	89
20	85	53	30
21	4	3	9
22	0	0	0
23	17	12	5
24	13	11	6
25	51	41	25
26	28	30	19
27	639	401	253
28	7	5	7
29	13	14	11
30	5	1	2
31	110	85	48
32	23	13	8
33	97	72	53
34	5	6	2
35	26	43	26
36	77	46	29
37	280	253	160
38	58	36	28
39	24	8	7
40	41	28	14
41	424	364	256
42	20	13	7
43	111	109	68
44	23	18	9
45	50	28	20
46	54	32	22
47	66	73	24
48	14	11	5
49	219	215	95
50	195	111	76
51	30	22	15
52	349	307	207
53	75	63	27
54	83	67	34
55	38	35	16
56	1	6	4
57	478	357	221
58	370	239	182
59	79	83	17
60	14	20	12
61	4	4	3
62	61	45	30
63	56	33	15
64	46	38	37
65	48	28	27
66	60	41	33
67	226	108	76
68	35	28	29
69	19	9	9
70	0	0	0
71	90	41	31
72	163	150	72
73	8	17	5
74	31	28	12
75	22	18	6
76	117	63	50
77	7	4	2
78	14	22	7
79	138	101	62
80	11	10	5
81	65	54	41
82	161	75	55
83	53	51	33
84	105	53	45
85	509	394	275
86	28	27	7
87	131	114	62
88	397	308	182
89	11	15	7
90	45	27	16
91	183	123	73
92	77	75	21
93	59	53	41
94	142	101	83
95	30	24	30
96	20	14	12
97	223	219	127
98	269	200	107
99	87	59	19
100	16	11	12
101	364	334	145
102	142	79	65
103	254	201	103
104	111	84	48
105	61	45	36
106	166	149	58
107	38	20	19
108	0	1	0
109	49	36	22
110	23	23	12
111	39	45	20
112	7	2	3
113	10	9	3
114	105	86	47
115	4	2	0
116	120	65	37
117	5	2	2
118	56	45	23
119	57	51	36
120	563	507	234
121	38	27	16
122	30	19	12
123	925	766	598
124	523	419	318
125	339	304	271
126	49	25	18
127	80	61	23
128	18	13	8
129	173	116	49
130	0	2	0
131	182	114	64
132	85	77	25
133	122	68	50
134	447	505	407
135	172	92	68
136	3	4	2
137	7	5	8
138	447	341	270
139	24	17	17
140	94	56	38
141	322	218	148
142	114	113	36
143	67	65	45
144	520	402	291
145	392	238	156
146	2	2	1
147	5	2	1
148	29	19	10
149	841	757	518
150	101	85	50
151	101	63	37
152	129	87	59
153	161	199	132
154	673	620	340
155	311	188	94
156	1	0	1
157	44	25	25
158	19	11	10
159	16	12	7
160	26	31	16
161	749	518	271
162	253	132	117
163	4	3	2
164	111	80	35
165	15	13	6
166	23	37	18
167	161	99	61
168	165	128	67
169	92	70	55
170	23	14	12
171	73	36	33
172	48	45	20
173	126	119	68
174	75	60	47
175	31	25	31
176	107	71	24
177	20	22	10
178	0	0	0
179	1	1	1
180	0	0	0
181	17	11	5
182	28	24	17
183	22	8	7
184	19	25	1
185	38	19	15
186	123	94	66
187	125	150	41
188	0	0	0
189	23	17	9
190	42	26	19
191	14	20	14
192	1	0	1
193	3455	2260	1441
194	13	14	11
195	26	14	12
196	2	5	1
197	0	0	0
198	15	20	12
199	120	112	48
200	8	10	3
201	280	162	96
202	7	11	0
203	226	163	116
204	91	72	66
205	64	49	31
206	48	50	32
207	0	0	0
208	120	62	31
209	48	44	18
210	32	18	13
211	5	3	2
212	41	25	18
213	198	155	163
214	427	434	178
215	0	0	3
216	179	76	84
217	2	11	0
218	97	54	36
219	195	153	58
220	79	48	37
221	1001	761	637
222	317	162	170
223	37	26	18
224	157	83	45
225	953	781	631
226	36	17	20
227	134	101	84
228	78	42	18
229	40	27	11
230	34	26	11
231	0	0	0
232	83	75	34
233	2	3	1
234	0	1	0
235	280	236	182
236	366	267	173
237	129	87	52
238	67	55	42
239	3	5	3
240	114	58	33
241	41	43	21
242	41	38	14
243	0	0	0
244	9	7	5
245	0	0	0
246	1	3	1
247	224	135	120
248	86	58	19
249	10	3	1
250	31	41	16
251	138	107	68
252	54	53	26
253	29	31	13
254	119	143	84
255	213	158	134
256	3	0	0
257	100	81	54
258	265	213	147
259	76	78	29
260	121	78	53
261	47	34	12
262	215	143	93
263	37	19	13
264	149	75	61
265	54	39	29
266	55	56	23
267	77	59	29
268	70	57	56
269	27	23	14
270	20	14	10
271	1	1	1
272	70	67	54
273	86	81	45
274	153	100	65
275	11	4	1
276	7	8	4
277	198	198	150
278	1123	817	633
279	447	420	270
280	32	20	5
281	54	67	25
282	347	195	130
283	151	129	77
284	86	81	24
285	452	417	305
286	247	167	113
287	118	96	76
288	131	88	74
289	145	94	64
290	7	5	3
291	22	22	7
292	75	64	32
293	18	9	8
294	18	20	4
295	372	251	199
296	40	25	10
297	341	257	151
298	464	416	292
299	95	85	51
300	9	12	7
301	94	63	30
302	58	46	27
303	2	4	5
304	203	149	91
305	322	230	111
306	118	104	62
307	57	41	26
308	7	6	4
309	24	16	13
310	181	147	75
311	250	202	114
312	577	455	279
313	2035	1992	1593
314	274	241	177
315	77	64	55
316	78	58	27
317	263	203	79
318	17	17	6
319	46	38	32
320	132	129	62
321	109	85	54
322	0	0	0
323	72	56	21
324	42	28	16
325	55	47	30
326	109	87	64
327	347	230	129
328	44	30	23
329	44	44	20
330	26	18	23
331	40	44	33
332	0	0	0
333	23	19	13
334	4	4	7
335	95	59	62
336	57	40	26
337	72	58	34
338	136	102	65
339	2	3	3
340	39	29	20
341	59	27	25
342	29	17	25
343	206	130	79
344	28	33	18
345	25	38	18
346	35	41	11
347	35	30	37
348	192	146	94
349	172	113	51
350	87	60	44
351	2078	1788	1589
352	95	94	22
353	8	1	0
354	13	12	13
355	77	43	24
356	29	26	12
357	244	159	91
358	49	30	10
359	0	0	0
360	0	1	1
361	2	2	0
362	301	197	102
363	21	16	9
364	157	124	54
365	333	219	143
366	10	6	3
367	132	94	49
368	24	49	8
369	71	47	20
370	162	122	55
371	1	1	0
372	19	14	14
373	27	25	18
374	487	396	235
375	0	0	0
376	2	0	2
377	23	22	14
378	18	19	6
379	88	73	27
380	64	62	37
381	8	4	4
382	256	287	166
383	612	461	301
384	5	3	1
385	1	3	2
386	39	26	13
387	233	215	145
388	295	169	108
389	41	37	15
390	457	322	160
391	529	402	285
392	20	14	11
393	263	226	125
394	271	207	126
395	297	285	180
396	2	0	0
397	43	13	8
398	812	653	487
399	646	552	413
400	10	7	2
401	178	120	94
402	235	191	80
403	18	10	5
404	30	34	13
405	43	56	17
406	37	16	7
407	52	30	24
408	1177	803	520
409	73	89	72
410	32	54	34
411	198	162	97
412	5	3	8
413	0	0	0
414	6	5	4
415	1	0	1
416	6	6	6
417	95	89	33
418	123	109	45
419	0	1	0
420	9	14	4
421	43	43	30
422	61	60	26
423	37	35	16
424	8	3	3
425	39	19	9
426	51	21	13
427	27	24	26
428	31	34	14
429	136	120	86
430	385	365	267
431	424	342	182
432	71	54	28
433	69	51	34
434	48	33	21
435	411	379	225
436	131	94	63
437	88	64	56
438	0	0	0
439	19	10	8
440	44	34	11
441	7	6	3
442	254	163	102
443	8	9	5
444	6	1	3
445	202	159	58
446	157	129	73
447	207	81	55
448	88	90	40
449	0	0	0
450	89	67	37
451	9	9	11
452	194	141	102
453	19	12	10
454	120	78	55
455	1	1	0
456	84	60	42
457	702	506	346
458	159	149	58
459	24	11	11
460	1	0	2
461	0	0	0
462	307	263	142
463	239	219	85
464	892	710	587
465	86	56	34
466	106	99	60
467	539	448	250
468	9	5	4
469	79	90	24
470	164	127	60
471	304	214	109
472	628	371	243
473	27	31	15
474	15	10	5
475	65	60	26
476	3	5	1
477	181	125	87
478	104	64	54
479	85	66	45
480	0	0	0
481	32	24	17
482	91	81	55
483	22	12	3
484	6	15	3
485	52	41	26
486	172	177	68
487	10	1	3
488	63	70	36
489	142	125	97
490	0	0	0
491	40	28	25
492	242	206	105
493	22	26	9
494	331	265	213
495	163	140	97
496	14	8	8
497	11	12	11
498	219	181	96
499	17	11	15
500	77	55	41
501	34	26	19
502	119	58	63
503	195	104	55
504	34	37	32
505	36	24	25
506	13	10	3
507	220	130	82
508	2	0	2
509	0	0	0
510	76	58	36
511	41	28	10
512	5	1	1
513	65	47	28
514	363	236	104
515	13	23	14
516	13	20	10
517	19	16	7
518	434	285	181
519	22	18	9
520	7	16	4
521	40	32	31
522	0	0	0
523	256	184	140
524	216	236	99
525	19	14	14
526	125	84	78
527	52	28	24
528	21	27	11
529	0	0	0
530	9	4	1
531	0	3	1
532	114	99	79
533	23	41	14
534	175	122	86
535	1	0	1
536	22	28	16
537	135	93	53
538	15	16	13
539	16	25	9
540	16	14	14
541	20	15	3
542	1	0	2
543	7	2	1
544	230	128	117
545	8	4	8
546	4	5	5
547	65	42	34
548	0	1	0
549	129	80	58
550	152	81	55
551	7	11	2
552	92	77	47
553	613	404	242
554	54	24	23
555	35	21	15
556	0	0	0
557	42	44	26
558	44	35	17
559	0	0	0
560	123	96	37
561	26	29	10
562	28	17	13
563	37	35	11
564	51	63	39
565	308	191	122
566	66	51	22
567	61	53	22
568	77	65	32
569	984	739	539
570	31	28	18
571	16	23	7
572	142	98	74
573	0	0	0
574	0	0	0
575	83	69	74
576	0	0	0
577	27	32	12
578	27	15	7
579	0	0	0
580	48	19	13
581	48	38	57
582	0	0	0
583	40	47	16
584	5	0	2
585	112	63	52
586	2	3	4
587	96	40	35
588	43	28	25
589	0	0	0
590	14	9	5
591	16	16	11
592	82	71	35
593	85	81	29
594	148	85	43
595	0	0	0
596	94	74	30
597	1731	1636	1510
598	276	286	210
599	298	279	163
600	80	61	28
601	19	22	9
602	21	29	13
603	92	70	29
604	662	502	253
605	196	136	90
606	1443	1151	811
607	65	39	23
608	9	7	5
609	2134	2000	1882
610	145	97	58
611	159	162	109
612	3	3	1
613	0	0	1
614	197	136	83
615	11	4	6
616	47	54	28
617	59	59	31
618	82	43	20
619	75	49	34
620	20	54	36
621	76	42	39
622	19	16	10
623	33	23	17
624	198	168	67
625	130	139	40
626	3	16	3
627	84	68	42
628	292	196	100
629	43	41	10
630	101	48	31
631	18	15	4
632	281	214	81
633	14	12	16
634	219	146	101
635	0	0	0
636	3	4	3
637	0	0	0
638	854	826	501
639	175	155	102
640	165	140	63
641	27	15	6
642	252	183	127
643	23	28	23
644	917	603	415
645	46	20	22
646	10	16	4
647	125	76	40
648	42	34	22
649	92	71	42
650	10	18	14
651	0	1	0
652	107	55	44
653	10	13	6
654	141	89	74
655	4	1	2
656	105	84	57
657	35	47	18
658	515	481	236
659	41	37	22
660	337	291	92
661	355	205	148
662	7	11	3
663	21	22	11
664	37	33	13
665	25	18	10
666	62	42	26
667	87	78	57
668	129	81	45
669	2	0	0
670	46	36	31
671	152	82	66
672	31	22	10
673	123	86	27
674	68	39	23
675	4	5	2
676	1	2	3
677	482	328	235
678	32	26	36
679	146	132	65
680	31	14	19
681	109	100	69
682	41	24	22
683	275	188	102
684	29	34	30
685	14	14	3
686	0	0	0
687	220	146	65
688	11	11	7
689	110	82	44
690	2	3	1
691	68	51	37
692	608	456	279
693	40	32	25
694	67	46	25
695	0	0	0
696	137	119	69
697	11	9	6
698	31	25	9
699	32	16	19
700	0	0	0
701	116	61	42
702	119	69	27
703	1	4	4
704	3	1	0
705	21	21	16
706	6	4	4
707	1	0	0
708	11	14	9
709	10	6	1
710	64	61	27
711	60	39	29
712	80	68	23
713	429	328	221
714	312	244	149
715	260	202	61
716	27	23	15
717	75	48	26
718	6	14	12
719	77	51	26
720	26	16	19
721	35	25	21
722	10	5	5
723	403	267	218
724	37	36	22
725	331	273	193
726	285	165	97
727	98	94	55
728	212	185	160
729	83	64	25
730	264	149	70
731	148	113	46
732	634	368	188
733	6	7	0
734	3	5	5
735	208	163	91
736	53	62	36
737	266	175	126
738	21	14	14
739	2	1	2
740	346	295	200
741	22	22	10
742	269	243	183
743	98	79	58
744	942	836	610
745	84	61	26
746	305	252	159
747	367	236	134
748	38	37	22
749	11	13	10
750	4	1	0
751	266	168	91
752	138	111	70
753	460	316	222
754	52	40	14
755	11	8	13
756	609	504	293
757	144	119	129
758	18	14	9
759	114	77	40
760	25	21	11
761	144	101	65
762	1043	754	410
763	139	112	79
764	51	38	23
765	192	204	171
766	16	20	7
767	9	7	4
768	73	74	56
769	764	697	497
770	132	105	68
771	1517	1235	1011
772	59	42	19
773	153	101	66
774	31	21	24
775	170	140	84
776	87	84	40
777	13	25	3
778	297	236	111
779	164	120	84
780	85	93	76
781	55	38	24
782	77	44	18
783	1260	1310	1018
784	258	221	116
785	28	14	15
786	0	1	1
787	85	74	43
788	200	209	90
789	85	60	40
790	37	24	11
791	82	60	21
792	120	122	72
793	483	350	261
794	1838	1287	811
795	127	85	65
796	105	76	46
797	37	22	18
798	23	15	11
799	30	22	15
800	103	72	35
801	180	116	80
802	33	22	20
803	1339	906	565
804	207	146	50
805	91	58	33
806	118	86	51
807	6	7	7
808	161	106	65
809	10	1	7
810	35	30	20
811	57	53	41
812	108	87	54
813	385	325	146
814	4	7	4
815	0	0	0
816	1	2	3
817	21	14	4
818	57	41	21
819	413	290	160
820	57	46	33
821	10	5	10
822	58	42	26
823	16	7	8
824	510	314	214
825	22	15	11
826	184	118	104
827	308	219	129
828	121	81	82
829	150	127	81
830	57	53	25
831	126	99	52
832	35	19	18
833	141	102	58
834	252	277	97
835	20	15	4
836	60	37	28
837	369	280	220
838	275	235	70
839	48	45	21
840	36	30	18
841	10	11	4
842	140	99	66
843	44	32	23
844	31	26	32
845	4	5	12
846	162	130	57
847	15	27	10
848	486	456	364
849	19	12	6
850	196	133	90
851	23	11	13
852	14	9	13
853	6	5	2
854	243	217	189
855	31	34	18
856	14	12	11
857	246	153	72
858	420	371	286
859	1	1	0
860	2	5	2
861	40	16	11
862	46	54	22
863	24	17	11
864	100	93	50
865	201	134	95
866	229	157	98
867	41	34	15
868	44	47	24
869	14	9	3
870	0	0	0
871	69	57	34
872	11	6	3
873	164	130	78
874	213	149	117
875	49	28	24
876	0	3	2
877	358	315	225
878	1	2	0
879	99	74	46
880	47	35	16
881	14	10	9
882	53	23	13
883	4	3	1
884	28	20	12
885	0	0	0
886	0	0	0
887	9	10	7
888	170	140	72
889	7	6	2
890	460	348	239
891	460	430	321
892	16	12	11
893	70	40	29
894	8	4	1
895	128	103	54
896	11	13	3
897	0	0	0
898	330	345	113
899	102	112	54
900	79	51	25
901	1	0	0
902	24	20	13
903	30	17	17
904	35	23	50
905	49	29	12
906	127	71	51
907	64	38	24
908	134	113	63
909	0	0	0
910	118	96	58
911	39	19	19
912	159	124	92
913	182	101	86
914	99	96	31
915	17	9	3
916	0	0	0
917	22	16	14
918	60	61	37
919	1	1	0
920	1	0	0
921	18	14	5
922	52	67	27
923	77	61	28
924	16	13	4
925	95	71	32
926	65	38	36
927	252	159	86
928	104	63	30
929	180	131	53
930	71	67	45
931	0	0	0
932	1	1	1
933	93	57	44
934	92	41	35
935	167	118	86
936	87	49	60
937	19	12	8
938	96	83	61
939	27	21	13
940	1	0	0
941	184	127	83
942	0	0	0
943	46	25	12
944	88	48	24
945	88	70	31
946	174	118	74
947	391	247	116
948	191	141	85
949	1	0	0
950	33	26	8
951	823	645	403
952	32	41	15
953	35	25	15
954	0	2	0
955	89	72	20
956	6	7	4
957	3	4	4
958	19	15	6
959	3	7	3
960	153	118	95
961	177	153	68
962	278	211	102
963	471	404	310
964	26	10	15
965	13	10	5
966	46	40	14
967	0	0	0
968	462	263	148
969	371	292	165
970	36	40	17
971	59	38	24
972	415	267	163
973	49	39	45
974	16	13	8
975	0	0	0
976	3	3	1
977	86	61	44
978	160	87	67
979	0	0	2
980	7	8	3
981	0	0	0
982	35	19	3
983	213	158	95
984	2389	2000	1626
985	47	49	19
986	160	108	65
987	401	216	100
988	58	38	24
989	1177	833	683
990	329	254	198
991	26	18	5
992	46	35	31
993	4	4	10
994	60	55	42
995	14	21	15
996	0	5	0
997	45	9	10
998	52	38	15
999	27	18	10
1000	43	50	10
1001	304	284	238
1002	31	24	12
1003	0	0	0
1004	114	102	79
1005	19	19	15
1006	950	813	452
1007	0	0	0
1008	91	100	39
1009	357	271	231
1010	66	46	35
1011	43	21	19
1012	177	129	58
1013	28	18	9
1014	40	32	31
1015	84	68	41
1016	661	445	268
1017	120	88	52
1018	921	669	373
1019	0	1	0
1020	84	77	25
1021	277	260	187
1022	44	28	22
1023	0	0	1
1024	97	107	52
1025	25	33	21
1026	6	4	2
1027	479	428	292
1028	73	61	18
1029	409	280	159
1030	68	37	15
1031	14	9	7
1032	82	42	30
1033	123	79	67
1034	31	29	15
1035	30	20	13
1036	21	21	10
1037	9	19	26
1038	53	20	19
1039	115	73	47
1040	136	113	104
1041	211	145	70
1042	153	148	115
1043	17	12	8
1044	21	35	19
1045	33	27	14
1046	1	0	0
1047	102	55	49
1048	53	39	16
1049	0	1	0
1050	55	46	28
1051	199	153	78
1052	5	4	5
1053	80	66	53
1054	0	0	0
1055	168	131	95
1056	185	154	97
1057	89	64	51
1058	127	94	40
1059	1	1	1
1060	938	637	399
1061	42	12	2
1062	1108	955	573
1063	66	54	27
1064	558	367	216
1065	213	242	219
1066	17	11	5
1067	4	5	1
1068	1	0	0
1069	59	34	31
1070	188	131	69
1071	6	6	5
1072	0	0	0
1073	241	185	129
1074	378	363	243
1075	22	7	8
1076	13	7	3
1077	8	6	4
1078	372	272	167
1079	27	27	12
1080	13	19	6
1081	4	0	0
1082	1	1	0
1083	17	19	15
1084	317	233	149
1085	50	44	43
1086	34	45	19
1087	6	6	0
1088	64	32	21
1089	2	5	3
1090	1	0	0
1091	15	16	5
1092	412	287	199
1093	97	71	49
1094	13	19	5
1095	46	41	25
1096	306	218	106
1097	9	2	4
1098	45	43	18
1099	74	57	26
1100	33	29	13
1101	258	201	160
1102	92	80	56
1103	75	74	42
1104	5	5	3
1105	281	204	65
1106	26	9	13
1107	216	139	119
1108	88	93	58
1109	31	31	13
1110	1	0	1
1111	1	2	2
1112	121	105	37
1113	36	23	6
1114	32	8	9
1115	0	0	0
1116	45	29	31
1117	39	42	34
1118	0	0	0
1119	405	302	187
1120	3	9	5
1121	5	8	3
1122	13	10	12
1123	0	0	0
1124	16	7	10
1125	1	2	1
1126	86	50	32
1127	38	28	19
1128	1	0	1
1129	11	4	2
1130	24	25	15
1131	24	18	9
1132	46	36	34
1133	35	32	15
1134	52	44	30
1135	250	186	121
1136	103	64	22
1137	1014	768	338
1138	10	10	6
1139	51	47	16
1140	82	63	41
1141	5	4	3
1142	39	23	12
1143	62	40	30
1144	194	126	75
1145	146	124	95
1146	0	1	0
1147	166	131	57
1148	233	142	99
1149	335	255	164
1150	3	6	7
1151	321	215	131
1152	1029	920	788
1153	32	9	9
1154	173	150	69
1155	70	49	29
1156	9	7	4
1157	578	462	287
1158	1	0	0
1159	12	7	1
1160	241	173	136
1161	72	53	25
1162	107	79	36
1163	116	64	26
1164	32	17	14
1165	296	185	136
1166	0	1	1
1167	16	19	8
1168	55	39	17
1169	9	10	4
1170	467	324	182
1171	77	57	22
1172	1348	739	608
1173	19	6	2
1174	13	7	4
1175	3	1	0
1176	335	179	101
1177	54	58	31
1178	114	102	59
1179	5	1	1
1180	8	0	1
1181	95	58	34
1182	0	0	0
1183	56	28	16
1184	59	47	22
1185	23	11	2
1186	445	316	164
1187	2084	1678	1225
1188	58	36	21
1189	27	24	13
1190	4	16	2
1191	10	9	18
1192	124	89	62
1193	131	71	46
1194	20	11	5
1195	3	3	4
1196	35	56	14
1197	0	1	0
1198	11	9	5
1199	16	42	10
1200	9	4	5
1201	13	11	5
1202	3	3	2
1203	0	0	0
1204	74	58	35
1205	426	330	180
1206	94	44	26
1207	314	248	103
1208	17	22	10
1209	373	242	160
1210	446	380	207
1211	289	210	162
1212	95	73	24
1213	1	0	0
1214	0	0	0
1215	756	521	260
1216	75	52	46
1217	36	46	23
1218	2478	1675	1248
1219	0	2	1
1220	188	129	80
1221	0	0	0
1222	15	15	8
1223	13	17	15
1224	149	91	55
1225	29	33	9
1226	97	52	38
1227	113	104	72
1228	7	4	2
1229	108	64	33
1230	1	0	0
1231	560	447	353
1232	24	24	11
1233	60	36	42
1234	109	77	65
1235	192	156	86
1236	43	21	5
1237	45	123	97
1238	70	36	25
1239	24	27	5
1240	46	45	27
1241	16	9	8
1242	371	284	184
1243	3	3	0
1244	1	0	0
1245	0	0	0
1246	26	18	4
1247	533	401	266
1248	8	10	8
1249	32	31	16
1250	69	42	20
1251	79	64	31
1252	82	88	47
1253	52	37	15
1254	10	9	8
1255	115	81	69
1256	2	0	1
1257	10	6	2
1258	20	15	8
1259	1662	1148	864
1260	30	16	8
1261	36	23	16
1262	40	40	26
1263	56	56	25
1264	21	25	16
1265	1044	907	749
1266	296	213	100
1267	78	60	27
1268	3	5	3
1269	949	700	433
1270	74	55	20
1271	48	41	14
1272	19	14	6
1273	42	31	27
1274	14	6	6
1275	286	231	168
1276	9	7	11
1277	1	2	1
1278	468	308	163
1279	86	77	14
1280	326	269	192
1281	192	161	87
1282	0	0	0
1283	309	316	242
1284	12	13	3
1285	89	59	32
1286	78	79	40
1287	19	35	33
1288	133	122	77
1289	271	168	76
1290	24	26	17
1291	11	17	7
1292	43	40	16
1293	139	123	44
1294	10	5	10
1295	6	4	2
1296	41	43	18
1297	0	0	0
1298	0	0	0
1299	4	8	1
1300	47	45	33
1301	117	83	53
1302	57	54	31
1303	233	163	102
1304	92	58	31
1305	35	30	20
1306	264	287	266
1307	49	25	18
1308	334	331	258
1309	392	279	189
1310	132	165	49
1311	177	113	62
1312	103	74	54
1313	8	4	2
1314	4	4	5
1315	29	33	13
1316	131	163	89
1317	20	20	11
1318	130	107	62
1319	246	164	114
1320	99	91	61
1321	567	506	390
1322	7	12	5
1323	944	1042	681
1324	989	882	778
1325	40	34	26
1326	22	22	25
1327	69	64	33
1328	45	49	12
1329	246	192	148
1330	65	68	33
1331	300	250	136
1332	35	41	15
1333	76	48	72
1334	31	40	30
1335	22	21	23
1336	63	71	31
1337	24	16	22
1338	94	86	48
1339	49	45	31
1340	107	98	91
1341	95	77	56
1342	42	27	29
1343	8	4	8
1344	63	38	29
1345	507	412	385
1346	28	31	30
1347	20	28	16
1348	7	5	8
1349	0	0	0
1350	0	0	1
1351	7	8	7
1352	36	22	26
1353	11	5	8
1354	159	88	55
1355	0	0	0
1356	163	161	92
1357	874	662	407
1358	19	27	16
1359	27	25	14
1360	37	27	22
1361	37	28	15
1362	167	109	92
1363	445	330	201
1364	22	20	12
1365	30	15	12
1366	59	69	49
1367	12	11	10
1368	249	153	110
1369	52	59	27
1370	95	54	62
1371	174	153	97
1372	27	27	14
1373	3	5	3
1374	67	55	50
1375	244	173	115
1376	11	15	19
1377	12	8	6
1378	179	122	78
1379	529	477	252
1380	0	0	0
1381	43	44	18
1382	176	131	63
1383	203	199	113
1384	193	152	95
1385	61	67	30
1386	65	54	46
1387	281	204	179
1388	45	25	12
1389	92	81	49
1390	715	480	267
1391	22	13	12
1392	572	286	245
1393	17	20	7
1394	88	69	48
1395	0	0	0
1396	314	220	91
1397	1	0	1
1398	179	136	75
1399	31	34	10
1400	8	5	1
1401	30	29	16
1402	45	35	21
1403	2	0	1
1404	0	0	0
1405	54	51	28
1406	60	42	16
1407	34	31	12
1408	44	28	25
1409	16	14	11
1410	9	13	11
1411	19	22	13
1412	3	3	1
1413	123	118	40
1414	6	6	2
1415	4	2	2
1416	17	10	6
1417	169	124	75
1418	517	557	209
1419	69	37	17
1420	134	76	64
1421	86	42	29
1422	5	5	4
1423	6	4	0
1424	17	21	14
1425	17	8	9
1426	25	15	7
1427	10	9	4
1428	4	8	3
1429	52	45	20
1430	383	307	157
1431	115	87	40
1432	49	50	32
1433	1	0	0
1434	15	18	10
1435	34	51	24
1436	0	1	2
1437	0	0	0
1438	0	0	0
1439	0	0	0
1440	80	62	38
1441	13	11	7
1442	21	13	8
1443	80	71	42
1444	298	184	115
1445	1144	1037	762
1446	77	72	56
1447	253	254	215
1448	100	61	33
1449	1	0	0
1450	0	0	0
1451	5	4	1
1452	59	47	22
1453	27	20	20
1454	84	57	43
1455	277	256	157
1456	119	83	68
1457	0	0	0
1458	87	42	42
1459	24	8	6
1460	61	45	31
1461	4	3	2
1462	43	32	14
1463	210	163	105
1464	239	201	102
1465	118	67	56
1466	10	11	5
1467	53	59	45
1468	17	15	10
1469	69	37	21
1470	17	15	10
1471	130	140	56
1472	105	66	35
1473	29	19	18
1474	27	19	7
1475	97	80	45
1476	62	51	26
1477	97	79	57
1478	841	516	337
1479	124	107	63
1480	135	122	65
1481	303	170	137
1482	208	150	96
1483	116	76	45
1484	74	84	38
1485	17	9	6
1486	0	2	0
1487	0	0	0
1488	97	76	42
1489	569	515	363
1490	32	30	13
1491	0	0	0
1492	50	29	21
1493	18	14	6
1494	80	68	48
1495	12	5	7
1496	127	73	51
1497	103	108	66
1498	0	0	1
1499	44	36	20
1500	54	29	14
1501	177	117	86
1502	399	350	284
1503	69	65	41
1504	29	18	9
1505	187	129	126
1506	0	0	0
1507	1	3	0
1508	119	102	61
1509	165	100	66
1510	23	10	16
1511	121	67	33
1512	2	9	2
1513	53	49	15
1514	70	59	14
1515	121	95	41
1516	32	21	9
1517	12	4	5
1518	223	137	135
1519	0	0	0
1520	114	172	39
1521	24	20	9
1522	51	53	26
1523	165	145	107
1524	11	6	2
1525	6	0	2
1526	6	5	8
1527	93	75	42
1528	165	111	57
1529	23	13	12
1530	267	257	104
1531	189	127	60
1532	47	74	16
1533	114	80	28
1534	60	63	21
1535	196	181	100
1536	118	103	54
1537	3	2	4
1538	72	54	30
1539	424	307	267
1540	336	204	107
1541	250	153	82
1542	2	1	1
1543	0	0	0
1544	98	96	42
1545	1073	794	464
1546	2	1	1
1547	121	106	58
1548	1	0	0
1549	0	0	0
1550	168	166	62
1551	358	274	164
1552	119	115	62
1553	43	43	17
1554	74	32	24
1555	102	80	58
1556	114	122	39
1557	2	1	1
1558	0	0	1
1559	65	51	26
1560	144	94	69
1561	63	61	30
1562	87	67	43
1563	124	89	47
1564	10	7	3
1565	78	44	31
1566	414	293	148
1567	72	55	47
1568	0	0	0
1569	95	91	42
1570	116	110	59
1571	3	6	3
1572	421	366	248
1573	173	177	129
1574	10	2	2
1575	36	16	11
1576	35	17	10
1577	192	162	89
1578	105	72	50
1579	61	44	12
1580	511	370	209
1581	29	28	20
1582	0	0	0
1583	93	85	42
1584	479	332	196
1585	76	65	37
1586	35	26	9
1587	0	0	0
1588	1585	1075	869
1589	0	3	0
1590	0	0	0
1591	11	7	4
1592	129	98	78
1593	3	4	4
1594	6	4	2
1595	21	16	16
1596	18	14	6
1597	27	56	33
1598	51	28	24
1599	3	2	2
1600	99	59	43
1601	79	66	49
1602	25	12	9
1603	238	165	97
1604	341	226	136
1605	68	47	33
1606	142	114	56
1607	0	1	0
1608	315	261	161
1609	243	178	175
1610	5	6	3
1611	0	0	0
1612	7	7	4
1613	34	32	14
1614	18	15	12
1615	107	103	76
1616	43	27	15
1617	1	0	0
1618	278	195	136
1619	106	68	44
1620	34	19	13
1621	160	88	70
1622	11	6	5
1623	2	5	1
1624	18	10	4
1625	547	400	297
1626	98	69	41
1627	0	1	0
1628	12	4	5
1629	1073	757	484
1630	52	29	19
1631	65	71	42
1632	225	160	113
1633	125	108	69
1634	87	85	36
1635	17	21	22
1636	2	3	5
1637	56	46	28
1638	110	81	50
1639	14	8	9
1640	108	95	101
1641	185	173	92
1642	2248	2228	1793
1643	8	5	2
1644	108	99	66
1645	29	14	10
1646	66	49	48
1647	9	13	1
1648	214	233	141
1649	3	5	4
1650	1515	1301	943
1651	86	78	27
1652	6	1	1
1653	243	125	84
1654	84	44	30
1655	500	436	215
1656	24	15	10
1657	50	41	22
1658	518	529	468
1659	180	131	106
1660	1	1	4
1661	66	43	34
1662	134	78	69
1663	79	62	35
1664	69	40	36
1665	24	18	12
1666	0	0	0
1667	113	130	73
1668	6	6	4
1669	325	221	167
1670	248	179	114
1671	36	30	12
1672	134	83	51
1673	53	34	15
1674	95	75	28
1675	13	13	3
1676	83	66	27
1677	306	309	148
1678	498	411	214
1679	20	16	12
1680	396	245	151
1681	257	197	121
1682	102	50	36
1683	214	156	111
1684	349	221	154
1685	125	89	67
1686	25	28	7
1687	15	4	5
1688	30	14	10
1689	0	1	4
1690	16	13	5
1691	0	0	0
1692	7	8	5
1693	0	0	0
1694	1	0	1
1695	140	143	37
1696	31	13	3
1697	5	2	3
1698	0	0	0
1699	29	20	17
1700	182	148	87
1701	134	86	71
1702	210	181	102
1703	9	12	3
1704	347	233	165
1705	303	272	229
1706	587	579	403
1707	121	78	57
1708	12	8	4
1709	64	35	44
1710	6	3	1
1711	4	3	2
1712	245	227	106
1713	63	51	19
1714	80	61	19
1715	157	91	43
1716	143	119	76
1717	208	211	78
1718	879	751	529
1719	27	29	11
1720	50	35	23
1721	351	232	128
1722	0	0	0
1723	1	0	1
1724	43	41	18
1725	101	82	48
1726	21	27	19
1727	163	131	90
1728	229	225	79
1729	1814	1217	792
1730	0	0	0
1731	65	54	18
1732	1	7	3
1733	464	335	182
1734	191	118	81
1735	215	105	103
1736	14	7	2
1737	40	36	17
1738	119	65	37
1739	75	65	72
1740	14	12	6
1741	715	460	303
1742	0	0	0
1743	65	67	39
1744	85	63	39
1745	64	60	27
1746	97	73	43
1747	35	38	16
1748	28	22	17
1749	32	30	23
1750	25	26	18
1751	311	241	91
1752	302	252	192
1753	110	87	36
1754	24	19	20
1755	2	1	3
1756	180	161	60
1757	163	126	56
1758	38	32	20
1759	64	49	32
1760	1	2	1
1761	309	205	167
1762	22	9	8
1763	7	2	2
1764	0	0	0
1765	3	3	1
1766	2	1	2
1767	316	193	123
1768	0	0	0
1769	2	3	2
1770	457	270	155
1771	645	560	289
1772	32	36	26
1773	19	18	11
1774	123	65	43
1775	25	25	15
1776	197	193	111
1777	22	16	20
1778	818	669	374
1779	203	158	116
1780	94	78	66
1781	490	476	303
1782	1128	839	643
1783	82	70	26
1784	492	334	169
1785	98	71	28
1786	0	0	0
1787	388	314	170
1788	320	189	103
1789	158	115	45
1790	27	34	20
1791	21	6	5
1792	34	15	12
1793	10	4	2
1794	13	12	5
1795	70	47	31
1796	396	382	173
1797	1305	861	606
1798	71	56	33
1799	32	30	17
1800	15	9	10
1801	59	41	22
1802	21	20	10
1803	403	302	205
1804	46	48	19
1805	866	655	444
1806	9	30	23
1807	311	173	113
1808	134	117	58
1809	350	246	133
1810	53	40	18
1811	2	0	0
1812	90	62	31
1813	11	17	5
1814	63	51	44
1815	21	25	12
1816	22	25	15
1817	52	27	20
1818	47	30	13
1819	10	4	8
1820	52	19	10
1821	12	15	9
1822	346	232	160
1823	549	440	305
1824	137	109	94
1825	4	1	0
1826	55	32	22
1827	56	40	22
1828	148	125	87
1829	12	16	16
1830	0	0	0
1831	45	31	19
1832	84	43	27
1833	9	6	7
1834	122	84	59
1835	310	247	141
1836	39	51	22
1837	245	143	96
1838	115	71	50
1839	42	29	13
1840	34	26	13
1841	202	117	73
1842	214	132	70
1843	194	101	61
1844	125	88	36
1845	41	24	14
1846	11	21	13
1847	193	115	70
1848	153	109	37
1849	3	3	0
1850	9	10	2
1851	551	363	306
1852	38	23	18
1853	57	49	18
1854	3621	3392	2706
1855	59	32	30
1856	5	4	7
1857	4	8	10
1858	94	69	46
1859	32	25	16
1860	13	8	2
1861	236	182	132
1862	84	64	33
1863	17	3	13
1864	36	20	17
1865	30	24	15
1866	441	304	184
1867	9	6	3
1868	734	594	449
1869	5	2	2
1870	186	132	75
1871	73	54	21
1872	322	284	234
1873	71	54	27
1874	123	124	42
1875	121	120	42
1876	201	164	125
1877	168	168	168
1878	131	93	56
1879	73	45	28
1880	165	114	71
1881	655	503	240
1882	123	120	82
1883	19	19	12
1884	17	13	15
1885	200	138	89
1886	270	208	106
1887	12	14	2
1888	4	2	1
1889	19	12	7
1890	36	29	17
1891	45	28	27
1892	6	3	2
1893	2	0	1
1894	422	363	271
1895	0	0	0
1896	81	78	48
1897	232	174	116
1898	12	11	9
1899	44	34	14
1900	8	9	6
1901	5	7	7
1902	46	16	8
1903	18	18	4
1904	0	1	2
1905	39	19	25
1906	92	78	37
1907	61	30	19
1908	150	111	29
1909	3	5	5
1910	5	3	5
1911	81	62	51
1912	141	96	51
1913	137	116	92
1914	99	75	38
1915	1	1	2
1916	55	62	29
1917	0	0	0
1918	364	296	211
1919	10	2	7
1920	139	97	88
1921	0	0	0
1922	262	193	130
1923	257	208	92
1924	114	83	59
1925	77	61	24
1926	202	116	86
1927	73	40	19
1928	220	163	82
1929	18	14	12
1930	0	0	0
1931	24	18	9
1932	103	79	59
1933	21	15	8
1934	222	128	91
1935	185	133	63
1936	27	15	6
1937	3	2	2
1938	0	0	0
1939	816	641	259
1940	5	8	1
1941	376	382	292
1942	177	144	68
1943	9	11	5
1944	12	7	16
1945	51	34	11
1946	35	27	15
1947	94	111	21
1948	26	18	18
1949	23	21	14
1950	12	9	8
1951	22	21	11
1952	174	108	109
1953	0	0	4
1954	187	210	203
1955	3	3	1
1956	482	303	167
1957	0	0	0
1958	71	70	18
1959	0	1	0
1960	675	501	399
1961	97	68	34
1962	213	130	56
1963	129	95	40
1964	65	41	23
1965	79	73	21
1966	6	13	4
1967	1	1	1
1968	12	5	5
1969	295	227	215
1970	157	156	54
1971	11	6	0
1972	16	6	4
1973	27	21	18
1974	55	38	15
1975	4	3	0
1976	58	32	14
1977	478	375	260
1978	128	106	43
1979	244	231	79
1980	0	0	1
1981	65	76	23
1982	228	178	93
1983	24	19	17
1984	17	16	9
1985	7	5	0
1986	19	9	12
1987	29	29	11
1988	4	3	1
1989	26	20	10
1990	36	26	17
1991	39	29	34
1992	746	586	322
1993	0	0	0
1994	2	1	0
1995	138	115	75
1996	325	203	130
1997	56	70	22
1998	154	100	72
1999	58	45	42
2000	211	154	58
2001	5	10	2
2002	42	33	16
2003	77	88	47
2004	128	110	63
2005	102	75	37
2006	32	29	16
2007	328	244	108
2008	57	61	37
2009	118	85	42
2010	86	49	24
2011	5	7	1
2012	245	118	113
2013	46	42	23
2014	154	121	89
2015	32	29	14
2016	29	15	14
2017	1	3	1
2018	0	2	1
2019	49	41	27
2020	36	38	20
2021	2	2	1
2022	47	45	28
2023	48	16	11
2024	142	131	96
2025	41	51	41
2026	226	133	122
2027	164	121	51
2028	424	337	175
2029	284	190	106
2030	35	27	13
2031	571	446	327
2032	172	129	83
2033	25	24	13
2034	30	26	17
2035	95	87	61
2036	52	30	18
2037	23	20	13
2038	115	86	45
2039	223	146	81
2040	126	87	64
2041	109	97	48
2042	201	135	83
2043	83	85	39
2044	21	13	15
2045	25	18	5
2046	0	0	0
2047	45	16	8
2048	75	69	38
2049	575	510	190
2050	255	224	194
2051	84	98	39
2052	106	85	37
2053	134	93	58
2054	166	144	87
2055	0	0	0
2056	6	5	6
2057	66	61	29
2058	109	85	47
2059	158	121	55
2060	397	390	119
2061	68	42	37
2062	20	18	20
2063	3	22	1
2064	0	0	0
2065	31	17	10
2066	52	44	36
2067	924	775	408
2068	17	17	5
2069	13	12	2
2070	0	2	0
2071	1	0	0
2072	17	19	7
2073	109	74	34
2074	14	17	8
2075	162	65	42
2076	0	0	0
2077	109	69	33
2078	0	1	0
2079	21	26	14
2080	102	74	49
2081	28	19	16
2082	9	15	10
2083	10	6	9
2084	155	86	60
2085	50	35	19
2086	41	34	25
2087	637	332	215
2088	11	8	4
2089	301	245	173
2090	379	268	184
2091	147	101	52
2092	0	0	0
2093	280	324	237
2094	45	31	19
2095	2	3	4
2096	18	14	15
2097	9	8	4
2098	0	0	0
2099	25	17	7
2100	48	36	19
2101	146	112	93
2102	68	73	32
2103	135	109	63
2104	0	0	0
2105	18	10	4
2106	0	3	0
2107	664	477	214
2108	24	26	20
2109	6	11	5
2110	0	0	0
2111	140	131	165
2112	0	0	0
2113	61	62	35
2114	72	58	24
2115	874	686	600
2116	70	48	30
2117	142	123	42
2118	8	4	3
2119	0	0	0
2120	0	0	0
2121	0	0	0
2122	1079	1041	807
2123	82	57	39
2124	45	48	30
2125	0	0	0
2126	17	16	7
2127	2	0	0
2128	510	315	155
2129	1	0	0
2130	5	6	7
2131	521	393	196
2132	40	15	12
2133	476	395	176
2134	10	10	4
2135	0	0	0
2136	123	61	44
2137	174	103	54
2138	232	168	97
2139	179	117	82
2140	22	28	18
2141	0	0	0
2142	239	162	164
2143	40	47	25
2144	90	72	45
2145	60	35	31
2146	682	520	210
2147	10	7	1
2148	180	153	109
2149	17	9	4
2150	108	101	59
2151	35	21	17
2152	1	1	1
2153	26	37	16
2154	102	98	33
2155	286	241	108
2156	284	135	94
2157	23	20	14
2158	1	1	0
2159	1646	1469	1184
2160	7	8	3
2161	67	48	44
2162	128	108	36
2163	33	31	22
2164	199	190	161
2165	1	2	0
2166	13	7	14
2167	8	4	2
2168	32	19	15
2169	320	283	162
2170	77	45	32
2171	0	0	0
2172	1	0	0
2173	15	23	10
2174	33	36	18
2175	153	126	48
2176	22	10	8
2177	14	12	12
2178	4	2	3
2179	26	17	13
2180	10	8	6
2181	6	10	12
2182	9	19	19
2183	3	3	3
2184	19	11	17
2185	265	186	151
2186	9	8	7
2187	286	253	237
2188	56	27	14
2189	208	166	139
2190	32	22	16
2191	0	0	0
2192	101	60	47
2193	1	3	1
2194	0	6	2
2195	259	185	116
2196	41	38	19
2197	48	33	4
2198	107	81	51
2199	35	23	11
2200	4	2	1
2201	339	298	207
2202	6	4	3
2203	28	21	6
2204	1	3	1
2205	145	89	60
2206	1	1	0
2207	3	2	2
2208	69	57	33
2209	7	8	3
2210	1470	997	682
2211	0	0	0
2212	0	0	0
2213	40	37	17
2214	82	44	25
2215	47	61	38
2216	145	89	37
2217	37	47	28
2218	21	22	22
2219	69	36	20
2220	1051	976	648
2221	132	177	40
2222	82	61	24
2223	7	14	11
2224	20	13	7
2225	52	35	18
2226	98	78	58
2227	77	58	37
2228	3	10	4
2229	21	21	13
2230	97	67	15
2231	32	17	19
2232	1	2	0
2233	10	7	6
2234	98	95	31
2235	30	28	12
2236	3	1	2
2237	84	79	75
2238	506	401	299
2239	209	161	73
2240	25	22	18
2241	106	93	37
2242	97	48	34
2243	15	13	1
2244	128	101	85
2245	352	279	195
2246	34	18	13
2247	245	161	114
2248	213	162	107
2249	23	32	7
2250	26	31	22
2251	14	19	8
2252	57	41	34
2253	1	0	0
2254	0	3	2
2255	11	13	7
2256	40	32	24
2257	22	18	5
2258	0	0	0
2259	12	31	11
2260	164	149	97
2261	4	8	6
2262	10	12	2
2263	134	82	43
2264	28	9	5
2265	6	7	2
2266	124	80	47
2267	233	239	171
2268	260	185	109
2269	92	74	44
2270	53	29	24
2271	32	25	24
2272	304	185	128
2273	1	3	1
2274	41	30	24
2275	6	6	3
2276	63	60	58
2277	364	286	147
2278	17	13	9
2279	1	0	0
2280	66	86	17
2281	543	269	154
2282	76	77	26
2283	267	174	113
2284	54	32	31
2285	5	1	7
2286	36	24	21
2287	0	0	0
2288	16	20	4
2289	27	18	13
2290	0	0	0
2291	227	183	61
2292	106	82	37
2293	105	104	61
2294	115	92	61
2295	99	69	38
2296	123	87	84
2297	530	326	144
2298	25	27	22
2299	387	338	189
2300	117	82	63
2301	469	527	354
2302	3	4	2
2303	39	27	25
2304	0	0	0
2305	0	0	3
2306	43	25	30
2307	62	41	37
2308	148	85	42
2309	9	7	2
2310	136	105	43
2311	183	173	87
2312	7	3	3
2313	44	48	32
2314	55	51	27
2315	95	57	54
2316	244	157	110
2317	12	10	6
2318	1058	810	578
2319	224	184	105
2320	427	300	185
2321	21	14	8
2322	480	402	232
2323	6	1	2
2324	50	37	17
2325	1482	1227	980
2326	8	4	4
2327	90	65	47
2328	2	1	0
2329	145	98	52
2330	62	42	38
2331	234	169	78
2332	69	75	60
2333	91	67	30
2334	697	591	366
2335	48	40	24
2336	0	1	0
2337	158	87	64
2338	66	64	26
2339	81	53	40
2340	17	16	11
2341	3	2	0
2342	50	32	30
2343	36	38	27
2344	84	82	53
2345	1	1	2
2346	19	14	9
2347	314	213	129
2348	59	39	44
2349	111	87	56
2350	138	189	168
2351	226	216	235
2352	8	9	4
2353	2	1	1
2354	1103	1027	789
2355	35	52	33
2356	186	145	99
2357	0	1	0
2358	341	255	194
2359	0	0	0
2360	0	0	0
2361	44	38	31
2362	31	17	14
2363	3	8	5
2364	2	0	1
2365	44	25	32
2366	2	1	2
2367	0	0	0
2368	0	0	0
2369	194	165	115
2370	832	567	419
2371	161	122	62
2372	193	172	83
2373	209	163	82
2374	108	103	56
2375	41	39	15
2376	2	2	1
2377	565	417	301
2378	175	133	93
2379	80	122	64
2380	48	38	23
2381	75	72	37
2382	229	271	75
2383	65	45	23
2384	0	0	4
2385	17	15	9
2386	0	0	0
2387	219	142	105
2388	1	3	1
2389	2	3	1
2390	464	372	146
2391	326	204	120
2392	157	117	59
2393	34	33	17
2394	88	72	52
2395	3	3	2
2396	18	12	8
2397	5	7	4
2398	76	52	26
2399	41	43	14
2400	273	224	142
2401	230	143	80
2402	374	231	178
2403	2	5	4
2404	3	3	1
2405	0	0	0
2406	25	24	7
2407	16	21	9
2408	76	50	35
2409	57	42	27
2410	14	15	5
2411	84	58	42
2412	36	20	14
2413	205	164	90
2414	94	53	61
2415	26	21	11
2416	226	194	97
2417	2070	1972	1691
2418	48	41	25
2419	30	30	19
2420	66	52	31
2421	132	85	51
2422	35	29	8
2423	99	76	39
2424	56	41	32
2425	18	18	8
2426	77	58	31
2427	116	88	45
2428	49	35	21
2429	605	503	404
2430	176	156	51
2431	235	201	133
2432	29	23	20
2433	18	18	9
2434	48	20	26
2435	1	1	0
2436	37	48	9
2437	62	49	29
2438	16	15	2
2439	22	9	12
2440	199	125	83
2441	0	0	0
2442	1612	1033	687
2443	89	54	55
2444	118	80	48
2445	4	0	1
2446	1	0	1
2447	2	1	0
2448	19	19	10
2449	286	135	97
2450	158	134	67
2451	29	16	11
2452	36	28	9
2453	9	16	7
2454	5	2	2
2455	91	81	64
2456	5	9	4
2457	149	143	83
2458	124	93	41
2459	248	143	92
2460	229	156	102
2461	503	327	177
2462	102	66	40
2463	5	9	4
2464	0	0	0
2465	207	141	91
2466	8	9	8
2467	30	16	11
2468	31	23	12
2469	150	84	53
2470	20	14	8
2471	221	149	68
2472	8	5	4
2473	170	125	82
2474	30	22	21
2475	0	0	1
2476	179	119	83
2477	41	29	15
2478	65	43	27
2479	11	10	5
2480	163	167	51
2481	32	15	18
2482	267	152	83
2483	36	55	28
2484	18	5	4
2485	111	83	35
2486	394	309	301
2487	178	162	87
2488	30	28	18
2489	466	312	158
2490	137	97	66
2491	115	80	44
2492	70	51	37
2493	277	162	103
2494	13	6	3
2495	27	18	13
2496	65	52	28
2497	49	40	17
2498	225	157	108
2499	12	1	7
2500	50	51	31
2501	0	0	0
2502	5	2	4
2503	9	17	6
2504	26	6	10
2505	182	136	54
2506	107	70	42
2507	389	222	107
2508	233	164	118
2509	57	40	21
2510	0	0	0
2511	51	41	28
2512	248	159	136
2513	53	44	24
2514	12	15	9
2515	119	86	43
2516	264	188	94
2517	221	213	109
2518	50	30	36
2519	79	61	40
2520	171	146	86
2521	195	202	145
2522	5	6	2
2523	528	371	211
2524	34	23	19
2525	5	7	6
2526	0	2	1
2527	11	3	9
2528	203	173	99
2529	21	15	10
2530	0	0	1
2531	10	15	4
2532	478	368	273
2533	199	170	113
2534	0	0	0
2535	277	215	122
2536	68	52	33
2537	554	375	202
2538	2	2	1
2539	0	2	0
2540	17	7	6
2541	12	14	13
2542	32	26	16
2543	645	488	423
2544	63	60	39
2545	173	123	62
2546	17	12	8
2547	136	111	78
2548	355	284	184
2549	36	21	15
2550	178	125	118
2551	835	583	312
2552	0	1	1
2553	37	27	17
2554	61	54	25
2555	304	228	133
2556	45	47	27
2557	0	0	0
2558	262	229	96
2559	0	0	1
2560	236	180	129
2561	107	85	40
2562	1	2	1
2563	251	189	75
2564	193	155	111
2565	4	0	1
2566	8	6	4
2567	1056	822	512
2568	2	1	0
2569	141	157	93
2570	113	80	40
2571	241	228	174
2572	571	393	180
2573	67	55	29
2574	26	18	3
2575	3	1	0
2576	12	4	4
2577	944	803	603
2578	94	89	67
2579	474	409	235
2580	100	81	38
2581	1	0	0
2582	3	3	1
2583	24	34	16
2584	16	15	8
2585	55	39	6
2586	1	2	2
2587	21	21	6
2588	335	176	107
2589	77	52	33
2590	48	22	25
2591	36	28	20
2592	8	11	7
2593	32	52	18
2594	7	1	1
2595	35	31	24
2596	98	92	37
2597	16	11	5
2598	166	130	69
2599	7	12	5
2600	21	11	4
2601	0	2	0
2602	257	218	98
2603	15	16	10
2604	312	339	272
2605	1	1	1
2606	0	0	0
2607	4	3	3
2608	54	26	17
2609	224	178	89
2610	28	23	10
2611	5	2	2
2612	10	8	11
2613	2	2	0
2614	6	11	10
2615	5	5	3
2616	18	23	6
2617	12	9	2
2618	50	32	22
2619	0	0	1
2620	43	43	24
2621	212	193	111
2622	216	174	109
2623	23	25	11
2624	5	1	0
2625	0	0	0
2626	0	0	0
2627	7	6	4
2628	0	0	0
2629	48	46	23
2630	174	138	119
2631	2	0	4
2632	9	5	3
2633	32	14	14
2634	41	25	13
2635	75	45	20
2636	186	134	77
2637	10	12	5
2638	3	2	4
2639	7	11	7
2640	0	0	0
2641	102	85	40
2642	13	22	11
2643	137	113	83
2644	37	42	17
2645	20	14	11
2646	14	15	0
2647	4	0	3
2648	18	8	6
2649	178	123	71
2650	340	304	130
2651	52	106	44
2652	72	79	54
2653	25	18	23
2654	81	74	46
2655	19	7	8
2656	12	6	7
2657	131	108	54
2658	81	54	48
2659	88	58	41
2660	136	90	37
2661	18	10	8
2662	89	48	29
2663	58	47	14
2664	72	65	51
2665	740	602	489
2666	36	39	14
2667	50	37	28
2668	34	30	20
2669	1	2	1
2670	9	11	4
2671	30	19	8
2672	9	7	5
2673	5	5	1
2674	65	42	39
2675	86	66	32
2676	2	6	2
2677	28	15	18
2678	49	23	20
2679	71	59	21
2680	0	0	0
2681	0	0	0
2682	44	35	19
2683	0	0	0
2684	12	8	5
2685	0	0	0
2686	0	0	0
2687	6	3	7
2688	330	243	122
2689	122	107	37
2690	98	83	36
2691	47	46	22
2692	25	15	6
2693	21	13	9
2694	18	6	6
2695	155	137	80
2696	21	13	8
2697	31	27	15
2698	50	33	18
2699	278	207	95
2700	0	0	0
2701	33	24	14
2702	307	214	119
2703	65	56	23
2704	29	28	12
2705	38	38	10
2706	54	48	20
2707	104	69	42
2708	11	11	16
2709	25	27	27
2710	32	28	21
2711	140	99	70
2712	73	64	40
2713	211	145	96
2714	6	11	7
2715	99	59	66
2716	0	0	0
2717	6	3	1
2718	1	3	2
2719	14	12	4
2720	26	23	5
2721	0	0	0
2722	767	795	681
2723	40	28	26
2724	419	359	243
2725	336	246	215
2726	3	1	2
2727	186	115	69
2728	32	20	7
2729	110	79	50
2730	264	197	143
2731	0	0	0
2732	9	1	2
2733	37	19	18
2734	7	2	4
2735	0	0	1
2736	0	0	3
2737	97	79	42
2738	74	57	31
2739	23	18	16
2740	134	85	35
2741	67	46	39
2742	212	156	98
2743	520	360	232
2744	0	0	0
2745	29	28	16
2746	10	6	3
2747	116	108	69
2748	0	1	0
2749	76	69	39
2750	119	101	68
2751	15	6	8
2752	51	20	26
2753	56	33	27
2754	78	61	40
2755	124	108	53
2756	291	215	131
2757	0	0	0
2758	0	0	0
2759	74	23	23
2760	163	119	87
2761	6	3	2
2762	94	82	42
2763	1052	820	577
2764	85	83	27
2765	150	103	75
2766	21	23	8
2767	33	28	14
2768	224	173	136
2769	1512	1041	696
2770	0	0	0
2771	117	99	48
2772	313	225	153
2773	13	6	3
2774	80	61	30
2775	28	22	12
2776	44	42	21
2777	6	6	4
2778	20	14	6
2779	791	634	525
2780	626	705	481
2781	54	39	33
2782	42	20	10
2783	0	1	0
2784	23	20	7
2785	0	1	0
2786	49	33	14
2787	17	11	5
2788	202	144	97
2789	54	49	34
2790	24	14	8
2791	34	18	12
2792	29	18	9
2793	1170	973	799
2794	213	183	114
2795	1729	1347	1129
2796	1	0	2
2797	275	270	108
2798	0	0	0
2799	47	39	39
2800	18	7	11
2801	769	520	257
2802	27	23	13
2803	79	70	23
2804	66	50	30
2805	13	10	5
2806	284	224	124
2807	1311	1082	934
2808	133	88	64
2809	748	406	273
2810	110	82	45
2811	150	94	50
2812	45	28	14
2813	33	21	17
2814	48	40	29
2815	0	0	0
2816	9	20	8
2817	31	10	9
2818	0	0	0
2819	28	26	10
2820	544	536	351
2821	95	95	39
2822	94	101	35
2823	0	0	0
2824	123	85	75
2825	200	153	126
2826	488	333	188
2827	32	20	13
2828	4	6	3
2829	18	31	15
2830	2064	1885	1704
2831	469	407	290
2832	219	159	110
2833	1	0	0
2834	273	217	184
2835	53	38	29
2836	42	26	14
2837	98	80	47
2838	35	16	13
2839	8	9	8
2840	722	454	312
2841	48	33	22
2842	3	3	0
2843	6	4	2
2844	212	114	66
2845	39	39	32
2846	2116	1516	1297
2847	35	29	10
2848	46	38	18
2849	0	7	5
2850	148	80	44
2851	125	69	32
2852	44	33	17
2853	124	66	38
2854	249	136	69
2855	70	52	23
2856	164	172	33
2857	16	17	9
2858	205	164	118
2859	36	24	14
2860	3	4	1
2861	26	16	11
2862	53	32	38
2863	20	20	8
2864	73	50	40
2865	74	57	45
2866	0	3	0
2867	121	74	32
2868	0	0	0
2869	2	1	0
2870	0	0	0
2871	603	523	353
2872	1	0	0
2873	72	102	39
2874	360	269	195
2875	328	363	219
2876	43	41	20
2877	266	190	90
2878	24	11	5
2879	6	1	1
2880	19	14	13
2881	29	17	12
2882	136	116	53
2883	39	32	16
2884	156	100	44
2885	4	7	5
2886	89	78	45
2887	0	0	0
2888	30	13	12
2889	29	27	6
2890	199	119	68
2891	96	74	52
2892	14	10	6
2893	66	32	29
2894	76	62	47
2895	45	21	20
2896	130	94	69
2897	49	30	11
2898	59	41	19
2899	168	93	57
2900	327	193	105
2901	3	0	1
2902	34	25	18
2903	71	59	21
2904	828	648	438
2905	190	168	67
2906	628	447	283
2907	0	2	0
2908	23	18	8
2909	75	65	34
2910	155	97	69
2911	43	30	21
2912	43	29	17
2913	172	160	97
2914	66	50	33
2915	85	87	40
2916	165	104	43
2917	81	69	32
2918	9	6	3
2919	38	16	12
2920	0	0	0
2921	2	1	1
2922	28	16	8
2923	194	122	63
2924	5	7	10
2925	58	48	29
2926	61	21	19
2927	151	149	91
2928	25	13	6
2929	140	111	48
2930	94	85	81
2931	98	71	37
2932	272	217	130
2933	357	223	119
2934	21	21	18
2935	411	308	185
2936	18	17	18
2937	3	2	5
2938	86	119	90
2939	198	125	77
2940	227	166	120
2941	130	82	62
2942	36	35	17
2943	19	22	9
2944	145	133	86
2945	82	61	43
2946	255	246	180
2947	16	14	7
2948	127	88	70
2949	71	47	38
2950	8	8	9
2951	475	387	242
2952	0	0	0
2953	38	25	7
2954	13	24	7
2955	20	24	7
2956	58	55	22
2957	76	61	50
2958	18	16	10
2959	0	1	0
2960	81	79	61
2961	40	27	15
2962	257	195	100
2963	214	107	83
2964	93	65	30
2965	23	13	9
2966	170	113	66
2967	0	0	1
2968	9	8	3
2969	19	11	5
2970	23	20	7
2971	375	331	191
2972	152	93	70
2973	194	195	106
2974	1	1	0
2975	263	155	61
2976	65	26	32
2977	124	95	62
2978	25	25	11
2979	0	0	0
2980	0	2	0
2981	15	9	3
2982	59	48	36
2983	168	117	94
2984	131	105	53
2985	30	21	12
2986	68	71	36
2987	1988	1956	1584
2988	6	3	0
2989	100	66	62
2990	23	13	11
2991	83	60	32
2992	49	34	49
2993	0	0	0
2994	14	11	4
2995	74	34	31
2996	35	27	16
2997	25	16	10
2998	395	287	177
2999	63	45	25
3000	1598	984	857
3001	19	7	5
3002	1	2	2
3003	25	23	13
3004	176	112	67
3005	7	13	7
3006	7	11	3
3007	130	92	68
3008	40	25	32
3009	88	88	49
3010	2	7	1
3011	51	41	16
3012	114	86	29
3013	416	362	298
3014	3	2	2
3015	118	92	79
3016	209	171	61
3017	26	26	10
3018	13	8	3
3019	90	42	45
3020	134	110	45
3021	0	0	0
3022	111	71	67
3023	113	112	75
3024	364	272	227
3025	190	155	59
3026	107	103	48
3027	211	151	84
3028	1792	1507	1112
3029	142	82	45
3030	3	5	0
3031	5	3	3
3032	43	41	24
3033	33	29	28
3034	79	24	27
3035	23	25	16
3036	42	30	17
3037	75	93	29
3038	375	363	244
3039	330	256	163
3040	173	134	93
3041	526	467	383
3042	14	13	8
3043	355	270	162
3044	8	4	3
3045	76	39	19
3046	79	68	43
3047	591	461	192
3048	52	39	22
3049	58	34	22
3050	373	269	161
3051	22	24	7
3052	10	9	6
3053	0	0	1
3054	127	127	53
3055	74	65	51
3056	17	15	10
3057	171	126	78
3058	38	28	13
3059	55	33	23
3060	106	79	36
3061	15	19	10
3062	167	126	76
3063	11	12	14
3064	74	49	55
3065	92	77	62
3066	7	13	10
3067	145	124	75
3068	268	216	120
3069	0	0	1
3070	37	35	20
3071	144	135	107
3072	35	27	11
3073	41	32	10
3074	51	53	31
3075	29	27	27
3076	25	18	14
3077	0	0	0
3078	41	21	13
3079	57	57	24
3080	4	9	10
3081	21	19	16
3082	13	7	3
3083	29	38	25
3084	53	68	48
3085	0	0	0
3086	11	14	6
3087	495	419	283
3088	109	117	82
3089	74	91	48
3090	59	65	39
3091	37	37	29
3092	335	299	168
3093	29	27	22
3094	4	4	2
3095	105	96	63
3096	1	1	0
3097	0	0	0
3098	53	49	27
3099	2	3	0
3100	4	0	0
3101	0	1	1
3102	344	303	229
3103	72	59	38
3104	106	102	77
3105	25	31	24
3106	35	30	14
3107	1	1	0
3108	9	12	8
3109	18	14	23
3110	196	167	129
3111	34	49	39
3112	12	14	6
3113	0	0	0
3114	57	38	22
3115	1149	820	591
3116	86	68	41
3117	0	0	0
3118	155	148	62
3119	102	116	62
3120	31	24	6
3121	38	54	24
3122	43	36	28
3123	34	27	15
3124	8	17	6
3125	382	294	148
3126	44	22	18
3127	77	47	29
3128	223	175	106
3129	126	90	45
3130	135	90	62
3131	43	56	23
3132	5	9	5
3133	1	1	2
3134	124	107	55
3135	219	171	95
3136	0	0	0
3137	57	39	18
3138	46	42	20
3139	742	611	336
3140	13	8	12
3141	0	0	0
3142	401	283	204
3143	36	19	10
3144	149	127	66
3145	16	14	12
3146	135	78	60
3147	124	90	64
3148	3	1	2
3149	3	3	1
3150	72	71	24
3151	0	1	0
3152	154	98	84
3153	111	90	79
3154	34	20	20
3155	10	4	4
3156	70	54	39
3157	37	37	25
3158	69	65	23
3159	1	1	1
3160	0	2	0
3161	33	20	10
3162	52	36	19
3163	61	34	32
3164	118	90	44
3165	169	190	62
3166	16	6	7
3167	43	32	10
3168	125	112	42
3169	33	46	28
3170	1	1	0
3171	72	67	26
3172	0	1	0
3173	5	1	3
3174	49	31	22
3175	369	312	265
3176	57	54	32
3177	13	23	13
3178	36	25	10
3179	19	11	4
3180	476	271	189
3181	2938	2556	2104
3182	0	0	3
3183	111	75	60
3184	4	1	2
3185	16	11	7
3186	296	171	116
3187	109	135	103
3188	471	393	306
3189	0	0	1
3190	216	165	106
3191	5	2	3
3192	23	13	4
3193	11	5	7
3194	5	3	6
3195	24	23	53
3196	191	131	55
3197	4	5	1
3198	0	0	0
3199	400	201	98
3200	91	73	60
3201	0	2	2
3202	7	14	3
3203	15	12	7
3204	40	31	29
3205	83	107	25
3206	3657	3627	3307
3207	143	83	62
3208	246	206	118
3209	352	318	176
3210	63	36	19
3211	6	5	7
3212	4	6	9
3213	11	18	12
3214	221	121	88
3215	166	115	110
3216	9	13	5
3217	8	11	4
3218	481	344	163
3219	304	288	106
3220	99	79	56
3221	44	20	15
3222	654	482	297
3223	29	23	21
3224	16	18	7
3225	363	302	198
3226	103	80	35
3227	25	9	11
3228	456	412	304
3229	863	757	463
3230	423	318	139
3231	40	35	8
3232	50	28	19
3233	327	251	121
3234	61	48	22
3235	35	21	13
3236	41	39	34
3237	57	63	31
3238	78	73	72
3239	811	561	469
3240	194	137	75
3241	13	8	4
3242	2817	2679	2407
3243	150	140	133
3244	40	36	34
3245	78	75	33
3246	65	66	25
3247	7	1	2
3248	86	46	26
3249	11	5	4
3250	33	13	12
3251	0	2	0
3252	4	8	2
3253	46	47	35
3254	87	62	24
3255	96	75	31
3256	168	120	91
3257	127	84	56
3258	29	16	14
3259	28	14	12
3260	0	0	0
3261	64	49	31
3262	115	84	43
3263	11	5	3
3264	178	184	147
3265	0	0	0
3266	239	179	96
3267	55	25	10
3268	13	15	9
3269	22	18	18
3270	15	13	6
3271	115	75	80
3272	388	258	254
3273	16	6	4
3274	12	9	3
3275	55	30	16
3276	26	21	11
3277	32	24	9
3278	62	56	41
3279	57	24	21
3280	1	3	3
3281	6	4	1
3282	144	102	52
3283	25	19	11
3284	2	2	2
3285	0	0	0
3286	5	3	3
3287	0	0	0
3288	4	1	3
3289	0	0	0
3290	0	0	0
3291	13	5	10
3292	124	67	54
3293	935	743	555
3294	86	61	23
3295	301	202	106
3296	137	92	49
3297	176	115	48
3298	134	70	38
3299	25	10	16
3300	20	24	15
3301	14	7	6
3302	380	402	314
3303	298	262	213
3304	126	82	46
3305	719	608	453
3306	38	42	20
3307	257	165	105
3308	35	22	16
3309	68	68	46
3310	16	12	6
3311	94	71	46
3312	9	5	5
3313	69	80	38
3314	60	31	14
3315	65	51	20
3316	158	103	62
3317	99	83	32
3318	49	16	14
3319	125	93	78
3320	0	1	1
3321	24	19	16
3322	1	2	1
3323	45	25	22
3324	166	150	121
3325	10	8	5
3326	6	10	9
3327	35	31	9
3328	84	56	24
3329	0	0	0
3330	24	19	15
3331	17	4	7
3332	142	110	54
3333	15	11	8
3334	30	16	19
3335	9	3	4
3336	20	14	4
3337	1	1	0
3338	77	60	36
3339	33	23	19
3340	309	279	177
3341	576	448	211
3342	123	56	39
3343	0	0	0
3344	823	609	295
3345	22	18	20
3346	94	55	55
3347	70	69	57
3348	683	592	443
3349	159	81	62
3350	92	105	74
3351	28	15	10
3352	52	46	8
3353	0	0	0
3354	433	365	302
3355	10	16	3
3356	89	92	48
3357	333	312	150
3358	327	225	173
3359	12	7	5
3360	7	7	2
3361	72	62	37
3362	187	120	85
3363	37	30	13
3364	21	12	7
3365	48	42	25
3366	530	325	197
3367	111	102	57
3368	1	1	0
3369	395	240	132
3370	252	186	120
3371	52	57	23
3372	21	21	6
3373	118	84	50
3374	2	4	2
3375	46	49	19
3376	147	103	74
3377	27	16	10
3378	6	5	8
3379	155	144	144
3380	33	24	19
3381	416	307	126
3382	304	227	162
3383	132	114	84
3384	3	0	0
3385	0	0	0
3386	106	73	23
3387	21	15	7
3388	0	0	0
3389	57	49	17
3390	79	80	63
3391	4	2	2
3392	57	52	30
3393	313	251	188
3394	22	18	10
3395	167	101	64
3396	6	4	4
3397	618	404	289
3398	100	89	46
3399	0	0	0
3400	0	0	0
3401	0	0	0
3402	0	0	0
3403	0	0	0
3404	1	0	0
3405	1	1	0
3406	14	4	5
3407	5	5	2
3408	231	143	83
3409	246	142	88
3410	2	0	3
3411	131	117	44
3412	227	167	122
3413	150	99	52
3414	14	13	11
3415	0	0	1
3416	19	8	5
3417	2	2	0
3418	38	19	14
3419	7	1	2
3420	57	34	21
3421	41	24	14
3422	148	103	57
3423	51	42	14
3424	0	0	0
3425	80	70	56
3426	197	141	47
3427	59	31	28
3428	448	245	157
3429	20	20	11
3430	4	3	2
3431	217	178	98
3432	44	30	19
3433	101	53	35
3434	41	49	18
3435	46	26	8
3436	18	10	6
3437	219	254	75
3438	12	7	4
3439	31	16	12
3440	114	83	40
3441	662	506	314
3442	0	0	0
3443	307	295	123
3444	2	3	2
3445	123	131	33
3446	81	61	43
3447	3	0	1
3448	2	0	0
3449	0	0	0
3450	8	2	6
3451	0	0	0
3452	0	1	0
3453	44	32	12
3454	284	214	128
3455	61	24	41
3456	78	63	29
3457	69	32	14
3458	4	0	1
3459	807	673	467
3460	131	98	62
3461	59	34	21
3462	42	46	10
3463	1	1	1
3464	3	3	1
3465	38	30	26
3466	14	18	11
3467	5	5	4
3468	320	212	166
3469	15	16	5
3470	70	48	24
3471	7	3	3
3472	70	70	36
3473	61	41	24
3474	58	34	27
3475	76	75	42
3476	738	612	280
3477	106	102	63
3478	40	26	17
3479	124	138	90
3480	2	1	1
3481	134	137	51
3482	22	12	9
3483	118	127	94
3484	0	0	0
3485	188	136	105
3486	67	39	21
3487	89	72	34
3488	622	399	269
3489	16	11	5
3490	351	233	139
3491	9	2	2
3492	785	581	467
3493	93	76	46
3494	169	125	83
3495	524	386	180
3496	1	3	3
3497	21	9	10
3498	88	78	17
3499	16	22	23
3500	487	393	212
3501	104	103	69
3502	90	64	35
3503	5	19	10
3504	27	2	4
3505	10	13	2
3506	41	44	26
3507	133	129	66
3508	13	11	4
3509	488	422	320
3510	68	51	27
3511	358	295	144
3512	272	226	121
3513	77	47	31
3514	33	34	16
3515	229	183	106
3516	103	93	64
3517	4	1	0
3518	38	20	13
3519	126	76	59
3520	243	170	90
3521	145	92	46
3522	18	16	10
3523	14	10	6
3524	43	28	10
3525	253	191	148
3526	2	3	2
3527	317	227	151
3528	89	97	118
3529	51	46	37
3530	36	53	22
3531	12	16	7
3532	0	1	0
3533	9	12	6
3534	32	24	9
3535	10	23	3
3536	14	13	5
3537	58	58	29
3538	74	47	37
3539	219	144	102
3540	0	1	0
3541	88	68	30
3542	45	31	16
3543	252	195	155
3544	37	19	15
3545	71	54	24
3546	194	153	113
3547	211	94	49
3548	1	0	0
3549	63	50	40
3550	77	45	42
3551	203	194	78
3552	178	147	76
3553	41	38	20
3554	0	0	0
3555	18	15	3
3556	50	37	19
3557	186	132	57
3558	162	122	60
3559	1	0	1
3560	199	129	58
3561	12	21	3
3562	876	558	437
3563	205	123	80
3564	69	61	47
3565	18	16	12
3566	66	74	49
3567	330	206	102
3568	29	28	13
3569	61	49	22
3570	5	4	1
3571	142	61	72
3572	4	1	2
3573	159	80	64
3574	105	37	28
3575	52	40	22
3576	132	94	53
3577	92	97	30
3578	93	91	42
3579	638	463	337
3580	4	2	2
3581	1080	800	554
3582	35	29	19
3583	2	0	0
3584	147	84	42
3585	0	0	0
3586	243	212	100
3587	88	73	50
3588	352	278	190
3589	14	15	4
3590	81	59	49
3591	57	44	21
3592	257	250	193
3593	98	52	38
3594	264	182	120
3595	202	159	84
3596	88	60	53
3597	8	4	6
3598	16	14	3
3599	303	227	104
3600	63	45	33
3601	218	153	74
3602	7	8	5
3603	19	19	13
3604	109	72	29
3605	2	6	2
3606	495	387	328
3607	5	9	4
3608	0	1	1
3609	3	2	0
3610	44	37	27
3611	46	39	24
3612	12	10	4
3613	76	52	28
3614	74	53	20
3615	77	36	30
3616	99	76	45
3617	1	0	0
3618	8	0	6
3619	58	42	33
3620	82	92	55
3621	26	7	6
3622	62	30	14
3623	15	14	12
3624	56	42	47
3625	66	72	39
3626	16	15	9
3627	30	25	9
3628	244	208	124
3629	35	33	13
3630	0	0	0
3631	23	18	7
3632	121	69	22
3633	262	236	183
3634	789	639	377
3635	763	753	519
3636	12	13	4
3637	0	0	1
3638	5	2	3
3639	92	62	48
3640	148	130	50
3641	0	0	0
3642	430	322	166
3643	0	1	0
3644	63	46	31
3645	32	22	14
3646	455	282	203
3647	8	16	16
3648	55	45	22
3649	2	8	4
3650	76	59	30
3651	0	0	0
3652	2	2	0
3653	132	87	78
3654	48	34	18
3655	0	0	0
3656	53	27	14
3657	0	0	0
3658	12	12	7
3659	323	197	124
3660	42	38	18
3661	418	400	156
3662	141	106	52
3663	7	5	3
3664	8	5	2
3665	31	11	27
3666	76	70	23
3667	21	20	14
3668	92	69	47
3669	612	495	308
3670	33	33	15
3671	7	8	2
3672	439	277	172
3673	0	0	0
3674	0	0	0
3675	6030	6071	5276
3676	1041	829	536
3677	154	114	57
3678	420	291	190
3679	460	312	232
3680	0	0	0
3681	0	0	0
3682	0	0	0
3683	147	88	67
3684	116	108	101
3685	6	11	5
3686	176	159	100
3687	24	25	17
3688	8	12	4
3689	592	586	338
3690	20	20	10
3691	277	176	91
3692	134	133	85
3693	24	26	10
3694	5	2	0
3695	58	44	34
3696	239	157	130
3697	52	52	35
3698	80	72	52
3699	217	189	124
3700	5	5	8
3701	177	124	75
3702	5	7	2
3703	85	58	34
3704	22	22	32
3705	5	5	4
3706	1	0	0
3707	0	4	1
3708	0	0	0
3709	51	36	21
3710	126	72	40
3711	23	27	18
3712	4	11	2
3713	1	0	0
3714	0	0	1
3715	5	9	3
3716	0	1	0
3717	14	10	11
3718	0	0	0
3719	54	41	16
3720	0	0	0
3721	44	39	11
3722	228	193	154
3723	14	15	10
3724	434	317	181
3725	202	120	74
3726	244	264	132
3727	584	498	344
3728	91	73	51
3729	152	106	73
3730	38	29	17
3731	16	11	2
3732	5	5	0
3733	5	5	3
3734	719	708	696
3735	334	248	146
3736	12	9	7
3737	80	43	42
3738	26	17	16
3739	247	130	86
3740	117	111	76
3741	13	8	7
3742	28	37	33
3743	7	3	4
3744	79	46	36
3745	122	80	52
3746	32	20	17
3747	54	33	23
3748	94	91	61
3749	30	40	31
3750	97	84	53
3751	9	10	4
3752	589	478	325
3753	6	2	2
3754	66	72	50
3755	4	4	1
3756	158	121	85
3757	43	14	12
3758	93	77	47
3759	56	63	28
3760	1494	1267	923
3761	1948	1335	909
3762	564	414	207
3763	49	50	31
3764	1	9	2
3765	56	34	16
3766	3	2	4
3767	212	219	120
3768	15	17	23
3769	20	9	12
3770	25	23	14
3771	377	323	180
3772	553	432	237
3773	29	33	18
3774	222	153	145
3775	43	41	14
3776	39	30	17
3777	25	20	12
3778	134	120	50
3779	220	161	66
3780	228	141	89
3781	125	91	43
3782	55	46	37
3783	55	51	22
3784	27	22	23
3785	33	28	16
3786	0	0	0
3787	266	219	173
3788	114	80	40
3789	161	111	77
3790	8	4	9
3791	0	0	0
3792	1	1	0
3793	18	5	3
3794	86	40	25
3795	230	161	98
3796	21	10	14
3797	247	253	145
3798	0	0	1
3799	125	82	38
3800	39	20	7
3801	130	88	65
3802	11	7	5
3803	112	79	39
3804	115	85	63
3805	325	257	130
3806	169	152	118
3807	23	21	6
3808	68	80	57
3809	0	0	0
3810	10	7	3
3811	24	28	14
3812	40	39	12
3813	93	65	36
3814	57	51	28
3815	86	39	25
3816	103	69	45
3817	65	39	16
3818	0	0	0
3819	188	186	91
3820	101	74	53
3821	23	17	7
3822	0	2	0
3823	71	41	23
3824	1	1	0
3825	250	167	113
3826	5	5	10
3827	48	44	32
3828	1	1	0
3829	24	12	9
3830	144	87	53
3831	329	271	170
3832	51	37	28
3833	70	68	52
3834	49	36	16
3835	0	0	0
3836	3	0	1
3837	1	1	2
3838	406	384	207
3839	172	191	60
3840	49	31	21
3841	431	306	181
3842	161	136	69
3843	25	18	8
3844	90	72	33
3845	9	2	8
3846	109	72	51
3847	3	9	3
3848	46	48	31
3849	27	15	5
3850	12	11	5
3851	188	158	111
3852	73	57	26
3853	41	21	17
3854	67	39	23
3855	123	72	36
3856	1	0	0
3857	27	8	11
3858	156	132	71
3859	37	34	29
3860	0	1	0
3861	13	10	7
3862	151	157	71
3863	208	122	64
3864	43	21	17
3865	5	7	6
3866	15	7	8
3867	51	46	10
3868	12	9	7
3869	41	18	14
3870	8	11	4
3871	78	55	25
3872	36	26	14
3873	2	2	3
3874	251	143	97
3875	5	2	3
3876	58	17	8
3877	80	54	25
3878	69	54	32
3879	38	37	11
3880	92	89	54
3881	224	192	78
3882	625	496	430
3883	0	0	0
3884	34	29	12
3885	0	2	0
3886	4594	4382	3844
3887	18	8	3
3888	203	156	56
3889	65	47	37
3890	19	18	2
3891	103	84	49
3892	952	678	389
3893	4	0	1
3894	23	27	11
3895	64	114	43
3896	281	224	138
3897	130	63	33
3898	108	80	56
3899	26	14	5
3900	37	26	19
3901	0	0	0
3902	84	42	30
3903	70	58	41
3904	90	55	44
3905	40	29	21
3906	204	131	92
3907	439	350	220
3908	70	39	20
3909	40	30	17
3910	62	43	25
3911	341	198	147
3912	5	3	0
3913	35	22	14
3914	1	1	2
3915	38	39	26
3916	23	17	12
3917	61	38	24
3918	38	32	30
3919	66	27	17
3920	169	151	100
3921	295	163	114
3922	191	221	79
3923	0	0	0
3924	35	38	33
3925	272	181	107
3926	106	98	64
3927	100	97	59
3928	30	31	18
3929	91	82	56
3930	59	35	19
3931	174	134	50
3932	67	36	30
3933	0	0	0
3934	135	125	56
3935	0	0	0
3936	27	23	15
3937	45	35	21
3938	4	3	2
3939	254	219	143
3940	427	308	165
3941	46	36	15
3942	0	0	0
3943	152	134	91
3944	2	3	1
3945	91	65	47
3946	4	4	3
3947	41	42	31
3948	107	121	70
3949	78	49	38
3950	68	58	20
3951	152	124	102
3952	0	0	0
3953	77	65	34
3954	9	24	21
3955	309	222	123
3956	5	3	3
3957	4	5	4
3958	171	94	47
3959	182	131	111
3960	72	46	29
3961	18	27	16
3962	1	7	3
3963	3	1	0
3964	93	71	20
3965	47	37	21
3966	18	14	8
3967	542	389	262
3968	69	73	43
3969	834	694	391
3970	95	52	42
3971	30	31	33
3972	50	44	29
3973	50	52	29
3974	3	1	3
3975	367	256	155
3976	25	28	16
3977	26	25	12
3978	445	332	247
3979	329	267	88
3980	6	3	2
3981	279	185	114
3982	332	225	131
3983	151	117	63
3984	49	63	23
3985	696	532	344
3986	137	113	39
3987	372	280	84
3988	15	6	4
3989	4	6	0
3990	117	61	38
3991	79	63	41
3992	21	29	16
3993	33	25	17
3994	23	16	10
3995	76	61	40
3996	169	192	56
3997	102	60	36
3998	83	63	42
3999	57	43	23
4000	2	0	0
4001	4	11	4
4002	32	23	12
4003	74	55	38
4004	462	249	215
4005	41	35	23
4006	339	252	179
4007	557	609	258
4008	43	32	13
4009	13	9	9
4010	18	12	18
4011	329	227	163
4012	115	54	49
4013	2	2	2
4014	160	141	54
4015	55	34	35
4016	211	115	62
4017	280	170	101
4018	80	91	68
4019	15	15	13
4020	0	2	2
4021	6	2	4
4022	1903	1652	1324
4023	130	79	47
4024	45	36	24
4025	409	315	149
4026	60	19	17
4027	83	78	48
4028	127	104	43
4029	513	330	239
4030	490	314	154
4031	115	89	52
4032	173	129	66
4033	44	41	39
4034	31	44	11
4035	237	199	83
4036	61	39	12
4037	0	0	0
4038	1057	782	588
4039	251	218	135
4040	51	44	18
4041	194	122	67
4042	10	10	3
4043	46	46	15
4044	90	74	40
4045	257	202	127
4046	16	11	4
4047	82	67	28
4048	38	40	24
4049	105	95	57
4050	100	54	25
4051	4	4	1
4052	2	1	1
4053	24	20	22
4054	113	87	35
4055	33	26	13
4056	13	16	9
4057	233	182	95
4058	168	150	120
4059	0	0	0
4060	11	16	4
4061	121	135	60
4062	455	331	256
4063	43	29	16
4064	60	43	21
4065	39	19	10
4066	16	14	3
4067	196	133	75
4068	4	5	1
4069	10	5	7
4070	9	4	7
4071	10	1	5
4072	1	1	0
4073	18	14	3
4074	37	37	22
4075	4	2	9
4076	133	114	66
4077	2	4	0
4078	0	0	0
4079	4	3	2
4080	1	0	0
4081	97	81	44
4082	0	2	1
4083	17	13	14
4084	89	72	34
4085	244	195	140
4086	5	3	1
4087	48	59	30
4088	53	24	9
4089	27	20	14
4090	238	205	111
4091	33	26	17
4092	22	13	3
4093	4	0	0
4094	0	0	0
4095	751	791	692
4096	1	0	0
4097	42	52	10
4098	67	66	28
4099	40	23	9
4100	86	56	43
4101	17	12	7
4102	39	29	13
4103	107	60	34
4104	78	78	30
4105	131	83	49
4106	0	1	0
4107	0	0	0
4108	163	119	44
4109	36	34	25
4110	141	84	57
4111	34	21	13
4112	27	32	14
4113	23	31	11
4114	12	14	5
4115	315	186	191
4116	22	22	14
4117	33	49	34
4118	0	1	1
4119	7	9	5
4120	27	17	18
4121	44	44	31
4122	1	5	6
4123	0	0	0
4124	0	0	0
4125	0	0	0
4126	0	1	0
4127	0	0	0
4128	0	0	0
4129	2	3	1
4130	61	85	61
4131	71	58	43
4132	286	188	109
4133	109	86	54
4134	41	30	18
4135	56	55	20
4136	8	12	2
4137	67	61	33
4138	33	22	18
4139	12	10	4
4140	0	0	0
4141	0	0	0
4142	0	0	0
4143	0	0	0
4144	201	178	99
4145	37	31	18
4146	57	67	38
4147	0	0	2
4148	0	0	0
4149	14	11	5
4150	0	0	0
4151	7	2	1
4152	174	129	57
4153	38	35	8
4154	111	108	41
4155	8	7	4
4156	46	41	28
4157	3	5	2
4158	290	274	196
4159	21	9	7
4160	316	238	209
4161	509	341	186
4162	106	82	52
4163	4	2	5
4164	21	8	7
4165	495	418	245
4166	10	7	3
4167	47	32	12
4168	67	61	25
4169	105	60	30
4170	0	0	0
4171	288	225	198
4172	24	32	16
4173	54	41	75
4174	228	139	115
4175	79	70	36
4176	187	126	87
4177	140	89	43
4178	373	304	134
4179	9	5	2
4180	1	1	4
4181	2105	2106	1812
4182	80	53	34
4183	60	41	17
4184	4	3	0
4185	1	1	2
4186	16	33	11
4187	8	8	3
4188	34	17	14
4189	61	52	33
4190	407	288	99
4191	174	124	75
4192	0	1	0
4193	2	1	2
4194	31	30	13
4195	23	19	10
4196	32	27	4
4197	0	1	0
4198	203	150	134
4199	75	50	39
4200	8	9	4
4201	92	43	56
4202	33	17	15
4203	64	70	25
4204	3605	3429	3187
4205	2	5	1
4206	80	57	44
4207	60	33	14
4208	76	81	19
4209	48	52	26
4210	28	21	5
4211	461	367	233
4212	34	30	12
4213	13	14	11
4214	17	12	5
4215	19	29	13
4216	42	29	17
4217	0	0	0
4218	9	8	5
4219	40	24	13
4220	23	27	10
4221	2	1	1
4222	292	208	121
4223	0	0	0
4224	154	71	51
4225	20	4	6
4226	290	299	145
4227	11	4	7
4228	30	32	28
4229	30	28	20
4230	52	29	37
4231	173	101	88
4232	164	94	73
4233	115	94	63
4234	205	170	110
4235	30	25	20
4236	72	54	31
4237	155	131	94
4238	26	19	14
4239	155	115	67
4240	217	198	153
4241	4	4	2
4242	136	125	90
4243	11	11	17
4244	12	8	9
4245	332	247	201
4246	253	252	151
4247	216	175	99
4248	136	121	78
4249	5	6	6
4250	0	0	0
4251	18	16	8
4252	8	2	3
4253	2	8	3
4254	43	35	48
4255	19	25	35
4256	108	80	76
4257	0	5	1
4258	326	233	206
4259	1	2	0
4260	66	48	32
4261	2	4	1
4262	1015	627	364
4263	1	2	2
4264	31	31	27
4265	28	21	15
4266	32	16	11
4267	4	1	3
4268	18	24	15
4269	59	65	21
4270	134	103	70
4271	13	4	3
4272	385	277	170
4273	187	120	74
4274	132	123	91
4275	57	55	31
4276	100	65	31
4277	356	278	167
4278	79	55	33
4279	272	162	93
4280	7	8	5
4281	3007	2571	1998
4282	24	25	9
4283	77	57	32
4284	101	63	44
4285	80	51	29
4286	67	69	43
4287	186	145	82
4288	1053	955	703
4289	8	3	5
4290	456	378	331
4291	14	30	22
4292	83	63	22
4293	41	18	9
4294	73	54	36
4295	1	1	0
4296	7	3	4
4297	65	49	25
4298	583	412	284
4299	113	68	42
4300	71	41	27
4301	22	7	11
4302	132	100	48
4303	30	15	17
4304	2	3	3
4305	8	12	6
4306	117	85	81
4307	17	21	36
4308	99	51	32
4309	19	21	7
4310	51	79	20
4311	91	72	50
4312	24	17	3
4313	86	61	56
4314	0	0	0
4315	257	162	93
4316	1235	1202	933
4317	42	31	37
4318	114	111	47
4319	172	123	78
4320	66	52	35
4321	32	23	7
4322	2	0	0
4323	80	91	43
4324	28	41	26
4325	119	78	50
4326	17	16	7
4327	11	2	3
4328	405	352	226
4329	36	24	15
4330	74	39	29
4331	20	11	6
4332	283	210	162
4333	32	19	17
4334	3	7	5
4335	66	35	16
4336	884	831	321
4337	75	70	22
4338	21	12	7
4339	16	14	15
4340	8	7	2
4341	18	17	10
4342	2	2	1
4343	1	1	1
4344	23	33	14
4345	56	60	20
4346	39	25	19
4347	214	191	97
4348	8	7	0
4349	39	45	17
4350	10	11	4
4351	153	122	36
4352	83	67	39
4353	11	9	4
4354	1	1	0
4355	11	15	7
4356	143	119	63
4357	34	37	12
4358	81	63	36
4359	17	16	13
4360	39	31	21
4361	12	7	7
4362	6	2	1
4363	80	54	31
4364	110	118	72
4365	34	36	19
4366	107	103	37
4367	0	0	0
4368	537	487	365
4369	6	2	4
4370	14	12	8
4371	307	224	101
4372	13	13	11
4373	25	16	17
4374	24	38	20
4375	64	41	26
4376	0	1	0
4377	37	41	26
4378	97	60	39
4379	26	15	8
4380	1	0	0
4381	31	42	11
4382	57	55	28
4383	3	4	5
4384	5	6	4
4385	3	0	0
4386	3	7	3
4387	10	12	11
4388	6	3	3
4389	18	19	21
4390	158	77	181
4391	392	360	248
4392	165	98	51
4393	419	300	177
4394	286	189	142
4395	111	86	45
4396	1665	1397	948
4397	144	135	43
4398	556	385	243
4399	837	630	431
4400	1	1	1
4401	45	27	11
4402	149	141	101
4403	151	112	52
4404	103	85	39
4405	0	0	0
4406	42	32	28
4407	13	15	11
4408	110	59	57
4409	82	45	25
4410	593	379	185
4411	24	23	15
4412	0	1	1
4413	62	60	74
4414	43	40	42
4415	26	28	15
4416	574	489	230
4417	26	52	35
4418	9	9	1
4419	22	20	6
4420	204	167	78
4421	52	40	20
4422	262	197	142
4423	76	69	36
4424	36	27	12
4425	1	3	0
4426	154	110	75
4427	42	35	18
4428	266	185	155
4429	70	42	24
4430	1	1	1
4431	3	0	2
4432	89	100	43
4433	18	12	12
4434	15	10	4
4435	164	140	60
4436	55	27	14
4437	253	151	126
4438	154	193	133
4439	181	115	54
4440	0	0	0
4441	24	20	11
4442	633	488	397
4443	2	1	1
4444	72	43	39
4445	43	35	15
4446	120	94	37
4447	38	42	21
4448	40	26	22
4449	8	12	11
4450	6	4	7
4451	4	9	5
4452	40	44	18
4453	202	150	102
4454	219	230	141
4455	4	0	2
4456	790	550	398
4457	57	37	12
4458	31	11	16
4459	339	208	109
4460	9	10	10
4461	20	30	15
4462	78	71	26
4463	98	36	42
4464	366	316	231
4465	106	64	42
4466	140	80	38
4467	142	92	55
4468	137	154	101
4469	104	61	57
4470	2	4	2
4471	933	648	339
4472	48	71	17
4473	1	1	0
4474	40	25	21
4475	199	148	74
4476	23	25	7
4477	36	19	20
4478	83	87	71
4479	1	0	0
4480	69	54	11
4481	15	8	4
4482	16	10	12
4483	2	1	0
4484	7	9	12
4485	25	40	12
4486	49	58	28
4487	24	14	11
4488	136	124	69
4489	178	106	74
4490	0	0	0
4491	107	76	30
4492	303	186	86
4493	18	10	7
4494	2	0	0
4495	103	57	50
4496	7	1	3
4497	83	32	31
4498	0	0	0
4499	33	34	11
4500	75	71	73
4501	11	8	3
4502	11	12	7
4503	8	5	5
4504	92	80	29
4505	87	71	32
4506	49	22	10
4507	5	10	7
4508	171	87	61
4509	0	0	1
4510	284	246	120
4511	20	8	3
4512	72	45	42
4513	53	52	34
4514	90	97	39
4515	1	0	0
4516	34	37	13
4517	27	31	15
4518	80	78	49
4519	247	183	112
4520	21	11	6
4521	2	0	0
4522	100	91	29
4523	57	32	17
4524	95	60	21
4525	37	31	15
4526	4	3	3
4527	140	118	68
4528	13	8	8
4529	0	1	0
4530	28	24	14
4531	26	18	11
4532	0	1	0
4533	0	0	0
4534	5	12	6
4535	0	0	0
4536	176	137	85
4537	8	4	1
4538	406	226	153
4539	3	2	3
4540	319	190	134
4541	17	8	0
4542	355	254	129
4543	8	3	1
4544	232	141	92
4545	231	164	74
4546	42	20	16
4547	87	59	26
4548	534	287	222
4549	2	2	0
4550	765	528	319
4551	61	52	28
4552	59	46	23
4553	0	0	0
4554	216	201	90
4555	41	47	21
4556	22	10	11
4557	20	18	12
4558	63	43	20
4559	39	32	22
4560	231	178	101
4561	10	3	5
4562	658	374	288
4563	523	299	210
4564	215	163	70
4565	1181	854	676
4566	161	110	77
4567	33	41	26
4568	159	95	66
4569	137	100	44
4570	51	34	29
4571	216	166	102
4572	154	131	58
4573	10	3	2
4574	0	0	0
4575	0	0	0
4576	22	20	16
4577	2	3	4
4578	33	20	20
4579	539	481	190
4580	14	21	21
4581	0	0	0
4582	12	16	7
4583	1	3	0
4584	0	0	0
4585	13	11	3
4586	17	13	12
4587	12	6	1
4588	875	641	370
4589	55	50	22
4590	36	36	7
4591	12	12	4
4592	130	115	92
4593	14	19	11
4594	646	541	401
4595	55	32	21
4596	2	0	1
4597	87	81	58
4598	824	610	441
4599	32	10	12
4600	35	32	24
4601	92	46	35
4602	107	72	34
4603	122	93	36
4604	39	15	13
4605	50	31	26
4606	70	37	26
4607	3	0	1
4608	5	6	4
4609	1	1	0
4610	80	54	50
4611	249	174	133
4612	15	17	12
4613	95	97	51
4614	45	30	24
4615	144	93	86
4616	235	182	63
4617	90	81	61
4618	4	1	5
4619	69	23	17
4620	106	78	48
4621	13	6	10
4622	85	50	36
4623	0	0	0
4624	291	235	126
4625	29	32	21
4626	32	31	7
4627	324	233	171
4628	14	23	18
4629	96	49	24
4630	0	0	0
4631	765	621	275
4632	50	48	21
4633	59	64	37
4634	4	3	0
4635	140	94	69
4636	0	2	0
4637	93	71	52
4638	32	27	18
4639	18	21	13
4640	397	330	194
4641	27	17	20
4642	324	238	176
4643	119	97	61
4644	34	21	18
4645	3	0	2
4646	648	454	238
4647	21	19	11
4648	225	129	108
4649	39	25	14
4650	58	37	23
4651	22	17	24
4652	0	0	0
4653	1	1	0
4654	101	83	102
4655	1	1	1
4656	32	24	27
4657	53	33	32
4658	36	41	22
4659	49	54	44
4660	0	0	0
4661	225	161	89
4662	7	8	5
4663	1360	1089	800
4664	97	59	54
4665	51	38	22
4666	39	26	18
4667	567	515	346
4668	92	84	57
4669	64	50	31
4670	15	22	11
4671	4	4	8
4672	13	12	6
4673	0	2	0
4674	94	82	57
4675	82	57	126
4676	261	262	156
4677	27	21	26
4678	102	34	33
4679	225	173	116
4680	10	16	20
4681	522	350	204
4682	99	78	31
4683	6	7	7
4684	14	10	12
4685	0	1	0
4686	71	60	48
4687	14	12	10
4688	25	15	8
4689	28	35	22
4690	38	38	22
4691	22	21	15
4692	0	1	1
4693	89	52	42
4694	128	89	48
4695	28	13	10
4696	29	17	5
4697	22	28	8
4698	33	26	14
4699	97	123	73
4700	192	158	61
4701	20	17	13
4702	0	0	0
4703	0	2	0
4704	24	24	25
4705	38	27	12
4706	197	135	76
4707	192	160	57
4708	125	106	69
4709	206	124	85
4710	135	100	60
4711	24	11	5
4712	24	27	17
4713	167	149	65
4714	68	36	34
4715	99	72	38
4716	48	15	8
4717	76	68	33
4718	178	185	121
4719	68	66	30
4720	2	0	1
4721	105	87	47
4722	0	0	0
4723	47	46	27
4724	0	1	0
4725	72	62	47
4726	1346	956	592
4727	9	8	5
4728	333	234	184
4729	38	34	14
4730	349	250	165
4731	18	10	3
4732	55	41	22
4733	31	25	19
4734	49	32	14
4735	582	531	401
4736	1	5	3
4737	30	26	17
4738	61	44	34
4739	21	12	2
4740	552	327	199
4741	40	37	21
4742	475	429	331
4743	680	558	330
4744	417	415	207
4745	232	161	95
4746	12	8	12
4747	0	3	1
4748	88	49	20
4749	216	182	82
4750	69	81	39
4751	91	102	41
4752	85	98	37
4753	17	12	5
4754	152	115	75
4755	81	54	22
4756	19	23	13
4757	28	33	22
4758	1	0	0
4759	82	63	38
4760	52	50	25
4761	47	28	21
4762	57	39	30
4763	116	100	76
4764	69	51	29
4765	126	104	48
4766	484	551	359
4767	64	41	22
4768	249	180	122
4769	303	290	229
4770	0	0	0
4771	1	0	0
4772	101	73	46
4773	619	466	256
4774	30	26	9
4775	5	4	1
4776	0	0	0
4777	358	229	155
4778	8	6	4
4779	0	0	0
4780	4	4	3
4781	35	40	22
4782	6	5	2
4783	93	57	44
4784	6	4	2
4785	146	111	79
4786	113	97	41
4787	44	24	23
4788	30	23	20
4789	198	152	107
4790	96	87	32
4791	19	15	14
4792	133	92	46
4793	27	20	9
4794	89	99	25
4795	159	126	76
4796	86	56	35
4797	29	36	12
4798	3	3	1
4799	65	52	20
4800	15	11	5
4801	51	19	9
4802	443	337	134
4803	401	258	155
4804	459	321	197
4805	255	112	104
4806	1	0	2
4807	630	547	267
4808	118	126	32
4809	298	225	160
4810	81	68	19
4811	62	32	22
4812	61	35	41
4813	26	37	19
4814	93	64	43
4815	1	1	0
4816	464	324	193
4817	40	36	18
4818	18	8	3
4819	544	333	229
4820	20	16	16
4821	104	57	31
4822	16	9	14
4823	63	34	20
4824	34	26	11
4825	493	384	296
4826	682	435	342
4827	159	92	56
4828	7	6	5
4829	33	19	9
4830	2	1	0
4831	8	5	4
4832	16	15	8
4833	173	106	75
4834	0	2	0
4835	146	74	34
4836	11	4	2
4837	37	23	7
4838	162	83	71
4839	1274	1054	781
4840	895	807	627
4841	221	186	129
4842	116	106	64
4843	66	43	21
4844	184	146	64
4845	303	254	189
4846	46	22	14
4847	7	2	4
4848	32	23	23
4849	200	160	78
4850	3	0	0
4851	108	115	84
4852	104	92	29
4853	73	52	36
4854	52	27	18
4855	41	37	12
4856	86	58	43
4857	2	4	4
4858	0	0	0
4859	0	0	0
4860	35	51	16
4861	2343	2066	1692
4862	175	156	72
4863	78	47	31
4864	172	104	67
4865	0	0	1
4866	2	3	2
4867	9	4	4
4868	132	103	66
4869	221	172	101
4870	5	15	4
4871	0	0	0
4872	2	0	3
4873	67	43	29
4874	62	38	31
4875	46	45	31
4876	11	14	8
4877	76	48	45
4878	0	1	0
4879	3	3	1
4880	1	0	2
4881	0	0	0
4882	0	0	0
4883	0	0	0
4884	0	0	0
4885	11	4	1
4886	15	19	12
4887	34	23	19
4888	195	148	73
4889	382	326	250
4890	301	191	102
4891	141	115	49
4892	0	2	0
4893	3	6	3
4894	266	212	166
4895	12	15	14
4896	18	15	20
4897	6	3	4
4898	37	29	13
4899	136	74	74
4900	40	28	23
4901	49	21	30
4902	70	40	26
4903	7	8	6
4904	677	660	376
4905	0	1	1
4906	17	15	5
4907	116	87	35
4908	19	21	8
4909	103	71	41
4910	28	32	18
4911	514	492	462
4912	151	141	98
4913	38	34	10
4914	371	243	185
4915	2	5	2
4916	18	19	16
4917	38	24	15
4918	28	23	19
4919	222	178	79
4920	300	208	100
4921	141	100	68
4922	221	167	99
4923	184	141	117
4924	28	31	30
4925	0	0	0
4926	213	185	119
4927	39	35	23
4928	161	164	94
4929	99	125	44
4930	0	0	0
4931	290	195	144
4932	209	150	145
4933	13	11	6
4934	112	100	58
4935	137	70	38
4936	152	132	61
4937	14	15	9
4938	71	66	43
4939	90	68	32
4940	63	47	29
4941	38	24	17
4942	1083	805	488
4943	10	15	5
4944	8	3	4
4945	5	3	1
4946	23	29	9
4947	39	42	18
4948	188	128	68
4949	195	117	65
4950	3	2	2
4951	0	0	0
4952	139	107	86
4953	8	6	4
4954	3	3	5
4955	1	0	0
4956	73	50	30
4957	37	25	8
4958	11	14	10
4959	108	94	48
4960	41	31	13
4961	93	78	53
4962	13	12	9
4963	113	114	58
4964	1751	1479	1088
4965	37	42	10
4966	756	471	312
4967	3	3	1
4968	0	1	2
4969	2	1	0
4970	1	4	1
4971	111	69	36
4972	275	193	178
4973	3	3	4
4974	7	5	5
4975	30	32	24
4976	131	71	57
4977	122	44	31
4978	77	54	32
4979	136	94	70
4980	81	53	26
4981	71	48	26
4982	67	90	23
4983	5	4	4
4984	3	2	1
4985	1	2	1
4986	115	55	23
4987	112	101	76
4988	22	16	8
4989	13	10	5
4990	85	101	15
4991	190	126	52
4992	0	0	0
4993	3	4	0
4994	430	355	214
4995	9	10	9
4996	25	30	8
4997	190	129	77
4998	127	87	45
4999	515	287	209
5000	19	20	3
5001	50	46	23
5002	10	9	5
5003	778	647	490
5004	239	175	151
5005	8	10	3
5006	2	1	0
5007	168	141	90
5008	10	11	4
5009	187	174	104
5010	151	127	31
5011	10	8	1
5012	37	26	21
5013	5	7	3
5014	155	126	69
5015	187	152	65
5016	429	285	225
5017	10	2	0
5018	48	38	39
5019	105	75	34
5020	1454	1115	497
5021	18	18	14
5022	52	46	23
5023	329	218	106
5024	541	340	249
5025	39	32	16
5026	129	115	78
5027	37	21	11
5028	225	181	136
5029	172	125	100
5030	19	16	6
5031	19	7	5
5032	27	27	14
5033	43	51	21
5034	255	152	107
5035	458	400	297
5036	60	60	41
5037	167	174	126
5038	46	60	21
5039	5	4	5
5040	0	0	0
5041	0	0	0
5042	39	26	15
5043	146	97	54
5044	15	21	7
5045	7	9	3
5046	526	437	251
5047	41	19	21
5048	46	41	16
5049	1	1	2
5050	8	3	4
5051	6	8	9
5052	207	145	75
5053	133	94	58
5054	75	102	50
5055	697	505	327
5056	93	94	53
5057	2	0	1
5058	210	147	109
5059	23	20	28
5060	19	10	15
5061	16	16	20
5062	554	520	398
5063	10	10	12
5064	1	0	0
5065	3	7	2
5066	2	1	2
5067	5	4	8
5068	1	3	1
5069	134	116	73
5070	1	2	2
5071	37	32	13
5072	319	313	198
5073	265	186	95
5074	271	189	174
5075	13	25	8
5076	469	428	281
5077	149	116	53
5078	134	107	70
5079	12	19	10
5080	27	22	12
5081	9	7	6
5082	22	18	10
5083	5	7	5
5084	17	10	9
5085	77	67	36
5086	363	322	242
5087	9	7	8
5088	2	6	5
5089	235	164	114
5090	25	12	10
5091	51	46	46
5092	249	153	120
5093	9	19	14
5094	79	83	44
5095	199	134	59
5096	0	0	0
5097	379	188	151
5098	849	695	503
5099	161	89	56
5100	15	7	8
5101	259	229	149
5102	700	481	302
5103	64	23	21
5104	2	0	0
5105	127	85	54
5106	590	388	317
5107	37	23	21
5108	12	17	2
5109	82	76	56
5110	160	121	61
5111	257	154	81
5112	6	3	1
5113	37	18	17
5114	82	44	31
5115	147	114	67
5116	525	374	287
5117	0	0	0
5118	10	9	6
5119	75	69	34
5120	109	94	44
5121	962	665	375
5122	35	27	6
5123	33	27	31
5124	0	0	0
5125	754	610	418
5126	23	25	17
5127	1743	1463	1005
5128	0	0	0
5129	1	1	1
5130	35	22	12
5131	429	248	123
5132	34	36	19
5133	6	15	3
5134	24	7	13
5135	0	0	1
5136	143	118	40
5137	33	29	20
5138	3	4	5
5139	228	215	175
5140	250	174	117
5141	10	7	3
5142	82	53	34
5143	7	9	8
5144	0	0	0
5145	22	20	18
5146	234	242	173
5147	11	6	1
5148	5	8	2
5149	6	4	4
5150	144	102	45
5151	314	267	181
5152	28	30	25
5153	0	0	0
5154	3	3	3
5155	489	240	211
5156	19	17	10
5157	190	102	51
5158	7	5	1
5159	64	55	15
5160	59	62	29
5161	264	220	119
5162	193	98	78
5163	76	53	17
5164	34	24	18
5165	176	142	86
5166	60	33	19
5167	24	21	24
5168	260	168	117
5169	21	12	8
5170	78	64	31
5171	123	107	61
5172	76	46	24
5173	184	174	124
5174	23	9	7
5175	3	5	2
5176	3	2	1
5177	80	56	34
5178	0	0	0
5179	93	62	32
5180	96	70	54
5181	0	0	0
5182	235	133	77
5183	178	157	85
5184	153	114	55
5185	457	303	204
5186	125	76	66
5187	106	81	70
5188	291	151	98
5189	898	743	507
5190	1	0	1
5191	109	65	39
5192	20	5	9
5193	151	74	57
5194	32	21	19
5195	55	40	32
5196	243	208	171
5197	132	121	95
5198	366	243	145
5199	9	4	9
5200	63	74	83
5201	278	210	153
5202	23	35	22
5203	275	195	182
5204	178	157	100
5205	0	0	0
5206	833	598	459
5207	0	0	0
5208	307	282	129
5209	58	28	22
5210	60	51	15
5211	100	53	26
5212	162	193	52
5213	215	169	152
5214	45	33	16
5215	186	153	91
5216	153	203	155
5217	0	0	1
5218	0	0	0
5219	45	25	13
5220	60	54	29
5221	49	34	19
5222	172	130	77
5223	510	395	296
5224	87	66	36
5225	254	181	70
5226	75	56	32
5227	31	39	16
5228	104	92	54
5229	282	215	134
5230	308	251	181
5231	229	197	75
5232	16	11	9
5233	13	12	9
5234	52	46	27
5235	0	1	1
5236	271	173	124
5237	0	0	0
5238	0	0	0
5239	0	0	0
5240	0	1	0
5241	5	8	5
5242	56	26	32
5243	70	69	20
5244	57	43	37
5245	5	6	4
5246	34	23	8
5247	61	51	44
5248	132	104	67
5249	102	57	25
5250	104	91	41
5251	588	455	240
5252	73	61	50
5253	27	38	37
5254	278	150	137
5255	36	59	23
5256	128	79	61
5257	1	5	0
5258	22	28	27
5259	216	133	107
5260	94	91	57
5261	110	82	64
5262	120	97	63
5263	2	4	3
5264	166	128	70
5265	27	19	14
5266	643	438	296
5267	113	87	83
5268	14	22	12
5269	46	36	19
5270	4	10	5
5271	38	61	17
5272	10	6	7
5273	0	0	0
5274	63	38	22
5275	0	0	0
5276	0	0	1
5277	13	25	9
5278	16	13	10
5279	114	123	42
5280	93	45	25
5281	210	99	90
5282	2	1	4
5283	185	103	62
5284	576	584	240
5285	20	16	10
5286	1	1	1
5287	59	56	20
5288	49	32	22
5289	104	80	52
5290	251	170	133
5291	88	102	51
5292	606	532	338
5293	177	125	90
5294	84	54	35
5295	491	410	187
5296	4	0	0
5297	71	43	32
5298	103	81	40
5299	3	4	2
5300	255	204	107
5301	34	17	23
5302	75	45	25
5303	81	68	29
5304	461	377	144
5305	275	207	132
5306	150	102	69
5307	56	48	33
5308	54	30	7
5309	101	100	31
5310	170	152	101
5311	92	83	46
5312	0	0	0
5313	238	211	75
5314	64	47	26
5315	1	0	0
5316	104	65	25
5317	4	11	5
5318	87	82	31
5319	70	57	60
5320	109	77	37
5321	911	816	567
5322	69	51	27
5323	13	5	8
5324	149	114	62
5325	80	62	47
5326	0	4	3
5327	1120	694	550
5328	6	6	2
5329	45	42	23
5330	45	39	22
5331	80	92	54
5332	1336	971	512
5333	155	89	54
5334	19	6	7
5335	90	74	41
5336	86	59	55
5337	1192	1134	825
5338	5	4	1
5339	94	49	22
5340	663	504	381
5341	52	45	22
5342	14	8	2
5343	15	27	14
5344	267	235	101
5345	58	49	23
5346	22	10	12
5347	24	23	11
5348	7	11	3
5349	258	161	99
5350	201	168	75
5351	368	328	236
5352	31	29	14
5353	100	69	40
5354	42	64	19
5355	18	7	4
5356	428	371	160
5357	114	77	37
5358	61	67	27
5359	21	17	7
5360	2	3	1
5361	16	9	3
5362	0	0	0
5363	0	1	1
5364	214	178	74
5365	31	26	16
5366	59	38	22
5367	117	75	43
5368	66	49	31
5369	216	187	109
5370	56	31	31
5371	24	20	6
5372	22	11	3
5373	68	48	22
5374	41	38	15
5375	154	144	73
5376	12	6	9
5377	5	1	0
5378	0	0	0
5379	579	348	171
5380	36	25	15
5381	1	0	0
5382	22	19	11
5383	54	38	25
5384	0	0	0
5385	63	55	44
5386	147	91	60
5387	23	17	8
5388	42	39	26
5389	15	22	6
5390	16	16	14
5391	20	14	12
5392	4	2	0
5393	131	109	49
5394	104	64	41
5395	11	12	11
5396	0	0	0
5397	55	29	13
5398	444	281	152
5399	20	14	11
5400	0	0	0
5401	448	383	252
5402	20	15	13
5403	145	93	59
5404	13	13	0
5405	91	100	66
5406	28	17	20
5407	51	43	17
5408	14	22	9
5409	153	111	60
5410	70	109	63
5411	1	0	1
5412	33	17	13
5413	9	35	13
5414	86	66	45
5415	50	41	24
5416	234	169	137
5417	9	17	3
5418	17	14	11
5419	53	35	24
5420	25	41	20
5421	0	0	1
5422	25	48	14
5423	181	155	80
5424	103	76	58
5425	68	42	41
5426	23	26	14
5427	80	72	33
5428	25	13	10
5429	56	36	17
5430	40	28	16
5431	15	16	1
5432	580	335	325
5433	194	116	107
5434	184	174	88
5435	32	17	9
5436	23	16	16
5437	38	24	9
5438	217	183	103
5439	48	52	22
5440	32	23	31
5441	508	427	239
5442	510	421	332
5443	1252	1315	1158
5444	224	162	105
5445	62	47	27
5446	332	233	180
5447	336	202	128
5448	1	2	0
5449	163	134	82
5450	405	290	236
5451	335	266	160
5452	41	46	26
5453	737	675	408
5454	479	368	176
5455	0	1	0
5456	62	58	41
5457	601	424	274
5458	1	0	0
5459	8	9	7
5460	10	6	3
5461	11	7	7
5462	19	13	3
5463	484	429	273
5464	25	19	17
5465	127	67	45
5466	714	447	312
5467	31	30	14
5468	257	162	128
5469	16	6	8
5470	364	283	208
5471	196	118	47
5472	0	1	1
5473	11	5	2
5474	4	4	2
5475	1	5	3
5476	230	206	100
5477	42	40	22
5478	5	4	4
5479	12	7	12
5480	10	10	7
5481	26	19	16
5482	2241	2078	1786
5483	26	21	11
5484	22	24	16
5485	0	0	1
5486	161	142	82
5487	96	94	52
5488	183	175	112
5489	168	132	66
5490	448	391	248
5491	102	98	56
5492	0	0	0
5493	0	0	0
5494	1	0	2
5495	0	0	0
5496	10	4	6
5497	90	71	69
5498	1	2	5
5499	17	28	7
5500	401	293	188
5501	1	4	1
5502	648	574	469
5503	83	100	64
5504	13	7	7
5505	46	17	15
5506	340	240	173
5507	35	25	15
5508	2	8	2
5509	847	743	530
5510	9	6	7
5511	11	7	3
5512	87	97	53
5513	11	10	7
5514	20	21	9
5515	60	38	24
5516	57	43	37
5517	4	2	4
5518	0	0	1
5519	117	117	18
5520	21	27	23
5521	124	86	41
5522	8	7	5
5523	30	20	18
5524	27	26	25
5525	1	0	0
5526	0	0	0
5527	0	0	0
5528	123	72	41
5529	11	9	4
5530	346	230	157
5531	2353	1838	1105
5532	18	13	5
5533	0	0	0
5534	286	197	88
5535	322	227	119
5536	80	55	29
5537	14	11	3
5538	4	3	1
5539	16	12	7
5540	0	1	0
5541	454	314	203
5542	0	0	0
5543	25	6	10
5544	36	37	31
5545	317	190	95
5546	87	81	73
5547	22	20	13
5548	63	56	18
5549	3	1	1
5550	189	187	111
5551	45	46	24
5552	196	161	78
5553	28	30	22
5554	180	76	82
5555	7	2	3
5556	18	8	15
5557	0	0	1
5558	157	122	77
5559	2	1	0
5560	27	29	18
5561	54	48	32
5562	8	6	5
5563	37	32	17
5564	27	16	15
5565	1271	909	680
5566	117	83	36
5567	22	21	13
5568	206	166	105
5569	121	66	49
5570	40	12	3
5571	0	0	0
5572	48	30	10
5573	87	70	31
5574	96	87	37
5575	26	26	2
5576	191	128	64
5577	1029	714	463
5578	387	382	261
5579	15	11	8
5580	36	30	15
5581	36	59	19
5582	5	4	3
5583	162	129	114
5584	420	218	127
5585	98	73	41
5586	14	14	12
5587	43	33	19
5588	18	6	3
5589	441	322	254
5590	159	145	110
5591	27	33	20
5592	33	28	16
5593	29	19	14
5594	13	15	8
5595	28	23	18
5596	464	311	188
5597	17	5	6
5598	38	35	19
5599	96	73	66
5600	0	0	1
5601	109	97	52
5602	34	39	9
5603	96	96	51
5604	101	77	46
5605	159	120	73
5606	101	66	32
5607	104	66	46
5608	26	19	19
5609	0	1	0
5610	464	328	196
5611	52	53	25
5612	59	70	31
5613	56	32	23
5614	378	364	230
5615	39	31	12
5616	0	0	0
5617	44	32	21
5618	91	56	41
5619	462	312	167
5620	272	246	188
5621	98	69	43
5622	70	66	23
5623	17	7	8
5624	43	20	13
5625	5	5	4
5626	6	2	1
5627	8	7	11
5628	2	1	1
5629	72	40	16
5630	84	55	39
5631	0	0	1
5632	31	24	18
5633	126	82	37
5634	342	297	253
5635	8	6	3
5636	188	129	65
5637	98	105	29
5638	72	56	26
5639	48	30	8
5640	0	0	0
5641	150	102	71
5642	172	95	62
5643	245	177	139
5644	22	13	6
5645	1	0	0
5646	25	9	9
5647	16	28	14
5648	16	11	7
5649	2	3	3
5650	26	17	5
5651	23	22	17
5652	1	0	0
5653	96	52	31
5654	0	0	0
5655	15	5	9
5656	42	36	15
5657	14	8	3
5658	68	42	20
5659	0	0	0
5660	566	318	194
5661	16	15	26
5662	65	51	32
5663	67	72	25
5664	549	368	227
5665	13	6	9
5666	74	78	34
5667	132	147	90
5668	485	434	346
5669	39	39	16
5670	183	153	65
5671	23	38	10
5672	303	229	158
5673	299	272	185
5674	5	6	2
5675	60	43	21
5676	121	126	36
5677	3	5	2
5678	46	38	26
5679	0	0	1
5680	17	10	10
5681	193	157	86
5682	46	25	15
5683	19	10	5
5684	36	34	11
5685	25	28	15
5686	144	123	60
5687	46	38	29
5688	3	1	4
5689	0	0	0
5690	544	400	261
5691	383	347	292
5692	14	9	10
5693	170	110	36
5694	107	58	29
5695	2270	1810	1309
5696	195	184	104
5697	25	20	16
5698	118	75	61
5699	112	97	64
5700	63	36	26
5701	4	4	4
5702	69	61	19
5703	1	1	0
5704	1	1	1
5705	226	221	160
5706	4	3	6
5707	8	7	6
5708	233	157	114
5709	170	129	76
5710	57	48	25
5711	236	146	84
5712	10	9	9
5713	390	394	235
5714	34	16	22
5715	4	2	2
5716	0	0	1
5717	17	21	7
5718	8	3	0
5719	14	14	4
5720	0	1	0
5721	48	38	19
5722	656	476	239
5723	13	11	12
5724	45	30	26
5725	63	50	20
5726	143	101	53
5727	27	14	14
5728	32	26	18
5729	195	143	85
5730	346	317	258
5731	614	482	347
5732	360	240	177
5733	220	178	75
5734	207	244	63
5735	15	19	20
5736	37	53	27
5737	37	32	23
5738	3	4	5
5739	13	24	10
5740	64	32	28
5741	61	52	47
5742	0	0	0
5743	24	23	17
5744	27	35	5
5745	41	35	13
5746	66	56	32
5747	296	191	99
5748	35	13	13
5749	866	734	612
5750	55	54	22
5751	272	213	165
5752	100	70	33
5753	39	38	11
5754	0	1	2
5755	51	53	12
5756	2	3	2
5757	401	334	200
5758	127	141	72
5759	5	2	3
5760	0	2	0
5761	325	329	135
5762	24	14	12
5763	90	53	27
5764	46	59	24
5765	313	314	276
5766	0	0	0
5767	9	2	3
5768	0	0	0
5769	31	19	13
5770	6	13	15
5771	142	146	38
5772	242	148	96
5773	13	16	13
5774	170	101	92
5775	190	163	69
5776	76	68	26
5777	0	0	0
5778	122	122	54
5779	230	187	65
5780	145	153	95
5781	18	8	5
5782	13	9	4
5783	227	164	90
5784	31	31	18
5785	15	14	9
5786	69	53	42
5787	42	30	20
5788	0	0	0
5789	2625	2273	1992
5790	829	667	468
5791	7	8	1
5792	679	467	267
5793	66	47	20
5794	540	475	362
5795	63	34	24
5796	54	41	33
5797	95	83	45
5798	6	6	1
5799	39	36	11
5800	307	253	196
5801	171	165	113
5802	17	4	10
5803	0	0	0
5804	32	22	5
5805	74	59	29
5806	74	68	47
5807	0	0	0
5808	16	33	11
5809	8	5	6
5810	159	130	81
5811	153	146	68
5812	340	386	285
5813	96	74	52
5814	0	0	0
5815	30	40	22
5816	355	271	142
5817	92	67	44
5818	52	44	38
5819	86	65	31
5820	121	96	40
5821	244	166	123
5822	5	5	4
5823	13	22	18
5824	518	425	241
5825	96	66	44
5826	4	2	4
5827	8	22	5
5828	99	70	38
5829	21	18	16
5830	79	112	130
5831	366	272	165
5832	29	14	5
5833	68	43	37
5834	28	34	13
5835	333	271	208
5836	73	50	42
5837	42	22	13
5838	122	90	59
5839	97	77	56
5840	517	382	205
5841	1	1	0
5842	92	82	49
5843	17	13	11
5844	11	7	7
5845	149	159	91
5846	2	2	2
5847	0	0	0
5848	330	316	326
5849	2	1	0
5850	29	16	18
5851	26	16	9
5852	46	38	17
5853	0	0	0
5854	39	53	39
5855	28	20	14
5856	77	69	47
5857	5	0	2
5858	232	180	104
5859	150	142	69
5860	116	88	67
5861	91	104	28
5862	41	33	21
5863	7	12	5
5864	160	139	87
5865	77	84	40
5866	1	0	0
5867	15	21	9
5868	0	0	0
5869	198	177	89
5870	7	7	4
5871	1	3	0
5872	23	15	11
5873	93	76	54
5874	8	6	3
5875	1	3	4
5876	102	88	74
5877	74	51	28
5878	28	20	7
5879	2	4	2
5880	20	39	14
5881	14	16	6
5882	1	0	0
5883	108	67	57
5884	72	51	40
5885	28	21	18
5886	9	4	7
5887	210	156	78
5888	88	59	40
5889	468	340	191
5890	94	109	63
5891	34	25	21
5892	0	0	0
5893	0	2	0
5894	1017	757	466
5895	45	52	14
5896	0	0	0
5897	28	15	17
5898	2	2	2
5899	183	105	65
5900	3	3	3
5901	6	13	7
5902	88	68	29
5903	120	101	32
5904	17	13	9
5905	101	72	51
5906	126	104	62
5907	181	175	112
5908	51	36	28
5909	7	6	3
5910	26	20	16
5911	5	0	5
5912	45	33	16
5913	40	46	46
5914	99	80	67
5915	384	352	126
5916	385	332	205
5917	238	161	98
5918	332	249	124
5919	6	12	1
5920	3	3	0
5921	55	41	19
5922	2	2	0
5923	78	46	24
5924	1	2	3
5925	613	421	268
5926	179	147	74
5927	36	28	16
5928	32	9	8
5929	174	145	59
5930	28	25	19
5931	226	186	126
5932	868	664	394
5933	166	157	40
5934	22	12	8
5935	11	14	4
5936	0	1	0
5937	103	76	48
5938	1931	1395	853
5939	18	21	12
5940	74	49	14
5941	26	26	18
5942	25	14	11
5943	32	19	6
5944	0	1	0
5945	2741	2382	2028
5946	111	95	84
5947	55	40	14
5948	742	541	287
5949	130	71	62
5950	10	12	24
5951	65	49	23
5952	7	5	4
5953	34	34	14
5954	35	43	19
5955	331	201	137
5956	71	63	29
5957	111	117	90
5958	21	13	7
5959	18	12	6
5960	127	65	31
5961	383	229	175
5962	711	510	341
5963	12	10	9
5964	1	0	0
5965	8	2	5
5966	2	3	0
5967	0	0	0
5968	236	166	105
5969	627	453	267
5970	156	131	105
5971	42	28	11
5972	39	28	18
5973	12	10	8
5974	272	205	86
5975	154	87	57
5976	3	3	7
5977	0	0	0
5978	3	1	0
5979	186	141	85
5980	140	91	86
5981	140	90	47
5982	364	279	152
5983	0	0	0
5984	23	14	5
5985	256	191	118
5986	49	20	17
5987	35	25	12
5988	19	15	9
5989	68	52	17
5990	74	67	18
5991	261	184	149
5992	80	40	27
5993	178	151	100
5994	16	18	4
5995	49	42	20
5996	4	1	3
5997	6	5	4
5998	203	162	82
5999	226	189	118
6000	139	155	95
6001	84	87	54
6002	23	9	10
6003	44	21	18
6004	5	19	10
6005	67	63	43
6006	4	3	1
6007	15	21	5
6008	305	270	131
6009	110	85	17
6010	52	45	17
6011	391	297	245
6012	54	59	40
6013	115	117	61
6014	37	16	12
6015	24	24	13
6016	103	61	58
6017	55	40	23
6018	20	26	11
6019	32	28	21
6020	0	0	0
6021	23	18	10
6022	2	3	2
6023	68	78	47
6024	39	16	4
6025	40	20	13
6026	55	48	25
6027	45	42	37
6028	72	63	56
6029	98	148	79
