	-24	-23	-22	-21	-20	-19	-18	-17	-16	-15	-14	-13	-12	-11	-10	-9	-8	-7	-6	-5	-4	-3	-2	-1	0	1	2	3	4	5	6	7	8
ARG-LEU-LYS (RLK)	326	274	195	329	247	173	466	360	207	436	324	258	2579	2712	215	205	186	168	212	204	184	255	321	140	239	245	139	233	172	109	232	200	110
ARG-TRP-LYS (RWK)	9	13	8	17	9	1	28	32	1	11	14	12	65	82	4	10	14	3	16	8	22	16	14	5	8	8	8	6	4	7	10	12	3
ARG-CYS-ARG (RCR)	8	10	3	6	5	7	13	11	4	18	12	4	33	52	7	2	15	5	6	7	5	10	12	5	6	11	5	8	11	7	7	7	6
ARG-HIS-LYS (RHK)	43	23	26	41	29	27	114	64	23	40	45	27	312	251	32	37	16	24	71	51	27	26	43	28	44	63	21	22	39	14	35	29	24
LYS-LEU-LYS (KLK)	610	473	246	551	414	299	659	514	298	787	602	434	4078	2756	287	341	276	278	508	365	222	419	342	196	414	462	297	404	425	185	435	413	253
ARG-ILE-LYS (RIK)	169	142	101	197	146	75	237	164	95	157	146	116	953	837	89	130	117	85	156	171	90	127	172	72	153	200	82	151	86	63	155	131	86
ASP-ASN-PRO (DNP)	65	44	24	55	47	28	47	48	34	45	35	35	345	329	37	79	42	46	168	116	17	60	45	25	59	34	30	69	70	58	83	66	31
CYS-TRP-ASN (CWN)	1	2	3	4	0	1	2	6	3	2	4	0	21	15	1	2	7	0	1	2	0	2	4	0	1	3	0	5	3	3	7	2	2
ARG-TYR-LYS (RYK)	50	52	32	52	54	33	74	58	41	46	43	36	284	252	23	34	34	35	49	38	34	31	62	29	46	65	29	48	35	25	47	58	20
ARG-TYR-ARG (RYR)	61	38	15	29	27	27	101	57	29	59	31	27	230	212	27	39	41	27	55	48	32	57	80	14	29	24	17	26	35	14	22	23	9
LYS-TRP-LYS (KWK)	33	26	9	40	29	25	29	17	10	47	21	23	177	150	20	33	29	20	48	33	17	29	28	7	41	51	20	52	25	23	36	21	9
ARG-ILE-ARG (RIR)	91	77	51	101	78	73	118	96	68	82	74	75	427	408	60	75	69	55	91	102	42	82	81	56	78	86	62	98	91	57	89	81	57
LYS-HIS-ARG (KHR)	83	57	24	69	45	32	78	46	13	38	39	35	273	245	37	47	48	25	52	71	17	56	47	34	59	56	48	58	91	33	38	43	31
ARG-HIS-ARG (RHR)	57	31	19	46	34	26	93	73	32	22	37	24	188	191	32	50	41	21	46	53	23	19	46	14	55	70	37	33	33	23	34	28	22
ARG-TRP-ARG (RWR)	26	45	6	19	13	4	14	14	7	20	13	19	92	83	7	7	10	9	28	20	8	21	21	8	11	20	6	9	3	9	49	49	11
ARG-ASN-ARG (RNR)	97	58	59	121	130	64	147	106	60	95	89	59	462	418	60	72	49	54	127	171	44	93	97	44	107	71	55	99	105	64	108	76	39
ARG-GLN-ARG (RQR)	95	72	47	94	62	49	203	181	51	74	52	67	313	390	46	85	78	51	149	174	44	87	120	52	82	80	53	55	109	42	81	74	60
TYR-TRP-SER (YWS)	27	16	18	16	15	10	24	30	8	27	35	16	69	87	13	23	19	12	19	20	17	17	17	18	16	37	31	23	8	15	23	19	10
ARG-LEU-ARG (RLR)	224	202	134	235	212	143	361	237	134	316	210	211	1278	898	150	232	168	158	217	176	135	178	238	119	152	245	109	162	201	114	196	166	161
ARG-LYS-LYS (RKK)	413	316	194	359	280	225	627	463	243	487	415	251	1615	1521	209	488	458	252	597	580	219	385	457	222	359	248	181	364	239	147	362	323	191
LYS-LEU-ARG (KLR)	425	356	160	367	294	196	365	311	166	496	404	250	1981	1303	194	259	245	230	346	252	151	246	211	190	263	373	211	282	397	186	316	311	150
PRO-PRO-GLY (PPG)	66	66	36	78	56	42	91	71	45	104	72	42	389	330	64	139	66	36	67	44	62	133	90	110	133	100	62	94	128	48	42	59	59
LYS-ILE-LYS (KIK)	338	291	154	340	264	151	333	330	114	257	222	209	1471	1069	111	265	224	147	430	354	154	285	185	130	342	247	154	311	154	113	316	300	202
LYS-HIS-LYS (KHK)	113	95	47	112	102	55	132	146	39	92	79	35	587	407	42	64	86	70	168	153	43	115	88	36	156	128	90	85	90	38	134	108	61
ARG-PHE-ARG (RFR)	81	71	32	93	44	33	126	95	32	59	54	46	287	260	55	72	61	49	71	46	36	45	81	29	67	118	33	55	137	28	52	47	33
PRO-PRO-LEU (PPL)	131	99	64	124	113	63	180	119	71	160	117	109	874	583	96	334	155	74	137	88	91	199	116	189	241	126	134	188	145	105	146	154	87
PRO-PRO-SER (PPS)	181	122	75	185	126	85	192	143	95	221	158	130	894	612	98	315	208	106	125	67	92	160	113	183	216	103	166	191	150	99	158	82	92
ARG-PHE-LYS (RFK)	71	73	46	73	65	57	155	91	34	81	52	58	414	272	61	65	54	44	105	114	33	77	102	36	50	53	25	63	69	26	74	44	34
ARG-THR-ARG (RTR)	82	67	45	98	92	45	160	104	80	87	55	46	265	284	42	75	59	47	135	141	38	74	75	42	77	73	50	126	50	38	69	42	40
ARG-ARG-LYS (RRK)	220	144	74	160	117	73	363	255	115	265	194	96	628	571	96	235	214	79	202	226	87	149	193	74	120	164	76	129	127	59	116	101	30
LYS-PHE-LYS (KFK)	180	164	86	185	145	103	260	186	91	115	114	108	855	575	81	121	113	83	326	233	67	168	148	68	170	146	112	173	174	59	166	119	102
GLN-HIS-TRP (QHW)	6	3	3	5	4	0	1	3	3	4	2	2	7	16	2	7	13	2	4	2	1	2	3	6	5	5	6	7	12	9	9	4	5
HIS-MET-TYR (HMY)	3	2	5	7	1	1	7	4	3	2	5	4	4	11	1	6	2	0	2	4	5	3	1	4	1	5	1	6	2	1	3	5	2
ARG-LYS-ARG (RKR)	302	247	228	355	276	216	496	382	187	516	451	198	1247	1158	231	400	387	204	508	715	204	325	377	189	272	328	160	250	319	180	257	189	161
LYS-MET-ARG (KMR)	30	26	9	37	17	17	35	24	9	5	9	15	108	80	20	26	13	10	33	41	12	22	16	13	29	42	11	25	12	12	22	34	12
LYS-PHE-ARG (KFR)	73	70	35	61	49	33	89	59	36	47	36	56	276	219	39	69	62	44	125	62	32	60	94	31	61	62	55	74	113	35	57	52	31
GLY-ARG-CYS (GRC)	12	8	5	17	16	10	10	5	6	19	28	13	22	47	13	38	21	10	15	15	12	11	41	14	10	10	11	15	13	5	9	7	5
LYS-ASN-ARG (KNR)	129	99	70	146	115	89	178	156	80	118	123	103	615	423	83	96	103	104	151	179	74	118	81	71	106	93	83	127	139	78	137	90	80
TRP-GLY-ARG (WGR)	11	9	2	8	9	7	10	9	8	11	9	8	33	31	10	6	8	6	17	28	4	10	10	9	14	5	6	6	3	4	6	3	6
ALA-PHE-TRP (AFW)	26	10	3	10	4	4	12	13	8	10	7	9	33	33	7	7	10	4	15	8	6	9	16	2	11	1	5	22	20	7	11	2	4
PRO-GLY-GLY (PGG)	128	111	87	149	134	84	156	114	84	163	149	110	473	438	87	141	96	80	111	103	126	185	180	179	212	246	92	85	120	90	87	83	83
ARG-MET-LYS (RMK)	90	85	35	72	58	41	122	96	34	49	47	49	210	168	35	39	35	18	52	40	26	37	40	22	28	26	20	51	18	23	68	72	29
HIS-TRP-ASP (HWD)	5	2	1	5	10	2	1	1	24	1	1	0	2	11	3	0	2	0	3	2	4	7	7	2	2	7	6	5	2	0	3	0	0
CYS-ALA-CYS (CAC)	10	4	3	6	5	5	7	5	2	5	6	3	4	20	5	1	7	7	8	8	4	10	7	4	10	11	2	10	9	9	15	4	6
PRO-PRO-ASN (PPN)	79	50	47	99	95	61	95	85	53	117	95	53	366	298	56	190	101	52	96	72	89	103	93	116	148	67	98	111	72	41	102	89	60
ARG-ARG-ARG (RRR)	212	174	99	251	235	152	455	318	177	602	440	216	803	734	158	275	255	146	266	325	113	211	251	122	129	174	133	153	155	108	154	155	100
LYS-SER-ARG (KSR)	227	164	95	209	128	100	237	143	98	208	133	114	651	545	100	178	140	104	473	308	90	246	158	58	152	184	98	197	149	73	174	137	78
GLY-ASP-PRO (GDP)	38	45	22	74	39	29	71	49	25	66	59	33	103	144	26	60	38	30	78	64	23	44	67	31	30	30	23	50	41	48	67	58	27
PRO-ASN-LEU (PNL)	167	132	96	183	164	87	215	171	62	161	118	89	653	463	91	201	130	61	117	76	121	160	110	124	160	144	60	217	166	108	193	150	98
PRO-ASN-ILE (PNI)	51	43	29	103	71	23	105	47	34	84	51	41	237	201	61	97	74	29	54	49	42	90	65	77	93	60	26	92	51	36	98	48	49
