	-30	-29	-28	-27	-26	-25	-24	-23	-22	-21	-20	-19	-18	-17	-16	-15	-14	-13	-12	-11	-10	-9	-8	-7	-6	-5	-4	-3	-2	-1	0	1	2
ALA_GCT	22824	22833	19933	23264	23094	19597	22575	22955	19586	22594	22653	19692	21850	22557	19799	22266	22854	19708	22454	23293	20281	24538	23223	20209	24220	22058	19631	23686	25699	17236	23416	18854	15451
ALA_GCC	8554	8760	7366	8642	8525	6998	8552	9002	7260	8616	8648	7163	8450	8332	7338	8317	8671	7295	8412	8609	7422	9319	8500	7489	9174	8233	7222	9259	10903	6677	8124	6241	5789
ALA_GCA	10513	10442	8693	10393	10335	8499	10446	10398	8470	10347	10360	8469	11510	11111	8691	10381	10310	8435	11132	10194	8540	11586	9953	8296	11284	9418	7822	9894	10877	6479	11049	7539	7985
ALA_GCG	1353	1358	1165	1384	1408	1196	1261	1251	1106	1295	1301	1129	2108	1913	1305	1392	1236	1213	1412	1374	1110	1433	1382	1232	1567	1231	1180	1349	1427	894	1430	939	817
ARG_CGT	5018	5040	3898	4854	4796	4033	4829	4867	4035	5056	4935	4066	4944	4941	4134	5040	5008	3899	5307	5342	4144	4663	5261	4181	4883	5323	4152	4917	4607	3858	4105	4718	2918
ARG_CGG	655	599	478	676	591	505	603	651	505	634	601	556	1045	927	507	842	834	523	776	662	526	605	657	542	683	631	509	622	642	614	699	341	327
ARG_CGC	494	488	364	470	549	355	483	502	397	508	501	444	710	577	367	506	480	420	469	530	402	472	487	390	469	593	462	473	507	465	408	447	299
ARG_CGA	2779	2587	2061	2775	2721	2109	2919	2674	2228	2787	2684	2208	3762	3428	2246	3453	3369	2301	3051	2983	2308	2582	2710	2190	2782	2994	2213	2869	3102	2237	2442	2621	1689
ARG_AGA	22989	23010	19626	22988	23363	19635	23500	23063	19773	23652	23270	19853	23260	22938	20499	24122	23695	19519	24315	23701	19666	23232	23936	20479	23578	24274	19335	20743	23299	18987	22360	26629	18378
ARG_AGG	1877	1773	1440	1930	1855	1511	1865	1658	1495	1948	1815	1569	2197	1919	1587	2193	2013	1537	1980	1847	1524	1759	1911	1469	1979	1786	1366	1661	1850	1529	2022	1186	1046
ASN_AAT	28806	28700	23793	28923	29029	23665	28934	28577	23271	29121	28687	23192	28997	28000	22816	30395	29700	23259	27815	28111	23298	27870	28913	23926	29921	29056	22843	30048	26170	23160	32252	37493	22881
ASN_AAC	13159	13011	11236	13549	13064	11156	13410	12942	11403	13553	13203	11179	13598	13168	11360	13667	14018	11435	13230	13029	11692	13353	13350	11507	13701	14173	11876	14131	12866	11649	14991	16809	11479
ASP_GAT	38344	38046	32193	37844	37642	32002	38163	37889	32504	37784	37902	32308	38995	38616	33195	37492	37169	32213	36277	38720	32889	40290	39634	33057	38472	37777	31377	36472	36964	28943	38680	36066	41494
ASP_GAC	11407	11387	10053	11373	11370	9856	11090	11290	9869	11540	11567	10272	11845	12092	10208	11523	11427	10215	11222	11836	10194	12410	12139	10129	11068	11629	9763	11009	12020	9321	11276	11305	13440
CYS_TGT	5152	5013	4220	4951	5196	4152	5027	4805	4076	5132	5106	4112	5315	5276	4000	4675	4556	4080	4555	5007	4435	4941	5272	4236	4813	5319	4160	4786	5048	4803	4543	4756	3212
CYS_TGC	647	594	520	724	687	527	629	615	527	648	669	538	776	719	552	544	618	495	620	628	538	696	653	489	608	672	536	611	687	777	449	663	461
GLN_CAA	30422	29626	25273	30092	29603	25317	30240	29953	25175	30581	30365	24596	28060	28352	25687	30227	29381	25139	29816	29231	25585	28498	30315	25456	29705	31602	26495	31396	29526	25565	26469	33948	25935
GLN_CAG	4617	4620	3924	4734	4548	3758	4628	4561	3662	4704	4715	3952	4852	4814	3786	4687	4522	3679	4674	4399	3782	4385	4878	4026	4654	4967	4063	4985	4313	3965	4334	4652	3375
GLU_GAA	54393	54944	47390	55354	55283	47556	55704	55154	47581	54832	54786	48233	54123	54090	47798	52226	52416	47706	55396	53860	47371	55395	53770	47416	54587	54222	47049	50209	55669	42601	51570	50158	75399
GLU_GAG	11475	11340	9514	11409	11472	9534	11444	11492	9564	11544	11376	9601	12146	11987	9383	11197	12123	9585	11174	10973	9541	11240	11608	9377	11727	10975	8996	10195	10686	8196	10599	9198	12964
GLY_GGT	23288	23199	19936	23206	23176	19819	23090	23598	20210	23004	23548	19911	23698	23516	19452	23921	25202	20084	22262	24412	19512	23530	24209	19596	22095	23533	18961	21521	26154	18376	17114	20547	15819
GLY_GGC	2659	2714	2095	2507	2542	2089	2590	2466	2095	2590	2667	2135	3153	3096	2249	2800	2734	2215	2489	2764	2152	2848	2721	2110	2601	2778	1992	2538	3285	2241	1555	2475	1862
GLY_GGA	9216	9242	7345	9104	9051	7722	9387	9135	7513	9203	9172	7593	10317	9945	7608	9897	9971	7571	9431	9532	7663	9483	9664	7554	9166	9225	7404	8384	10501	6854	6129	8132	7428
GLY_GGG	4084	4083	3241	4134	3997	3348	4162	4097	3171	4098	4085	3352	4510	4493	3488	4319	4330	3348	4060	4144	3405	4147	4428	3515	4174	4091	3534	4205	5439	3844	2790	2330	3418
HIS_CAT	9554	9183	7489	9402	9141	7664	9100	9098	7390	9306	9339	7291	8598	8712	7350	9500	9559	7618	8894	9030	7483	8839	9436	7604	9230	9551	7680	10305	8121	7618	8669	11794	6797
HIS_CAC	4332	4389	3676	4457	4397	3761	4507	4232	3668	4359	4432	3658	4304	4136	3877	4523	4498	3782	4383	4520	3922	4408	4518	3695	4082	4708	3891	4702	4209	4109	4059	5080	3409
ILE_ATT	25775	25318	21309	25489	25416	21517	25639	25540	21553	25939	25453	21345	24865	24772	21616	25814	25315	21397	24501	27001	21364	25008	25665	21335	26112	25040	21697	26146	24068	23526	32248	25779	19940
ILE_ATC	8817	8712	7327	8913	9060	7678	8819	8671	7621	8851	8956	7779	8398	8768	7615	9026	8953	7514	8471	8905	7124	9235	8740	7429	8757	8718	7643	8985	8672	8582	10559	8044	7518
ILE_ATA	8784	8529	6883	8582	8443	6889	8764	8595	6969	8749	8557	7104	9175	8814	7615	9558	8981	7233	9087	8663	6853	8846	8487	7400	9073	8434	7226	8417	8734	7493	10963	8423	7685
LEU_TTA	24818	24284	20848	25115	24209	20477	25313	24947	21054	24821	24622	21002	24724	24360	20817	25146	24628	21361	24818	24436	21519	26083	24337	20325	24698	26092	21716	25450	26975	23942	23655	26996	19933
LEU_TTG	25909	25680	21533	25629	25104	21437	25639	25325	21834	25436	25174	21755	24723	24654	21254	25931	25222	21738	25384	24565	22062	25476	25366	21135	25595	25771	22185	25689	25444	24327	26393	23736	15123
LEU_CTT	4792	4640	3727	4924	4773	4058	4805	4796	4210	5115	4801	4007	5218	4926	4064	4428	4440	4065	5276	5221	3932	4728	5064	4001	5081	5013	4317	5695	4409	4507	4593	5474	3224
LEU_CTC	1134	1060	949	1130	1126	923	1205	1149	936	1266	1135	919	1242	1164	942	1140	1030	898	1241	1193	1008	1273	1204	992	1113	1304	1022	1419	1057	1159	1118	1231	757
LEU_CTA	2301	2312	1816	2392	2349	1863	2369	2238	1860	2342	2306	1983	3038	2796	1991	2825	2530	1984	2630	2420	2021	2287	2504	2017	2495	2379	2142	2567	2259	2101	2115	2251	1705
LYS_AAA	46478	46235	38920	47197	46114	39482	47092	46217	38934	46984	45921	38842	47959	47292	38981	46442	47578	39016	50022	45744	38695	45092	45726	39530	47357	46714	40209	46893	44566	37299	47217	54467	44380
LYS_AAG	19666	20120	16741	19951	20330	16748	20311	20189	16708	20262	20017	16820	21103	20663	16696	20851	20472	17158	21484	19666	16585	19861	20116	17315	20733	20526	16203	19537	18457	15629	20853	21475	16601
PHE_TTT	15742	15164	12870	15642	15200	12499	15585	15527	12788	15640	15624	12907	14644	14522	12778	16028	14985	12949	14847	15295	12645	15170	15414	12179	14585	16663	12508	16222	15381	14842	15489	18315	10496
PHE_TTC	9201	9026	7870	9209	9082	7693	9142	9027	7924	9282	8848	7502	8467	8690	7873	9356	9002	7975	9093	9006	7837	9476	9091	7448	8522	9320	8315	9936	9587	9857	9404	9992	7292
PRO_CCT	8037	7635	6439	7915	7774	6529	7979	7580	6322	8113	7763	6553	8405	8239	6234	9198	9012	6854	9507	8164	6470	7787	7730	6435	8244	7746	7074	10227	7622	7698	7442	8725	5251
PRO_CCC	2032	2024	1711	2014	2021	1512	2007	1987	1595	2042	1880	1670	2198	2193	1691	2189	2071	1691	2357	2143	1604	2111	1901	1586	1952	1964	1735	2823	2337	2276	2266	1850	1272
PRO_CCA	19269	19051	16313	19142	18997	16754	19340	18944	16608	19348	19093	15974	19793	20115	15782	21100	20177	16882	22508	19238	16440	20053	18095	16540	19502	18121	17098	22065	17953	17026	18097	18068	14756
PRO_CCG	1772	1603	1344	1676	1534	1201	1658	1631	1336	1606	1568	1376	1962	1881	1351	1742	1583	1240	1856	1650	1281	1608	1483	1309	1807	1521	1452	2057	1390	1647	1704	1604	885
SER_TCT	14684	14442	12410	14706	14428	12712	14653	14286	12560	14716	14374	12250	13801	14031	11743	13673	13845	12348	14340	14503	12197	14820	14236	12310	14481	14654	12864	16524	14912	14103	14735	15641	9575
SER_TCC	5713	5641	4802	5600	5516	4899	5571	5627	4792	5638	5652	4895	5563	5419	4728	5294	5541	4811	5512	5682	5019	6125	5593	4809	5588	5706	5178	6315	6392	6153	6273	5147	3826
SER_TCA	15749	15291	12956	15811	15831	12989	16150	15741	12754	15903	15810	13126	15237	15303	12746	14439	14437	12384	15905	15069	12868	16723	14738	12937	15586	15447	13559	16177	16466	13783	15807	15573	11766
SER_TCG	3787	3670	3055	3825	3614	3024	3703	3830	3120	3861	3834	3100	3883	3972	3114	3784	3703	3072	3975	3559	3202	3901	3512	3045	3926	3650	3308	4048	3770	3089	3874	3818	2181
SER_AGT	11398	11146	8922	11199	10985	8909	11190	10725	8972	11142	10977	9174	11153	10956	8694	10710	10303	8508	10616	11195	9062	10562	11593	9257	10903	11340	8814	9945	10785	8832	10792	12357	6698
SER_AGC	2969	2865	2369	2812	2968	2460	3089	3046	2459	3054	2963	2397	2940	2858	2493	2773	2862	2326	2823	2930	2467	2896	2926	2409	2832	2937	2338	2731	2835	2540	2333	3594	1923
SER_CTG	2028	1946	1506	2006	2049	1556	2046	1973	1578	2102	1923	1640	2486	2316	1695	2096	1879	1606	1938	1923	1668	2025	2076	1764	2173	2020	1768	2225	1784	1583	2328	1779	1046
THR_ACT	19225	19015	16319	19163	19272	16263	19106	19082	16283	19804	19155	16403	18235	18445	16391	19422	19423	16503	20297	19523	16434	19725	19375	16928	21339	18504	16529	20821	18566	16045	23834	18348	13876
THR_ACC	8415	8629	7155	8195	8203	7137	8382	8354	7421	8483	8244	7262	7781	8006	7418	8675	8236	7015	8579	8470	7084	8845	8128	7219	8850	8059	7225	9289	8776	7815	10856	6828	6752
THR_ACA	10312	9940	8043	10374	9955	8208	10233	9982	8221	10393	10265	8441	11087	10120	8371	10490	9937	8358	11092	9645	8256	10830	9687	8537	11205	9188	8504	10736	9775	8380	13540	9089	8401
THR_ACG	2212	1984	1696	2243	2263	1657	2133	2092	1760	2248	2111	1804	2345	2208	1880	2484	2139	1649	2403	2148	1828	2207	2062	1825	2358	1930	1774	2150	1955	1659	2976	2091	1194
TRP_TGG	5871	5869	4778	5886	5731	4700	5914	5855	4893	5999	5926	5009	6554	6134	4829	5801	5722	5000	5988	5859	5097	5909	6157	5013	6190	6281	5040	5751	6337	6232	5968	3740	4588
TYR_TAT	14045	13874	11499	14268	13921	11294	14176	13904	11460	13932	14032	11436	14079	13738	11326	13830	13538	11377	13320	14178	11248	13459	13743	11256	13369	14521	11360	14787	13575	12522	14297	17766	10434
TYR_TAC	7333	7455	6336	7205	7103	6299	7241	7285	6144	7566	7408	6089	7192	7242	6018	7169	7331	6597	7113	7384	6758	7302	7337	6331	6847	7899	6517	7811	7664	7393	6754	9950	6229
VAL_GTT	22151	21907	19157	22349	22148	19030	22304	22366	18852	21831	22133	18659	20921	21286	19175	21154	21134	19256	21451	23222	19167	23034	22051	18877	22348	21438	18659	22392	22020	18490	22421	18189	22470
VAL_GTC	6512	6496	5987	6711	6680	5973	6622	6860	5856	6776	6816	6131	6588	6715	6039	6454	6584	6101	6462	7078	5918	7210	7049	5795	6762	6711	6056	6956	7265	5935	6371	5326	7745
VAL_GTA	5470	5481	4571	5597	5436	4675	5627	5453	4593	5410	5290	4662	5697	5379	4559	5590	5252	4391	5511	5385	4449	5666	5200	4428	5444	5064	4244	5136	5555	4223	5867	4050	5558
VAL_GTG	6523	6269	5071	6486	6398	5261	6346	6299	5145	6231	6381	5164	6756	6561	5237	6598	6156	4996	6341	6139	5058	6520	6508	5235	6529	5855	5107	6285	6231	4623	7084	4300	4286
TERM_TAA	545	511	484	435	441	438	418	422	389	487	387	401	1088	982	412	480	353	348	354	349	398	318	328	302	310	313	342	326	332	326	256	307	381
TERM_TGA	90	95	61	89	96	71	103	75	78	75	117	68	260	276	96	76	55	88	93	75	69	80	69	73	46	52	72	47	44	59	50	43	38
TERM_TAG	168	155	148	145	135	131	142	116	136	164	135	144	317	346	148	169	132	108	130	120	108	97	78	121	97	99	91	108	97	97	66	60	128
MET_ATG	10827	10830	8742	11020	10726	9086	11147	11046	8883	10994	10501	8994	10800	10438	9067	11600	10681	9204	11355	10176	8864	10113	10450	9029	11580	10204	8903	10638	10010	9083	14761	9883	6565
