	-27	-26	-25	-24	-23	-22	-21	-20	-19	-18	-17	-16	-15	-14	-13	-12	-11	-10	-9	-8	-7	-6	-5	-4	-3	-2	-1	0	1	2	3	4	5
ARG-ALA_CGAGCG	7	3	3	12	6	4	2	5	4	9	8	4	31	70	9	10	6	7	3	4	11	7	5	7	5	2	4	2	2	6	5	5	2
ARG-SER_AGGAGC	4	7	6	2	2	5	7	7	6	9	4	2	13	49	8	12	5	8	3	1	5	2	8	6	4	7	3	6	2	4	6	5	4
ARG-ARG_CGACGA	10	15	8	23	12	7	14	15	15	24	27	3	96	114	11	28	27	9	17	16	9	11	16	8	11	16	5	4	7	10	2	7	7
ARG-PRO_CGACCG	5	2	4	5	9	2	5	6	1	7	15	4	42	38	3	10	5	5	4	8	4	7	5	4	2	3	5	9	3	3	6	4	5
GLU-ARG_GAGCGG	9	9	4	4	13	8	5	11	6	8	16	13	21	36	7	12	10	8	10	13	9	20	12	4	12	5	9	5	7	9	6	7	4
GLY-ALA_GGAGCG	6	5	2	2	11	5	3	3	11	4	2	0	21	20	3	0	5	8	4	7	7	6	2	9	7	9	2	7	3	3	8	2	2
ARG-PRO_CGGCCA	4	3	5	4	5	7	10	5	6	22	10	6	12	27	5	15	11	8	7	9	4	11	4	4	9	9	8	19	6	3	5	3	6
CYS-GLY_TGCGGT	6	6	7	12	3	13	4	4	3	5	8	1	8	20	7	13	5	2	7	12	2	7	9	7	5	7	4	0	2	4	7	4	0
ARG-GLY_CGGGGA	3	1	0	7	2	2	7	0	3	3	8	4	7	12	4	10	3	4	4	4	1	2	1	2	2	6	3	7	1	0	6	3	3
ARG-GLY_CGGGGG	2	2	5	4	4	2	4	1	3	4	5	3	8	12	4	3	1	4	5	3	0	2	3	12	1	2	4	6	6	2	5	1	2
LEU-ALA_CTAGCG	9	10	8	10	8	6	12	10	13	20	11	8	53	38	13	14	10	12	8	8	8	13	7	8	13	10	28	3	7	4	7	7	4
ALA-ALA_GCCGCG	0	3	0	7	4	1	1	1	3	2	1	1	5	9	1	5	3	4	4	6	2	4	8	5	4	2	2	3	5	0	2	2	1
PRO-GLY_CCTGGG	68	47	38	58	44	37	46	71	47	71	62	41	152	181	64	82	73	45	44	43	47	64	51	53	62	72	62	71	96	55	35	23	51
ARG-LEU_CGACTA	15	10	10	11	8	7	4	7	11	12	10	13	20	35	19	30	19	13	10	10	7	14	13	12	27	10	12	13	15	10	11	8	18
CYS-VAL_TGCGTG	4	5	3	8	6	8	6	5	3	9	6	13	13	20	9	8	7	5	9	7	13	10	9	8	9	11	6	10	11	10	3	4	0
GLY-ALA_GGGGCG	8	10	12	19	7	6	13	16	7	12	16	14	30	33	27	15	19	8	14	13	10	10	9	7	7	26	11	12	6	2	9	14	6
PRO-GLY_CCGGGC	4	8	4	12	4	6	9	11	6	12	15	5	23	25	3	12	17	11	12	11	8	10	18	5	13	5	9	12	17	5	4	8	3
ARG-GLN_CGACAG	17	21	14	26	22	12	17	23	16	58	41	9	53	59	16	20	29	19	17	15	26	16	23	14	28	22	22	16	10	20	20	31	25
ARG-PRO_CGACCC	4	5	4	3	3	1	5	9	3	13	4	11	12	13	9	3	4	5	9	3	3	2	3	3	0	1	4	10	4	5	4	8	2
HIS-ARG_CACCGC	11	8	6	8	9	5	14	15	6	8	8	5	15	21	6	5	6	4	12	17	7	5	9	2	9	2	8	6	21	6	6	5	5
ARG-ARG_CGTCGG	5	5	3	1	6	9	12	19	1	7	10	3	16	18	5	5	13	6	9	7	6	6	13	8	6	8	7	6	2	4	5	2	11
PRO-ARG_CCTAGG	15	8	7	16	10	5	7	9	2	15	6	4	21	23	12	17	13	6	11	6	10	7	4	5	16	10	8	12	14	3	5	8	5
ARG-LEU_CGACTC	1	3	3	12	8	6	12	3	7	18	8	3	2	15	5	11	7	6	6	8	3	11	4	5	6	5	9	5	3	5	3	6	2
THR-ALA_ACAGCG	23	17	12	14	26	10	26	15	13	17	36	12	69	53	21	13	18	16	24	16	22	43	17	18	55	27	13	28	24	9	19	8	12
ARG-ILE_CGCATC	3	7	2	2	7	1	0	4	1	8	11	3	3	8	2	4	2	1	4	6	3	5	5	1	5	1	3	0	3	0	4	3	1
LEU-GLY_CTCGGG	4	3	5	4	4	4	9	4	3	2	2	1	5	9	0	3	1	2	4	9	1	4	5	3	6	4	5	5	8	2	5	1	1
VAL-CYS_GTGTGC	6	5	9	7	17	7	5	5	6	7	11	3	17	18	15	8	18	7	7	5	10	10	6	4	5	7	2	5	2	4	5	8	5
GLY-GLN_GGGCAG	5	7	9	10	5	4	11	1	5	12	13	10	9	18	11	7	10	4	9	10	7	5	9	6	8	10	7	7	4	4	5	7	9
PRO-ARG_CCCCGA	6	5	1	2	5	2	2	2	1	3	4	3	3	8	5	6	3	3	2	2	1	4	2	1	5	12	6	5	0	3	1	4	3
VAL-ARG_GTGAGG	12	22	9	28	24	24	44	26	18	25	25	11	27	50	15	20	25	19	32	37	26	24	26	18	23	15	18	15	10	22	22	12	5
ARG-ILE_CGGATC	11	10	3	6	5	7	4	2	2	5	5	7	8	13	8	4	2	4	2	6	5	3	7	8	23	3	6	5	3	2	5	3	4
SER-LEU_CTGCTA	12	5	10	12	13	7	8	8	11	9	14	7	14	20	8	13	7	6	11	6	7	6	3	9	9	3	8	9	10	9	6	11	7
LEU-CYS_CTATGT	9	6	3	7	6	6	8	8	9	11	11	11	14	18	3	8	8	6	10	10	9	11	10	8	9	5	5	6	7	8	11	7	4
ALA-ARG_GCTCGC	2	5	4	8	9	2	6	10	2	2	10	2	9	14	8	8	14	4	10	5	8	5	13	4	10	9	3	6	5	4	4	5	2
ARG-SER_CGGTCC	2	3	7	1	5	7	8	6	11	6	2	6	2	9	1	6	4	2	5	2	4	4	6	3	7	3	5	2	2	1	3	2	1
PRO-CYS_CCTTGC	3	15	12	6	8	4	3	7	9	7	7	4	7	14	5	5	6	5	6	3	9	7	5	8	8	6	5	7	7	5	3	7	2
PRO-SER_CCCCTG	17	20	11	20	19	16	17	16	9	11	21	14	37	41	20	22	13	12	22	24	11	16	24	29	19	17	32	25	21	15	17	17	10
PRO-GLY_CCTGGA	102	114	92	114	116	93	114	99	98	135	123	97	253	271	128	210	162	104	125	124	99	149	113	111	180	131	119	134	180	76	77	85	70
ARG-ILE_CGCATT	1	2	1	2	2	9	3	6	1	6	4	3	4	7	5	4	2	1	3	3	2	3	7	5	3	1	5	1	4	2	3	3	1
GLY-LEU_GGCCTA	8	5	4	3	0	3	4	3	2	4	4	3	4	7	3	3	3	1	5	3	2	2	3	1	3	11	5	0	3	2	2	3	0
ARG-THR_CGAACA	29	49	22	23	34	21	24	23	29	45	31	27	65	67	31	33	34	38	31	38	23	37	31	17	29	38	23	25	27	19	44	22	18
SER-ARG_AGCAGG	6	12	13	16	26	5	14	10	7	15	6	24	13	25	11	29	13	9	5	17	18	13	13	3	11	8	8	5	12	7	10	2	7
PRO-GLY_CCCGGC	3	5	6	3	6	4	6	6	3	9	7	4	9	11	8	2	15	4	3	5	4	5	5	6	5	5	3	3	7	5	1	1	4
LEU-ARG_TTGCGC	14	12	6	16	10	11	11	19	13	13	6	10	29	28	10	20	10	6	12	16	6	9	17	11	19	24	15	16	8	8	8	18	11
VAL-ALA_GTAGCG	3	2	1	3	7	5	5	7	2	3	6	0	16	10	3	6	1	7	8	7	5	4	7	3	3	3	6	5	7	4	5	4	0
LEU-ARG_TTGCGG	27	17	19	23	27	21	18	25	12	21	42	24	41	60	24	38	40	26	33	26	27	16	31	41	38	29	16	43	34	30	36	24	21
ASN-ARG_AATCGG	28	20	14	28	24	23	48	34	28	21	19	24	53	58	20	35	33	29	29	21	21	18	32	25	40	25	26	35	14	23	43	18	16
PRO-LEU_CCCCTA	5	4	6	5	2	3	4	8	3	1	5	2	5	8	1	6	1	2	3	2	4	5	6	2	10	1	7	7	3	2	1	2	2
GLY-LEU_GGGCTA	20	20	17	41	18	18	25	11	17	24	27	20	30	44	11	26	26	16	27	22	45	9	21	24	20	23	25	26	7	15	14	9	7
LEU-PRO_CTACCG	23	18	13	17	12	14	20	16	11	24	27	14	58	39	18	15	19	13	22	9	40	19	15	13	14	14	15	20	10	16	25	15	9
