	F0	F1	F2
0	37	33	31
1	2	4	3
2	381	396	374
3	315	414	349
4	113	126	77
5	48	66	53
6	22	16	10
7	67	73	39
8	57	92	70
9	20	25	26
10	99	78	39
11	191	197	150
12	183	158	98
13	1130	1274	1321
14	5	4	6
15	990	1164	1015
16	0	0	0
17	0	1	3
18	223	245	182
19	56	100	67
20	87	64	56
21	28	60	83
22	0	0	0
23	0	0	2
24	22	16	22
25	46	32	31
26	17	14	11
27	488	460	384
28	26	49	28
29	16	17	5
30	1	1	0
31	84	74	74
32	92	91	66
33	92	96	85
34	13	10	12
35	10	18	16
36	38	34	32
37	446	460	407
38	35	31	29
39	24	11	18
40	21	24	18
41	450	413	342
42	17	14	17
43	93	129	100
44	21	16	6
45	26	27	27
46	42	34	29
47	77	84	54
48	19	15	21
49	269	291	233
50	261	234	123
51	11	9	5
52	266	262	242
53	66	74	96
54	65	68	41
55	15	16	11
56	2	0	0
57	329	344	325
58	267	224	256
59	28	33	16
60	17	11	14
61	1	2	0
62	29	30	19
63	59	28	28
64	54	48	35
65	23	23	24
66	22	47	23
67	486	472	365
68	4	9	5
69	11	5	3
70	0	0	0
71	56	49	38
72	133	148	92
73	6	17	8
74	21	24	15
75	4	4	8
76	215	183	178
77	4	1	1
78	16	13	13
79	105	115	92
80	18	15	16
81	26	26	25
82	111	106	70
83	30	46	28
84	87	79	88
85	730	717	603
86	25	32	21
87	163	147	121
88	581	519	385
89	10	14	9
90	8	15	15
91	193	175	118
92	61	58	44
93	80	76	70
94	131	112	119
95	19	14	11
96	40	41	28
97	174	181	111
98	161	128	88
99	61	51	46
100	7	6	11
101	476	491	371
102	151	129	151
103	201	171	123
104	15	20	8
105	56	59	39
106	150	161	125
107	16	23	22
108	1	0	0
109	32	27	12
110	11	7	4
111	19	17	18
112	1	1	0
113	3	5	4
114	57	85	68
115	0	1	0
116	37	30	33
117	3	2	5
118	34	32	17
119	66	61	54
120	435	387	276
121	31	43	42
122	5	4	0
123	804	816	769
124	138	145	118
125	312	264	314
126	36	33	24
127	71	87	50
128	18	14	14
129	75	74	66
130	0	0	0
131	91	92	71
132	54	41	29
133	124	63	57
134	387	493	392
135	164	199	143
136	1	4	5
137	21	24	32
138	299	260	244
139	19	16	16
140	44	59	29
141	409	424	278
142	41	55	28
143	31	55	45
144	706	690	638
145	144	138	105
146	1	0	0
147	2	0	1
148	29	32	23
149	549	556	373
150	38	35	25
151	65	83	43
152	34	53	46
153	79	72	61
154	503	532	461
155	167	123	76
156	5	2	2
157	14	3	10
158	11	4	13
159	2	5	3
160	34	21	19
161	520	501	333
162	156	179	226
163	9	4	5
164	41	59	50
165	6	8	3
166	1	4	3
167	75	62	48
168	122	132	94
169	63	52	98
170	24	19	6
171	65	50	47
172	42	25	25
173	83	68	61
174	407	365	318
175	1	2	4
176	49	37	40
177	8	5	5
178	0	0	0
179	22	34	21
180	0	0	0
181	7	13	4
182	7	13	12
183	7	8	11
184	6	9	4
185	44	49	32
186	48	52	57
187	86	80	63
188	0	0	0
189	8	5	10
190	46	23	29
191	9	10	12
192	5	7	3
193	133	136	116
194	12	10	17
195	3	6	11
196	12	4	3
197	0	0	0
198	9	6	4
199	57	50	51
200	3	0	2
201	655	596	434
202	1	3	6
203	352	298	267
204	195	173	139
205	17	18	15
206	35	42	45
207	1	0	0
208	122	136	67
209	28	24	22
210	16	14	13
211	9	6	10
212	26	20	17
213	167	167	181
214	266	239	169
215	4	6	3
216	221	180	152
217	5	2	5
218	113	96	67
219	47	62	37
220	33	41	26
221	999	1103	999
222	247	264	184
223	37	58	28
224	160	192	172
225	1280	1205	1073
226	14	24	14
227	119	88	103
228	50	61	62
229	33	20	12
230	27	33	36
231	0	0	0
232	94	80	80
233	0	0	0
234	0	0	0
235	12	12	15
236	12	32	18
237	150	131	122
238	18	28	26
239	7	3	3
240	23	27	17
241	36	32	33
242	28	28	31
243	0	0	0
244	4	8	6
245	0	0	0
246	7	4	11
247	148	142	122
248	47	48	25
249	0	2	5
250	37	49	25
251	78	95	64
252	74	32	33
253	18	12	9
254	46	53	52
255	141	170	174
256	1	2	4
257	114	95	52
258	112	108	78
259	43	75	41
260	12	12	11
261	43	49	24
262	84	93	92
263	19	21	20
264	86	81	92
265	33	14	13
266	77	78	35
267	44	51	25
268	48	41	48
269	11	9	8
270	17	14	11
271	2	1	2
272	46	53	43
273	14	11	3
274	9	10	10
275	29	25	11
276	7	9	3
277	254	279	248
278	1176	1050	963
279	342	360	287
280	11	8	7
281	42	31	29
282	210	265	235
283	167	144	139
284	96	109	80
285	490	557	483
286	205	187	168
287	134	152	178
288	80	71	55
289	123	143	140
290	5	6	6
291	21	22	20
292	42	42	26
293	13	12	2
294	9	7	4
295	669	658	557
296	31	43	28
297	266	276	226
298	338	367	314
299	84	71	56
300	9	5	6
301	60	55	43
302	43	54	32
303	0	2	0
304	129	158	94
305	280	264	200
306	73	92	50
307	43	33	29
308	9	3	2
309	19	15	9
310	90	73	78
311	275	289	235
312	896	863	719
313	2527	2693	2589
314	95	92	64
315	10	12	18
316	42	37	24
317	239	255	130
318	6	20	6
319	32	24	24
320	72	89	70
321	81	71	34
322	0	0	0
323	48	48	35
324	29	22	18
325	51	65	65
326	23	22	16
327	296	269	213
328	29	33	19
329	18	20	9
330	20	19	23
331	54	52	65
332	0	0	0
333	16	17	18
334	4	1	7
335	124	118	132
336	57	47	45
337	54	44	29
338	107	119	111
339	1	1	2
340	26	31	23
341	137	118	82
342	37	19	25
343	454	399	260
344	17	23	32
345	38	39	32
346	29	27	26
347	6	5	5
348	56	50	45
349	88	70	62
350	91	81	71
351	2986	3074	3177
352	41	54	31
353	20	22	12
354	11	8	16
355	29	28	23
356	65	73	32
357	255	235	194
358	3	6	2
359	0	0	0
360	0	1	0
361	1	4	4
362	1092	1081	583
363	16	8	9
364	98	80	76
365	101	105	80
366	1	2	2
367	170	164	101
368	14	13	10
369	21	25	17
370	71	74	49
371	3	5	6
372	2	3	2
373	8	14	13
374	470	465	443
375	0	0	0
376	2	6	1
377	15	13	16
378	13	19	9
379	131	133	97
380	81	86	76
381	3	4	0
382	248	289	269
383	839	771	652
384	2	2	4
385	0	0	0
386	34	29	25
387	319	309	310
388	267	330	213
389	26	23	21
390	407	354	257
391	436	433	445
392	7	6	14
393	147	171	148
394	234	240	225
395	337	360	274
396	1	0	0
397	25	15	11
398	261	238	265
399	1105	1187	1238
400	7	3	2
401	25	19	13
402	318	340	190
403	11	6	7
404	30	25	18
405	36	45	33
406	22	31	16
407	50	46	34
408	1205	1247	926
409	153	117	139
410	28	34	26
411	154	128	112
412	2	0	1
413	0	0	0
414	30	21	35
415	0	2	0
416	2	1	4
417	38	50	29
418	122	117	110
419	0	3	3
420	10	8	5
421	26	33	30
422	53	39	37
423	31	38	34
424	3	3	3
425	13	11	19
426	27	17	12
427	15	14	7
428	5	2	0
429	105	110	94
430	326	306	319
431	1066	1105	969
432	73	72	40
433	44	32	36
434	0	0	0
435	34	50	34
436	107	92	77
437	112	127	72
438	0	0	0
439	9	5	4
440	32	33	24
441	9	10	3
442	235	218	171
443	4	6	2
444	1	4	0
445	34	20	23
446	70	81	73
447	180	144	109
448	38	53	42
449	0	0	0
450	76	52	34
451	7	2	8
452	187	200	153
453	13	13	5
454	152	171	126
455	5	3	4
456	45	50	52
457	418	407	381
458	29	20	24
459	1	1	0
460	0	1	1
461	0	0	0
462	181	202	132
463	132	166	93
464	2471	2536	2312
465	35	48	30
466	90	99	101
467	458	455	332
468	3	5	3
469	9	11	12
470	19	12	8
471	286	240	242
472	491	443	400
473	31	44	26
474	1	0	0
475	30	41	41
476	3	0	1
477	55	48	70
478	19	18	15
479	2	1	3
480	0	0	0
481	3	8	6
482	110	100	109
483	20	7	12
484	11	18	7
485	111	96	77
486	131	172	102
487	5	4	2
488	23	48	32
489	144	134	118
490	0	0	0
491	29	29	27
492	159	172	162
493	14	11	12
494	242	278	279
495	112	84	111
496	7	7	4
497	8	10	11
498	44	43	36
499	3	10	4
500	65	59	48
501	32	24	13
502	130	120	96
503	71	66	44
504	32	28	35
505	31	25	20
506	12	18	6
507	443	376	244
508	0	1	1
509	0	0	0
510	58	67	35
511	21	16	18
512	5	8	4
513	76	43	48
514	392	364	239
515	51	43	33
516	7	8	6
517	28	34	23
518	23	38	32
519	27	22	20
520	12	11	10
521	56	40	38
522	0	0	0
523	188	200	234
524	210	194	121
525	16	32	25
526	122	128	82
527	37	18	33
528	15	8	13
529	0	0	0
530	1	3	3
531	1	0	1
532	200	197	179
533	16	20	20
534	254	236	223
535	0	1	1
536	11	14	8
537	85	86	79
538	6	5	5
539	14	11	7
540	23	17	20
541	11	13	6
542	0	1	0
543	2	3	3
544	201	212	165
545	2	6	7
546	0	2	0
547	66	53	46
548	0	1	0
549	78	75	60
550	89	85	49
551	4	3	2
552	20	34	30
553	445	415	338
554	13	14	18
555	5	9	9
556	0	0	0
557	26	36	25
558	6	1	6
559	0	0	0
560	55	63	40
561	33	26	18
562	28	25	13
563	39	31	18
564	27	24	18
565	382	384	347
566	29	32	14
567	45	35	36
568	84	72	39
569	1129	1109	1136
570	59	28	25
571	9	6	5
572	123	151	135
573	0	0	0
574	0	0	0
575	405	424	293
576	4	1	2
577	32	20	10
578	16	32	17
579	1	0	0
580	85	81	72
581	170	161	130
582	0	0	0
583	76	70	35
584	1	0	0
585	299	244	169
586	5	5	4
587	208	191	103
588	38	38	28
589	0	0	0
590	2	4	4
591	11	6	7
592	84	83	60
593	140	143	73
594	118	107	64
595	0	0	0
596	65	69	74
597	1886	1849	1758
598	205	215	268
599	217	242	206
600	30	46	24
601	21	12	15
602	14	14	6
603	149	132	98
604	1165	1154	785
605	68	69	63
606	485	533	491
607	54	55	52
608	9	5	6
609	2589	2518	2467
610	96	84	90
611	243	304	205
612	0	1	0
613	0	1	1
614	118	152	106
615	8	6	3
616	14	18	10
617	45	36	20
618	61	59	44
619	80	57	42
620	30	27	23
621	38	43	32
622	15	10	11
623	17	16	20
624	70	65	38
625	150	139	150
626	4	4	3
627	135	98	76
628	42	49	18
629	19	18	23
630	52	57	46
631	72	68	57
632	179	189	137
633	1	4	2
634	79	88	70
635	0	0	0
636	0	0	0
637	1	0	0
638	663	629	595
639	64	65	73
640	126	146	107
641	4	9	6
642	410	350	311
643	23	24	17
644	592	609	494
645	17	15	20
646	15	20	12
647	84	72	72
648	72	74	57
649	92	89	72
650	33	33	32
651	0	1	0
652	138	115	90
653	3	8	6
654	111	137	132
655	3	2	1
656	101	121	90
657	23	25	9
658	807	750	525
659	76	68	47
660	328	370	208
661	242	253	237
662	7	5	8
663	1	2	0
664	36	24	20
665	11	6	3
666	110	104	60
667	35	36	33
668	99	83	81
669	6	9	5
670	8	5	4
671	85	96	86
672	18	14	7
673	55	58	45
674	34	52	43
675	3	2	0
676	0	2	0
677	316	351	281
678	3	3	5
679	120	105	90
680	45	37	32
681	152	148	121
682	39	21	27
683	391	357	267
684	30	35	23
685	10	6	4
686	0	0	0
687	108	86	65
688	6	10	5
689	69	82	55
690	1	0	1
691	51	54	44
692	996	928	881
693	30	30	18
694	105	118	113
695	0	0	1
696	114	104	123
697	3	1	0
698	17	22	9
699	21	14	15
700	0	0	0
701	75	60	57
702	28	33	28
703	17	10	7
704	0	0	0
705	32	18	20
706	33	31	20
707	0	0	0
708	31	19	23
709	0	0	0
710	58	70	45
711	61	73	39
712	71	56	30
713	202	217	188
714	190	220	131
715	186	164	160
716	31	27	22
717	26	48	30
718	18	12	11
719	17	17	9
720	22	25	32
721	37	31	27
722	3	8	6
723	503	462	396
724	36	34	19
725	143	130	127
726	6	15	9
727	44	74	48
728	135	107	97
729	16	21	10
730	122	119	80
731	124	131	78
732	458	434	285
733	18	14	15
734	8	7	5
735	166	211	129
736	48	66	51
737	152	159	114
738	19	16	17
739	0	0	2
740	307	259	269
741	15	11	21
742	19	11	15
743	90	84	83
744	1128	1247	1142
745	55	43	45
746	276	244	259
747	128	112	102
748	14	11	11
749	9	8	7
750	5	5	4
751	225	210	142
752	5	3	2
753	541	516	462
754	11	20	5
755	8	4	7
756	431	405	377
757	125	135	104
758	21	15	15
759	24	17	15
760	24	28	28
761	209	189	135
762	880	925	646
763	155	153	116
764	103	70	57
765	166	215	227
766	7	8	7
767	4	7	4
768	2	2	0
769	290	362	259
770	84	74	68
771	1373	1374	1245
772	19	33	23
773	30	29	26
774	11	13	12
775	91	103	82
776	29	41	20
777	6	4	5
778	52	56	51
779	17	16	9
780	49	38	44
781	4	8	5
782	44	17	25
783	342	356	341
784	25	33	31
785	14	6	12
786	1	0	1
787	36	51	38
788	133	156	161
789	54	62	52
790	30	19	13
791	54	53	53
792	42	49	48
793	440	429	356
794	62	79	50
795	22	33	16
796	39	32	22
797	10	9	11
798	9	11	16
799	8	9	11
800	99	73	62
801	65	62	32
802	14	14	12
803	1197	1008	743
804	141	162	84
805	41	40	33
806	179	152	127
807	7	11	3
808	69	60	41
809	8	3	3
810	40	40	46
811	17	8	9
812	60	55	47
813	152	186	156
814	3	5	0
815	0	0	0
816	1	1	2
817	19	16	14
818	28	32	12
819	985	864	678
820	16	16	21
821	2	3	1
822	9	13	5
823	12	24	18
824	170	196	169
825	22	18	14
826	49	62	54
827	218	211	185
828	99	106	110
829	169	176	112
830	43	45	28
831	183	161	122
832	18	21	23
833	71	89	80
834	215	334	137
835	9	7	5
836	56	45	57
837	399	474	376
838	160	137	112
839	13	22	12
840	20	16	13
841	15	11	13
842	33	32	15
843	33	21	9
844	0	0	1
845	6	4	1
846	253	220	151
847	8	19	9
848	68	70	66
849	5	8	6
850	55	42	45
851	11	12	8
852	19	19	13
853	0	0	1
854	13	6	3
855	23	22	25
856	6	6	5
857	168	139	131
858	4	2	2
859	0	0	0
860	0	1	0
861	5	2	4
862	49	60	39
863	9	17	7
864	107	86	88
865	141	134	87
866	134	117	93
867	34	45	27
868	40	39	22
869	1	0	0
870	0	0	1
871	51	54	46
872	3	6	5
873	144	122	89
874	109	102	83
875	23	18	20
876	1	1	0
877	174	212	209
878	0	1	0
879	73	68	62
880	25	25	13
881	7	8	1
882	172	163	112
883	8	14	12
884	10	16	9
885	0	0	0
886	0	0	0
887	8	8	2
888	19	21	26
889	13	17	18
890	222	235	194
891	158	182	191
892	7	7	7
893	104	117	98
894	6	10	5
895	140	115	89
896	17	12	7
897	0	0	0
898	151	162	146
899	65	59	37
900	32	43	30
901	3	1	0
902	13	12	11
903	24	17	18
904	4	2	10
905	24	21	14
906	42	46	41
907	29	15	23
908	71	70	48
909	0	0	0
910	143	192	126
911	15	14	20
912	71	64	81
913	205	166	157
914	97	85	102
915	14	11	5
916	4	4	2
917	13	21	19
918	69	67	44
919	0	0	0
920	0	0	0
921	6	8	11
922	26	25	28
923	75	62	38
924	12	15	15
925	59	40	42
926	40	33	25
927	177	184	105
928	165	133	99
929	164	114	89
930	47	45	45
931	0	0	0
932	0	0	0
933	55	41	37
934	41	37	60
935	250	233	206
936	46	43	37
937	3	7	4
938	174	196	170
939	13	15	15
940	0	0	2
941	163	179	176
942	0	0	0
943	5	7	3
944	82	80	57
945	63	57	57
946	352	289	237
947	116	93	64
948	263	236	147
949	1	0	1
950	21	26	18
951	792	770	688
952	28	28	16
953	29	43	30
954	4	0	2
955	48	29	19
956	3	9	5
957	3	4	3
958	4	5	13
959	2	5	3
960	188	214	267
961	195	200	146
962	149	148	111
963	305	320	312
964	41	42	32
965	4	4	5
966	58	39	23
967	0	1	0
968	458	387	310
969	86	127	102
970	28	22	17
971	27	37	34
972	660	549	539
973	48	57	58
974	10	5	13
975	0	0	0
976	5	4	2
977	49	51	65
978	193	196	173
979	0	0	0
980	5	5	7
981	0	0	0
982	31	21	14
983	124	97	88
984	2503	2498	2122
985	28	23	23
986	134	108	121
987	236	239	146
988	36	41	41
989	1219	1250	1121
990	510	483	482
991	22	15	19
992	15	24	15
993	2	4	4
994	41	61	47
995	17	15	13
996	37	52	22
997	26	15	27
998	33	32	28
999	14	7	9
1000	15	17	17
1001	366	367	350
1002	22	34	26
1003	0	0	0
1004	22	22	23
1005	9	7	10
1006	167	184	138
1007	0	0	0
1008	42	33	28
1009	403	384	341
1010	53	49	40
1011	10	17	14
1012	63	71	71
1013	6	6	11
1014	14	5	9
1015	50	56	61
1016	944	877	591
1017	45	53	41
1018	1041	1041	856
1019	0	0	0
1020	63	56	28
1021	519	478	402
1022	23	16	17
1023	0	0	0
1024	101	137	91
1025	66	73	101
1026	3	3	2
1027	350	343	279
1028	64	61	45
1029	23	29	17
1030	37	38	31
1031	5	5	2
1032	40	29	66
1033	128	84	89
1034	1	6	1
1035	13	15	8
1036	9	12	20
1037	14	9	13
1038	21	24	22
1039	18	18	15
1040	383	471	423
1041	103	83	53
1042	149	145	139
1043	3	3	2
1044	13	20	14
1045	18	19	21
1046	0	0	0
1047	7	7	3
1048	39	43	39
1049	0	0	0
1050	36	31	29
1051	101	98	75
1052	1	0	1
1053	29	34	37
1054	1	1	0
1055	223	228	164
1056	215	189	108
1057	54	52	52
1058	50	77	53
1059	3	2	1
1060	1963	1844	1355
1061	21	24	13
1062	2660	2640	2219
1063	126	106	92
1064	902	852	617
1065	110	128	158
1066	6	7	8
1067	13	15	10
1068	0	0	0
1069	43	21	24
1070	9	19	9
1071	45	29	34
1072	0	0	0
1073	218	233	252
1074	156	187	155
1075	9	7	7
1076	17	14	8
1077	3	2	1
1078	379	428	350
1079	19	6	8
1080	18	17	10
1081	2	2	1
1082	0	0	0
1083	21	11	7
1084	163	174	135
1085	74	77	77
1086	65	52	60
1087	10	14	5
1088	23	29	25
1089	2	1	3
1090	0	0	0
1091	13	14	20
1092	529	489	378
1093	63	85	47
1094	32	30	11
1095	23	26	25
1096	746	821	494
1097	8	5	4
1098	14	13	16
1099	46	38	31
1100	3	2	1
1101	282	302	297
1102	219	236	207
1103	34	20	24
1104	10	7	8
1105	259	246	148
1106	8	8	3
1107	353	362	381
1108	248	239	177
1109	20	15	14
1110	1	1	0
1111	1	0	3
1112	63	69	41
1113	21	11	2
1114	10	14	11
1115	0	0	0
1116	57	65	45
1117	22	21	21
1118	0	0	0
1119	459	431	312
1120	5	8	2
1121	7	10	8
1122	11	5	7
1123	1	0	0
1124	19	12	8
1125	0	5	1
1126	44	54	39
1127	22	21	9
1128	1	1	0
1129	1	3	1
1130	16	18	14
1131	16	21	10
1132	9	12	9
1133	8	10	3
1134	63	63	60
1135	72	73	92
1136	144	121	65
1137	1154	1027	616
1138	12	26	15
1139	40	34	28
1140	33	37	19
1141	2	8	6
1142	14	10	10
1143	47	37	32
1144	173	197	215
1145	81	51	70
1146	0	1	0
1147	67	80	67
1148	161	150	133
1149	51	67	49
1150	3	2	4
1151	235	206	159
1152	997	1062	879
1153	10	7	6
1154	198	213	143
1155	52	46	29
1156	14	11	6
1157	509	513	391
1158	1	0	0
1159	5	2	7
1160	153	130	136
1161	98	102	70
1162	49	48	26
1163	74	81	50
1164	31	34	37
1165	256	220	187
1166	0	0	1
1167	9	17	12
1168	16	19	36
1169	7	11	9
1170	372	388	313
1171	29	35	12
1172	1682	1646	1428
1173	13	13	16
1174	2	1	10
1175	5	4	4
1176	245	217	138
1177	73	62	60
1178	170	160	166
1179	1	3	2
1180	3	1	3
1181	71	80	53
1182	0	0	0
1183	20	21	23
1184	65	53	28
1185	14	16	15
1186	705	684	587
1187	2474	2365	2096
1188	27	32	27
1189	26	32	18
1190	6	12	1
1191	17	12	26
1192	61	55	45
1193	146	151	111
1194	9	5	4
1195	0	1	1
1196	13	19	8
1197	1	0	1
1198	3	3	4
1199	4	11	12
1200	0	0	0
1201	2	0	4
1202	1	2	0
1203	0	0	0
1204	56	51	32
1205	549	519	357
1206	68	68	52
1207	203	212	138
1208	12	16	23
1209	245	256	248
1210	417	412	416
1211	179	156	123
1212	24	15	15
1213	0	0	0
1214	0	0	0
1215	544	394	285
1216	88	86	66
1217	88	91	63
1218	41	68	67
1219	0	0	0
1220	134	138	107
1221	0	1	0
1222	10	12	19
1223	21	13	16
1224	82	100	61
1225	8	11	6
1226	42	41	29
1227	41	48	44
1228	3	3	4
1229	53	50	48
1230	0	1	0
1231	871	860	740
1232	27	29	19
1233	62	70	62
1234	41	45	54
1235	114	101	78
1236	31	25	19
1237	107	93	119
1238	30	46	34
1239	25	34	18
1240	32	42	32
1241	2	1	3
1242	576	514	463
1243	0	0	0
1244	0	0	0
1245	0	0	0
1246	4	0	1
1247	776	841	769
1248	9	10	6
1249	18	20	11
1250	39	61	41
1251	91	65	62
1252	84	112	91
1253	27	31	12
1254	41	34	30
1255	110	121	72
1256	1	0	1
1257	13	3	4
1258	15	12	10
1259	1386	1405	987
1260	26	22	18
1261	23	18	27
1262	9	5	21
1263	26	29	24
1264	5	6	2
1265	411	422	434
1266	101	108	59
1267	74	81	90
1268	6	5	3
1269	1400	1366	1064
1270	35	42	24
1271	47	33	24
1272	19	17	21
1273	66	60	50
1274	15	17	6
1275	466	505	455
1276	11	8	11
1277	3	3	2
1278	527	509	360
1279	63	95	56
1280	105	110	93
1281	48	60	41
1282	0	0	0
1283	165	231	187
1284	13	14	12
1285	79	90	65
1286	63	71	41
1287	26	36	29
1288	96	104	105
1289	116	93	73
1290	34	34	41
1291	2	3	0
1292	20	25	19
1293	283	205	159
1294	10	7	6
1295	0	4	0
1296	15	19	13
1297	0	0	0
1298	0	0	0
1299	2	4	1
1300	18	27	16
1301	74	65	40
1302	155	137	104
1303	276	253	212
1304	54	41	51
1305	20	30	24
1306	351	388	338
1307	46	51	32
1308	25	38	34
1309	734	682	510
1310	28	24	26
1311	104	83	83
1312	59	70	67
1313	1	0	1
1314	1	1	0
1315	13	12	10
1316	72	78	64
1317	41	41	26
1318	168	169	152
1319	363	363	323
1320	63	58	46
1321	1269	1297	1220
1322	4	3	5
1323	817	889	798
1324	1426	1404	1439
1325	60	66	61
1326	17	13	19
1327	15	11	14
1328	30	33	24
1329	926	1026	745
1330	46	52	58
1331	195	149	115
1332	32	31	21
1333	31	20	19
1334	69	49	38
1335	27	21	25
1336	31	46	24
1337	20	20	15
1338	69	66	49
1339	44	55	55
1340	125	129	170
1341	90	70	62
1342	16	15	10
1343	13	15	13
1344	38	22	33
1345	321	324	245
1346	148	160	142
1347	14	17	32
1348	2	1	0
1349	0	0	0
1350	0	0	0
1351	5	6	5
1352	0	0	0
1353	108	143	122
1354	242	235	204
1355	1	0	0
1356	197	179	154
1357	1423	1510	1169
1358	7	15	18
1359	22	23	8
1360	16	13	7
1361	8	14	16
1362	135	143	97
1363	697	761	474
1364	15	11	9
1365	17	14	12
1366	56	51	51
1367	6	3	3
1368	240	206	193
1369	54	47	56
1370	172	135	162
1371	119	137	96
1372	17	25	26
1373	0	0	0
1374	2	0	2
1375	292	241	224
1376	6	8	7
1377	6	9	1
1378	53	51	41
1379	288	298	175
1380	0	0	0
1381	7	16	8
1382	78	84	54
1383	24	17	13
1384	71	60	48
1385	58	73	59
1386	28	26	27
1387	334	300	236
1388	7	20	12
1389	107	81	106
1390	861	830	619
1391	10	11	22
1392	631	653	496
1393	10	10	12
1394	70	60	24
1395	0	0	0
1396	192	196	152
1397	0	0	0
1398	139	101	133
1399	22	13	9
1400	3	1	2
1401	25	26	24
1402	20	14	12
1403	0	0	0
1404	0	0	0
1405	62	66	69
1406	17	16	16
1407	45	46	48
1408	21	44	20
1409	13	17	16
1410	19	20	16
1411	3	2	5
1412	2	0	1
1413	117	125	64
1414	7	5	3
1415	0	0	0
1416	2	4	3
1417	144	120	115
1418	421	532	357
1419	53	60	41
1420	163	161	135
1421	24	46	22
1422	0	0	0
1423	0	0	1
1424	2	3	2
1425	1	4	5
1426	13	13	14
1427	34	28	33
1428	3	6	3
1429	23	18	24
1430	286	290	226
1431	50	52	38
1432	65	86	54
1433	1	0	0
1434	8	13	10
1435	47	47	46
1436	1	2	1
1437	0	0	0
1438	0	0	0
1439	0	0	0
1440	55	68	49
1441	3	2	3
1442	14	15	19
1443	31	36	35
1444	78	66	35
1445	176	162	156
1446	48	61	45
1447	16	8	8
1448	37	31	36
1449	2	2	2
1450	0	0	0
1451	3	2	2
1452	48	50	52
1453	11	22	11
1454	102	90	85
1455	387	405	383
1456	109	88	71
1457	0	0	0
1458	74	67	52
1459	8	11	9
1460	50	58	31
1461	3	0	3
1462	26	19	37
1463	269	248	239
1464	48	42	29
1465	115	98	98
1466	7	4	4
1467	98	94	90
1468	13	16	5
1469	20	23	15
1470	240	252	228
1471	67	81	58
1472	143	120	74
1473	65	76	70
1474	10	16	9
1475	70	50	39
1476	42	44	42
1477	120	104	99
1478	915	839	663
1479	27	34	21
1480	181	181	133
1481	265	213	176
1482	170	133	101
1483	77	96	72
1484	63	46	51
1485	12	5	4
1486	3	5	1
1487	0	0	0
1488	140	115	105
1489	749	774	744
1490	17	22	13
1491	0	0	0
1492	15	15	21
1493	6	6	7
1494	49	65	61
1495	2	1	2
1496	148	170	139
1497	59	64	47
1498	1	0	1
1499	30	36	30
1500	25	21	18
1501	118	93	84
1502	641	660	650
1503	53	44	39
1504	41	37	23
1505	302	294	276
1506	1	0	0
1507	0	1	0
1508	116	118	110
1509	212	212	160
1510	26	28	46
1511	87	60	48
1512	0	2	1
1513	26	26	22
1514	15	9	4
1515	28	53	27
1516	8	4	7
1517	11	11	5
1518	1438	1523	1312
1519	0	0	0
1520	111	106	72
1521	62	61	43
1522	45	45	40
1523	264	216	195
1524	6	3	6
1525	9	10	1
1526	7	3	6
1527	229	212	153
1528	190	225	133
1529	10	13	7
1530	123	126	78
1531	236	257	160
1532	72	74	56
1533	37	40	26
1534	19	13	17
1535	339	377	266
1536	37	30	39
1537	5	2	2
1538	43	35	30
1539	98	100	71
1540	353	275	211
1541	231	207	187
1542	0	0	0
1543	0	0	0
1544	217	283	144
1545	1152	1097	882
1546	1	0	0
1547	75	75	55
1548	1	0	0
1549	0	0	0
1550	312	396	315
1551	577	504	400
1552	166	137	126
1553	9	14	18
1554	43	32	21
1555	54	73	78
1556	281	252	200
1557	0	3	3
1558	0	1	0
1559	36	22	20
1560	100	95	54
1561	68	65	63
1562	40	33	25
1563	59	45	50
1564	3	3	5
1565	118	120	86
1566	238	212	160
1567	55	58	60
1568	0	0	0
1569	138	118	101
1570	138	123	91
1571	3	6	2
1572	84	76	76
1573	185	214	201
1574	2	0	4
1575	8	13	3
1576	34	39	28
1577	258	218	237
1578	96	84	64
1579	30	39	32
1580	566	617	456
1581	30	31	57
1582	1	0	0
1583	138	120	105
1584	553	518	352
1585	64	52	67
1586	19	28	19
1587	0	0	1
1588	2142	2189	2005
1589	2	1	1
1590	0	0	0
1591	4	0	2
1592	12	19	8
1593	1	6	0
1594	1	0	2
1595	19	9	11
1596	11	18	9
1597	14	19	12
1598	20	11	18
1599	0	2	1
1600	38	38	20
1601	29	36	30
1602	14	15	10
1603	129	107	102
1604	173	165	141
1605	69	87	57
1606	72	76	72
1607	0	1	0
1608	382	359	315
1609	203	166	189
1610	4	3	5
1611	0	0	0
1612	8	9	7
1613	21	22	18
1614	16	15	10
1615	127	110	109
1616	17	21	20
1617	0	0	1
1618	69	61	50
1619	35	34	45
1620	15	19	21
1621	74	63	43
1622	7	4	4
1623	0	0	0
1624	3	3	4
1625	230	229	207
1626	22	30	17
1627	3	1	1
1628	10	4	6
1629	1234	1212	1057
1630	31	26	42
1631	76	87	82
1632	196	199	173
1633	91	81	78
1634	23	19	5
1635	25	17	21
1636	2	1	2
1637	39	40	42
1638	103	105	79
1639	7	12	13
1640	132	120	133
1641	61	54	43
1642	1707	1935	1967
1643	1	0	0
1644	1	1	0
1645	27	17	20
1646	58	51	78
1647	8	4	4
1648	219	248	210
1649	0	2	1
1650	2555	2676	2241
1651	51	64	43
1652	3	6	4
1653	106	96	82
1654	49	50	33
1655	481	474	341
1656	11	14	8
1657	10	4	9
1658	238	252	261
1659	146	149	143
1660	0	4	4
1661	40	25	28
1662	55	46	46
1663	80	90	58
1664	32	42	31
1665	26	27	24
1666	0	0	0
1667	161	215	183
1668	7	10	4
1669	339	292	270
1670	289	269	240
1671	35	24	16
1672	75	67	69
1673	41	42	26
1674	22	27	16
1675	7	12	7
1676	67	68	44
1677	172	178	152
1678	128	139	120
1679	11	22	8
1680	306	287	194
1681	61	50	33
1682	56	40	33
1683	38	64	40
1684	260	238	171
1685	143	138	200
1686	11	9	5
1687	2	7	4
1688	18	20	21
1689	1	1	1
1690	2	1	2
1691	0	1	1
1692	3	9	1
1693	0	0	0
1694	0	2	0
1695	28	41	15
1696	20	11	9
1697	2	2	2
1698	0	0	0
1699	15	20	9
1700	133	132	97
1701	54	59	48
1702	442	473	309
1703	6	7	6
1704	500	465	364
1705	566	549	468
1706	694	752	811
1707	149	134	106
1708	9	9	5
1709	15	30	22
1710	6	9	4
1711	2	2	6
1712	199	166	128
1713	26	36	31
1714	67	54	30
1715	173	133	112
1716	316	317	288
1717	81	82	85
1718	1295	1226	1111
1719	19	15	17
1720	23	29	33
1721	188	192	141
1722	0	0	0
1723	0	1	1
1724	15	27	20
1725	58	52	73
1726	24	19	12
1727	145	175	113
1728	49	53	43
1729	3241	3327	3083
1730	0	1	0
1731	27	32	25
1732	4	6	5
1733	500	505	406
1734	133	130	122
1735	223	188	243
1736	7	3	3
1737	32	16	16
1738	60	62	62
1739	41	55	47
1740	22	26	29
1741	1697	1522	1082
1742	2	1	0
1743	41	54	37
1744	13	11	9
1745	13	14	18
1746	70	50	56
1747	23	23	18
1748	17	20	14
1749	10	15	11
1750	7	11	8
1751	122	103	56
1752	198	219	187
1753	102	93	69
1754	13	11	8
1755	2	2	3
1756	85	80	69
1757	102	104	69
1758	57	43	55
1759	91	61	63
1760	2	1	0
1761	124	114	124
1762	8	6	5
1763	2	3	2
1764	0	0	0
1765	0	0	0
1766	0	1	2
1767	5	6	3
1768	0	0	0
1769	0	0	2
1770	403	372	381
1771	681	602	587
1772	20	19	11
1773	28	30	22
1774	75	76	81
1775	29	20	21
1776	270	321	244
1777	20	15	15
1778	948	964	905
1779	142	144	162
1780	77	78	81
1781	705	689	541
1782	1321	1310	1201
1783	49	46	30
1784	224	200	200
1785	66	54	40
1786	0	0	0
1787	223	285	161
1788	238	222	144
1789	62	61	54
1790	16	13	21
1791	16	20	17
1792	24	14	17
1793	2	0	0
1794	7	11	5
1795	48	51	40
1796	923	927	639
1797	3730	3199	2400
1798	44	62	51
1799	21	15	9
1800	4	8	4
1801	28	30	37
1802	10	7	10
1803	236	236	209
1804	71	69	52
1805	1954	1935	1547
1806	24	15	15
1807	195	154	112
1808	28	19	16
1809	218	216	203
1810	21	34	15
1811	1	2	2
1812	64	51	48
1813	10	6	6
1814	40	36	36
1815	32	29	20
1816	17	18	14
1817	30	25	18
1818	35	33	24
1819	1	4	1
1820	9	6	7
1821	8	6	8
1822	310	295	249
1823	451	430	405
1824	80	89	98
1825	1	1	1
1826	39	32	25
1827	24	28	23
1828	241	256	243
1829	8	9	12
1830	100	78	57
1831	21	14	25
1832	52	63	37
1833	5	7	7
1834	77	90	78
1835	341	281	239
1836	23	26	16
1837	235	162	178
1838	178	144	135
1839	33	13	16
1840	7	12	16
1841	134	131	81
1842	128	91	99
1843	281	181	119
1844	66	74	57
1845	21	21	10
1846	3	2	4
1847	286	248	206
1848	66	62	36
1849	3	5	1
1850	7	6	1
1851	445	378	417
1852	57	49	37
1853	8	12	5
1854	669	670	578
1855	29	29	30
1856	10	3	7
1857	3	4	7
1858	94	79	82
1859	11	19	11
1860	11	17	10
1861	230	225	207
1862	44	38	42
1863	17	19	18
1864	25	30	25
1865	7	8	0
1866	387	353	303
1867	11	6	14
1868	549	583	501
1869	16	18	9
1870	218	176	119
1871	51	48	46
1872	387	362	354
1873	39	35	25
1874	112	87	67
1875	24	23	24
1876	40	50	25
1877	247	169	191
1878	44	50	57
1879	45	59	44
1880	34	50	32
1881	669	647	568
1882	167	141	155
1883	29	21	23
1884	8	22	14
1885	166	156	125
1886	352	288	216
1887	24	18	14
1888	0	1	0
1889	24	31	21
1890	29	46	24
1891	21	17	17
1892	1	7	2
1893	0	0	4
1894	105	105	97
1895	0	0	0
1896	218	215	151
1897	137	145	106
1898	21	16	24
1899	17	24	14
1900	2	2	0
1901	8	2	6
1902	16	14	10
1903	17	13	11
1904	2	0	1
1905	31	25	36
1906	105	100	76
1907	28	31	20
1908	23	42	19
1909	2	3	3
1910	4	7	1
1911	38	32	40
1912	345	320	196
1913	84	90	104
1914	51	49	67
1915	5	6	4
1916	37	38	37
1917	0	0	0
1918	233	270	213
1919	14	12	6
1920	93	117	112
1921	0	0	0
1922	90	88	54
1923	201	166	140
1924	23	29	35
1925	15	12	7
1926	131	121	82
1927	32	28	30
1928	237	226	194
1929	16	16	16
1930	0	0	3
1931	17	15	17
1932	40	54	51
1933	13	16	6
1934	115	113	96
1935	176	171	116
1936	13	8	8
1937	1	0	0
1938	0	0	0
1939	809	800	644
1940	3	3	0
1941	229	255	241
1942	115	113	71
1943	3	9	2
1944	13	4	25
1945	8	8	8
1946	22	33	35
1947	33	41	47
1948	10	13	8
1949	18	23	19
1950	9	9	5
1951	24	30	17
1952	97	128	85
1953	0	0	1
1954	16	11	7
1955	0	0	0
1956	151	133	133
1957	0	0	0
1958	16	14	18
1959	0	0	0
1960	537	523	533
1961	98	98	67
1962	120	107	63
1963	119	122	128
1964	25	25	22
1965	19	23	16
1966	2	2	8
1967	1	1	1
1968	13	11	17
1969	311	356	341
1970	490	444	284
1971	4	3	1
1972	9	6	6
1973	11	10	21
1974	37	49	29
1975	4	5	3
1976	45	38	41
1977	194	174	147
1978	102	99	80
1979	384	407	286
1980	0	0	0
1981	56	63	42
1982	210	212	176
1983	47	55	28
1984	4	3	6
1985	26	23	10
1986	19	8	17
1987	18	18	25
1988	2	0	0
1989	11	11	12
1990	16	15	20
1991	39	31	30
1992	459	417	338
1993	0	0	0
1994	1	0	2
1995	129	137	128
1996	207	210	168
1997	43	40	23
1998	50	34	41
1999	78	95	53
2000	16	7	12
2001	7	5	3
2002	13	20	9
2003	36	45	37
2004	95	80	70
2005	56	50	43
2006	56	74	44
2007	646	616	376
2008	42	47	33
2009	45	43	48
2010	74	70	53
2011	4	2	1
2012	236	206	193
2013	30	23	16
2014	112	101	68
2015	7	10	9
2016	17	9	9
2017	2	2	1
2018	0	0	0
2019	11	11	11
2020	0	2	1
2021	0	3	0
2022	40	36	44
2023	17	24	12
2024	163	155	148
2025	47	35	51
2026	301	319	204
2027	98	89	76
2028	344	331	234
2029	367	310	191
2030	31	41	40
2031	546	553	528
2032	150	153	163
2033	29	18	14
2034	9	14	18
2035	37	33	26
2036	30	33	20
2037	21	19	14
2038	69	63	56
2039	111	116	71
2040	112	118	91
2041	212	187	115
2042	102	105	77
2043	75	84	68
2044	8	7	7
2045	17	21	17
2046	0	0	1
2047	30	18	20
2048	55	70	61
2049	753	770	494
2050	1	2	3
2051	0	0	0
2052	64	64	75
2053	124	129	89
2054	158	134	159
2055	0	1	0
2056	19	11	12
2057	21	23	16
2058	58	53	55
2059	126	134	98
2060	298	303	241
2061	34	43	32
2062	34	19	8
2063	0	0	0
2064	0	0	0
2065	23	10	12
2066	48	55	42
2067	1667	1595	1210
2068	2	8	4
2069	3	3	3
2070	0	1	0
2071	0	0	0
2072	12	12	8
2073	79	95	74
2074	6	11	11
2075	31	23	17
2076	1	0	0
2077	23	17	14
2078	0	0	0
2079	22	13	15
2080	69	54	40
2081	33	25	15
2082	6	17	6
2083	6	6	2
2084	398	319	208
2085	31	29	15
2086	28	37	24
2087	521	470	346
2088	2	2	1
2089	260	276	230
2090	665	652	583
2091	144	140	83
2092	4	4	1
2093	425	370	379
2094	12	9	7
2095	4	8	3
2096	9	11	7
2097	2	3	7
2098	0	1	1
2099	1	3	0
2100	22	14	12
2101	19	23	23
2102	49	48	41
2103	144	153	133
2104	0	0	0
2105	12	24	28
2106	0	0	0
2107	584	627	517
2108	19	20	23
2109	9	7	10
2110	0	0	0
2111	143	134	155
2112	0	0	0
2113	40	29	43
2114	50	64	52
2115	0	0	0
2116	14	32	12
2117	139	124	88
2118	4	5	2
2119	0	0	0
2120	0	0	0
2121	0	0	0
2122	885	916	966
2123	45	50	32
2124	3	1	9
2125	0	0	0
2126	9	5	4
2127	0	0	0
2128	931	807	591
2129	3	2	7
2130	14	9	9
2131	451	424	400
2132	131	97	77
2133	307	295	223
2134	4	4	2
2135	0	0	0
2136	155	121	92
2137	56	57	56
2138	198	198	142
2139	131	129	111
2140	46	50	32
2141	0	2	1
2142	3501	3343	3044
2143	18	11	13
2144	266	284	187
2145	48	47	33
2146	759	743	536
2147	6	15	9
2148	135	148	111
2149	18	16	3
2150	67	66	39
2151	42	54	33
2152	1	3	0
2153	8	5	6
2154	75	77	58
2155	354	397	388
2156	285	267	185
2157	21	21	27
2158	0	1	0
2159	2516	2799	2353
2160	4	4	2
2161	64	70	79
2162	119	113	75
2163	18	14	23
2164	114	132	118
2165	2	1	1
2166	17	18	11
2167	13	20	27
2168	7	6	10
2169	130	129	86
2170	38	32	39
2171	0	0	0
2172	0	0	0
2173	8	11	10
2174	14	11	8
2175	370	327	179
2176	22	23	34
2177	13	20	9
2178	0	1	2
2179	12	7	3
2180	2	1	2
2181	18	18	8
2182	23	25	27
2183	13	13	11
2184	17	20	12
2185	320	268	226
2186	2	2	2
2187	633	697	597
2188	24	32	13
2189	218	211	184
2190	28	34	22
2191	0	0	0
2192	83	103	66
2193	3	9	0
2194	0	3	2
2195	141	121	128
2196	23	42	15
2197	40	35	24
2198	32	31	33
2199	16	8	8
2200	4	4	6
2201	196	209	170
2202	9	9	7
2203	3	4	3
2204	5	4	3
2205	134	124	110
2206	1	2	0
2207	5	4	6
2208	53	46	47
2209	4	3	3
2210	1699	1693	1420
2211	0	1	0
2212	0	0	0
2213	37	26	27
2214	67	66	54
2215	96	119	61
2216	125	146	116
2217	26	29	28
2218	21	14	14
2219	131	125	85
2220	882	857	788
2221	60	58	38
2222	47	50	38
2223	7	15	4
2224	7	8	10
2225	23	27	26
2226	94	93	76
2227	61	81	52
2228	2	12	10
2229	35	25	17
2230	26	30	7
2231	33	35	23
2232	2	1	2
2233	2	5	2
2234	18	17	17
2235	12	19	18
2236	2	0	2
2237	89	97	99
2238	317	323	297
2239	181	173	119
2240	9	10	4
2241	45	56	24
2242	105	87	78
2243	6	3	3
2244	32	37	26
2245	291	324	290
2246	24	20	25
2247	131	154	131
2248	41	61	51
2249	28	25	23
2250	28	20	14
2251	21	17	23
2252	36	32	43
2253	0	0	0
2254	2	0	1
2255	9	6	6
2256	18	25	35
2257	5	10	3
2258	0	0	0
2259	0	3	0
2260	45	27	39
2261	7	2	3
2262	10	14	5
2263	44	35	34
2264	6	10	10
2265	3	3	4
2266	258	233	208
2267	47	80	65
2268	69	69	56
2269	71	78	57
2270	55	50	41
2271	17	20	14
2272	523	536	369
2273	1	0	0
2274	26	30	33
2275	3	2	3
2276	98	110	97
2277	365	400	312
2278	8	6	6
2279	1	0	1
2280	73	62	57
2281	453	452	392
2282	90	91	75
2283	107	109	126
2284	71	52	59
2285	2	5	11
2286	84	94	64
2287	0	0	0
2288	4	4	11
2289	22	31	38
2290	0	0	0
2291	80	99	63
2292	37	44	26
2293	76	121	70
2294	77	86	49
2295	50	66	39
2296	14	12	7
2297	304	239	184
2298	33	44	20
2299	372	347	362
2300	70	76	42
2301	315	335	316
2302	2	0	0
2303	45	39	32
2304	0	0	0
2305	0	1	2
2306	19	18	10
2307	23	39	34
2308	80	78	53
2309	10	9	14
2310	85	88	59
2311	150	131	90
2312	2	5	3
2313	33	42	43
2314	21	41	31
2315	32	31	23
2316	230	181	135
2317	9	9	8
2318	785	754	634
2319	5	2	9
2320	335	308	250
2321	11	2	4
2322	60	58	52
2323	5	4	2
2324	63	43	33
2325	1455	1355	1086
2326	8	5	8
2327	19	17	17
2328	3	5	1
2329	264	257	202
2330	29	55	27
2331	101	92	75
2332	29	41	34
2333	58	38	38
2334	507	489	385
2335	27	15	20
2336	0	0	0
2337	120	139	99
2338	83	66	56
2339	57	71	50
2340	15	7	14
2341	0	0	0
2342	25	26	7
2343	20	13	27
2344	77	114	80
2345	0	1	0
2346	21	8	14
2347	519	433	343
2348	50	65	51
2349	63	55	55
2350	61	53	58
2351	110	140	114
2352	6	3	2
2353	57	57	43
2354	1249	1253	1144
2355	80	73	61
2356	204	191	148
2357	3	1	3
2358	456	459	437
2359	1	0	0
2360	0	0	1
2361	35	46	39
2362	25	24	21
2363	8	9	7
2364	0	0	1
2365	35	40	35
2366	1	0	1
2367	6	11	3
2368	0	0	1
2369	197	206	183
2370	403	356	270
2371	55	65	39
2372	244	235	206
2373	127	110	76
2374	112	129	132
2375	32	32	36
2376	3	5	0
2377	10	3	6
2378	155	160	132
2379	25	58	32
2380	29	24	25
2381	25	28	24
2382	209	251	228
2383	27	27	21
2384	2	2	4
2385	13	7	7
2386	0	0	0
2387	144	154	125
2388	1	4	0
2389	3	2	1
2390	287	270	199
2391	189	154	121
2392	98	83	93
2393	24	17	17
2394	53	68	64
2395	3	7	5
2396	9	13	11
2397	4	8	6
2398	39	28	18
2399	10	10	3
2400	339	318	241
2401	91	114	95
2402	708	675	704
2403	3	15	11
2404	8	5	1
2405	0	0	0
2406	8	5	8
2407	2	1	3
2408	50	51	35
2409	34	34	25
2410	10	11	12
2411	55	49	42
2412	34	35	16
2413	401	332	249
2414	116	110	118
2415	19	16	13
2416	146	128	93
2417	1889	2085	1952
2418	90	108	85
2419	21	29	14
2420	43	26	43
2421	96	70	58
2422	15	11	19
2423	88	91	51
2424	100	80	66
2425	38	36	42
2426	63	45	36
2427	72	82	82
2428	28	17	22
2429	1553	1656	1381
2430	40	41	35
2431	180	197	215
2432	34	40	27
2433	19	15	4
2434	34	32	36
2435	7	11	1
2436	4	5	1
2437	43	39	26
2438	22	10	15
2439	4	12	5
2440	158	145	138
2441	0	0	0
2442	2789	2866	2217
2443	37	47	32
2444	57	58	68
2445	10	7	4
2446	3	3	1
2447	1	0	0
2448	16	22	11
2449	116	110	96
2450	40	48	35
2451	20	24	18
2452	40	28	18
2453	7	9	10
2454	12	15	9
2455	72	73	77
2456	9	5	8
2457	232	262	234
2458	81	92	85
2459	30	35	28
2460	185	194	88
2461	514	499	355
2462	76	57	47
2463	1	8	2
2464	0	0	0
2465	255	295	173
2466	17	30	14
2467	6	12	2
2468	47	21	46
2469	134	103	84
2470	14	21	11
2471	151	119	89
2472	7	9	9
2473	211	183	180
2474	25	26	27
2475	0	0	0
2476	143	143	105
2477	24	19	22
2478	38	43	38
2479	8	9	12
2480	152	169	139
2481	10	10	7
2482	131	111	115
2483	80	108	50
2484	1	1	1
2485	42	39	19
2486	341	341	389
2487	126	129	106
2488	52	48	34
2489	337	302	270
2490	147	145	130
2491	0	0	0
2492	77	88	106
2493	180	179	173
2494	5	7	5
2495	23	17	11
2496	58	49	31
2497	34	30	27
2498	214	185	185
2499	11	10	5
2500	48	45	48
2501	0	0	0
2502	99	65	84
2503	106	87	114
2504	23	15	7
2505	52	70	54
2506	115	107	79
2507	210	221	128
2508	187	192	172
2509	24	16	21
2510	0	0	0
2511	70	82	56
2512	149	179	130
2513	27	19	15
2514	6	6	11
2515	373	318	254
2516	248	224	172
2517	262	287	221
2518	151	111	117
2519	54	61	49
2520	126	104	107
2521	224	222	249
2522	6	7	3
2523	243	223	177
2524	11	12	10
2525	5	5	9
2526	1	0	1
2527	7	5	5
2528	18	9	20
2529	19	14	21
2530	0	0	0
2531	10	7	12
2532	487	464	416
2533	408	438	376
2534	0	0	0
2535	314	341	313
2536	52	44	28
2537	521	477	417
2538	0	1	0
2539	1	1	0
2540	11	12	11
2541	7	4	6
2542	18	17	10
2543	429	435	425
2544	40	33	21
2545	129	111	106
2546	14	9	5
2547	112	114	114
2548	607	528	453
2549	17	26	26
2550	80	95	59
2551	520	383	343
2552	0	0	1
2553	43	42	24
2554	38	56	27
2555	309	312	261
2556	32	34	29
2557	0	0	0
2558	157	155	135
2559	0	0	0
2560	247	231	192
2561	39	24	36
2562	1	0	1
2563	24	14	13
2564	52	47	41
2565	0	1	0
2566	7	2	1
2567	1324	1290	1115
2568	0	0	1
2569	88	80	64
2570	75	98	61
2571	91	92	59
2572	231	247	165
2573	67	62	56
2574	10	3	6
2575	1	1	2
2576	2	2	1
2577	1066	1089	827
2578	75	71	74
2579	496	470	339
2580	57	45	41
2581	0	0	0
2582	6	8	6
2583	19	21	8
2584	10	9	10
2585	105	96	82
2586	1	1	2
2587	6	6	7
2588	370	368	311
2589	37	32	38
2590	42	50	41
2591	16	10	11
2592	13	13	12
2593	33	36	25
2594	0	0	0
2595	38	42	68
2596	22	33	20
2597	15	16	9
2598	188	213	159
2599	33	14	8
2600	4	2	5
2601	0	0	0
2602	266	218	180
2603	13	5	8
2604	371	333	338
2605	0	0	0
2606	0	0	0
2607	12	13	15
2608	25	25	18
2609	265	289	223
2610	42	45	19
2611	1	0	0
2612	8	11	8
2613	6	0	2
2614	1	2	3
2615	3	2	1
2616	16	6	5
2617	5	1	4
2618	53	45	18
2619	0	0	0
2620	66	58	54
2621	134	140	106
2622	369	318	289
2623	18	21	30
2624	1	1	2
2625	0	0	0
2626	0	0	0
2627	3	2	4
2628	0	0	0
2629	32	38	20
2630	88	82	91
2631	21	24	34
2632	6	6	4
2633	31	30	24
2634	10	26	12
2635	50	49	25
2636	107	93	55
2637	10	22	8
2638	1	3	1
2639	15	8	3
2640	0	0	0
2641	91	97	80
2642	11	6	8
2643	72	79	74
2644	34	23	22
2645	11	11	9
2646	9	4	6
2647	4	0	2
2648	2	1	0
2649	172	153	134
2650	274	259	221
2651	35	36	14
2652	63	60	49
2653	33	34	22
2654	86	61	67
2655	8	6	7
2656	13	16	29
2657	95	96	61
2658	55	58	51
2659	4	14	3
2660	11	4	3
2661	11	8	10
2662	38	31	31
2663	20	32	22
2664	246	234	216
2665	171	207	185
2666	11	10	7
2667	28	18	20
2668	3	12	4
2669	3	2	4
2670	10	12	9
2671	11	4	14
2672	3	2	2
2673	7	11	9
2674	55	61	49
2675	80	59	56
2676	2	0	1
2677	22	21	34
2678	17	10	10
2679	50	64	54
2680	0	0	0
2681	0	0	0
2682	48	61	31
2683	1	5	6
2684	2	0	1
2685	0	0	0
2686	0	0	0
2687	1	0	0
2688	212	196	173
2689	95	84	54
2690	65	56	42
2691	40	49	30
2692	0	0	0
2693	46	67	30
2694	17	11	4
2695	108	105	87
2696	12	7	9
2697	31	43	20
2698	27	17	8
2699	107	101	54
2700	0	0	0
2701	32	26	12
2702	82	85	52
2703	22	41	23
2704	30	23	23
2705	9	14	10
2706	33	39	35
2707	93	64	60
2708	8	4	3
2709	106	131	73
2710	24	23	28
2711	173	119	79
2712	92	84	70
2713	129	147	119
2714	6	11	1
2715	57	38	75
2716	1	0	0
2717	0	2	1
2718	1	2	0
2719	17	10	10
2720	34	25	12
2721	0	0	0
2722	129	150	103
2723	16	29	22
2724	364	389	453
2725	508	567	529
2726	4	2	4
2727	120	108	82
2728	18	8	7
2729	91	94	68
2730	228	226	214
2731	0	0	0
2732	1	5	5
2733	22	17	18
2734	0	0	0
2735	0	1	0
2736	4	2	1
2737	54	53	38
2738	70	76	52
2739	21	11	6
2740	53	41	32
2741	10	18	10
2742	196	182	127
2743	427	400	318
2744	0	0	0
2745	22	14	23
2746	3	4	4
2747	13	11	21
2748	0	3	2
2749	45	50	32
2750	94	102	77
2751	11	31	22
2752	26	28	29
2753	39	35	22
2754	58	40	27
2755	54	46	25
2756	423	413	341
2757	0	0	0
2758	1	0	0
2759	61	49	36
2760	147	115	110
2761	0	0	0
2762	88	67	52
2763	889	869	781
2764	91	65	46
2765	98	71	61
2766	15	10	13
2767	35	37	28
2768	69	66	48
2769	1718	1797	1575
2770	0	0	0
2771	10	9	9
2772	230	214	141
2773	17	10	6
2774	20	18	19
2775	15	28	14
2776	67	45	33
2777	1	0	0
2778	0	2	2
2779	693	736	627
2780	596	588	587
2781	64	33	53
2782	68	52	38
2783	4	1	2
2784	8	22	6
2785	0	0	0
2786	28	27	17
2787	10	8	9
2788	316	259	201
2789	65	64	32
2790	13	18	24
2791	13	18	9
2792	21	18	16
2793	1124	1202	1027
2794	237	276	237
2795	1261	1347	1186
2796	0	0	0
2797	195	221	152
2798	0	0	0
2799	40	52	36
2800	44	42	25
2801	820	760	658
2802	130	130	95
2803	48	42	16
2804	76	70	37
2805	11	10	14
2806	82	90	83
2807	1675	1630	1611
2808	87	66	55
2809	734	707	590
2810	44	40	50
2811	104	124	82
2812	22	17	12
2813	30	23	28
2814	41	29	31
2815	1	0	0
2816	40	35	37
2817	39	28	17
2818	0	0	0
2819	10	8	8
2820	553	569	559
2821	116	89	54
2822	83	84	89
2823	0	0	0
2824	90	64	71
2825	210	253	198
2826	481	525	445
2827	43	48	33
2828	7	3	5
2829	18	31	27
2830	2257	2057	2070
2831	795	897	678
2832	373	362	278
2833	0	0	0
2834	373	335	280
2835	94	74	49
2836	42	49	39
2837	68	68	45
2838	63	63	54
2839	6	8	4
2840	1250	1137	1100
2841	153	141	116
2842	4	0	2
2843	4	7	3
2844	657	596	390
2845	54	50	37
2846	2497	2280	2107
2847	24	32	16
2848	24	23	19
2849	4	6	1
2850	168	152	120
2851	48	47	36
2852	41	40	25
2853	111	89	74
2854	52	30	32
2855	35	42	31
2856	113	93	64
2857	29	35	23
2858	244	264	257
2859	36	32	23
2860	6	3	1
2861	23	21	18
2862	70	64	49
2863	17	23	5
2864	1	1	0
2865	24	23	19
2866	1	0	0
2867	66	71	51
2868	0	0	0
2869	0	1	0
2870	0	0	0
2871	1319	1320	1025
2872	0	0	0
2873	68	66	40
2874	431	420	337
2875	162	246	202
2876	48	40	27
2877	666	546	421
2878	29	33	25
2879	0	0	0
2880	10	12	8
2881	15	20	13
2882	72	78	48
2883	8	5	8
2884	139	119	116
2885	37	30	27
2886	31	35	35
2887	0	0	0
2888	10	15	6
2889	33	39	41
2890	209	173	162
2891	104	91	84
2892	3	8	4
2893	6	4	10
2894	50	63	29
2895	45	37	30
2896	62	55	45
2897	14	14	26
2898	46	42	17
2899	110	104	64
2900	171	135	96
2901	2	1	1
2902	14	18	9
2903	111	83	65
2904	407	421	372
2905	158	193	118
2906	780	722	674
2907	0	0	0
2908	17	10	11
2909	70	69	46
2910	134	132	99
2911	47	62	34
2912	43	40	25
2913	228	270	227
2914	28	27	29
2915	66	92	69
2916	12	6	14
2917	63	67	63
2918	18	22	20
2919	17	10	1
2920	0	0	0
2921	8	14	6
2922	14	3	6
2923	271	238	179
2924	2	5	1
2925	55	62	40
2926	26	27	14
2927	195	144	162
2928	17	21	11
2929	25	33	21
2930	34	24	21
2931	72	48	33
2932	317	304	244
2933	327	299	215
2934	46	43	44
2935	167	202	192
2936	20	14	14
2937	2	1	1
2938	70	69	71
2939	150	109	81
2940	184	226	139
2941	65	85	67
2942	15	9	16
2943	14	9	6
2944	73	72	65
2945	63	50	50
2946	250	288	181
2947	23	40	22
2948	83	53	46
2949	8	8	7
2950	0	1	4
2951	556	537	577
2952	0	0	0
2953	33	24	18
2954	6	7	11
2955	14	17	7
2956	39	33	40
2957	47	45	34
2958	17	9	9
2959	0	1	0
2960	6	10	11
2961	21	20	7
2962	117	108	75
2963	112	107	66
2964	170	200	118
2965	15	6	6
2966	89	69	69
2967	0	0	0
2968	11	7	2
2969	18	12	9
2970	28	12	12
2971	73	78	55
2972	105	98	95
2973	290	243	186
2974	1	1	1
2975	84	110	65
2976	61	43	60
2977	78	89	94
2978	61	39	36
2979	0	0	0
2980	0	0	0
2981	10	6	10
2982	25	13	17
2983	185	158	117
2984	130	160	117
2985	5	6	2
2986	0	1	1
2987	903	850	878
2988	6	2	3
2989	94	128	69
2990	16	16	13
2991	147	125	100
2992	13	13	42
2993	0	0	0
2994	23	19	16
2995	76	41	56
2996	25	21	15
2997	8	5	7
2998	557	539	435
2999	17	15	8
3000	1782	1638	1423
3001	17	17	5
3002	7	7	6
3003	22	21	24
3004	68	70	57
3005	0	1	0
3006	11	18	10
3007	87	68	61
3008	50	67	42
3009	268	329	275
3010	9	4	2
3011	22	21	25
3012	113	98	41
3013	194	196	200
3014	3	1	1
3015	109	89	98
3016	176	155	123
3017	32	26	34
3018	16	10	6
3019	28	39	26
3020	113	97	83
3021	0	0	0
3022	71	82	56
3023	170	174	159
3024	500	464	434
3025	13	15	11
3026	59	81	60
3027	148	161	123
3028	4587	4693	4117
3029	178	166	105
3030	1	1	0
3031	4	9	6
3032	18	15	19
3033	4	2	4
3034	48	33	27
3035	19	23	21
3036	26	33	11
3037	83	47	46
3038	220	258	224
3039	372	377	361
3040	29	37	26
3041	155	180	172
3042	31	27	23
3043	329	342	265
3044	4	10	6
3045	34	31	46
3046	40	39	31
3047	220	191	158
3048	26	35	43
3049	37	42	34
3050	817	797	641
3051	11	3	17
3052	8	3	11
3053	6	5	3
3054	106	110	82
3055	94	118	101
3056	27	21	7
3057	229	257	200
3058	18	31	19
3059	66	53	40
3060	76	70	59
3061	54	74	51
3062	156	164	133
3063	14	11	10
3064	22	35	36
3065	75	89	65
3066	42	51	35
3067	240	245	207
3068	234	246	200
3069	0	0	0
3070	33	24	42
3071	197	170	160
3072	18	13	8
3073	29	39	29
3074	65	76	61
3075	20	23	21
3076	8	13	9
3077	0	0	0
3078	19	18	18
3079	62	56	41
3080	13	17	11
3081	15	26	23
3082	41	26	26
3083	39	67	25
3084	62	94	61
3085	0	0	0
3086	13	14	10
3087	405	406	352
3088	192	214	183
3089	317	325	343
3090	48	55	54
3091	41	35	44
3092	938	844	671
3093	10	15	8
3094	1	5	1
3095	114	102	85
3096	1	5	0
3097	1	0	1
3098	39	44	29
3099	1	1	3
3100	0	0	1
3101	0	1	0
3102	85	83	65
3103	44	53	49
3104	457	439	476
3105	14	15	11
3106	21	13	7
3107	1	1	1
3108	16	15	18
3109	5	4	12
3110	183	200	227
3111	23	41	16
3112	35	35	30
3113	0	0	0
3114	30	22	16
3115	866	996	827
3116	57	65	56
3117	0	0	0
3118	135	148	108
3119	69	68	42
3120	15	10	9
3121	37	49	63
3122	61	53	52
3123	26	23	17
3124	7	1	7
3125	341	355	203
3126	28	22	21
3127	62	77	56
3128	238	232	201
3129	23	25	41
3130	77	64	74
3131	0	0	0
3132	0	0	0
3133	0	0	0
3134	76	101	62
3135	185	173	108
3136	0	0	0
3137	36	43	23
3138	40	46	34
3139	634	629	464
3140	5	10	7
3141	0	0	0
3142	352	375	278
3143	25	14	11
3144	87	113	80
3145	6	6	8
3146	98	117	87
3147	162	123	93
3148	2	3	4
3149	2	4	4
3150	51	47	30
3151	0	0	1
3152	22	22	22
3153	95	80	90
3154	31	30	15
3155	7	6	7
3156	71	54	67
3157	28	21	21
3158	51	47	54
3159	0	0	0
3160	0	3	1
3161	17	23	19
3162	20	15	14
3163	69	62	39
3164	63	66	51
3165	170	161	126
3166	13	17	22
3167	36	32	23
3168	70	61	48
3169	25	22	27
3170	0	0	0
3171	46	43	31
3172	0	0	1
3173	1	1	2
3174	31	28	39
3175	231	271	216
3176	54	50	55
3177	27	17	11
3178	15	18	6
3179	5	3	5
3180	59	42	43
3181	5231	5761	5261
3182	0	1	0
3183	0	1	1
3184	4	3	2
3185	11	10	14
3186	201	184	146
3187	68	87	97
3188	658	654	668
3189	0	0	0
3190	253	245	169
3191	3	1	1
3192	29	37	23
3193	7	9	15
3194	4	10	3
3195	16	15	14
3196	96	79	57
3197	8	9	6
3198	0	0	0
3199	280	261	183
3200	70	91	68
3201	4	2	3
3202	2	6	12
3203	11	8	7
3204	13	23	16
3205	78	55	44
3206	4074	3996	3882
3207	47	43	52
3208	532	518	365
3209	295	435	345
3210	147	96	78
3211	2	1	1
3212	0	0	0
3213	63	96	57
3214	33	40	29
3215	103	97	86
3216	6	7	2
3217	9	16	24
3218	727	722	486
3219	431	436	319
3220	126	130	123
3221	21	27	18
3222	650	576	515
3223	18	18	13
3224	11	3	9
3225	595	633	481
3226	48	49	26
3227	14	13	27
3228	452	357	416
3229	69	58	36
3230	0	1	0
3231	43	38	37
3232	81	51	40
3233	319	283	230
3234	37	37	20
3235	24	14	27
3236	10	6	4
3237	38	59	43
3238	259	227	202
3239	778	805	746
3240	94	93	73
3241	2	3	2
3242	2036	2075	1551
3243	16	13	8
3244	38	32	35
3245	56	50	53
3246	89	114	74
3247	2	1	0
3248	44	46	29
3249	22	23	14
3250	14	12	19
3251	0	0	1
3252	2	4	1
3253	45	37	37
3254	39	48	35
3255	34	39	33
3256	73	90	97
3257	55	65	27
3258	15	18	16
3259	47	43	35
3260	4	2	1
3261	29	29	42
3262	53	52	34
3263	2	6	3
3264	223	253	215
3265	1	1	1
3266	371	327	240
3267	19	22	14
3268	31	33	41
3269	19	25	17
3270	2	5	4
3271	80	85	124
3272	630	731	650
3273	2	2	3
3274	1	2	0
3275	15	16	11
3276	6	7	11
3277	8	8	18
3278	51	31	27
3279	34	20	38
3280	10	6	7
3281	2	0	2
3282	255	215	224
3283	19	20	10
3284	4	6	5
3285	0	0	0
3286	0	0	0
3287	0	0	0
3288	4	0	1
3289	0	0	0
3290	0	0	0
3291	14	15	15
3292	63	47	29
3293	1390	1402	1186
3294	34	33	27
3295	72	82	50
3296	63	62	43
3297	147	140	109
3298	19	20	6
3299	4	4	0
3300	10	11	19
3301	4	5	0
3302	298	297	290
3303	469	584	548
3304	59	62	49
3305	119	91	75
3306	26	30	23
3307	282	258	197
3308	54	57	52
3309	17	24	16
3310	10	11	9
3311	39	51	48
3312	5	6	6
3313	308	298	225
3314	75	74	45
3315	47	45	37
3316	174	183	90
3317	300	272	187
3318	38	38	32
3319	139	166	122
3320	0	0	0
3321	12	7	8
3322	1	2	3
3323	47	31	47
3324	197	179	200
3325	2	5	2
3326	34	36	50
3327	34	28	27
3328	80	70	50
3329	1	2	0
3330	36	58	33
3331	7	2	3
3332	40	36	19
3333	10	21	22
3334	19	21	22
3335	7	9	3
3336	89	62	42
3337	4	2	1
3338	59	55	48
3339	12	19	22
3340	301	296	278
3341	652	672	588
3342	73	95	73
3343	0	0	0
3344	1442	1361	1060
3345	16	21	10
3346	93	87	81
3347	47	67	57
3348	696	672	690
3349	33	31	37
3350	60	95	81
3351	17	31	27
3352	52	44	34
3353	0	0	0
3354	1139	1156	1085
3355	4	2	6
3356	125	138	114
3357	360	339	300
3358	231	252	210
3359	1	1	2
3360	4	1	1
3361	57	64	65
3362	177	124	140
3363	17	18	13
3364	20	15	20
3365	59	66	61
3366	465	480	364
3367	94	75	78
3368	0	0	0
3369	380	357	269
3370	285	212	164
3371	55	44	42
3372	12	17	11
3373	122	103	89
3374	1	0	1
3375	55	89	41
3376	164	168	142
3377	13	16	14
3378	4	4	3
3379	8347	8753	8579
3380	734	828	829
3381	260	249	230
3382	206	188	137
3383	107	115	77
3384	2	2	1
3385	0	0	0
3386	91	96	66
3387	11	9	6
3388	0	0	0
3389	12	11	5
3390	33	37	32
3391	1	2	0
3392	22	33	22
3393	187	192	174
3394	103	95	71
3395	82	86	73
3396	0	0	0
3397	790	724	766
3398	106	83	66
3399	0	0	0
3400	0	0	0
3401	0	0	0
3402	0	0	1
3403	0	0	0
3404	0	0	0
3405	2	2	2
3406	8	7	1
3407	2	2	0
3408	341	303	211
3409	159	159	101
3410	0	3	1
3411	76	70	43
3412	322	296	289
3413	14	19	15
3414	22	20	9
3415	0	2	1
3416	22	20	12
3417	1	2	4
3418	17	12	21
3419	0	1	0
3420	8	12	10
3421	30	26	22
3422	36	28	32
3423	34	28	27
3424	2	0	0
3425	75	116	90
3426	75	80	78
3427	41	20	23
3428	499	485	348
3429	18	19	23
3430	4	5	7
3431	415	389	309
3432	18	16	12
3433	69	55	44
3434	41	47	30
3435	23	38	18
3436	4	2	2
3437	207	215	131
3438	11	5	9
3439	29	16	14
3440	76	73	56
3441	88	66	82
3442	0	0	0
3443	50	82	36
3444	1	1	0
3445	45	36	20
3446	71	71	47
3447	0	0	0
3448	2	3	5
3449	0	0	0
3450	0	1	0
3451	0	0	0
3452	1	0	0
3453	56	30	36
3454	602	598	587
3455	37	23	25
3456	64	73	49
3457	22	18	15
3458	0	2	0
3459	158	174	175
3460	43	35	39
3461	85	91	65
3462	25	30	23
3463	0	1	0
3464	0	1	0
3465	30	27	23
3466	16	12	7
3467	3	5	5
3468	271	287	225
3469	6	10	6
3470	54	56	50
3471	1	3	0
3472	14	18	15
3473	42	39	30
3474	8	8	11
3475	14	10	10
3476	35	46	26
3477	173	187	124
3478	16	10	11
3479	76	74	68
3480	1	1	0
3481	158	133	122
3482	0	7	2
3483	229	230	214
3484	0	0	0
3485	60	46	44
3486	32	26	27
3487	102	68	57
3488	740	749	600
3489	18	12	10
3490	246	239	195
3491	1	3	0
3492	574	598	617
3493	56	64	91
3494	239	244	194
3495	800	768	669
3496	50	78	56
3497	14	10	7
3498	26	12	10
3499	17	14	8
3500	813	732	583
3501	15	26	25
3502	58	57	47
3503	3	6	4
3504	1	3	1
3505	6	4	3
3506	23	23	13
3507	98	105	87
3508	16	21	12
3509	337	347	378
3510	22	24	17
3511	49	40	33
3512	200	182	127
3513	41	40	30
3514	32	25	23
3515	3	0	1
3516	92	65	62
3517	0	0	1
3518	35	25	25
3519	74	73	94
3520	115	95	98
3521	82	84	56
3522	14	11	12
3523	10	12	6
3524	107	93	74
3525	177	176	128
3526	1	3	1
3527	326	244	257
3528	82	119	80
3529	49	50	39
3530	34	40	19
3531	13	5	11
3532	3	3	3
3533	13	8	10
3534	31	34	22
3535	7	9	6
3536	5	11	7
3537	27	33	22
3538	149	137	134
3539	339	271	246
3540	1	0	0
3541	38	50	26
3542	114	70	70
3543	1	0	0
3544	32	24	23
3545	84	79	55
3546	415	387	300
3547	138	169	116
3548	0	1	1
3549	68	53	56
3550	93	73	58
3551	321	352	242
3552	152	140	142
3553	42	25	31
3554	0	0	0
3555	16	31	18
3556	25	39	19
3557	167	183	126
3558	114	111	88
3559	1	2	0
3560	145	126	83
3561	6	6	7
3562	1681	1686	1493
3563	120	105	86
3564	23	27	25
3565	14	9	11
3566	23	26	34
3567	248	182	171
3568	13	19	12
3569	37	28	25
3570	4	4	3
3571	116	162	124
3572	8	4	1
3573	250	220	175
3574	122	105	68
3575	67	74	47
3576	31	33	31
3577	66	50	36
3578	55	67	44
3579	262	263	244
3580	12	7	9
3581	86	96	130
3582	33	40	22
3583	0	3	3
3584	121	89	68
3585	0	0	0
3586	365	284	258
3587	98	78	52
3588	864	824	689
3589	9	5	5
3590	60	59	33
3591	16	21	11
3592	205	215	157
3593	102	95	78
3594	382	332	282
3595	137	135	98
3596	80	86	77
3597	16	15	23
3598	35	29	27
3599	333	313	245
3600	42	32	40
3601	168	153	79
3602	19	15	16
3603	4	9	4
3604	58	76	73
3605	1	0	0
3606	381	404	392
3607	6	3	4
3608	0	1	1
3609	3	8	2
3610	10	17	12
3611	46	45	39
3612	8	9	5
3613	1	3	1
3614	23	24	16
3615	15	13	7
3616	85	70	56
3617	0	1	0
3618	8	2	1
3619	72	67	86
3620	125	138	121
3621	13	10	8
3622	23	27	18
3623	8	7	11
3624	23	36	44
3625	106	78	99
3626	5	11	8
3627	18	15	18
3628	763	850	700
3629	14	29	14
3630	0	3	2
3631	31	30	15
3632	59	57	57
3633	117	141	134
3634	23	26	30
3635	1387	1453	1232
3636	7	12	4
3637	1	2	0
3638	4	3	1
3639	40	40	27
3640	198	224	148
3641	1	0	1
3642	484	496	409
3643	1	0	0
3644	75	66	51
3645	10	16	5
3646	302	307	224
3647	1	3	0
3648	33	38	29
3649	2	2	4
3650	29	18	14
3651	0	0	0
3652	1	2	0
3653	76	68	40
3654	60	51	41
3655	0	0	1
3656	35	30	20
3657	0	0	0
3658	117	98	77
3659	110	100	106
3660	70	62	57
3661	548	529	330
3662	81	73	39
3663	1	6	1
3664	21	20	14
3665	13	13	6
3666	19	20	4
3667	53	41	33
3668	42	45	39
3669	530	531	497
3670	11	7	5
3671	9	7	12
3672	2650	2528	2027
3673	1	0	0
3674	0	0	0
3675	1843	1888	1685
3676	216	241	187
3677	97	75	59
3678	449	444	405
3679	320	301	303
3680	0	0	0
3681	0	0	0
3682	0	0	0
3683	135	117	123
3684	36	39	26
3685	2	5	4
3686	194	226	196
3687	32	35	30
3688	5	7	4
3689	374	486	400
3690	26	24	27
3691	199	179	126
3692	93	102	115
3693	16	13	10
3694	2	2	0
3695	40	33	56
3696	146	149	159
3697	46	54	56
3698	92	114	74
3699	203	199	170
3700	7	4	6
3701	174	157	176
3702	2	5	8
3703	81	80	72
3704	19	15	50
3705	1	1	1
3706	0	0	0
3707	0	1	1
3708	0	0	0
3709	28	28	18
3710	18	14	9
3711	23	19	14
3712	1	10	5
3713	0	0	0
3714	0	0	0
3715	16	14	10
3716	0	0	0
3717	2	1	2
3718	0	0	0
3719	20	32	15
3720	0	1	0
3721	22	27	14
3722	342	428	370
3723	15	8	9
3724	520	456	389
3725	21	28	32
3726	263	286	241
3727	324	318	266
3728	101	114	78
3729	152	159	137
3730	35	34	28
3731	10	14	21
3732	2	4	5
3733	5	4	2
3734	666	625	686
3735	221	227	147
3736	11	8	7
3737	28	32	26
3738	42	30	27
3739	234	221	130
3740	46	18	22
3741	45	50	65
3742	11	17	12
3743	154	205	173
3744	56	69	55
3745	123	78	70
3746	58	45	45
3747	21	22	22
3748	108	107	71
3749	47	48	43
3750	24	26	20
3751	10	12	7
3752	480	524	442
3753	5	4	1
3754	45	66	44
3755	11	8	7
3756	147	154	152
3757	10	8	10
3758	37	40	33
3759	40	41	34
3760	995	1198	971
3761	2927	2765	2050
3762	476	594	411
3763	59	76	66
3764	2	2	1
3765	36	37	21
3766	2	3	1
3767	124	135	137
3768	18	15	14
3769	14	23	14
3770	10	12	10
3771	611	640	513
3772	926	845	723
3773	23	28	17
3774	292	271	275
3775	17	22	16
3776	15	16	9
3777	32	35	45
3778	604	562	385
3779	0	0	0
3780	146	158	94
3781	52	92	48
3782	121	113	85
3783	35	30	24
3784	23	21	11
3785	27	23	19
3786	1	0	0
3787	546	578	489
3788	56	74	40
3789	117	144	86
3790	87	76	62
3791	0	0	0
3792	0	0	0
3793	17	15	13
3794	42	38	40
3795	156	155	105
3796	18	15	21
3797	287	313	276
3798	0	0	0
3799	153	139	89
3800	5	8	4
3801	122	84	79
3802	14	15	16
3803	38	16	28
3804	62	45	46
3805	21	22	16
3806	106	93	80
3807	18	15	9
3808	49	65	63
3809	1	0	0
3810	5	3	7
3811	15	27	10
3812	24	30	20
3813	67	49	31
3814	42	55	46
3815	27	32	35
3816	110	97	73
3817	53	24	32
3818	0	0	0
3819	125	104	104
3820	80	84	67
3821	10	7	6
3822	0	3	3
3823	2	2	4
3824	0	0	0
3825	64	81	65
3826	22	20	30
3827	18	15	18
3828	0	2	2
3829	18	13	9
3830	85	76	80
3831	159	167	147
3832	26	30	29
3833	46	53	47
3834	26	19	15
3835	0	0	0
3836	1	0	2
3837	1	0	0
3838	206	207	194
3839	164	179	119
3840	32	21	14
3841	450	453	364
3842	92	94	60
3843	63	68	41
3844	48	61	51
3845	11	11	6
3846	103	109	93
3847	7	18	5
3848	75	73	43
3849	20	22	9
3850	3	3	3
3851	183	201	217
3852	57	35	31
3853	35	21	25
3854	117	101	57
3855	61	72	55
3856	0	0	0
3857	22	16	18
3858	59	62	58
3859	6	10	14
3860	0	0	0
3861	13	6	3
3862	109	93	106
3863	322	284	171
3864	43	34	15
3865	0	0	0
3866	0	0	1
3867	12	19	4
3868	15	27	11
3869	36	33	33
3870	12	10	11
3871	140	114	98
3872	9	10	6
3873	6	2	1
3874	177	159	183
3875	7	3	3
3876	14	20	22
3877	39	64	30
3878	45	27	21
3879	24	28	16
3880	116	112	106
3881	116	128	94
3882	917	886	761
3883	0	1	0
3884	14	13	24
3885	0	2	1
3886	4733	4872	4638
3887	13	12	9
3888	204	167	141
3889	74	72	73
3890	3	3	4
3891	62	67	75
3892	1737	1720	1299
3893	0	1	0
3894	47	44	35
3895	81	87	72
3896	203	203	169
3897	64	72	41
3898	123	86	80
3899	35	23	26
3900	15	15	16
3901	1	1	0
3902	35	42	33
3903	56	58	56
3904	51	59	61
3905	20	16	13
3906	104	105	63
3907	865	874	875
3908	29	23	17
3909	22	20	15
3910	58	48	42
3911	273	271	264
3912	3	1	3
3913	7	7	12
3914	1	2	0
3915	50	58	50
3916	11	14	10
3917	49	52	44
3918	37	24	25
3919	67	49	44
3920	76	95	62
3921	195	231	189
3922	154	198	136
3923	0	0	0
3924	71	81	70
3925	565	576	519
3926	65	53	42
3927	115	112	92
3928	21	16	13
3929	110	125	93
3930	18	9	11
3931	130	145	94
3932	283	269	256
3933	9	7	3
3934	155	135	150
3935	0	0	0
3936	18	23	14
3937	36	34	39
3938	2	4	1
3939	168	227	196
3940	324	279	241
3941	21	20	22
3942	0	0	0
3943	227	233	183
3944	3	1	2
3945	102	78	67
3946	7	4	2
3947	37	36	26
3948	41	45	54
3949	18	18	16
3950	42	41	35
3951	129	92	115
3952	0	1	0
3953	26	28	18
3954	13	21	30
3955	293	236	188
3956	5	7	2
3957	7	13	6
3958	51	46	41
3959	332	324	260
3960	20	19	8
3961	11	13	13
3962	3	3	1
3963	0	0	0
3964	25	23	31
3965	42	23	34
3966	0	2	0
3967	1483	1379	1125
3968	83	98	76
3969	1011	1086	798
3970	114	112	106
3971	39	26	35
3972	161	162	131
3973	105	79	72
3974	1	2	0
3975	266	266	208
3976	19	27	12
3977	17	14	13
3978	504	545	407
3979	193	191	134
3980	200	181	133
3981	390	375	285
3982	579	515	452
3983	0	0	3
3984	20	13	15
3985	613	630	477
3986	98	114	91
3987	469	486	299
3988	1	3	3
3989	1	2	3
3990	63	44	39
3991	80	86	67
3992	17	18	22
3993	16	16	26
3994	16	19	16
3995	70	60	46
3996	160	189	112
3997	41	37	33
3998	80	67	52
3999	74	59	49
4000	2	0	0
4001	4	11	3
4002	17	16	21
4003	38	58	47
4004	699	693	551
4005	48	37	39
4006	178	179	204
4007	726	936	653
4008	68	46	29
4009	13	15	2
4010	35	33	24
4011	164	146	126
4012	111	70	79
4013	5	2	4
4014	181	167	152
4015	119	124	94
4016	237	255	183
4017	75	91	61
4018	153	177	148
4019	36	22	25
4020	5	7	3
4021	0	0	1
4022	2094	2049	1678
4023	59	43	50
4024	27	29	40
4025	279	276	276
4026	43	33	36
4027	106	119	124
4028	13	6	7
4029	719	633	523
4030	493	447	292
4031	165	154	145
4032	133	113	69
4033	116	100	58
4034	12	12	4
4035	242	272	226
4036	48	37	27
4037	1	0	0
4038	439	391	349
4039	156	129	120
4040	51	62	58
4041	604	532	316
4042	8	6	8
4043	53	63	50
4044	79	108	73
4045	145	118	132
4046	13	8	8
4047	19	25	25
4048	22	27	31
4049	161	165	95
4050	37	35	28
4051	0	0	0
4052	6	3	4
4053	3	6	6
4054	26	35	18
4055	6	11	4
4056	16	14	14
4057	101	93	76
4058	8	8	10
4059	0	0	0
4060	13	26	8
4061	162	179	209
4062	415	413	334
4063	21	19	17
4064	54	61	48
4065	18	16	8
4066	13	7	9
4067	206	230	171
4068	2	3	3
4069	5	2	3
4070	7	8	8
4071	10	10	9
4072	0	0	0
4073	8	6	5
4074	52	43	41
4075	2	2	3
4076	102	120	102
4077	0	4	4
4078	0	0	0
4079	8	10	9
4080	3	1	1
4081	44	47	41
4082	1	0	0
4083	6	1	1
4084	66	59	45
4085	57	52	39
4086	6	1	4
4087	38	45	36
4088	22	26	18
4089	6	5	9
4090	99	91	58
4091	15	12	19
4092	11	12	12
4093	21	13	13
4094	0	0	0
4095	164	200	220
4096	0	0	2
4097	65	63	29
4098	91	87	52
4099	31	16	15
4100	149	145	96
4101	7	11	15
4102	32	25	14
4103	102	96	52
4104	43	44	26
4105	91	60	72
4106	0	1	0
4107	0	0	0
4108	364	329	240
4109	57	57	39
4110	89	103	56
4111	20	21	11
4112	22	18	12
4113	17	17	30
4114	22	24	22
4115	762	624	569
4116	16	17	26
4117	352	320	281
4118	3	1	0
4119	12	4	4
4120	18	15	15
4121	94	85	78
4122	7	6	3
4123	0	0	0
4124	0	0	0
4125	0	0	0
4126	0	0	0
4127	0	0	0
4128	0	0	0
4129	1	1	0
4130	159	161	201
4131	61	60	54
4132	195	175	108
4133	98	100	84
4134	28	32	14
4135	58	60	33
4136	8	6	12
4137	50	45	36
4138	11	19	18
4139	10	12	4
4140	0	0	0
4141	0	0	0
4142	0	1	0
4143	0	0	0
4144	188	179	135
4145	15	18	21
4146	47	42	41
4147	5	2	0
4148	0	0	0
4149	32	28	39
4150	0	0	0
4151	55	61	42
4152	114	112	73
4153	11	7	12
4154	47	53	45
4155	9	6	4
4156	18	24	26
4157	5	5	2
4158	189	216	188
4159	13	17	8
4160	316	319	290
4161	774	734	481
4162	50	52	30
4163	5	3	4
4164	15	8	11
4165	471	532	464
4166	15	20	9
4167	14	22	12
4168	66	53	48
4169	48	67	41
4170	0	0	1
4171	184	171	141
4172	8	13	8
4173	14	8	27
4174	211	253	225
4175	83	72	64
4176	133	130	134
4177	77	64	59
4178	156	173	135
4179	4	5	3
4180	4	2	1
4181	302	300	233
4182	144	123	116
4183	42	68	50
4184	1	0	0
4185	4	3	3
4186	16	11	11
4187	50	41	53
4188	17	16	14
4189	169	184	124
4190	278	261	181
4191	193	174	131
4192	0	0	0
4193	2	3	4
4194	21	23	18
4195	38	41	24
4196	32	26	22
4197	0	0	0
4198	187	166	193
4199	44	53	44
4200	6	7	9
4201	108	75	68
4202	17	11	9
4203	19	11	14
4204	1152	1047	952
4205	3	4	6
4206	52	51	57
4207	76	84	66
4208	58	111	35
4209	34	44	20
4210	48	60	57
4211	399	463	449
4212	18	14	16
4213	14	14	4
4214	13	16	14
4215	25	41	23
4216	27	22	14
4217	0	0	0
4218	0	0	0
4219	17	11	7
4220	23	12	9
4221	2	3	1
4222	270	250	197
4223	0	0	0
4224	84	68	91
4225	1	6	2
4226	253	263	199
4227	9	9	8
4228	22	20	19
4229	29	17	33
4230	61	61	68
4231	53	53	40
4232	91	79	82
4233	92	104	87
4234	91	121	76
4235	28	35	20
4236	75	74	79
4237	220	189	182
4238	25	23	25
4239	156	150	125
4240	106	110	103
4241	0	0	0
4242	202	148	110
4243	28	23	19
4244	2	2	4
4245	234	184	138
4246	43	64	50
4247	235	208	172
4248	508	557	485
4249	0	1	1
4250	0	0	0
4251	48	76	59
4252	9	6	11
4253	4	4	2
4254	33	28	24
4255	39	34	37
4256	44	24	52
4257	5	3	4
4258	399	420	364
4259	1	0	0
4260	41	37	32
4261	5	7	5
4262	675	667	396
4263	0	0	0
4264	50	54	49
4265	31	55	33
4266	30	28	18
4267	4	0	0
4268	39	34	26
4269	60	60	66
4270	73	57	71
4271	8	14	19
4272	112	105	75
4273	15	23	8
4274	149	118	112
4275	68	63	63
4276	76	67	67
4277	95	101	70
4278	44	45	58
4279	223	192	127
4280	15	10	9
4281	3571	3502	2941
4282	17	15	8
4283	56	36	19
4284	36	37	34
4285	83	92	77
4286	61	55	48
4287	143	155	100
4288	83	87	73
4289	11	21	15
4290	147	167	160
4291	138	154	122
4292	108	83	60
4293	19	17	16
4294	52	49	47
4295	2	0	1
4296	2	2	3
4297	41	39	20
4298	372	437	333
4299	93	76	81
4300	47	49	32
4301	21	21	13
4302	85	82	59
4303	36	44	45
4304	1	4	2
4305	6	6	2
4306	189	166	167
4307	17	27	46
4308	85	71	81
4309	37	19	17
4310	44	48	50
4311	21	22	20
4312	15	9	4
4313	17	16	14
4314	0	0	0
4315	418	344	311
4316	352	305	270
4317	37	35	40
4318	61	59	39
4319	139	154	96
4320	96	88	51
4321	73	71	52
4322	0	1	1
4323	84	80	83
4324	9	8	12
4325	3	1	0
4326	10	14	12
4327	17	7	22
4328	229	258	228
4329	18	12	12
4330	49	51	48
4331	11	8	9
4332	388	387	350
4333	23	29	21
4334	5	7	11
4335	11	13	6
4336	1156	1266	890
4337	4	3	1
4338	13	4	4
4339	1	5	3
4340	2	3	3
4341	13	15	4
4342	2	2	0
4343	1	3	1
4344	7	14	10
4345	74	68	47
4346	27	21	19
4347	3	2	3
4348	0	1	1
4349	46	27	17
4350	15	17	13
4351	68	67	46
4352	36	29	29
4353	8	7	3
4354	0	1	0
4355	9	1	6
4356	185	191	106
4357	14	11	8
4358	75	76	72
4359	2	5	7
4360	38	36	16
4361	11	18	17
4362	1	4	2
4363	29	25	35
4364	138	130	104
4365	4	7	5
4366	49	46	35
4367	0	0	1
4368	850	867	809
4369	8	8	8
4370	12	15	10
4371	180	168	122
4372	7	7	5
4373	20	20	18
4374	4	4	2
4375	32	29	25
4376	0	0	0
4377	37	36	57
4378	76	84	69
4379	14	8	2
4380	0	0	0
4381	7	6	8
4382	75	75	71
4383	4	6	1
4384	15	20	20
4385	1	1	4
4386	17	13	14
4387	9	16	5
4388	0	0	0
4389	80	118	102
4390	469	392	292
4391	782	793	768
4392	204	188	132
4393	670	626	528
4394	229	200	196
4395	93	110	74
4396	2099	2118	1731
4397	69	53	32
4398	323	336	332
4399	86	92	56
4400	0	0	0
4401	10	9	20
4402	242	235	226
4403	111	68	84
4404	130	134	120
4405	0	0	0
4406	30	33	22
4407	4	9	2
4408	65	83	65
4409	26	19	18
4410	92	91	46
4411	10	3	6
4412	0	0	0
4413	114	124	143
4414	63	77	67
4415	25	16	17
4416	764	733	606
4417	21	53	45
4418	1	1	3
4419	10	4	11
4420	161	156	131
4421	24	15	9
4422	132	136	134
4423	53	47	36
4424	18	8	13
4425	2	2	2
4426	46	55	36
4427	34	30	19
4428	341	295	367
4429	34	39	30
4430	1	0	0
4431	2	2	0
4432	33	45	47
4433	26	40	15
4434	14	10	9
4435	203	172	180
4436	42	35	22
4437	202	146	139
4438	223	292	176
4439	93	131	78
4440	0	0	0
4441	18	9	7
4442	645	682	608
4443	0	0	1
4444	52	46	59
4445	18	19	14
4446	67	58	47
4447	25	17	17
4448	5	7	7
4449	17	13	15
4450	0	0	0
4451	0	2	0
4452	56	58	44
4453	233	226	180
4454	235	210	191
4455	6	6	3
4456	1533	1480	1244
4457	15	27	27
4458	38	45	41
4459	284	305	183
4460	11	10	10
4461	39	42	25
4462	84	90	68
4463	51	57	45
4464	869	885	834
4465	128	122	118
4466	43	48	47
4467	91	92	81
4468	88	105	97
4469	51	35	36
4470	0	0	0
4471	1533	1424	1111
4472	37	22	22
4473	0	0	0
4474	27	18	17
4475	100	152	101
4476	11	13	14
4477	27	33	31
4478	24	22	22
4479	0	0	0
4480	64	71	40
4481	13	12	6
4482	4	3	1
4483	0	0	0
4484	15	13	23
4485	6	8	7
4486	29	29	16
4487	14	3	7
4488	180	210	195
4489	241	240	225
4490	0	0	0
4491	136	85	78
4492	89	71	40
4493	20	14	6
4494	0	0	0
4495	55	54	39
4496	3	2	4
4497	63	62	36
4498	0	0	0
4499	24	37	29
4500	96	109	111
4501	9	4	2
4502	10	4	4
4503	13	13	8
4504	122	96	105
4505	38	41	24
4506	5	10	4
4507	5	8	5
4508	162	136	107
4509	18	21	12
4510	348	333	263
4511	5	4	4
4512	41	37	33
4513	20	9	12
4514	30	21	45
4515	0	0	1
4516	21	21	11
4517	37	49	25
4518	46	40	50
4519	304	302	245
4520	4	8	4
4521	0	0	0
4522	62	67	69
4523	29	44	28
4524	42	51	40
4525	22	30	27
4526	2	5	1
4527	105	133	89
4528	17	8	8
4529	0	0	0
4530	33	48	33
4531	3	2	3
4532	0	0	0
4533	0	0	0
4534	15	18	15
4535	0	0	0
4536	285	266	202
4537	5	4	1
4538	227	202	181
4539	2	6	8
4540	198	211	149
4541	21	23	15
4542	96	79	58
4543	1	4	2
4544	111	74	60
4545	45	53	46
4546	18	23	28
4547	36	41	58
4548	0	1	0
4549	0	0	0
4550	255	231	163
4551	27	19	16
4552	7	15	14
4553	1	0	0
4554	250	296	198
4555	17	17	19
4556	7	5	3
4557	1	2	0
4558	76	81	57
4559	13	10	10
4560	163	167	149
4561	31	10	16
4562	34	40	38
4563	495	431	326
4564	33	49	35
4565	905	846	676
4566	80	73	66
4567	31	25	20
4568	204	175	100
4569	79	71	62
4570	49	47	37
4571	336	279	234
4572	113	81	90
4573	0	1	1
4574	0	0	0
4575	0	2	0
4576	78	75	77
4577	4	4	3
4578	5	5	5
4579	578	621	426
4580	14	12	11
4581	0	0	0
4582	5	5	8
4583	3	4	3
4584	0	1	0
4585	6	6	2
4586	41	35	32
4587	28	17	15
4588	1109	1007	687
4589	30	34	22
4590	23	21	17
4591	13	27	16
4592	20	18	11
4593	7	10	10
4594	513	535	578
4595	28	25	37
4596	1	1	0
4597	125	144	150
4598	288	228	224
4599	10	17	14
4600	25	29	19
4601	124	129	122
4602	52	37	26
4603	109	104	51
4604	20	13	19
4605	27	24	18
4606	470	494	465
4607	3	4	4
4608	0	1	2
4609	2	1	1
4610	60	54	44
4611	277	309	244
4612	9	15	15
4613	42	43	34
4614	38	28	23
4615	120	92	115
4616	55	67	40
4617	71	71	68
4618	9	9	9
4619	17	25	21
4620	78	77	67
4621	14	9	6
4622	61	60	38
4623	0	0	0
4624	203	203	209
4625	29	31	31
4626	21	14	16
4627	392	371	331
4628	122	124	110
4629	175	138	101
4630	0	0	0
4631	753	779	546
4632	64	68	60
4633	141	123	125
4634	0	0	0
4635	78	79	69
4636	1	0	0
4637	111	93	86
4638	34	32	34
4639	18	17	11
4640	475	450	385
4641	29	23	28
4642	444	489	352
4643	245	259	176
4644	8	11	12
4645	5	1	1
4646	1434	1292	1113
4647	21	18	10
4648	333	332	216
4649	15	11	10
4650	55	67	37
4651	45	56	54
4652	0	0	0
4653	1	1	2
4654	14	10	8
4655	2	1	4
4656	31	42	18
4657	25	36	24
4658	52	32	52
4659	19	37	29
4660	0	0	0
4661	224	188	151
4662	6	6	3
4663	655	630	671
4664	75	73	48
4665	35	39	36
4666	29	22	30
4667	357	330	318
4668	85	74	54
4669	62	52	43
4670	5	5	9
4671	1	4	4
4672	16	20	10
4673	2	2	2
4674	119	110	117
4675	132	105	84
4676	351	402	331
4677	69	86	58
4678	82	23	34
4679	287	227	163
4680	22	16	20
4681	521	486	384
4682	84	102	56
4683	2	5	9
4684	3	11	3
4685	14	17	13
4686	48	38	23
4687	10	5	18
4688	26	22	15
4689	26	22	36
4690	54	69	31
4691	10	10	8
4692	0	0	0
4693	52	57	40
4694	22	28	15
4695	13	15	6
4696	9	12	6
4697	10	11	15
4698	9	3	5
4699	65	69	65
4700	194	206	123
4701	8	7	12
4702	0	0	0
4703	5	1	1
4704	35	39	39
4705	11	12	5
4706	157	154	93
4707	111	96	86
4708	84	76	56
4709	167	176	171
4710	127	108	101
4711	12	7	5
4712	19	12	7
4713	158	128	116
4714	17	16	16
4715	89	77	69
4716	2	5	2
4717	912	802	641
4718	185	164	146
4719	40	37	44
4720	0	0	0
4721	67	81	60
4722	0	1	0
4723	52	71	56
4724	0	0	0
4725	55	53	55
4726	1707	1686	1219
4727	10	6	8
4728	349	392	321
4729	34	33	33
4730	409	403	358
4731	7	3	2
4732	70	65	47
4733	36	32	46
4734	27	14	12
4735	408	401	407
4736	0	2	1
4737	40	25	16
4738	85	70	68
4739	11	7	7
4740	225	250	204
4741	32	41	23
4742	446	427	435
4743	737	719	729
4744	245	266	182
4745	300	280	233
4746	5	7	6
4747	1	2	1
4748	36	25	42
4749	319	339	223
4750	37	37	25
4751	56	56	85
4752	46	51	28
4753	7	9	14
4754	382	423	295
4755	132	91	88
4756	56	54	33
4757	59	51	57
4758	2	8	2
4759	34	36	36
4760	38	59	40
4761	44	44	32
4762	24	18	10
4763	83	69	80
4764	53	35	24
4765	46	51	40
4766	376	373	384
4767	138	100	73
4768	303	275	259
4769	256	267	292
4770	0	0	0
4771	1	3	2
4772	62	27	34
4773	454	453	446
4774	43	33	47
4775	0	0	2
4776	0	0	0
4777	529	493	328
4778	5	13	7
4779	0	0	0
4780	3	4	1
4781	39	33	27
4782	1	0	0
4783	116	109	66
4784	3	10	3
4785	138	135	142
4786	64	48	62
4787	17	18	15
4788	23	22	14
4789	259	280	208
4790	52	57	51
4791	10	21	21
4792	24	19	23
4793	2	3	5
4794	43	39	30
4795	133	170	123
4796	190	153	142
4797	24	26	30
4798	3	1	1
4799	33	24	18
4800	0	1	0
4801	1	1	2
4802	683	613	430
4803	492	564	381
4804	346	307	281
4805	89	76	71
4806	2	0	2
4807	486	397	369
4808	138	133	111
4809	274	265	266
4810	44	32	36
4811	11	20	18
4812	31	37	38
4813	39	24	15
4814	48	35	36
4815	0	0	0
4816	662	625	468
4817	0	0	0
4818	9	10	4
4819	539	538	379
4820	15	8	5
4821	36	23	32
4822	11	13	4
4823	77	64	43
4824	11	24	11
4825	224	229	242
4826	251	204	152
4827	81	74	72
4828	9	1	3
4829	35	34	14
4830	2	4	2
4831	8	11	8
4832	9	14	12
4833	65	61	84
4834	0	2	4
4835	67	68	48
4836	13	10	3
4837	27	23	26
4838	147	118	90
4839	1078	1083	1158
4840	101	93	84
4841	235	245	211
4842	48	63	50
4843	35	40	27
4844	136	157	112
4845	389	344	296
4846	20	16	21
4847	9	9	10
4848	12	6	16
4849	129	134	122
4850	3	1	3
4851	72	60	58
4852	41	43	28
4853	44	28	34
4854	46	18	22
4855	34	28	20
4856	57	45	48
4857	2	2	2
4858	0	0	0
4859	0	0	0
4860	33	32	33
4861	3288	3546	3403
4862	40	27	33
4863	47	33	26
4864	87	78	46
4865	0	0	0
4866	3	6	8
4867	2	4	3
4868	108	128	119
4869	228	233	173
4870	4	4	2
4871	0	0	0
4872	0	0	0
4873	11	16	11
4874	41	30	23
4875	48	53	54
4876	1	3	3
4877	168	189	118
4878	0	0	0
4879	3	2	3
4880	0	1	0
4881	0	0	0
4882	0	0	0
4883	0	0	0
4884	0	0	0
4885	1	1	0
4886	9	10	12
4887	14	12	3
4888	165	151	145
4889	903	965	831
4890	280	258	196
4891	301	351	255
4892	0	1	0
4893	2	5	3
4894	98	112	87
4895	15	21	13
4896	0	0	1
4897	0	0	0
4898	14	14	9
4899	150	125	142
4900	15	19	22
4901	41	33	29
4902	82	56	62
4903	5	0	4
4904	683	813	453
4905	0	0	0
4906	11	8	8
4907	85	97	70
4908	17	11	6
4909	118	137	94
4910	34	35	35
4911	6	11	11
4912	0	0	0
4913	13	11	5
4914	383	369	319
4915	1	0	3
4916	12	7	9
4917	27	20	22
4918	23	32	40
4919	85	86	52
4920	147	137	125
4921	87	70	92
4922	273	265	189
4923	197	213	159
4924	8	11	14
4925	0	0	0
4926	217	198	181
4927	15	18	11
4928	199	203	177
4929	225	208	137
4930	0	0	0
4931	220	199	225
4932	765	732	574
4933	0	0	0
4934	96	94	75
4935	87	66	44
4936	144	131	85
4937	12	9	13
4938	59	53	50
4939	123	104	87
4940	74	85	57
4941	18	15	15
4942	1199	1137	985
4943	3	4	2
4944	4	1	2
4945	3	3	4
4946	11	8	3
4947	42	53	33
4948	115	132	78
4949	109	103	67
4950	0	2	1
4951	0	0	0
4952	118	109	115
4953	2	8	4
4954	0	0	0
4955	0	0	1
4956	48	53	30
4957	15	20	14
4958	15	26	21
4959	4	16	3
4960	21	17	16
4961	58	57	50
4962	9	13	13
4963	69	57	52
4964	3056	3209	2914
4965	17	24	18
4966	2697	2699	2170
4967	1	2	2
4968	4	4	4
4969	0	0	0
4970	0	0	0
4971	79	71	44
4972	143	134	131
4973	1	4	2
4974	2	0	2
4975	28	33	34
4976	69	56	47
4977	46	20	15
4978	52	36	55
4979	124	147	98
4980	86	63	59
4981	12	19	26
4982	22	21	10
4983	5	5	11
4984	3	0	1
4985	0	0	1
4986	100	88	52
4987	28	47	27
4988	13	14	10
4989	8	7	4
4990	34	40	32
4991	210	172	116
4992	0	0	0
4993	0	0	0
4994	0	3	5
4995	5	5	4
4996	14	5	13
4997	160	152	141
4998	118	152	127
4999	569	489	365
5000	14	38	25
5001	26	45	29
5002	3	3	3
5003	512	528	510
5004	234	244	219
5005	1	3	2
5006	3	1	1
5007	210	195	236
5008	11	7	10
5009	51	50	50
5010	224	261	154
5011	3	4	1
5012	37	37	20
5013	3	0	2
5014	55	53	50
5015	218	235	181
5016	404	398	368
5017	2	4	0
5018	26	31	34
5019	68	88	49
5020	2276	2338	1618
5021	12	12	10
5022	26	36	41
5023	114	124	87
5024	1014	1029	880
5025	12	10	10
5026	90	78	111
5027	15	24	23
5028	153	179	155
5029	106	119	76
5030	3	8	7
5031	8	8	5
5032	20	26	12
5033	32	17	18
5034	208	197	137
5035	722	782	644
5036	56	45	39
5037	122	131	148
5038	52	45	56
5039	5	7	9
5040	0	0	0
5041	0	0	0
5042	10	19	7
5043	42	48	40
5044	10	5	4
5045	4	1	2
5046	366	427	278
5047	27	26	34
5048	61	68	45
5049	1	1	0
5050	11	6	1
5051	9	7	2
5052	197	160	184
5053	88	96	50
5054	50	46	52
5055	1188	1139	821
5056	86	75	56
5057	2	0	0
5058	190	214	210
5059	25	17	16
5060	12	18	15
5061	14	21	28
5062	1166	1272	1142
5063	22	20	20
5064	0	0	0
5065	14	5	8
5066	2	2	0
5067	44	53	65
5068	5	2	4
5069	246	295	307
5070	2	6	3
5071	40	63	39
5072	419	419	293
5073	318	298	179
5074	126	108	102
5075	7	8	17
5076	361	358	281
5077	149	137	111
5078	109	94	64
5079	12	8	10
5080	59	46	43
5081	18	9	2
5082	6	5	7
5083	7	8	5
5084	10	17	11
5085	51	53	44
5086	23	40	35
5087	8	8	5
5088	3	6	1
5089	213	227	166
5090	48	54	33
5091	37	48	57
5092	309	252	192
5093	4	4	8
5094	104	94	48
5095	117	101	74
5096	0	1	0
5097	56	78	49
5098	800	810	765
5099	108	90	63
5100	9	4	6
5101	76	93	66
5102	234	235	200
5103	28	41	30
5104	1	2	0
5105	152	140	110
5106	2077	2030	1545
5107	12	13	4
5108	6	6	2
5109	20	21	17
5110	343	381	286
5111	197	170	132
5112	30	30	28
5113	9	17	39
5114	36	22	19
5115	48	51	35
5116	650	641	619
5117	0	0	0
5118	19	32	18
5119	30	30	30
5120	163	141	109
5121	581	520	549
5122	32	25	28
5123	26	26	8
5124	2	1	1
5125	5	7	8
5126	15	12	11
5127	1602	1705	1513
5128	0	0	0
5129	5	1	1
5130	25	16	17
5131	348	341	243
5132	32	35	19
5133	8	4	2
5134	7	9	11
5135	0	0	0
5136	50	51	45
5137	12	9	10
5138	6	7	8
5139	79	76	91
5140	313	301	244
5141	5	7	2
5142	36	39	24
5143	14	14	10
5144	0	0	0
5145	39	45	36
5146	233	276	267
5147	5	3	1
5148	2	2	3
5149	12	10	4
5150	179	163	113
5151	133	115	131
5152	13	11	5
5153	1	1	0
5154	0	0	0
5155	397	338	247
5156	9	6	8
5157	178	158	111
5158	0	1	1
5159	73	76	53
5160	75	77	41
5161	109	79	101
5162	151	146	138
5163	71	40	68
5164	12	6	13
5165	186	184	171
5166	32	27	29
5167	20	20	14
5168	123	117	132
5169	16	14	10
5170	131	93	79
5171	204	244	193
5172	33	39	32
5173	248	300	240
5174	16	12	17
5175	3	3	3
5176	1	3	0
5177	150	142	118
5178	0	0	0
5179	88	67	64
5180	107	96	75
5181	0	0	0
5182	203	215	148
5183	162	194	171
5184	162	148	138
5185	646	620	561
5186	183	127	110
5187	124	158	113
5188	140	102	96
5189	7	8	8
5190	0	1	0
5191	24	35	13
5192	12	9	6
5193	76	64	43
5194	17	24	12
5195	29	36	26
5196	11	5	14
5197	141	96	87
5198	190	195	139
5199	7	3	8
5200	1	4	8
5201	824	925	789
5202	25	14	9
5203	331	340	258
5204	476	404	293
5205	0	0	0
5206	818	766	672
5207	0	0	0
5208	240	232	173
5209	7	11	13
5210	56	64	66
5211	53	36	20
5212	97	100	74
5213	104	109	102
5214	49	46	25
5215	172	173	156
5216	164	216	188
5217	0	0	0
5218	0	0	0
5219	13	32	16
5220	45	38	28
5221	20	8	16
5222	113	105	96
5223	298	334	274
5224	75	56	39
5225	212	184	158
5226	49	63	54
5227	23	26	13
5228	129	142	122
5229	134	116	125
5230	163	137	137
5231	158	149	125
5232	7	10	10
5233	7	8	10
5234	61	50	41
5235	1	2	1
5236	360	381	283
5237	0	0	0
5238	0	0	0
5239	0	0	0
5240	0	1	0
5241	1	0	0
5242	48	33	32
5243	36	34	25
5244	49	41	53
5245	7	11	4
5246	12	11	9
5247	24	38	27
5248	1	0	0
5249	115	108	81
5250	100	91	79
5251	491	507	371
5252	6	4	2
5253	1	1	1
5254	303	248	212
5255	21	27	22
5256	135	124	112
5257	6	1	6
5258	33	28	30
5259	134	163	108
5260	109	102	68
5261	152	125	113
5262	16	30	14
5263	0	0	0
5264	42	42	24
5265	8	10	8
5266	638	684	469
5267	0	0	0
5268	0	0	0
5269	11	20	15
5270	1	4	1
5271	17	29	22
5272	0	0	0
5273	0	0	0
5274	23	20	14
5275	0	0	0
5276	0	0	0
5277	4	5	4
5278	2	2	5
5279	37	41	37
5280	10	9	2
5281	72	70	42
5282	0	0	1
5283	152	141	120
5284	567	577	436
5285	18	21	16
5286	1	1	3
5287	49	51	30
5288	0	0	1
5289	101	86	73
5290	290	294	200
5291	62	81	78
5292	684	649	618
5293	67	61	67
5294	42	47	23
5295	215	214	157
5296	1	0	0
5297	25	15	17
5298	129	97	82
5299	0	1	2
5300	251	247	172
5301	33	20	21
5302	17	18	12
5303	142	106	71
5304	179	161	150
5305	251	269	189
5306	383	412	301
5307	54	38	41
5308	26	29	22
5309	183	165	131
5310	184	177	221
5311	40	45	35
5312	0	0	0
5313	117	81	87
5314	18	17	20
5315	1	0	0
5316	38	32	28
5317	5	4	0
5318	38	34	35
5319	57	52	51
5320	153	180	121
5321	1064	949	903
5322	31	45	37
5323	23	25	43
5324	84	71	49
5325	69	65	39
5326	100	84	42
5327	2649	2783	2478
5328	0	0	0
5329	24	27	25
5330	4	9	4
5331	117	160	95
5332	2167	2244	2069
5333	94	78	60
5334	17	11	13
5335	32	49	45
5336	67	76	61
5337	1281	1232	1186
5338	8	7	7
5339	40	46	26
5340	575	547	526
5341	54	50	35
5342	3	2	6
5343	13	21	17
5344	341	368	308
5345	39	36	25
5346	13	16	14
5347	2	2	2
5348	3	5	9
5349	328	325	259
5350	120	121	101
5351	262	295	279
5352	16	29	14
5353	55	52	32
5354	47	68	72
5355	12	13	11
5356	223	247	180
5357	69	92	79
5358	16	29	13
5359	6	1	2
5360	1	1	1
5361	14	13	18
5362	0	0	0
5363	0	0	0
5364	82	90	66
5365	25	26	16
5366	36	37	29
5367	44	37	27
5368	25	25	17
5369	262	286	217
5370	29	20	28
5371	17	22	24
5372	19	6	14
5373	53	56	46
5374	9	11	9
5375	246	271	183
5376	13	17	10
5377	4	3	2
5378	1	3	1
5379	334	294	197
5380	19	28	23
5381	0	0	0
5382	15	10	15
5383	139	111	95
5384	0	0	0
5385	40	44	37
5386	130	141	94
5387	2	4	7
5388	24	30	17
5389	14	14	9
5390	11	18	13
5391	48	55	26
5392	2	10	8
5393	106	97	85
5394	109	86	126
5395	10	9	20
5396	1	0	0
5397	29	23	24
5398	401	410	368
5399	21	10	10
5400	0	0	0
5401	626	632	643
5402	17	18	7
5403	195	215	191
5404	2	3	8
5405	139	136	127
5406	7	2	8
5407	18	11	18
5408	17	25	7
5409	77	77	68
5410	169	201	212
5411	0	0	2
5412	8	7	5
5413	16	28	10
5414	93	86	78
5415	20	14	21
5416	575	546	567
5417	7	11	3
5418	20	30	14
5419	51	28	29
5420	5	11	8
5421	1	0	0
5422	17	25	12
5423	98	90	54
5424	98	89	65
5425	20	12	11
5426	30	38	22
5427	52	43	46
5428	5	11	4
5429	31	27	15
5430	21	19	9
5431	11	4	9
5432	613	575	565
5433	243	219	170
5434	126	116	87
5435	12	30	7
5436	20	19	14
5437	10	25	12
5438	226	236	142
5439	6	6	6
5440	15	6	16
5441	737	665	529
5442	197	160	120
5443	2089	2105	2049
5444	800	797	621
5445	68	58	39
5446	580	577	558
5447	184	188	112
5448	4	8	4
5449	147	137	122
5450	472	428	452
5451	503	477	333
5452	33	43	25
5453	454	590	438
5454	0	0	0
5455	1	0	0
5456	47	46	58
5457	590	538	516
5458	0	0	0
5459	20	21	9
5460	4	5	1
5461	18	4	6
5462	9	5	4
5463	597	611	600
5464	8	11	11
5465	46	48	37
5466	1756	1700	1313
5467	11	11	5
5468	130	134	148
5469	3	5	5
5470	391	368	390
5471	51	59	25
5472	1	0	1
5473	5	7	5
5474	14	10	8
5475	1	0	0
5476	283	340	266
5477	28	35	21
5478	4	5	2
5479	1	0	0
5480	3	9	11
5481	10	18	13
5482	550	616	475
5483	4	8	10
5484	18	18	18
5485	3	2	1
5486	104	141	124
5487	75	109	100
5488	163	209	160
5489	71	101	79
5490	27	31	33
5491	30	40	32
5492	0	0	0
5493	0	0	0
5494	0	1	0
5495	0	0	0
5496	7	10	10
5497	58	61	70
5498	2	0	2
5499	41	33	37
5500	437	433	292
5501	1	1	2
5502	245	251	252
5503	616	617	454
5504	12	11	7
5505	21	16	21
5506	501	422	363
5507	32	25	34
5508	11	12	7
5509	791	701	677
5510	25	4	17
5511	18	17	9
5512	398	423	334
5513	4	3	1
5514	27	24	21
5515	23	25	11
5516	58	41	29
5517	1	1	2
5518	0	0	0
5519	34	39	29
5520	35	22	22
5521	133	106	108
5522	11	4	14
5523	18	14	9
5524	2	4	6
5525	1	0	0
5526	0	0	0
5527	0	0	0
5528	105	93	66
5529	10	12	5
5530	918	882	838
5531	538	575	445
5532	12	17	16
5533	0	0	0
5534	396	384	221
5535	176	138	106
5536	47	48	46
5537	5	11	9
5538	5	3	2
5539	19	11	8
5540	0	0	0
5541	525	452	312
5542	0	2	0
5543	9	12	12
5544	13	13	23
5545	173	137	114
5546	131	157	132
5547	113	136	119
5548	50	35	29
5549	4	0	2
5550	152	170	119
5551	19	16	16
5552	15	11	14
5553	0	0	0
5554	172	153	135
5555	8	15	8
5556	21	20	19
5557	2	1	2
5558	51	47	35
5559	8	8	2
5560	8	12	7
5561	29	28	20
5562	9	8	7
5563	23	25	16
5564	53	42	46
5565	3176	3112	2726
5566	32	38	37
5567	23	20	11
5568	149	154	132
5569	47	37	26
5570	5	6	2
5571	0	0	0
5572	13	16	8
5573	53	62	40
5574	63	57	38
5575	4	2	0
5576	128	108	72
5577	1313	1285	1031
5578	310	399	277
5579	24	42	27
5580	16	18	12
5581	18	14	9
5582	3	1	1
5583	56	50	45
5584	198	205	111
5585	36	33	28
5586	0	2	4
5587	19	12	8
5588	5	6	8
5589	295	301	268
5590	39	45	42
5591	14	6	10
5592	20	17	11
5593	12	10	8
5594	14	10	9
5595	14	21	16
5596	310	331	231
5597	27	21	18
5598	35	23	35
5599	71	71	57
5600	0	0	0
5601	49	54	43
5602	7	10	7
5603	76	57	57
5604	127	93	61
5605	299	240	196
5606	125	128	90
5607	68	59	47
5608	29	31	26
5609	0	0	0
5610	239	217	192
5611	43	50	38
5612	32	25	35
5613	51	38	37
5614	425	443	313
5615	24	19	19
5616	1	2	0
5617	200	197	174
5618	78	64	53
5619	930	837	496
5620	76	61	75
5621	20	29	19
5622	18	26	20
5623	21	17	17
5624	25	17	20
5625	6	4	18
5626	4	5	2
5627	7	9	3
5628	0	0	0
5629	37	24	24
5630	64	58	42
5631	0	0	0
5632	16	10	8
5633	57	65	50
5634	131	159	137
5635	10	4	12
5636	77	85	59
5637	25	24	11
5638	52	67	33
5639	23	40	20
5640	0	0	1
5641	60	80	49
5642	137	117	113
5643	276	258	218
5644	12	3	3
5645	4	7	8
5646	26	18	16
5647	25	22	20
5648	23	22	21
5649	3	2	2
5650	10	8	9
5651	8	6	13
5652	0	0	0
5653	199	179	123
5654	0	0	0
5655	7	8	12
5656	24	22	20
5657	11	6	1
5658	8	11	7
5659	0	0	0
5660	500	440	343
5661	8	10	23
5662	46	49	42
5663	47	54	29
5664	348	395	328
5665	4	5	9
5666	33	35	26
5667	115	94	116
5668	219	198	182
5669	13	13	11
5670	78	90	57
5671	7	6	5
5672	230	220	178
5673	211	205	181
5674	4	2	3
5675	14	9	9
5676	64	73	52
5677	4	2	2
5678	88	90	62
5679	0	0	0
5680	21	14	19
5681	415	425	326
5682	37	37	16
5683	24	20	25
5684	29	27	18
5685	7	7	10
5686	87	80	60
5687	74	93	80
5688	3	1	1
5689	0	0	1
5690	458	512	342
5691	127	138	130
5692	14	14	9
5693	81	66	73
5694	77	64	35
5695	2068	2119	1979
5696	37	39	19
5697	46	35	30
5698	78	53	45
5699	154	154	146
5700	44	41	50
5701	3	0	0
5702	20	25	24
5703	0	0	0
5704	0	0	0
5705	68	68	75
5706	2	2	2
5707	0	4	4
5708	406	318	305
5709	131	137	97
5710	53	49	32
5711	179	159	93
5712	30	46	33
5713	785	861	826
5714	57	72	49
5715	6	4	2
5716	0	0	0
5717	5	7	1
5718	188	160	142
5719	519	461	375
5720	2	0	2
5721	27	19	18
5722	435	428	419
5723	9	7	12
5724	26	29	28
5725	43	50	25
5726	118	89	83
5727	16	16	8
5728	18	11	6
5729	130	89	107
5730	217	203	186
5731	663	738	678
5732	644	549	401
5733	110	121	80
5734	101	89	68
5735	9	6	4
5736	6	2	2
5737	45	39	25
5738	1	0	0
5739	16	20	17
5740	62	65	45
5741	92	95	81
5742	0	0	0
5743	38	35	43
5744	14	9	9
5745	35	38	21
5746	58	45	34
5747	238	220	207
5748	36	30	12
5749	944	916	761
5750	30	38	38
5751	472	538	385
5752	31	41	28
5753	15	15	13
5754	1	0	1
5755	23	21	15
5756	2	1	2
5757	121	131	104
5758	76	96	62
5759	18	13	15
5760	0	0	0
5761	224	299	231
5762	22	14	22
5763	10	20	9
5764	49	86	40
5765	23	19	24
5766	0	0	0
5767	4	1	1
5768	2	0	0
5769	5	0	2
5770	1	2	1
5771	154	150	109
5772	206	182	184
5773	9	5	8
5774	182	187	106
5775	166	146	93
5776	63	63	42
5777	0	0	0
5778	62	86	57
5779	220	167	141
5780	43	47	48
5781	15	6	6
5782	12	10	14
5783	195	217	134
5784	4	8	7
5785	32	25	15
5786	37	53	39
5787	13	14	15
5788	0	0	0
5789	3119	3353	3002
5790	1077	1110	842
5791	3	5	9
5792	1351	1153	638
5793	33	32	36
5794	633	534	620
5795	59	62	52
5796	29	37	35
5797	64	57	37
5798	1	1	8
5799	54	54	53
5800	437	533	474
5801	303	332	252
5802	31	5	27
5803	0	0	0
5804	9	12	12
5805	73	68	34
5806	65	67	54
5807	0	0	0
5808	8	17	9
5809	3	5	4
5810	146	162	128
5811	241	216	183
5812	324	351	406
5813	68	52	96
5814	0	0	0
5815	28	35	22
5816	341	316	219
5817	190	186	140
5818	44	63	56
5819	76	78	62
5820	67	58	39
5821	301	316	316
5822	2	4	3
5823	38	25	32
5824	1330	1325	999
5825	103	88	80
5826	1	0	0
5827	22	16	14
5828	51	47	27
5829	11	18	3
5830	31	72	50
5831	321	300	260
5832	9	7	4
5833	63	66	27
5834	19	36	23
5835	179	204	171
5836	61	59	46
5837	26	29	24
5838	124	125	83
5839	61	70	59
5840	565	539	399
5841	1	1	1
5842	134	128	142
5843	13	8	4
5844	6	2	7
5845	130	117	92
5846	2	2	2
5847	0	0	0
5848	3	3	8
5849	0	1	1
5850	14	7	8
5851	26	31	24
5852	29	30	33
5853	0	0	0
5854	442	424	337
5855	39	34	37
5856	82	91	119
5857	1	1	2
5858	258	212	170
5859	160	159	114
5860	53	65	75
5861	57	51	22
5862	33	23	17
5863	0	5	3
5864	54	40	43
5865	84	88	87
5866	1	0	0
5867	0	0	0
5868	0	0	0
5869	239	262	173
5870	2	0	1
5871	1	1	1
5872	14	14	9
5873	97	113	80
5874	170	167	125
5875	1	6	1
5876	99	107	92
5877	1	1	7
5878	1	3	3
5879	2	2	5
5880	10	14	3
5881	6	0	3
5882	0	0	0
5883	113	108	114
5884	50	52	51
5885	34	33	28
5886	6	8	6
5887	12	17	10
5888	29	41	29
5889	212	225	161
5890	114	77	94
5891	14	9	24
5892	1	0	0
5893	0	0	0
5894	719	650	532
5895	52	35	39
5896	0	0	1
5897	49	43	15
5898	2	1	2
5899	36	36	18
5900	0	1	1
5901	1	2	3
5902	134	138	105
5903	67	75	47
5904	23	14	21
5905	56	69	61
5906	248	228	133
5907	32	43	48
5908	410	403	288
5909	2	4	5
5910	12	15	9
5911	3	3	1
5912	19	16	12
5913	24	37	30
5914	85	83	58
5915	72	93	57
5916	178	192	169
5917	510	489	413
5918	472	489	540
5919	11	11	14
5920	0	0	0
5921	47	49	41
5922	0	1	3
5923	56	59	52
5924	8	4	0
5925	1386	1291	964
5926	120	131	114
5927	21	27	14
5928	26	12	18
5929	139	149	100
5930	3	3	0
5931	108	109	86
5932	1551	1530	1411
5933	81	86	50
5934	15	11	9
5935	7	3	6
5936	0	0	0
5937	117	123	64
5938	138	109	85
5939	4	16	11
5940	46	48	39
5941	30	44	49
5942	21	18	15
5943	11	8	6
5944	0	0	2
5945	3757	3745	3367
5946	71	77	61
5947	30	34	25
5948	985	919	619
5949	176	146	87
5950	1	1	5
5951	41	42	29
5952	2	3	2
5953	21	17	12
5954	7	4	4
5955	94	80	75
5956	54	65	57
5957	1	0	0
5958	100	88	65
5959	4	2	2
5960	49	61	37
5961	372	366	320
5962	514	519	442
5963	16	8	11
5964	1	1	1
5965	8	0	3
5966	1	1	1
5967	0	0	0
5968	82	72	74
5969	452	444	337
5970	91	114	91
5971	11	16	6
5972	74	58	65
5973	11	5	4
5974	281	256	198
5975	103	87	69
5976	2	1	0
5977	0	0	0
5978	0	0	0
5979	179	198	138
5980	101	91	86
5981	61	90	51
5982	287	292	198
5983	0	0	0
5984	14	13	6
5985	86	100	98
5986	28	22	35
5987	27	24	20
5988	15	12	7
5989	54	38	38
5990	26	27	15
5991	258	265	303
5992	22	17	17
5993	60	45	77
5994	5	6	6
5995	43	33	30
5996	4	7	7
5997	5	9	11
5998	258	222	195
5999	157	145	128
6000	29	18	9
6001	11	29	11
6002	38	41	30
6003	40	35	19
6004	19	30	24
6005	68	82	63
6006	2	2	3
6007	3	2	2
6008	247	222	182
6009	53	67	48
6010	59	60	45
6011	649	701	607
6012	28	20	18
6013	107	100	101
6014	23	11	15
6015	12	13	16
6016	94	92	111
6017	27	18	19
6018	48	48	64
6019	13	8	13
6020	0	2	1
6021	21	15	18
6022	5	16	10
6023	92	90	76
6024	13	17	14
6025	29	42	22
6026	50	29	35
6027	9	15	15
6028	75	98	85
6029	357	335	332
