	-24	-23	-22	-21	-20	-19	-18	-17	-16	-15	-14	-13	-12	-11	-10	-9	-8	-7	-6	-5	-4	-3	-2	-1	0	1	2	3	4	5	6	7	8
THR-HIS-CYS (THC)	3	3	5	5	2	3	1	5	2	4	4	3	5	13	0	1	5	2	3	4	1	5	3	3	4	2	5	4	5	2	0	3	4
THR-ASN-ARG (TNR)	63	47	47	52	46	35	41	56	52	58	46	55	130	198	52	57	57	46	61	43	45	52	53	37	69	38	38	54	60	29	42	63	37
ARG-TRP-CYS (RWC)	14	7	8	4	7	7	7	7	12	12	6	8	12	24	5	9	7	8	11	8	5	6	5	11	10	4	3	6	2	6	3	7	3
MET-GLN-CYS (MQC)	3	2	4	6	2	4	3	4	1	8	2	1	4	11	2	2	2	2	3	5	4	3	5	2	10	2	1	3	4	6	3	4	3
MET-GLN-ASP (MQD)	9	14	13	9	33	6	10	4	4	10	7	9	17	35	9	12	4	7	7	10	22	16	9	10	13	8	8	7	19	13	15	14	17
GLN-TRP-PRO (QWP)	1	2	4	4	5	3	5	3	4	2	5	3	2	12	1	6	1	1	5	7	3	6	1	5	10	8	7	5	1	2	8	4	2
ARG-TYR-MET (RYM)	20	15	11	29	10	8	20	27	9	15	10	6	10	37	12	8	14	16	12	10	8	4	13	5	18	16	10	20	12	6	16	6	4
PRO-PRO-GLY (PPG)	75	91	54	95	78	78	88	71	78	109	112	65	250	238	81	98	75	68	92	68	52	81	53	85	75	75	66	64	101	62	46	57	57
GLN-TYR-TRP (QYW)	2	4	2	9	5	4	7	10	5	7	12	7	22	24	5	7	8	14	11	8	8	6	10	6	5	10	7	6	23	6	11	8	10
TRP-SER-TRP (WSW)	4	3	4	3	4	2	4	4	2	3	2	5	8	11	5	3	5	2	6	1	2	3	10	6	3	2	5	4	4	6	4	1	4
CYS-ALA-CYS (CAC)	8	11	6	10	12	7	12	10	8	10	7	4	7	25	10	8	9	5	21	13	9	6	12	10	6	11	5	15	8	11	8	4	5
GLN-ASN-CYS (QNC)	6	15	2	4	6	4	7	7	10	8	2	6	9	20	8	7	11	3	7	7	5	4	6	4	10	11	3	11	10	9	15	12	2
TRP-ASP-PRO (WDP)	17	12	7	6	10	6	5	11	7	11	5	4	19	29	9	12	9	9	21	19	8	13	13	9	11	4	3	31	7	11	13	11	4
ILE-PRO-GLY (IPG)	99	138	114	124	100	79	114	90	102	124	149	89	274	335	132	180	174	122	113	114	109	143	106	91	191	144	113	145	170	75	83	107	75
ARG-CYS-MET (RCM)	5	4	3	2	4	5	3	6	4	4	2	1	3	10	0	4	2	8	2	1	18	5	5	4	3	3	2	4	1	1	4	4	2
LEU-MET-HIS (LMH)	8	12	14	5	5	5	11	13	4	4	9	4	14	23	21	6	7	7	11	6	10	9	14	4	12	5	3	10	8	2	5	14	12
CYS-MET-GLY (CMG)	6	7	2	6	5	5	5	3	4	3	3	3	8	16	8	10	11	6	7	7	7	11	5	4	5	11	5	8	7	1	6	7	5
CYS-GLY-CYS (CGC)	4	3	1	6	5	26	3	5	4	5	1	2	1	12	4	3	5	3	6	6	4	5	3	3	3	8	3	4	7	4	3	1	4
CYS-ALA-GLU (CAE)	9	11	1	7	6	5	9	4	7	13	7	13	8	22	6	12	9	4	13	10	10	9	9	7	4	11	5	23	8	2	9	4	11
CYS-VAL-ILE (CVI)	13	13	11	14	7	7	15	12	15	13	13	14	12	39	29	16	19	18	17	11	19	16	19	20	20	21	12	22	19	5	16	14	11
THR-MET-CYS (TMC)	2	7	5	9	6	2	6	6	4	8	3	0	5	14	2	6	7	4	6	5	5	8	8	8	6	7	10	11	7	2	8	6	4
PHE-GLN-CYS (FQC)	9	25	9	12	12	8	16	15	8	13	8	13	17	29	15	9	2	11	7	14	9	8	15	18	13	19	18	10	19	6	5	12	7
TRP-VAL-HIS (WVH)	6	14	8	14	12	7	14	15	14	3	9	10	9	23	19	6	8	9	3	14	8	9	9	23	12	6	9	7	6	8	4	3	5
HIS-CYS-LEU (HCL)	5	5	5	1	4	1	5	3	4	6	2	4	1	9	3	4	5	2	2	3	3	3	2	5	3	7	7	4	2	5	5	3	5
TRP-CYS-SER (WCS)	4	6	7	10	9	3	7	3	4	6	6	9	3	13	4	11	6	2	7	4	6	11	6	6	1	3	10	2	5	4	5	4	2
SER-GLY-CYS (SGC)	13	12	7	15	14	11	12	15	9	16	16	6	19	27	15	12	10	7	11	8	6	11	16	6	10	19	13	15	11	10	10	6	6
ARG-GLY-TRP (RGW)	14	20	13	18	16	18	26	19	14	19	19	19	27	40	16	10	21	17	21	22	19	10	22	7	18	23	18	19	20	14	16	3	7
SER-MET-TRP (SMW)	8	5	7	7	6	4	13	11	2	9	7	9	4	16	6	10	9	4	7	5	7	9	4	5	5	7	8	10	10	6	7	4	3
ILE-TRP-MET (IWM)	0	10	4	2	4	4	4	9	4	4	3	2	3	9	3	3	1	2	8	2	7	2	2	6	6	4	6	5	2	2	2	3	4
THR-CYS-VAL (TCV)	20	10	14	16	13	17	14	17	3	20	12	17	15	35	8	19	17	9	19	28	22	11	15	16	20	15	14	14	11	11	20	12	12
HIS-TRP-PRO (HWP)	7	4	4	2	2	3	8	5	6	4	3	5	1	8	4	1	5	3	2	2	1	2	2	4	2	4	6	9	1	1	2	4	2
MET-HIS-GLN (MHQ)	13	7	6	9	20	8	6	9	5	10	7	6	10	20	14	9	6	6	6	10	11	5	9	8	11	5	3	7	13	7	9	11	12
PHE-HIS-CYS (FHC)	6	7	6	4	10	4	6	3	6	6	10	6	3	13	8	3	1	2	6	7	2	6	6	1	9	4	5	4	6	17	7	7	3
ILE-VAL-TRP (IVW)	11	16	17	9	10	10	7	13	13	12	19	13	17	31	14	11	14	14	20	13	22	16	13	7	16	11	15	15	13	19	16	9	8
ARG-LEU-LYS (RLK)	314	289	235	300	320	244	303	316	304	318	303	308	660	681	296	302	290	272	293	317	204	311	317	227	287	311	212	345	266	175	290	376	223
VAL-TRP-HIS (VWH)	5	2	2	3	4	3	4	5	2	5	4	2	2	7	4	3	2	2	2	3	3	5	6	2	4	1	7	3	0	0	1	6	1
PRO-PRO-ASP (PPD)	30	46	35	44	40	40	44	26	42	60	64	46	117	107	43	64	41	37	44	33	44	70	43	59	46	27	33	33	55	28	51	63	54
HIS-ARG-CYS (HRC)	4	1	12	5	4	4	9	3	2	4	1	3	5	9	0	5	8	2	3	4	3	8	2	5	4	4	2	3	3	5	2	6	1
VAL-GLU-TRP (VEW)	15	14	10	14	22	16	15	16	13	16	17	11	16	32	20	13	12	9	20	3	9	15	19	16	15	13	11	8	12	30	17	7	11
CYS-PRO-GLY (CPG)	12	23	14	19	18	10	11	20	16	24	9	14	36	41	18	30	21	10	16	13	16	18	14	15	9	20	21	32	51	22	12	8	14
VAL-SER-TRP (VSW)	23	16	18	15	9	21	28	17	18	13	18	9	17	38	14	20	24	14	15	20	10	21	17	16	21	9	19	17	28	13	25	11	9
TRP-MET-VAL (WMV)	4	4	3	3	9	5	6	3	2	3	3	3	4	8	2	1	4	5	4	9	4	2	3	3	2	2	3	4	5	0	4	3	3
TYR-MET-HIS (YMH)	8	3	2	2	5	2	5	4	2	3	5	5	3	7	4	2	1	1	5	3	6	3	0	0	4	2	3	5	2	4	1	4	2
PHE-ASN-CYS (FNC)	6	4	7	14	15	4	11	7	6	12	10	3	13	18	4	8	6	10	13	9	9	5	9	6	8	8	6	12	10	7	3	10	6
VAL-CYS-CYS (VCC)	2	6	2	7	4	8	6	7	4	7	1	2	3	10	1	3	6	5	6	4	6	9	5	6	3	4	3	6	2	3	8	3	3
CYS-PRO-PRO (CPP)	9	6	4	6	13	2	2	3	2	3	7	5	4	10	4	6	1	2	7	7	3	4	1	1	3	11	5	6	5	4	2	3	5
HIS-TRP-GLU (HWE)	6	7	1	5	0	3	4	5	8	4	9	4	5	9	5	5	2	1	8	1	2	4	6	6	3	4	6	5	0	3	3	5	2
TRP-LYS-THR (WKT)	17	11	12	22	18	15	21	14	18	17	17	18	13	34	15	23	20	9	11	23	7	15	12	14	13	7	18	23	21	7	13	21	16
CYS-VAL-ASN (CVN)	11	6	10	10	8	7	8	9	5	8	19	6	12	22	5	13	17	10	10	16	12	16	14	9	13	9	8	12	7	3	8	21	4
GLN-ASN-ARG (QNR)	84	114	64	60	103	47	83	63	57	125	80	59	99	176	69	80	88	83	102	96	73	97	65	77	70	100	50	67	103	92	97	94	68
