	-30	-29	-28	-27	-26	-25	-24	-23	-22	-21	-20	-19	-18	-17	-16	-15	-14	-13	-12	-11	-10	-9	-8	-7	-6	-5	-4	-3	-2	-1	0	1	2
CYS	449	622	446	501	635	374	525	685	416	520	661	423	519	583	402	447	624	394	439	571	453	458	643	431	456	650	384	533	677	534	388	394	334
TERM	135	183	119	139	208	104	136	194	116	140	172	154	597	818	230	87	106	99	79	91	96	86	80	75	59	83	86	67	76	79	63	75	93
ASP	3079	4141	2772	3109	4176	2847	3164	4169	2836	3073	4181	2826	3085	4130	2915	3474	4761	3281	3402	4605	3204	3476	4820	3091	3433	4768	2868	3243	4134	2235	2607	4264	4582
SER	3660	4978	3296	3854	4992	3313	3851	5023	3266	3612	5067	3217	3459	4611	3047	3423	4671	3073	3641	4749	3043	3823	4980	3212	3905	4944	3289	4096	5648	3857	4264	6205	2629
GLN	2006	2559	1745	1972	2641	1790	1878	2537	1673	1911	2586	1685	1749	2307	1678	1984	2506	1589	1712	2362	1661	1824	2442	1646	2039	2710	1975	2331	2642	1775	2359	2395	1722
LYS	4514	5930	3942	4565	5929	3846	4545	6041	3824	4603	6066	4013	5109	6724	4034	4986	6509	4202	5181	6902	4176	4731	6051	4145	4797	6293	3992	4369	5775	3528	4446	6313	3449
ILE	2788	3541	2300	2564	3501	2412	2765	3736	2266	2704	3605	2285	2595	3387	2365	2755	3620	2480	2798	3611	2286	2890	3784	2508	2663	3944	2701	2959	3942	3348	4201	4503	2409
PRO	1862	2467	1601	1995	2521	1582	1846	2349	1511	1836	2352	1609	2196	3047	1671	2096	2658	1558	1992	2474	1549	1638	2094	1457	1746	2284	1704	2345	2722	1887	2496	3129	1444
THR	2550	3437	2363	2523	3292	2213	2563	3369	2312	2580	3419	2211	2363	2964	2325	2417	3085	2012	2485	3197	2088	2489	3132	2147	2609	3263	2360	2760	3612	2643	3465	4765	1902
PHE	1717	2149	1516	1694	2130	1461	1598	2167	1464	1712	2162	1397	1361	1820	1369	1579	2133	1416	1575	1975	1485	1616	2064	1414	1541	2257	1521	1771	2573	2231	2294	3008	1479
ALA	2957	4057	2811	3043	4135	2777	2984	3997	2779	2934	3989	2732	2899	3676	2708	2987	3796	2747	2896	3791	2679	3137	4151	2869	3097	3913	2626	2866	3935	1916	2207	4097	2198
GLY	2881	3798	2498	2834	3761	2635	2780	3694	2517	2996	3952	2534	3077	4118	2707	3019	4204	2747	2989	4047	2706	3156	4373	2677	2868	3704	2234	2440	3384	1761	883	2027	2065
HIS	939	1153	850	948	1335	793	968	1273	783	948	1256	795	1078	1478	867	879	1146	663	766	1119	748	798	1129	720	926	1269	869	1070	1338	941	1427	1447	852
GLU	4322	5776	4029	4363	5941	4001	4547	6037	4223	4586	6115	4258	4860	6403	4292	4337	5809	4414	4909	6517	4581	4944	6384	4217	4749	5865	3906	4048	5451	3113	2326	4512	6570
LEU	3936	5295	3423	4154	5490	3473	3984	5212	3445	4034	5229	3549	3993	5101	3403	3958	5057	3289	3845	4999	3464	4051	5313	3579	4181	5557	3861	4440	6215	4615	5790	5580	2719
ARG	2781	3611	2296	2694	3484	2403	2923	3816	2468	3118	3917	2577	3623	4640	2727	3178	4230	2783	3681	4796	2737	2913	4008	2813	3017	4015	2538	2653	3527	2232	2249	1988	1863
TRP	497	612	397	472	625	420	539	637	421	499	714	441	678	1014	482	532	648	438	519	662	512	562	739	497	569	703	442	493	624	561	395	149	229
VAL	3097	4024	2733	2945	3835	2846	3126	4037	2898	3016	3855	2946	2734	3634	2639	2935	3949	2761	2939	3762	2589	3147	4054	2612	2749	3778	2520	2708	3601	2201	2167	3108	3688
ASN	2651	3624	2224	2710	3622	2207	2655	3481	2398	2670	3560	2181	2326	3175	2289	2915	3795	2139	2193	3180	2050	2462	3294	2191	2749	3556	2342	2938	3581	2423	3450	5382	2553
TYR	1420	1801	1200	1380	1827	1175	1327	1812	1207	1344	1647	1168	1319	1900	1099	1190	1637	1158	1253	1713	1225	1268	1602	1090	1270	1867	1255	1524	2139	1633	1956	2604	1416
MET	960	1198	714	948	1192	808	871	1219	814	912	1164	799	782	1011	760	855	1078	760	877	1084	799	843	1233	837	997	1157	869	911	1165	937	1263	986	422
