	-30	-29	-28	-27	-26	-25	-24	-23	-22	-21	-20	-19	-18	-17	-16	-15	-14	-13	-12	-11	-10	-9	-8	-7	-6	-5	-4	-3	-2	-1	0	1	2
LEU_CTT	410	505	367	397	534	326	385	505	343	409	514	350	407	496	290	356	475	285	350	442	256	363	480	325	376	503	357	429	562	438	674	670	314
THR_ACC	627	853	649	680	877	572	670	890	643	712	872	582	567	693	623	584	787	501	578	761	515	637	760	538	589	767	538	675	849	703	849	1025	591
LYS_AAG	2382	3171	2174	2449	3177	2146	2436	3310	2087	2524	3253	2306	2750	3516	2230	2767	3726	2447	2942	3939	2475	2714	3324	2482	2687	3497	2290	2385	2946	1933	2360	2794	1356
LYS_AAA	2132	2759	1768	2116	2752	1700	2109	2731	1737	2079	2813	1707	2359	3208	1804	2219	2783	1755	2239	2963	1701	2017	2727	1663	2110	2796	1702	1984	2829	1595	2086	3519	2093
ILE_ATC	893	1087	750	824	1081	797	848	1136	701	799	1156	834	793	1052	814	888	1167	859	865	1117	722	960	1238	889	836	1270	937	963	1174	1086	1201	1281	824
ASN_AAC	1237	1656	1098	1238	1661	1054	1233	1574	1147	1236	1682	1088	1116	1448	1087	1345	1749	1053	970	1465	923	1111	1493	998	1203	1683	1126	1357	1666	1186	1528	2404	1346
ILE_ATA	662	774	493	559	818	482	625	849	480	649	828	484	649	913	499	646	746	491	642	810	476	688	871	513	608	872	538	657	961	593	948	1007	557
ARG_AGG	474	670	382	471	590	403	513	686	387	583	679	423	665	826	479	523	630	402	696	809	405	492	703	422	502	675	360	398	557	329	299	154	212
PRO_CCT	522	693	419	565	686	437	515	630	414	522	668	421	545	750	459	593	811	403	581	728	415	445	555	398	481	580	441	663	751	535	695	1014	407
THR_ACT	907	1293	887	886	1164	858	880	1166	854	891	1195	757	750	986	882	807	1078	772	889	1197	792	864	1091	832	971	1260	969	990	1314	1007	1323	2022	695
SER_AGC	443	595	360	453	671	409	509	594	397	436	593	397	473	592	379	425	542	339	481	647	370	468	608	378	499	651	393	374	567	356	310	416	336
THR_ACA	683	870	569	642	843	557	671	866	539	651	938	589	681	828	553	653	766	461	666	806	529	617	856	503	691	842	597	790	1003	661	879	1278	502
ARG_AGA	1604	2089	1338	1497	1950	1403	1644	2155	1500	1723	2213	1460	1807	2222	1514	1783	2446	1697	2179	2891	1745	1750	2390	1733	1809	2413	1582	1626	2124	1352	1245	1422	1214
HIS_CAT	546	697	463	508	751	438	552	716	384	549	715	422	602	861	472	520	674	375	439	628	435	474	697	416	590	755	514	606	733	512	815	869	439
ASN_AAT	1414	1968	1126	1472	1961	1153	1422	1907	1251	1434	1878	1093	1210	1727	1202	1570	2046	1086	1223	1715	1127	1351	1801	1193	1546	1873	1216	1581	1915	1237	1922	2978	1207
ILE_ATT	1233	1680	1057	1181	1602	1133	1292	1751	1085	1256	1621	967	1153	1422	1052	1221	1707	1130	1291	1684	1088	1242	1675	1106	1219	1802	1226	1339	1807	1669	2052	2215	1028
LEU_CTG	367	492	302	387	583	320	428	542	306	395	536	343	533	713	337	449	486	281	387	508	330	405	469	383	460	532	414	409	497	322	624	433	165
LEU_CTA	522	753	408	521	736	434	505	706	392	501	692	414	497	617	410	488	658	429	497	676	434	507	668	384	513	744	463	568	753	620	828	769	443
LEU_CTC	174	213	135	170	219	137	177	238	134	189	212	119	178	224	139	171	235	142	158	206	120	159	199	127	151	187	133	158	240	209	276	241	148
HIS_CAC	393	456	387	440	584	355	416	557	399	399	541	373	476	617	395	359	472	288	327	491	313	324	432	304	336	514	355	464	605	429	612	578	413
THR_ACG	333	421	258	315	408	226	342	447	276	326	414	283	365	457	267	373	454	278	352	433	252	371	425	274	358	394	256	305	446	272	414	440	114
GLN_CAA	1430	1861	1309	1461	1949	1346	1359	1841	1252	1403	1906	1258	1263	1658	1227	1400	1800	1114	1211	1645	1161	1318	1723	1174	1457	1963	1433	1685	1910	1355	1711	1898	1383
SER_AGT	624	895	543	658	886	532	693	915	542	652	907	558	582	819	477	588	821	505	653	928	536	666	977	566	694	949	500	625	818	464	494	636	393
GLN_CAG	576	698	436	511	692	444	519	696	421	508	680	427	486	649	451	584	706	475	501	717	500	506	719	472	582	747	542	646	732	420	648	497	339
PRO_CCG	173	240	117	186	264	148	161	235	140	202	233	167	444	600	221	250	304	159	195	283	189	180	215	129	204	242	172	256	280	185	270	290	82
PRO_CCC	236	297	201	266	289	175	202	287	172	236	284	194	265	388	181	228	290	188	250	292	141	178	249	149	194	246	201	279	337	229	386	364	190
TERM_TAG	29	45	27	25	51	35	29	44	25	34	29	36	137	197	64	25	28	18	17	23	22	20	17	20	17	17	23	14	12	16	16	11	16
TYR_TAT	710	875	565	664	859	539	646	863	535	634	771	516	641	944	488	572	785	549	601	822	571	591	788	540	672	920	573	754	1016	734	1014	1197	566
GLY_GGT	1614	2049	1474	1556	2136	1566	1559	2068	1507	1718	2177	1508	1611	2230	1567	1671	2443	1635	1753	2249	1652	1770	2432	1606	1686	2135	1355	1401	1898	1033	548	1322	1171
CYS_TGT	320	456	326	360	427	275	381	482	298	390	464	312	388	417	275	336	435	281	305	381	329	298	436	314	323	452	274	354	464	362	294	269	208
ARG_CGA	127	119	75	105	141	81	106	148	71	112	154	86	303	483	152	254	355	104	146	191	107	129	160	101	113	177	113	109	178	93	117	56	67
PRO_CCA	931	1237	864	978	1282	822	968	1197	785	876	1167	827	942	1309	810	1025	1253	808	966	1171	804	835	1075	781	867	1216	890	1147	1354	938	1145	1461	765
ARG_CGC	106	110	74	116	156	83	116	176	88	115	145	99	166	189	107	98	119	99	91	159	74	112	126	82	94	144	103	105	139	107	97	76	87
ASP_GAT	1922	2582	1671	1971	2599	1731	1981	2645	1718	1904	2597	1736	1889	2639	1772	2243	3106	2030	2217	2882	2077	2228	3177	2050	2270	3024	1829	2091	2560	1325	1597	2725	2641
ARG_CGG	85	134	48	69	83	56	69	120	62	91	103	66	158	202	81	108	158	57	98	138	60	81	114	59	85	104	61	76	104	48	83	18	28
PHE_TTT	870	1107	748	868	1065	701	831	1077	745	905	1108	666	720	940	674	808	1053	680	775	983	760	852	1093	726	800	1165	747	921	1332	1155	1223	1620	636
CYS_TGC	129	166	120	141	208	99	144	203	118	130	197	111	131	166	127	111	189	113	134	190	124	160	207	117	133	198	110	179	213	172	94	125	126
GLY_GGG	300	394	240	307	363	268	289	389	212	292	381	247	342	444	286	300	385	219	297	417	213	281	403	233	280	335	186	194	346	175	76	77	158
TERM_TGA	38	37	32	39	54	23	45	51	19	59	53	40	194	289	68	23	24	25	25	21	20	21	22	23	10	25	18	17	15	19	14	4	14
GLY_GGA	518	746	457	531	650	414	490	626	410	543	708	413	627	766	452	609	783	475	531	760	477	623	853	440	503	662	360	454	622	250	133	312	367
TRP_TGG	497	612	397	472	625	420	539	637	421	499	714	441	678	1014	482	532	648	438	519	662	512	562	739	497	569	703	442	493	624	561	395	149	229
GLY_GGC	449	609	327	440	612	387	442	611	388	443	686	366	497	678	402	439	593	418	408	621	364	482	685	398	399	572	333	391	518	303	126	316	369
TYR_TAC	710	926	635	716	968	636	681	949	672	710	876	652	678	956	611	618	852	609	652	891	654	677	814	550	598	947	682	770	1123	899	942	1407	850
GLU_GAG	1138	1496	945	1154	1565	975	1187	1540	1072	1208	1578	1053	1363	1849	1016	1129	1616	1119	1395	1791	1130	1281	1705	1147	1290	1573	977	1095	1441	721	482	792	965
SER_TCG	344	439	267	332	446	272	344	451	245	307	459	279	415	520	268	366	472	284	347	460	286	407	450	275	379	436	270	376	441	291	357	488	151
LEU_TTA	1044	1444	866	1122	1391	875	1028	1371	932	1029	1367	916	933	1258	897	1052	1268	758	930	1349	913	1107	1364	821	1024	1542	1001	1148	1786	1227	1420	1825	945
ASP_GAC	1157	1559	1101	1138	1577	1116	1183	1524	1118	1169	1584	1090	1196	1491	1143	1231	1655	1251	1185	1723	1127	1248	1643	1041	1163	1744	1039	1152	1574	910	1010	1539	1941
ARG_CGT	385	489	379	436	564	377	475	531	360	494	623	443	524	718	394	412	522	424	471	608	346	349	515	416	414	502	319	339	425	303	408	262	255
GLU_GAA	3184	4280	3084	3209	4376	3026	3360	4497	3151	3378	4537	3205	3497	4554	3276	3208	4193	3295	3514	4726	3451	3663	4679	3070	3459	4292	2929	2953	4010	2392	1844	3720	5605
SER_TCA	640	876	550	697	909	510	679	872	560	680	914	535	584	804	531	657	842	509	676	849	512	697	893	503	743	869	575	831	1094	677	807	1345	516
ALA_GCA	718	927	612	712	915	559	674	958	568	693	938	593	725	856	560	715	894	593	730	881	633	787	993	696	768	953	626	750	966	363	460	971	531
VAL_GTA	560	742	440	506	672	448	570	722	430	529	627	493	459	610	412	543	748	451	576	724	417	535	765	381	456	713	353	502	666	321	336	531	543
ALA_GCC	633	983	658	708	910	654	676	914	644	636	882	666	609	787	623	583	825	567	585	793	569	677	951	568	572	800	566	570	909	444	444	844	565
VAL_GTC	797	1068	710	763	1027	813	832	1079	849	799	1036	861	742	995	753	834	1098	778	719	940	730	829	1027	716	705	995	691	712	1028	638	501	787	1382
ALA_GCG	276	377	232	266	380	248	281	388	278	321	405	269	401	539	260	331	359	227	293	393	251	335	405	236	323	363	188	239	330	145	164	269	101
VAL_GTG	535	616	402	507	665	425	517	659	451	449	662	446	508	678	443	471	676	397	503	620	426	570	683	408	492	615	364	443	510	276	298	322	241
PHE_TTC	847	1042	768	826	1065	760	767	1090	719	807	1054	731	641	880	695	771	1080	736	800	992	725	764	971	688	741	1092	774	850	1241	1076	1071	1388	843
VAL_GTT	1205	1598	1181	1169	1471	1160	1207	1577	1168	1239	1530	1146	1025	1351	1031	1087	1427	1135	1141	1478	1016	1213	1579	1107	1096	1455	1112	1051	1397	966	1032	1468	1522
ALA_GCT	1330	1770	1309	1357	1930	1316	1353	1737	1289	1284	1764	1204	1164	1494	1265	1358	1718	1360	1288	1724	1226	1338	1802	1369	1434	1797	1246	1307	1730	964	1139	2013	1001
LEU_TTG	1419	1888	1345	1557	2027	1381	1461	1850	1338	1511	1908	1407	1445	1793	1330	1442	1935	1394	1523	1818	1411	1510	2133	1539	1657	2049	1493	1728	2377	1799	1968	1642	704
SER_TCC	646	815	675	639	802	630	661	800	537	589	870	539	520	736	516	503	745	576	553	692	509	584	728	510	563	737	575	681	1056	853	847	1160	526
TERM_TAA	68	101	60	75	103	46	62	99	72	47	90	78	266	332	98	39	54	56	37	47	54	45	41	32	32	41	45	36	49	44	33	60	63
MET_ATG	960	1198	714	948	1192	808	871	1219	814	912	1164	799	782	1011	760	855	1078	760	877	1084	799	843	1233	837	997	1157	869	911	1165	937	1263	986	422
SER_TCT	963	1358	901	1075	1278	960	965	1391	985	948	1324	909	885	1140	876	884	1249	860	931	1173	830	1001	1324	980	1027	1302	976	1209	1672	1216	1449	2160	707
