	-27	-26	-25	-24	-23	-22	-21	-20	-19	-18	-17	-16	-15	-14	-13	-12	-11	-10	-9	-8	-7	-6	-5	-4	-3	-2	-1	0	1	2	3	4	5
ASP-SER_GATTCT	3	5	0	2	0	1	0	4	3	5	2	1	22	39	8	11	9	2	2	4	1	4	9	4	4	6	3	1	3	4	3	1	0
PRO-LEU_CCCTTG	2	4	1	1	3	1	2	3	1	2	0	0	16	24	4	5	7	3	2	5	3	4	1	0	0	6	2	1	0	0	3	1	2
LEU-TRP_CTCTGG	5	5	6	1	3	2	2	5	0	6	5	3	6	22	2	2	4	1	4	7	4	5	3	6	4	3	2	1	0	0	1	1	1
LEU-GLY_TTAGGT	2	2	2	3	2	0	2	6	3	9	5	2	2	20	1	1	3	1	3	7	2	3	4	5	5	7	2	2	1	2	1	1	0
LYS-GLY_AAGGGG	3	2	0	6	1	1	1	4	3	2	9	3	14	26	4	8	9	7	4	9	2	2	7	6	5	3	1	4	4	2	2	0	0
SER-ILE_AGTATT	1	3	3	0	3	0	3	4	2	6	8	1	14	17	3	1	5	2	1	3	2	2	2	4	4	3	2	3	0	3	3	3	1
TYR-ASP_TATGAC	5	3	4	5	6	4	9	9	2	4	4	3	8	24	3	1	2	5	4	6	2	8	8	5	1	3	3	4	3	6	3	1	1
GLY-LEU_GGGTTG	3	1	3	7	2	5	2	2	1	2	2	2	14	18	9	4	3	4	1	7	0	4	5	1	1	2	0	1	2	0	7	4	2
SER-THR_AGCACC	3	3	6	5	4	2	2	3	1	3	7	1	11	23	7	7	6	4	7	10	6	5	3	3	7	3	0	4	8	6	0	5	1
SER-ALA_TCTGCC	0	5	1	2	2	3	2	3	2	4	7	2	10	15	3	6	9	3	2	3	2	2	2	3	2	4	3	2	0	1	5	0	1
LYS-GLY_AAAGGC	0	2	2	1	4	4	5	2	3	3	0	3	5	13	3	2	8	3	4	4	2	2	5	3	5	2	1	1	5	2	2	7	0
ARG-GLN_CGGCAA	8	7	9	8	12	7	2	9	4	8	11	4	29	40	17	18	19	7	14	8	2	8	8	6	7	9	5	5	15	7	12	6	4
ILE-ARG_ATAAGG	5	4	1	4	4	2	3	5	2	0	1	1	6	14	4	8	5	8	2	2	2	1	3	2	3	4	5	4	4	5	1	3	1
ILE-ILE_ATTATC	6	7	6	7	14	3	17	2	4	4	2	5	10	28	4	6	9	8	8	8	8	3	8	19	7	8	6	5	13	2	4	7	6
LYS-SER_AAGTCA	3	3	0	2	3	1	3	6	3	3	5	2	5	12	3	6	4	2	3	4	2	2	2	1	4	2	4	7	2	1	3	6	1
TERM-SER_TGATCC	4	3	0	0	2	2	1	4	1	3	2	3	8	11	0	4	4	5	3	6	0	5	5	4	2	4	2	2	3	1	6	1	0
LEU-LEU_TTGTTG	4	4	0	2	8	5	1	2	7	5	4	1	6	14	3	4	7	2	3	4	10	1	3	3	2	6	3	10	2	1	3	1	1
LEU-VAL_TTGGTC	3	5	0	5	5	5	5	0	3	10	6	4	2	15	2	3	9	18	3	5	2	2	5	1	4	5	3	4	3	1	3	6	1
LYS-LEU_AAGCTT	3	3	3	4	4	2	5	5	4	1	7	6	4	12	1	2	6	2	4	7	3	7	5	2	6	1	1	3	1	3	1	2	2
ARG-TYR_AGGTAC	8	3	5	8	7	2	3	11	6	7	10	7	8	27	6	12	6	8	5	3	4	11	2	6	5	11	5	15	20	10	18	11	10
GLY-LEU_GGCTTA	3	6	2	2	8	2	5	1	4	0	4	2	10	12	3	6	7	0	5	6	5	4	5	3	1	3	1	3	2	0	5	5	0
MET-VAL_ATGGTC	2	1	2	2	7	2	2	6	1	6	4	4	7	12	2	2	4	0	1	8	2	2	1	1	2	4	5	7	5	3	6	12	1
ARG-ILE_AGAATT	3	0	2	4	4	3	4	3	1	4	8	1	6	10	4	0	3	4	1	4	3	6	5	0	6	3	5	3	1	1	2	0	2
ARG-HIS_CGCCAC	1	5	0	2	5	3	4	4	2	4	4	5	4	11	3	3	5	6	3	6	3	0	5	2	3	3	8	4	3	2	3	0	1
GLY-ILE_GGGATC	3	13	14	11	15	8	12	7	10	13	25	9	16	43	10	22	33	19	11	9	18	10	8	18	13	18	8	10	18	16	3	8	9
HIS-GLY_CACGGT	2	4	3	1	3	2	1	7	2	4	8	3	7	10	4	0	4	6	5	4	4	2	3	3	2	3	3	2	2	1	2	0	0
ALA-ARG_GCCCGC	2	4	3	2	9	5	1	7	4	9	8	6	5	13	7	3	7	3	0	2	1	4	5	1	1	5	3	5	5	1	4	5	1
GLY-THR_GGGACG	7	11	9	13	11	6	6	10	7	3	14	5	5	25	9	8	13	6	4	8	5	3	4	3	7	8	8	7	16	5	11	7	8
TYR-ARG_TATCGT	4	5	2	4	3	0	4	3	2	4	0	2	10	10	1	8	4	1	3	3	9	4	1	0	4	4	5	2	4	1	2	0	0
ARG-ARG_CGTCGG	3	8	4	3	8	2	3	3	9	4	4	2	3	10	4	3	3	1	1	2	2	3	6	1	3	2	3	3	1	1	1	2	1
TYR-LEU_TATCTA	3	3	4	7	6	2	7	7	4	3	9	6	7	15	3	8	5	3	5	5	4	7	4	5	3	7	2	0	3	4	7	4	3
MET-GLU_ATGGAA	10	8	4	11	6	8	10	8	5	7	9	6	8	27	3	6	11	6	9	13	5	9	9	8	13	8	8	12	15	13	14	3	7
TERM-THR_TAGACC	2	1	2	5	7	1	3	5	0	3	4	4	4	10	1	3	2	3	0	3	0	3	7	0	4	6	11	2	2	4	6	3	0
THR-PRO_ACACCG	5	8	6	3	8	4	6	11	6	7	14	10	13	23	5	7	11	6	8	10	8	9	7	6	4	7	9	2	6	6	7	10	5
ALA-THR_GCGACC	0	5	1	2	2	2	2	10	3	9	11	6	7	10	2	1	3	0	1	3	5	6	6	0	1	2	0	4	0	2	2	4	1
SER-VAL_AGTGTC	3	7	4	6	6	2	2	6	3	7	5	6	4	11	2	2	2	3	4	5	1	4	4	2	5	2	4	0	0	1	5	5	2
GLU-TYR_GAGTAT	6	6	4	7	8	4	1	3	2	4	4	5	5	10	3	0	4	2	3	3	2	2	4	0	1	3	3	0	1	4	3	5	2
TERM-GLY_TAGGGT	7	3	3	7	9	2	5	7	3	2	6	2	11	16	5	3	5	3	5	8	3	11	11	5	6	8	3	7	2	7	4	2	5
SER-GLY_TCGGGT	4	5	4	3	9	6	5	8	4	5	7	0	6	15	3	4	4	3	2	4	3	9	5	7	11	3	3	4	9	1	8	7	4
SER-GLY_AGCGGG	6	8	2	5	4	6	7	11	8	5	7	3	6	19	6	10	10	5	17	12	7	8	10	3	7	9	4	4	7	1	3	3	0
LEU-PRO_TTGCCT	13	15	4	7	23	9	18	16	9	19	17	12	12	38	10	7	20	8	11	23	20	5	25	10	9	21	5	3	15	8	12	14	8
ALA-THR_GCTACC	4	3	4	4	5	3	5	4	4	3	9	3	3	11	2	4	2	4	2	6	5	3	2	2	5	7	4	2	0	3	3	5	4
HIS-TYR_CACTAC	7	5	2	6	5	4	8	7	2	7	10	5	5	12	4	4	5	3	4	3	1	5	7	3	5	1	0	3	0	1	2	1	5
THR-SER_ACCAGC	15	7	7	4	20	3	11	6	12	5	13	8	16	32	12	8	14	8	10	12	3	2	13	7	9	16	8	15	16	13	26	11	17
TERM-SER_TAAAGT	3	5	1	5	3	3	6	3	2	5	14	6	5	13	6	5	4	2	4	1	2	4	9	3	4	0	3	0	3	2	9	12	7
SER-GLY_TCAGGG	6	4	5	6	2	1	5	13	3	1	4	3	6	15	3	4	4	5	5	8	3	8	6	2	9	6	4	9	6	2	1	14	5
MET-ALA_ATGGCA	3	2	3	2	8	2	2	2	3	5	3	3	3	11	6	9	5	4	3	9	5	1	6	2	3	10	3	0	4	5	3	0	1
PRO-PRO_CCCCCT	9	5	4	2	7	3	8	8	2	4	1	6	4	11	2	1	1	3	3	4	1	5	2	2	2	4	3	1	2	1	13	5	4
GLU-ASN_GAAAAC	11	12	5	8	5	1	7	6	4	4	6	3	16	18	9	6	8	8	5	8	10	10	8	5	4	9	4	2	2	8	3	1	2
THR-LEU_ACTCTA	2	4	4	3	8	1	8	3	1	2	3	7	5	14	6	6	6	3	7	5	3	2	4	5	4	8	14	4	11	2	9	3	3
