	-27	-26	-25	-24	-23	-22	-21	-20	-19	-18	-17	-16	-15	-14	-13	-12	-11	-10	-9	-8	-7	-6	-5	-4	-3	-2	-1	0	1	2	3	4	5
CYS-TRP (CW)	5	10	5	2	11	4	10	8	6	7	7	9	11	21	6	5	12	10	7	16	9	2	12	4	10	6	10	5	5	11	6	1	3
TRP-CYS (WC)	5	13	4	8	8	6	15	8	10	11	17	13	5	19	5	4	17	5	8	13	4	12	4	12	4	6	8	6	2	5	5	5	2
TYR-TRP (YW)	20	22	9	15	13	14	14	13	12	18	20	8	18	37	9	14	28	7	12	20	10	19	18	11	17	14	12	24	29	19	20	4	13
GLY-TRP (GW)	34	55	22	24	32	34	28	30	34	31	33	20	53	70	43	38	35	36	37	44	41	38	37	23	32	37	17	10	6	25	17	5	10
MET-TRP (MW)	5	6	9	6	4	8	5	6	4	8	13	6	9	18	7	9	5	9	8	13	6	11	8	6	5	29	11	13	2	7	4	4	3
VAL-TRP (VW)	25	38	27	30	39	29	34	40	27	29	40	25	47	70	30	30	38	27	43	44	44	26	48	18	33	41	22	21	37	34	24	7	9
ASP-TRP (DW)	36	42	28	42	51	26	51	52	33	32	59	39	61	99	55	51	59	49	46	63	63	53	68	49	50	46	26	27	43	56	23	15	33
PRO-HIS (PH)	42	45	38	39	50	22	37	67	27	40	71	36	49	91	32	31	43	30	23	34	23	29	41	28	48	49	43	58	83	27	63	45	49
TRP-ARG (WR)	19	22	11	30	39	14	19	42	16	31	56	21	40	58	22	42	40	27	34	64	22	35	46	10	27	39	41	18	10	4	19	12	15
PRO-GLY (PG)	83	130	83	93	93	65	92	116	84	99	160	91	147	211	111	132	154	91	84	109	78	113	136	96	121	136	64	117	136	64	48	76	81
SER-TRP (SW)	42	32	38	29	42	40	32	39	30	28	46	28	36	71	29	36	38	27	37	47	32	40	46	42	30	39	45	34	42	50	23	11	10
ASN-TRP (NW)	23	40	17	28	45	19	39	34	31	13	29	31	34	60	24	17	33	21	37	32	26	34	54	22	32	40	14	33	61	31	29	12	16
THR-TRP (TW)	24	20	22	21	27	22	18	40	21	26	31	16	39	50	18	26	36	17	26	18	17	31	29	27	32	38	22	29	57	22	24	5	13
GLY-PRO (GP)	90	114	82	95	139	68	94	101	70	74	117	88	117	190	85	130	167	83	85	131	87	99	122	60	74	120	72	54	100	87	88	132	70
GLU-TRP (EW)	41	48	38	38	49	29	36	51	27	27	56	35	42	72	40	47	50	35	35	41	32	41	57	23	34	44	15	19	32	62	28	12	21
PHE-TRP (FW)	15	28	7	15	17	11	28	31	13	18	25	13	12	37	14	12	24	8	20	16	18	18	38	20	30	30	29	24	25	24	12	8	8
GLY-GLY (GG)	197	278	182	186	270	175	177	301	181	221	325	190	286	382	215	227	318	197	198	341	197	210	282	175	178	231	117	47	148	134	58	115	131
ILE-TRP (IW)	33	33	36	38	52	17	35	42	20	35	51	25	58	72	41	43	45	25	43	50	22	34	52	47	57	62	47	52	43	37	32	10	7
ASP-PRO (DP)	102	151	109	111	148	109	128	143	88	114	136	110	188	245	106	140	162	99	149	206	121	122	158	99	134	162	73	123	145	186	154	181	72
ASN-ARG (NR)	133	156	84	102	140	98	128	183	95	116	157	102	224	246	113	89	147	126	144	181	164	135	157	109	131	182	127	136	230	104	101	83	100
TRP-LYS (WK)	46	59	31	65	63	32	53	75	40	66	103	51	75	100	45	58	73	57	91	70	55	66	70	47	60	60	50	38	15	18	46	44	22
TRP-MET (WM)	7	10	6	6	10	7	8	13	8	13	17	14	8	18	13	9	11	6	9	15	12	15	14	8	8	9	13	6	3	18	8	9	4
ASN-PRO (NP)	98	145	79	101	119	83	110	124	88	65	103	92	122	201	105	105	132	101	103	127	84	92	134	79	94	116	72	142	212	124	142	186	79
PRO-TRP (PW)	22	41	17	24	36	30	27	23	23	27	54	35	39	50	17	28	27	12	21	27	20	29	34	35	37	51	21	32	29	25	26	7	13
LEU-TRP (LW)	32	41	23	33	47	30	37	41	35	41	46	31	58	66	32	37	37	30	31	50	33	39	53	38	30	59	42	53	61	37	33	9	11
ASN-GLU (NE)	249	321	189	231	290	222	255	293	192	215	277	219	319	467	217	206	278	212	254	329	214	275	356	233	274	320	252	317	463	193	133	257	580
GLY-GLN (GQ)	91	134	101	80	135	104	76	122	70	103	154	102	90	167	94	104	128	90	114	149	86	81	119	67	74	134	64	31	68	63	105	90	67
ASP-GLY (DG)	175	210	124	171	192	169	153	211	136	163	225	170	221	308	186	180	268	195	218	271	166	196	312	135	160	196	102	90	225	184	45	122	153
ALA-TRP (AW)	25	34	10	32	24	21	24	29	22	22	19	24	29	39	24	15	38	23	19	31	21	30	31	22	27	28	20	13	19	27	13	5	10
ARG-GLU (RE)	193	261	189	250	283	192	247	283	192	289	314	193	226	376	194	249	324	185	210	327	190	241	284	194	202	232	162	190	106	98	150	177	237
ASN-HIS (NH)	35	60	52	47	56	43	42	43	36	46	61	43	33	81	48	43	46	26	35	48	30	49	42	39	47	70	35	65	70	39	79	82	45
MET-ARG (MR)	63	67	57	52	70	49	57	48	38	55	60	38	84	94	46	46	73	51	65	77	51	46	68	59	53	76	68	65	59	25	35	58	26
LYS-LYS (KK)	556	727	480	573	774	450	589	760	514	687	880	503	782	1101	509	744	1074	559	719	974	580	637	841	513	592	742	460	558	759	375	554	1107	365
ARG-TRP (RW)	33	34	28	24	33	19	35	44	19	37	72	36	45	52	26	37	54	34	28	33	40	30	46	26	28	32	18	11	19	27	23	10	14
GLN-TYR (QY)	41	67	50	36	74	36	58	81	61	42	56	47	47	97	44	35	50	39	51	62	53	52	63	58	55	74	56	60	72	67	90	109	72
CYS-CYS (CC)	7	10	24	16	10	4	8	17	9	10	9	6	9	16	6	9	9	6	5	8	14	6	3	7	12	14	5	2	6	18	22	6	11
GLY-ARG (GR)	157	213	133	137	181	115	174	250	143	185	238	196	194	275	184	179	258	182	252	291	171	145	197	137	168	205	94	28	78	117	105	104	106
LYS-GLU (KE)	425	587	388	445	603	337	427	612	400	514	699	379	624	781	470	467	576	470	478	608	458	522	610	391	423	540	311	422	540	174	217	452	536
VAL-ARG (VR)	163	212	120	155	218	162	182	219	177	163	172	160	211	289	170	170	214	184	215	308	150	183	230	186	156	222	112	93	188	165	118	132	108
ALA-HIS (AH)	55	70	52	50	66	36	66	65	54	38	56	39	50	86	45	49	67	30	44	69	35	39	57	30	49	71	28	40	74	42	68	91	47
TRP-TRP (WW)	4	5	3	8	10	3	8	6	6	15	19	8	4	12	10	6	12	4	4	12	4	9	11	14	12	9	14	4	2	2	4	0	2
LYS-TRP (KW)	51	55	27	37	63	31	45	58	37	51	59	31	53	70	39	60	49	37	39	64	45	46	46	39	38	50	31	36	62	36	25	13	14
ASP-ARG (DR)	106	161	121	131	162	108	121	203	103	132	158	105	168	231	136	155	216	144	161	239	162	130	211	136	126	170	76	71	150	191	83	91	93
ARG-ARG (RR)	237	275	173	258	316	187	268	345	213	324	367	233	356	426	260	318	452	244	321	418	241	251	351	213	242	297	163	189	136	144	289	117	182
GLN-TRP (QW)	19	20	23	17	18	20	21	32	16	20	15	10	22	32	12	14	16	16	17	26	22	19	32	20	23	27	13	36	32	19	18	9	8
ARG-HIS (RH)	50	79	77	57	63	49	53	94	44	78	111	49	70	103	53	68	78	44	38	66	69	46	76	38	58	56	61	57	44	50	119	78	63
LEU-HIS (LH)	70	109	55	96	130	91	72	101	73	91	112	68	100	155	77	71	91	61	80	116	68	79	113	71	116	142	77	145	137	75	155	130	100
LEU-ARG (LR)	292	338	233	230	303	220	255	301	211	277	338	226	318	442	219	301	348	218	305	385	264	275	352	249	275	412	288	334	326	141	203	248	138
LYS-GLY (KG)	248	310	160	211	315	191	236	263	224	255	311	205	257	344	185	224	288	171	206	294	186	257	307	198	170	224	146	164	219	92	55	164	132
LYS-ARG (KR)	325	421	278	297	416	297	335	471	283	456	579	329	490	593	353	431	574	324	457	597	305	324	496	321	353	403	287	348	450	195	226	274	199
