529.0	1.2325807024722162
264.5	0.33024061136068683
176.333333333	0.3418883092749195
132.25	0.2085342003807935
105.8	0.16861021606554455
88.1666666667	0.1321188664728817
75.5714285714	0.1047847110845412
66.125	0.13903964430648225
58.7777777778	0.11821573965124303
52.9	0.09848954212693166
48.0909090909	0.11469882689988857
44.0833333333	0.17758058844976715
40.6923076923	0.17899662680705247
37.7857142857	0.1996259642962468
35.2666666667	0.23397347305770166
33.0625	0.2271379402164167
31.1176470588	0.2537590935818357
29.3888888889	0.2277226498547514
27.8421052632	0.20959734032448768
26.45	0.27800305892213
25.1904761905	0.2528025258531163
24.0454545455	0.1916508676553967
23.0	0.18400500867319552
22.0416666667	0.19350385178935706
21.16	0.20356451477905219
20.3461538462	0.15299297701215164
19.5925925926	0.21064789040733
18.8928571429	0.2338583211886162
18.2413793103	0.11885379810706934
17.6333333333	0.12014971840574203
17.064516129	0.22332688963183459
16.53125	0.1953583534700847
16.0303030303	0.1536521641263899
15.5588235294	0.2043014054997194
15.1142857143	0.23295706218570975
14.6944444444	0.050845484633377486
14.2972972973	0.2488041195432914
13.9210526316	0.16325850787999263
13.5641025641	0.13945788612726118
13.225	0.07876063428498002
12.9024390244	0.17217269098394425
12.5952380952	0.1876129825608377
12.3023255814	0.2476706901896756
12.0227272727	0.1820952696855758
11.7555555556	0.1786955044864224
11.5	0.22410914688443925
11.2553191489	0.2099122216828204
11.0208333333	0.3077626208097444
10.7959183673	0.12209230891127112
10.58	0.21451510654834535
10.3725490196	0.2554195220859454
10.1730769231	0.13393274570945374
9.98113207547	0.1317481394301857
9.7962962963	0.16628784401213026
9.61818181818	0.14053963210723022
9.44642857143	0.18505116921804574
9.28070175439	0.18861889467970566
9.12068965517	0.15668230112284384
8.96610169492	0.16798572996641625
8.81666666667	0.10358157534407879
8.67213114754	0.21701417692737776
8.53225806452	0.12980241309042978
8.39682539683	0.12161334169092212
8.265625	0.2052237068242469
8.13846153846	0.14928252419784077
8.01515151515	0.139672964041067
7.89552238806	0.12609844838303677
7.77941176471	0.2004785737214191
7.66666666667	0.24021985442452226
7.55714285714	0.15473396009920506
7.45070422535	0.16186363386599278
7.34722222222	0.17005764851149777
7.24657534247	0.14997863216404675
7.14864864865	0.14535841902332336
7.05333333333	0.2503137342827253
6.96052631579	0.17618421154378067
6.87012987013	0.15738057997843324
6.78205128205	0.16115382797532526
6.69620253165	0.09809423989728179
6.6125	0.11746206843164467
6.53086419753	0.1353655368703519
6.4512195122	0.13117579251598646
6.3734939759	0.12403630928144738
6.29761904762	0.2164879865634377
6.22352941176	0.11030204244723858
6.1511627907	0.14925273918335175
6.08045977011	0.10734009622525391
6.01136363636	0.09565843224528925
5.94382022472	0.090798235182045
5.87777777778	0.09203572692523991
5.81318681319	0.16531807271286905
5.75	0.13770072616923668
5.68817204301	0.11047443032506075
5.62765957447	0.18570928992052535
5.56842105263	0.14059630160717332
5.51041666667	0.11459516579195687
5.45360824742	0.17435652532727222
5.39795918367	0.14231457236093564
5.34343434343	0.1926260108012324
5.29	0.14468228317860168
5.23762376238	0.07907777781189636
5.1862745098	0.1881734998003189
5.1359223301	0.155021908764474
5.08653846154	0.04412964122974087
5.0380952381	0.10819410301413719
4.99056603774	0.08396357610157065
4.94392523364	0.11415855709123346
4.89814814815	0.14547038849868849
4.85321100917	0.15890991746404745
4.80909090909	0.08036345076067317
4.76576576577	0.11189197530711949
4.72321428571	0.1699181041664386
4.6814159292	0.10153950758716063
4.64035087719	0.15518389252102627
4.6	0.0667145088696327
4.56034482759	0.12289773505380695
4.52136752137	0.08909659391635008
4.48305084746	0.12157369693485258
4.44537815126	0.14035252765553513
4.40833333333	0.11925907876404494
4.37190082645	0.05583491730530004
4.33606557377	0.0716492931927178
4.30081300813	0.09907736132553932
4.26612903226	0.10601122180419392
4.232	0.13403503671006967
4.19841269841	0.13559431065471264
4.16535433071	0.10135811854998482
4.1328125	0.11713787344263175
4.1007751938	0.1914746509427754
4.06923076923	0.09912591884904269
4.03816793893	0.13555137402808828
4.00757575758	0.1359619973672385
3.97744360902	0.10329331307959015
3.94776119403	0.09673353026519282
3.91851851852	0.020746165371312894
3.88970588235	0.041408724109751584
3.86131386861	0.0891674772861954
3.83333333333	0.11076852244380098
3.80575539568	0.05721083798328497
3.77857142857	0.15980013004520874
3.75177304965	0.0882285363920553
3.72535211268	0.12330251863958727
3.6993006993	0.08034537266493466
3.67361111111	0.08838439634235154
3.64827586207	0.1600233550765172
3.62328767123	0.09370399093175506
3.59863945578	0.08348931862699034
3.57432432432	0.07721332448792063
3.55033557047	0.13052451513976557
3.52666666667	0.09606555765365855
3.50331125828	0.1340327405401211
3.48026315789	0.10864916287634271
3.45751633987	0.13382381368514162
3.43506493506	0.08633465645517538
3.41290322581	0.06351506596261357
3.39102564103	0.06951479709368098
3.36942675159	0.10359767272283565
3.34810126582	0.14446993051699408
3.32704402516	0.07635747045137732
3.30625	0.12960210830978122
3.28571428571	0.0781710523092428
3.26543209877	0.053204552284954104
3.24539877301	0.05962429124514731
3.2256097561	0.045389067616227775
3.20606060606	0.07444848867489748
3.18674698795	0.04385849608517916
3.16766467066	0.07906675337476418
3.14880952381	0.08112903670457387
3.13017751479	0.06683076043355964
3.11176470588	0.11219652896148448
3.09356725146	0.021678792915434824
3.07558139535	0.0402351817233095
3.05780346821	0.04463308309587135
3.04022988506	0.03163494987778435
3.02285714286	0.27401292385935727
3.00568181818	1.500560572734626
2.98870056497	0.16389969947925798
2.97191011236	0.025781591632137373
2.95530726257	0.07190004751886928
2.93888888889	0.07706107436235082
2.9226519337	0.07249706169968745
2.90659340659	0.09295976064565796
2.89071038251	0.05107321889455913
2.875	0.04397781459109158
2.85945945946	0.10356022370976709
2.84408602151	0.10283663307029671
2.82887700535	0.06958297514482938
2.81382978723	0.06943750128665994
2.79894179894	0.024353334026930993
2.78421052632	0.060525416204821714
2.76963350785	0.04519056766812
2.75520833333	0.09986551194897161
2.74093264249	0.10694199451721301
2.72680412371	0.09455412642261866
2.71282051282	0.06496205112649756
2.69897959184	0.06618592451491319
2.68527918782	0.04447864364855852
2.67171717172	0.06090769216256418
2.65829145729	0.048910787565157224
2.645	0.020330518840901157
2.63184079602	0.035618573014672285
2.61881188119	0.13765920157992648
2.60591133005	0.031103364794401806
2.5931372549	0.03814993848314568
2.58048780488	0.07920690345797216
2.56796116505	0.02478113562903353
2.55555555556	0.05703153630168833
2.54326923077	0.04357234906497032
2.53110047847	0.02976179644243171
2.51904761905	0.08890105190580562
2.50710900474	0.1219779380973097
2.49528301887	0.01994565525497009
2.48356807512	0.046322127044804436
2.47196261682	0.044793245358935196
2.46046511628	0.05441353735389628
2.44907407407	0.029565608608159172
2.43778801843	0.03223441603571409
2.42660550459	0.04618328508982327
2.41552511416	0.021648945710539796
2.40454545455	0.10237208359654706
2.39366515837	0.10008206419204305
2.38288288288	0.08781557962135429
2.37219730942	0.04343105786775983
2.36160714286	0.06234772843313426
2.35111111111	0.0688812532997782
2.3407079646	0.03897873708410058
2.33039647577	0.04662987943432476
2.3201754386	0.04782547795854841
2.31004366812	0.042309447014820964
2.3	0.09467826880798562
2.29004329004	0.1062998562813795
2.28017241379	0.08153112536816605
2.27038626609	0.05950477225570233
2.26068376068	0.09918930848252724
2.25106382979	0.006910780347564396
2.24152542373	0.07168221640750302
2.23206751055	0.04652930879954821
2.22268907563	0.026179199627383257
2.21338912134	0.02042114748815065
2.20416666667	0.029615910657451356
2.19502074689	0.07750994677083062
2.18595041322	0.0215131086014245
2.17695473251	0.02960144702374517
2.16803278689	0.03788961302522533
2.15918367347	0.04773190368386856
2.15040650407	0.011739382716532737
2.14170040486	0.054432256436245025
2.13306451613	0.08759446977973986
2.12449799197	0.03279356991310728
2.116	0.07070167965311902
2.10756972112	0.10034731964411417
2.09920634921	0.0395480550611708
2.09090909091	0.06099589296309033
2.08267716535	0.053559007300424545
2.07450980392	0.0549047081025823
2.06640625	0.025807053093863927
2.05836575875	0.06669766525397432
2.0503875969	0.05728331940034051
2.04247104247	0.029374530844739257
2.03461538462	0.08088594298073762
2.02681992337	0.0508083350786025
2.01908396947	0.041668891349270314
2.01140684411	0.022624148724584497
2.00378787879	0.0115151515151517
