	-30	-29	-28	-27	-26	-25	-24	-23	-22	-21	-20	-19	-18	-17	-16	-15	-14	-13	-12	-11	-10	-9	-8	-7	-6	-5	-4	-3	-2	-1	0	1	2
ALA_GCT	10059	8805	6868	9994	8902	6782	10077	8829	6765	10043	8933	6778	9064	8370	7121	10076	8818	6714	9646	8920	7104	11138	8840	6940	10490	8252	6444	10341	9318	5776	10003	7956	6300
ALA_GCC	3312	2901	2197	3270	2905	2136	3127	2934	2287	3311	2886	2047	2906	2635	2473	3338	2986	2014	3082	2748	2274	3881	2856	2205	3199	2670	2164	3528	3691	2083	3387	2661	2173
ALA_GCA	2917	2318	1687	3089	2342	1689	3059	2395	1696	3243	2346	1836	3653	2575	1905	3111	2351	1736	2959	2195	1771	3419	2258	1670	2906	2057	1668	2757	2514	1261	2716	1738	1809
ALA_GCG	384	315	256	391	332	231	366	280	242	443	326	318	1495	994	379	432	258	212	396	283	259	413	278	237	432	283	207	387	286	179	319	286	224
ARG_CGT	1492	1146	791	1443	1277	870	1483	1174	948	1662	1377	955	2218	1607	908	1520	1312	1014	1983	1573	863	1236	1344	851	1549	1376	981	1395	1328	916	1122	1292	836
ARG_CGG	179	151	93	191	143	96	177	139	95	214	158	114	385	255	113	224	185	141	245	211	102	192	157	103	215	168	102	221	167	129	163	101	95
ARG_CGC	136	109	79	150	125	106	167	115	80	153	141	80	303	201	89	133	98	72	134	139	79	130	118	63	121	141	103	132	118	117	89	157	90
ARG_CGA	697	550	332	769	599	357	704	589	387	801	569	457	2500	1722	416	923	829	357	898	808	356	562	527	338	728	648	338	710	691	433	505	597	368
ARG_AGA	8869	7806	5640	9184	7707	5596	8887	7655	5825	8801	7546	5823	9316	7918	6352	8806	7803	5955	11355	9342	5706	8910	8302	6137	9179	8869	5981	8354	8530	5417	8061	6614	6420
ARG_AGG	537	409	305	528	479	314	507	358	316	460	367	311	762	519	430	873	449	242	692	497	305	485	474	284	521	401	271	464	377	255	476	199	220
ASN_AAT	8304	6641	4594	8460	6832	4762	8505	6585	4661	8890	6810	4583	8649	6671	4004	8783	6854	4586	7067	6012	4462	7711	6882	4653	8880	6498	4376	8739	5454	3991	8886	6777	4714
ASN_AAC	4872	4297	3153	4897	4180	3158	4869	4250	3209	5008	4264	3185	4923	4280	2970	5050	4324	3496	4583	3978	3048	4818	4299	3169	4841	4147	3138	4949	3771	3090	5411	5267	3314
ASP_GAT	11924	9606	7030	11944	9557	6811	11661	9461	6947	11798	9777	6713	11186	9689	7306	11300	8711	6609	11070	10148	7306	14806	11413	7208	13471	10712	6896	12351	9582	5645	11353	8816	6876
ASP_GAC	3695	3188	2450	3718	3146	2465	3837	3136	2457	3888	3143	2430	3677	3276	2698	3655	2918	2211	3649	3282	2518	4813	3638	2421	3961	3312	2382	3705	3308	2029	3371	3795	2484
CYS_TGT	2150	1747	1335	2178	1940	1324	2222	1854	1383	2213	1961	1354	2273	2082	1235	2001	1630	1300	1809	1786	1360	2058	1961	1286	2065	1956	1350	2125	1958	1523	1905	1802	1392
CYS_TGC	296	239	179	280	244	160	277	233	178	299	242	182	337	297	173	263	209	157	270	221	161	290	244	142	284	263	185	274	258	257	257	342	224
GLN_CAA	8892	7190	5334	8959	7391	5317	8815	7329	5237	9296	7606	5159	6965	6179	5190	8688	7134	5459	8579	6923	5260	8203	7307	5345	8439	7612	5667	9347	7365	6584	7562	9537	6134
GLN_CAG	1190	927	610	1152	969	699	1147	889	665	1280	959	665	1091	895	712	1254	958	599	1054	849	710	1085	862	713	1181	1018	769	1325	881	813	1020	1118	617
GLU_GAA	16792	13667	10282	16991	13877	10112	17021	13787	10163	16462	13678	9977	14389	13011	10053	15096	12875	10645	17629	14160	10306	17996	14040	10329	17672	14002	9841	16014	14317	8572	14912	13025	11640
GLU_GAG	2820	2238	1475	2731	2139	1533	2672	2126	1480	2697	2114	1509	2572	2089	1570	2695	2760	1605	2963	2218	1638	2792	2235	1666	2960	2143	1546	2667	2211	1232	2285	1560	1406
GLY_GGT	10851	9566	7301	11064	9778	7465	10962	9894	7399	10952	9907	7504	10761	9721	7150	11399	10459	7696	10582	10059	7459	11782	10701	7824	10828	10522	7467	10796	11514	7226	7298	8364	7178
GLY_GGC	904	740	530	910	749	582	851	754	546	844	773	535	1212	995	533	839	820	564	808	743	541	1009	711	516	793	780	524	847	968	624	415	683	531
GLY_GGA	3113	2499	1670	3043	2456	1771	3035	2452	1717	3001	2561	1697	3196	2633	1768	3520	2958	1897	3146	2477	1698	3381	2689	1881	3093	2642	1666	2903	3191	1612	1743	1775	1903
GLY_GGG	1408	1223	813	1465	1139	841	1476	1215	786	1427	1209	852	1645	1370	974	1739	1383	800	1370	1094	844	1569	1335	889	1644	1124	830	1519	1674	1061	779	609	727
HIS_CAT	2943	2493	1721	2999	2515	1698	2937	2418	1724	3381	2632	1636	2596	2066	1632	3478	2721	1645	2648	2401	1732	2694	2490	1700	3071	2666	1878	3341	2250	2064	2864	3559	1856
HIS_CAC	1699	1561	1226	1775	1676	1347	1829	1708	1311	1862	1666	1274	1869	1583	1219	2129	1877	1220	1709	1587	1209	1915	1640	1125	1731	1625	1356	1956	1601	1715	1930	2474	1333
ILE_ATT	9250	7584	5547	9240	7960	5872	9411	7713	5534	9630	8098	5697	8387	7445	6093	8867	7352	5516	8740	8004	5452	8794	7828	5641	9697	7726	5763	9421	7274	5696	11006	7122	5555
ILE_ATC	3755	3222	2389	3669	3231	2403	3721	3213	2434	3714	3155	2416	3318	3132	2678	3819	3258	2222	3577	3139	2405	3624	3295	2354	3478	3171	2549	3773	3023	2636	4817	3178	2350
ILE_ATA	2598	2046	1283	2557	1945	1272	2650	1920	1343	2361	1970	1365	2916	2252	1878	2975	2116	1267	2630	1844	1213	2318	1854	1345	2303	1743	1270	2390	1932	1181	2735	1596	1424
LEU_TTA	8187	6752	4900	8578	6814	4870	8699	7347	4820	8043	6614	4893	8718	7012	4962	8486	7044	4591	7558	6155	4861	8249	6385	4961	8279	7433	4923	8079	7516	5328	9039	9775	5425
LEU_TTG	9917	8710	6628	10266	8510	6365	10188	8700	6333	9620	8498	7068	14003	9937	6630	12823	10623	6263	9245	7731	6815	9471	8262	6718	10687	9262	6865	10576	9253	7012	10622	7837	5166
LEU_CTT	1591	1324	900	1659	1340	862	1562	1226	894	1519	1247	879	2286	1505	833	1435	1105	935	1789	1264	819	1305	1092	839	1552	1309	990	1586	1203	1162	1732	2099	848
LEU_CTC	344	269	218	377	293	186	319	271	258	348	299	221	472	311	199	327	271	187	374	278	211	292	266	167	335	298	234	398	302	347	422	509	219
LEU_CTA	668	495	327	652	548	334	644	519	308	691	509	416	1732	1008	295	828	535	332	638	481	363	526	443	295	548	503	347	587	500	458	577	712	386
LEU_CTG	534	460	283	583	450	307	605	449	279	551	483	310	985	650	368	760	450	289	567	385	306	492	416	319	574	425	340	597	446	360	578	565	253
LYS_AAA	15083	12353	8675	14605	12164	9024	15293	12487	9014	15215	12348	8756	15956	13220	8437	13871	12401	9434	18204	13246	8668	14270	12545	8831	14902	12150	8267	14360	10607	7817	14579	12687	10320
LYS_AAG	6373	5384	4011	6275	5452	4004	6533	5440	3950	6636	5468	4010	7425	6088	3725	6801	5568	4162	7735	5881	4167	6542	5603	4119	6989	5664	3890	6342	4604	3567	6326	5083	3537
PHE_TTT	5488	4431	3103	5699	4472	3006	5648	4527	3146	5692	4555	2993	4111	3717	3193	5798	4242	3124	4856	4390	3061	5358	4593	2990	5362	5152	3125	5608	4579	3519	6467	6415	3001
PHE_TTC	4079	3509	2702	4084	3634	2709	4091	3731	2632	4051	3531	2520	3247	3035	2669	4513	3753	2776	4047	3408	2862	4465	3601	2593	3957	3772	3033	4349	3889	3476	5773	6358	2842
PRO_CCT	2431	1838	1333	2306	1840	1294	2259	1776	1344	2353	1780	1279	2881	2111	1150	2695	2192	1650	3328	2411	1336	2380	1812	1389	2367	1800	1529	3219	1906	2387	3101	2714	1388
PRO_CCC	530	469	316	577	424	277	524	408	288	580	410	314	734	522	306	608	438	324	743	567	305	579	392	277	512	365	415	957	623	801	1106	581	316
PRO_CCA	6868	5885	4499	6836	5972	4449	7052	6022	4545	7008	5898	4455	7431	6036	4282	7389	6423	5171	9799	6782	4573	7247	5757	4650	7068	5546	5246	8481	6527	6541	8124	6551	5122
PRO_CCG	464	368	273	521	365	251	480	364	306	455	353	261	813	553	320	527	393	256	680	515	294	415	313	317	473	329	344	648	406	532	561	450	239
SER_TCT	5602	4817	3642	5432	4686	3703	5761	4816	3664	5704	4760	3496	5727	4802	3357	5114	4638	3742	5321	4733	3907	5831	4696	3858	5737	4989	4051	6367	5252	4563	6815	5134	3754
SER_TCC	2116	1844	1431	2091	1775	1374	1981	1822	1462	2057	1768	1362	2219	1910	1315	1988	1835	1359	1828	1744	1513	2272	1800	1454	2088	1792	1545	2398	2114	2097	3764	2317	1511
SER_TCA	4645	3699	2588	4612	3586	2598	4600	3668	2630	4576	3765	2668	4561	3687	2540	4155	3395	2387	4515	3506	2767	4911	3567	2805	4681	3629	3098	4828	4100	3143	5969	3532	3125
SER_TCG	1074	961	630	1117	881	646	1067	867	617	1195	899	750	1254	908	669	1381	1014	624	1203	858	708	1230	855	732	1256	956	825	1377	981	756	1223	863	622
SER_AGT	3315	2615	1872	3414	2651	1795	3385	2686	1871	3544	2627	1951	3495	2731	1586	3062	2365	1714	3137	2627	1686	3136	2931	1862	3299	3024	1836	3203	2923	1682	2962	2305	1816
SER_AGC	854	611	470	813	626	441	812	589	462	791	684	496	873	706	447	754	590	451	769	666	471	895	703	454	721	718	453	713	665	460	623	651	424
THR_ACT	6951	5630	4262	7048	5842	4531	6876	5522	4472	7190	5808	4266	5674	5019	4443	7194	5851	4255	6765	5608	4378	6522	5453	4390	7322	5191	4440	7264	5290	4302	8949	5042	4415
THR_ACC	3246	2748	2126	3280	2771	2095	3248	2807	2133	3301	2895	2137	2682	2334	2172	3207	2685	1996	3065	2598	2190	3279	2680	2061	3191	2412	2136	3394	2796	2434	4943	2314	2328
THR_ACA	2933	2123	1505	2800	2145	1509	2782	2222	1445	2901	2180	1547	2987	2223	1575	2719	2154	1545	2879	1948	1521	2734	2016	1689	2934	1813	1610	2829	1968	1429	3699	1582	1720
THR_ACG	626	442	320	600	486	340	643	468	388	669	505	410	597	448	468	865	497	294	640	474	394	634	476	377	733	445	397	697	393	295	832	415	346
TRP_TGG	2505	2060	1468	2400	2013	1421	2567	2091	1509	2560	2099	1619	3199	2362	1455	2665	2218	1591	2766	2261	1667	2456	2180	1647	3066	2522	1640	2651	2411	2044	2502	1298	1407
TYR_TAT	4696	3637	2584	4748	3687	2549	4541	3864	2512	4640	3724	2504	4389	3655	2302	4345	3368	2558	4562	4043	2660	4172	3518	2553	4431	4116	2563	4849	3405	2575	5288	4470	2812
TYR_TAC	3211	2827	2289	3389	2837	2259	3511	2962	2257	3478	3032	2233	3424	2994	2123	3388	2852	2411	3165	3001	2333	3211	2898	2198	3301	3280	2342	3464	2971	2506	3445	4688	2518
VAL_GTT	9275	7932	6201	9546	8102	6288	9506	8278	6182	9473	8135	6436	7979	7381	6281	8558	7575	6395	9139	8663	6227	9783	8351	6189	9328	7637	5909	9530	7988	5537	8864	7152	5651
VAL_GTC	3184	2808	2213	3254	2827	2285	3346	2925	2324	3143	2948	2323	2857	2626	2365	3214	2795	2211	3193	3040	2295	3782	3132	2305	3257	2936	2349	3454	3016	2184	3109	2911	2208
VAL_GTA	1618	1276	858	1634	1307	852	1713	1361	879	1666	1303	953	1336	1097	983	1696	1213	910	1695	1277	882	1817	1206	903	1600	1233	889	1586	1395	742	1456	1030	961
VAL_GTG	1979	1651	1174	2025	1639	1165	2259	1642	1219	2119	1716	1364	2647	1789	1343	2489	1859	1145	2032	1665	1288	2237	1709	1208	2146	1518	1130	2107	1594	944	1912	1159	924
TERM_TAA	347	378	292	352	358	300	357	340	266	340	300	309	2515	2061	320	398	345	264	268	323	272	297	273	259	253	245	197	221	211	197	161	204	266
TERM_TGA	74	71	53	70	60	48	59	57	47	46	61	67	542	490	67	156	55	46	54	62	55	53	46	41	39	49	35	49	38	39	34	32	43
TERM_TAG	158	96	86	99	102	87	118	106	64	88	99	64	857	669	95	167	114	64	57	79	102	54	71	85	72	58	64	68	71	69	57	50	60
MET_ATG	3980	3330	2397	3994	3329	2351	4050	3379	2385	3758	3190	2451	3081	2899	2463	4286	3549	2692	3966	2895	2441	3523	3038	2334	4119	3037	2481	3820	3102	2201	4791	2529	1947
