760.0	14.791480154627042
380.0	4.248484554637128
253.33333333333334	0.6032555021790873
190.0	0.6211667888948181
152.0	0.36006656911105317
126.66666666666667	0.40209282742110997
108.57142857142857	0.4812643079639914
95.0	0.26448758868147026
84.44444444444444	0.4977244474660298
76.0	0.28035372579697665
69.0909090909091	0.5436672859461991
63.333333333333336	0.36330150137730854
58.46153846153846	0.3574884547394969
54.285714285714285	0.4503116216374005
50.666666666666664	0.44866946225134646
47.5	0.4883861430595122
44.705882352941174	0.4890155069159717
42.22222222222222	0.6669307542363112
40.0	0.8645427936564476
38.0	1.025798119222283
36.19047619047619	0.8812342773539189
34.54545454545455	1.172264185345931
33.04347826086956	1.2815527483302032
31.666666666666668	1.3764111227382787
30.4	1.1239019233444094
29.23076923076923	1.16773840342998
28.14814814814815	1.0965111280069886
27.142857142857142	1.0310039772131894
26.20689655172414	0.8392987966242065
25.333333333333332	0.6250337111913866
24.516129032258064	0.5734529938692756
23.75	0.5353039883760461
23.03030303030303	0.5888353929057022
22.352941176470587	0.390036069700432
21.714285714285715	0.3826237386194258
21.11111111111111	0.42704803089857685
20.54054054054054	0.5334101368773747
20.0	0.47727796013533225
19.487179487179485	0.6330109385514239
19.0	0.33897355479325114
18.536585365853657	0.641263225708654
18.095238095238095	0.6973411164892475
17.674418604651162	0.6139049766567651
17.272727272727273	0.9097439536905785
16.88888888888889	1.1130830302019392
16.52173913043478	0.9037687312939461
16.170212765957448	1.115705499958306
15.833333333333334	1.003126662339973
15.510204081632653	0.8989821859477486
15.2	0.8223418108404299
14.901960784313726	0.8341171565183629
14.615384615384615	0.9230689613453102
14.339622641509434	0.7500155933794971
14.074074074074074	0.6032471847994499
13.818181818181818	0.5690847300906534
13.571428571428571	0.5686464732717753
13.333333333333334	0.6155906765503952
13.10344827586207	0.5150367576162881
12.88135593220339	0.4760841889714107
12.666666666666666	0.5192085509244875
12.459016393442623	0.4569406764822214
12.258064516129032	0.6136319902964078
12.063492063492063	0.7007858608161223
11.875	0.4529864808462103
11.692307692307692	0.513090431797738
11.515151515151516	0.7696648777707354
11.343283582089553	0.7311621371890088
11.176470588235293	0.7908467791958677
11.014492753623188	0.6066926931011163
10.857142857142858	0.8814177484687011
10.704225352112676	0.7974139622542513
10.555555555555555	1.083214852400984
10.41095890410959	1.0541620443859008
10.27027027027027	0.652988471473717
10.133333333333333	0.8067127213324603
10.0	0.8337175840133488
9.87012987012987	0.5553572804531101
9.743589743589743	0.6692458644570867
9.620253164556962	0.7118825395571885
9.5	0.4502264311585473
9.382716049382717	0.5244140879650959
9.268292682926829	0.49486273955931875
9.156626506024097	0.30771417284018204
9.047619047619047	0.6070693570262561
8.941176470588236	0.532508102198985
8.837209302325581	0.5745614499091598
8.735632183908047	0.6286077600987878
8.636363636363637	0.48231780580982586
8.539325842696629	0.5317641738746176
8.444444444444445	0.7421371469192428
8.351648351648352	0.5762192818418371
8.26086956521739	0.5133216057986637
8.172043010752688	0.712398653702992
8.085106382978724	0.6290705653064025
8.0	0.8225223342608236
7.916666666666667	0.7320664289992367
7.835051546391752	0.7230109956517683
7.755102040816326	0.6834291860714038
7.6767676767676765	0.6475100470525539
7.6	0.7308053764092688
7.524752475247524	0.6484622846476614
7.450980392156863	0.534164282620727
7.378640776699029	0.6118071523489467
7.3076923076923075	0.6927406205773138
7.238095238095238	0.7376783609321671
7.169811320754717	0.5790411364305759
7.102803738317757	0.5005383090065049
7.037037037037037	0.5030127259765601
6.972477064220183	0.47135226872003305
6.909090909090909	0.5493713490275453
6.846846846846847	0.5252563678523202
6.785714285714286	0.34843482879127763
6.725663716814159	0.5393590755892993
6.666666666666667	0.593928656315129
6.608695652173913	0.5828337263002138
6.551724137931035	0.5924924254525554
6.495726495726496	0.43996707222640513
6.440677966101695	0.7075966706526767
6.38655462184874	0.668998267059072
6.333333333333333	0.506738820566674
6.2809917355371905	0.41109065812853646
6.229508196721311	0.6568912687424399
6.178861788617886	0.5998354949132376
6.129032258064516	0.5236820063615649
6.08	0.6074410154447608
6.031746031746032	0.6297776307603514
5.984251968503937	0.7613150884311229
5.9375	0.544761392501394
5.891472868217054	0.6355481300683478
5.846153846153846	0.5029731775491307
5.801526717557252	0.559457508628821
5.757575757575758	0.48013041446418014
5.714285714285714	0.36964831771797974
5.6716417910447765	0.5443917091790977
5.62962962962963	0.3692528242614652
5.588235294117647	0.5414519378239387
5.547445255474453	0.4411449495508365
5.507246376811594	0.5289518934077136
5.467625899280575	0.45918634745010145
5.428571428571429	0.41387729409196444
5.390070921985815	0.5877711163689608
5.352112676056338	0.557387056366223
5.314685314685315	0.47296133988394895
5.277777777777778	0.43944197325543843
5.241379310344827	0.36624784738313254
5.205479452054795	0.5404597487333805
5.170068027210885	0.5900509829235319
5.135135135135135	0.7766759942324266
5.100671140939597	0.5882896534760781
5.066666666666666	0.4301143406583221
5.033112582781457	0.6955130460871972
5.0	0.5950438240523517
4.967320261437909	0.5302226288881406
4.935064935064935	0.5532818137477116
4.903225806451613	0.6137817446934547
4.871794871794871	0.6625367878291822
4.840764331210191	0.43880388231691597
4.810126582278481	0.5550545217604802
4.779874213836478	0.5864471919605134
4.75	0.506385819683658
4.720496894409938	0.43037117652000784
4.691358024691358	0.39823551309936667
4.662576687116564	0.25017264469350015
4.634146341463414	0.32759930078887534
4.606060606060606	0.3657102541723871
4.578313253012048	0.3519096362086414
4.550898203592815	0.454095873800567
4.523809523809524	0.37572984780874935
4.497041420118343	0.43631131305549964
4.470588235294118	0.43153945310505737
4.444444444444445	0.37329527101207316
4.4186046511627906	0.4602237084543186
4.393063583815029	0.3252868087875756
4.367816091954023	0.35198862485827564
4.3428571428571425	0.39275225094833344
4.318181818181818	0.5402788719471078
4.293785310734464	0.46026146741074186
4.269662921348314	0.4779076107064731
4.245810055865922	0.5876230508081697
4.222222222222222	0.7053282745319917
4.198895027624309	0.6390888271394084
4.175824175824176	0.6287286262672825
4.1530054644808745	0.7346858814108834
4.130434782608695	0.5047118523536895
4.108108108108108	0.3782302772948179
4.086021505376344	0.5185528751542293
4.064171122994653	0.4790116593950274
4.042553191489362	0.3891387728683419
4.021164021164021	0.3960733140032205
4.0	0.45923033846490396
3.979057591623037	0.3527453894273138
3.9583333333333335	0.32855225285747347
3.937823834196891	0.37226474908428986
3.917525773195876	0.379562582401853
3.8974358974358974	0.20349360960087112
3.877551020408163	0.3012188132943017
3.8578680203045685	0.49556725808596613
3.8383838383838382	0.5313148263629796
3.819095477386935	0.22279811688131304
3.8	0.523714893346276
3.781094527363184	0.562686880601857
3.762376237623762	0.4815836346475086
3.7438423645320196	0.5552902362747274
3.7254901960784315	0.606627806153413
3.707317073170732	0.7413249362480937
3.6893203883495147	0.578537678011902
3.6714975845410627	0.5215748575511733
3.6538461538461537	0.5724148378568199
3.6363636363636362	0.6271238929350015
3.619047619047619	0.47576646944526907
3.6018957345971563	0.42499384191172507
3.5849056603773586	0.5531290261352009
3.568075117370892	0.37042007214649086
3.5514018691588785	0.18661404735932718
3.5348837209302326	0.37200995734264397
3.5185185185185186	0.3905239986955764
3.5023041474654377	0.2652432920923812
3.4862385321100917	0.3919855780646628
3.470319634703196	0.3269972112797827
3.4545454545454546	0.32421865899743596
3.4389140271493215	0.26782028892196863
3.4234234234234235	0.3891091672044554
3.408071748878924	0.3165334186732213
3.392857142857143	0.35997398498939676
3.3777777777777778	0.5667064145030632
3.3628318584070795	0.6688934398563378
3.3480176211453743	0.5879970596226591
3.3333333333333335	0.6883748569529409
3.3187772925764194	0.7679771776475509
3.3043478260869565	0.7808914321495625
3.29004329004329	0.7042873840535007
3.2758620689655173	0.42426213048968703
3.2618025751072963	0.494263448405181
3.247863247863248	0.37419810219187677
3.234042553191489	0.3335273242535603
3.2203389830508473	0.30404315186528413
3.2067510548523206	0.29602694647345623
3.19327731092437	0.08752963314343999
3.1799163179916317	0.261202165631902
3.1666666666666665	0.3365637648510703
3.1535269709543567	0.0980768768634183
3.1404958677685952	0.20344773813538883
3.1275720164609053	0.15195913482983334
3.1147540983606556	0.31256276921502774
3.1020408163265305	0.22150765698568656
3.089430894308943	0.40505545837010687
3.076923076923077	0.2018368401033216
3.064516129032258	0.22343483551174706
3.0522088353413657	0.3480613652045723
3.04	0.38837470916896366
3.0278884462151394	0.8007555504501895
3.015873015873016	2.780239532161653
3.0039525691699605	8.991868196846271
2.9921259842519685	2.259220937062935
2.980392156862745	0.4565425972763675
2.96875	0.1059617324303778
2.9571984435797667	0.18884103753100628
2.945736434108527	0.14774583279416784
2.9343629343629343	0.3404669665997739
2.923076923076923	0.11200502075000295
2.9118773946360155	0.1120099546225147
2.900763358778626	0.1415091473435858
2.8897338403041823	0.3195470724081984
2.878787878787879	0.18077282641090342
2.8679245283018866	0.28188437604130434
2.857142857142857	0.04081001421933212
2.846441947565543	0.2365310198772588
2.8358208955223883	0.21136224672715698
2.825278810408922	0.16265627712189618
2.814814814814815	0.24865210735145513
2.804428044280443	0.2712516452860383
2.7941176470588234	0.3418379862504353
2.7838827838827838	0.42754135075810895
2.7737226277372264	0.3354438433387516
2.7636363636363637	0.39080866911860507
2.753623188405797	0.7140951929810564
2.743682310469314	0.4463735966124702
2.7338129496402876	0.37795010381727845
2.7240143369175627	0.42645670372471167
2.7142857142857144	0.46586821325262057
2.704626334519573	0.3918981683291433
2.6950354609929077	0.25367394528385
2.685512367491166	0.3273754254933555
2.676056338028169	0.24223570702786112
2.6666666666666665	0.21554208435492722
2.6573426573426575	0.2670035668013318
2.64808362369338	0.3228203417497977
2.638888888888889	0.2845860418306876
2.629757785467128	0.24224583717063378
2.6206896551724137	0.15789360401763236
2.611683848797251	0.10838860922376527
2.6027397260273974	0.22238875060716098
2.5938566552901023	0.21812103505630642
2.5850340136054424	0.11781136377592744
2.5762711864406778	0.10832110735713256
2.5675675675675675	0.23699695658129555
2.558922558922559	0.2910693448771911
2.5503355704697985	0.33212154144913564
2.5418060200668897	0.3318395991552113
2.533333333333333	0.3493212521553655
2.524916943521595	0.2641065669669327
2.5165562913907285	0.31823595341042343
2.5082508250825084	0.41120310816576455
2.5	0.39998097215117256
2.4918032786885247	0.2741865669351309
2.4836601307189543	0.10959386088303444
2.47557003257329	0.2984334748987899
2.4675324675324677	0.21991191154939618
2.459546925566343	0.19363460421984968
2.4516129032258065	0.22560521477066142
2.4437299035369775	0.18397163293701344
2.4358974358974357	0.056522654655176266
2.428115015974441	0.09526861489483732
2.4203821656050954	0.08195072993295194
2.4126984126984126	0.19853585313883448
2.4050632911392404	0.2516272769576958
2.3974763406940065	0.2055837154386732
2.389937106918239	0.1944841109367162
2.3824451410658307	0.2660556762697511
2.375	0.19846344352249345
2.367601246105919	0.19157642953672016
2.360248447204969	0.27995016525997085
2.3529411764705883	0.32683550650219834
2.345679012345679	0.22058638771352843
2.3384615384615386	0.4074119675443619
2.331288343558282	0.11650717526771145
2.324159021406728	0.1280273344196168
2.317073170731707	0.26016532562113054
2.310030395136778	0.12283503034230467
2.303030303030303	0.13746984894329065
2.29607250755287	0.16845053558748113
2.289156626506024	0.08005632235283304
2.2822822822822824	0.15818692487639985
2.2754491017964074	0.3087238830254174
2.2686567164179103	0.23278400886369244
2.261904761904762	0.11511252567272155
2.255192878338279	0.12992194771951174
2.2485207100591715	0.13843304399352774
2.24188790560472	0.09398676784300344
2.235294117647059	0.10399285365391474
2.228739002932551	0.09370046142796057
2.2222222222222223	0.13244404892214434
2.2157434402332363	0.30079969409465285
2.2093023255813953	0.14710645749187798
2.2028985507246377	0.19877594340627955
2.1965317919075145	0.1938921848586653
2.190201729106628	0.12617766539041628
2.1839080459770117	0.13094135540682916
2.177650429799427	0.19021025514774684
2.1714285714285713	0.26110724048143585
2.1652421652421654	0.12680037565154326
2.159090909090909	0.05874625548303037
2.1529745042492916	0.08724176190657701
2.146892655367232	0.21564324878266572
2.140845070422535	0.03441900540374453
2.134831460674157	0.07596369418319376
2.1288515406162465	0.19557720338831572
2.122905027932961	0.24615098948106667
2.116991643454039	0.09886151393437266
2.111111111111111	0.1429289582614465
2.1052631578947367	0.11480147287397502
2.0994475138121547	0.08884440049569439
2.09366391184573	0.1195174689491558
2.087912087912088	0.12086227173761523
2.0821917808219177	0.13993606669035977
2.0765027322404372	0.02540224703612357
2.0708446866485013	0.1681846417419176
2.0652173913043477	0.16943528451411338
2.059620596205962	0.20719728520547684
2.054054054054054	0.15949227439658556
2.0485175202156336	0.10177952508085562
2.043010752688172	0.055493841762761585
2.037533512064343	0.07629003501019589
2.0320855614973263	0.14538662813938147
2.026666666666667	0.015928840099547856
2.021276595744681	0.12893193321703525
2.0159151193633953	0.07659746795949465
2.0105820105820107	0.22128375563802408
2.005277044854881	0.05537885041975492
