	ID	Name	position_from_start	position_from_term	actual_count	downsampled_count
0	rna-XM_713954.1	XM_713954.1	291	312	59.0	19.0
1	rna-XM_713954.1	XM_713954.1	504	99	22.0	19.0
2	rna-XM_713954.1	XM_713954.1	505	98	21.0	19.0
3	rna-XM_713901.2	XM_713901.2	1110	312	29.0	19.0
4	rna-XM_019475064.1	XM_019475064.1	166	98	30.0	19.0
5	rna-XM_019475064.1	XM_019475064.1	176	88	28.0	19.0
6	rna-XM_019475064.1	XM_019475064.1	208	56	24.0	19.0
7	rna-XM_713064.2	XM_713064.2	28	722	22.0	19.0
8	rna-XM_019475067.1	XM_019475067.1	139	650	40.0	19.0
9	rna-XM_019475067.1	XM_019475067.1	339	450	21.0	19.0
10	rna-XM_019475067.1	XM_019475067.1	342	447	22.0	19.0
11	rna-XM_019475067.1	XM_019475067.1	360	429	44.0	19.0
12	rna-XM_019475067.1	XM_019475067.1	361	428	51.0	19.0
13	rna-XM_019475067.1	XM_019475067.1	408	381	23.0	19.0
14	rna-XM_019475067.1	XM_019475067.1	435	354	35.0	19.0
15	rna-XM_019475067.1	XM_019475067.1	438	351	42.0	19.0
16	rna-XM_019475067.1	XM_019475067.1	439	350	25.0	19.0
17	rna-XM_019475067.1	XM_019475067.1	441	348	65.0	19.0
18	rna-XM_019475067.1	XM_019475067.1	442	347	45.0	19.0
19	rna-XM_019475067.1	XM_019475067.1	443	346	33.0	19.0
20	rna-XM_019475067.1	XM_019475067.1	444	345	34.0	19.0
21	rna-XM_019475067.1	XM_019475067.1	445	344	54.0	19.0
22	rna-XM_019475067.1	XM_019475067.1	446	343	24.0	19.0
23	rna-XM_019475067.1	XM_019475067.1	453	336	21.0	19.0
24	rna-XM_019475067.1	XM_019475067.1	454	335	24.0	19.0
25	rna-XM_019475072.1	XM_019475072.1	163	104	23.0	19.0
26	rna-XM_019475072.1	XM_019475072.1	172	95	26.0	19.0
27	rna-XM_019475072.1	XM_019475072.1	247	20	28.0	19.0
28	rna-XM_708670.1	XM_708670.1	1149	639	20.0	19.0
29	rna-XM_708670.1	XM_708670.1	1515	273	29.0	19.0
30	rna-XM_708670.1	XM_708670.1	1530	258	24.0	19.0
31	rna-XM_708670.1	XM_708670.1	1548	240	61.0	19.0
32	rna-XM_708670.1	XM_708670.1	1596	192	20.0	19.0
33	rna-XM_708670.1	XM_708670.1	1768	20	47.0	19.0
34	rna-XM_019475073.1	XM_019475073.1	333	51	54.0	19.0
35	rna-XM_019475073.1	XM_019475073.1	334	50	22.0	19.0
36	rna-XM_019475073.1	XM_019475073.1	364	20	108.0	19.0
37	rna-XM_708692.1	XM_708692.1	475	332	22.0	19.0
38	rna-XM_708692.1	XM_708692.1	516	291	30.0	19.0
39	rna-XM_716341.2	XM_716341.2	402	261	21.0	19.0
40	rna-XM_716341.2	XM_716341.2	454	209	34.0	19.0
41	rna-XM_716359.2	XM_716359.2	495	21	21.0	19.0
42	rna-XM_716399.1	XM_716399.1	372	237	49.0	19.0
43	rna-XM_716399.1	XM_716399.1	428	181	21.0	19.0
44	rna-XM_716399.1	XM_716399.1	438	171	20.0	19.0
45	rna-XM_716399.1	XM_716399.1	441	168	22.0	19.0
46	rna-XM_716399.1	XM_716399.1	522	87	21.0	19.0
47	rna-XM_019475076.1	XM_019475076.1	379	50	44.0	19.0
48	rna-XM_019475076.1	XM_019475076.1	409	20	30.0	19.0
49	rna-XM_716407.2	XM_716407.2	720	51	28.0	19.0
50	rna-XM_019475081.1	XM_019475081.1	1251	21	21.0	19.0
51	rna-XM_708572.1	XM_708572.1	310	101	22.0	19.0
52	rna-XM_713369.2	XM_713369.2	414	21	29.0	19.0
53	rna-XM_019475113.1	XM_019475113.1	101	298	47.0	19.0
54	rna-XM_019475113.1	XM_019475113.1	183	216	22.0	19.0
55	rna-XM_019475113.1	XM_019475113.1	186	213	23.0	19.0
56	rna-XM_019475113.1	XM_019475113.1	206	193	43.0	19.0
57	rna-XM_019475113.1	XM_019475113.1	216	183	64.0	19.0
58	rna-XM_019475113.1	XM_019475113.1	261	138	102.0	19.0
59	rna-XM_019475113.1	XM_019475113.1	262	137	40.0	19.0
60	rna-XM_019475113.1	XM_019475113.1	263	136	35.0	19.0
61	rna-XM_019475113.1	XM_019475113.1	264	135	26.0	19.0
62	rna-XM_019475113.1	XM_019475113.1	301	98	20.0	19.0
63	rna-XM_019475113.1	XM_019475113.1	318	81	21.0	19.0
64	rna-XM_019475113.1	XM_019475113.1	348	51	20.0	19.0
65	rna-XM_019475113.1	XM_019475113.1	349	50	20.0	19.0
66	rna-XM_019475114.1	XM_019475114.1	69	87	25.0	19.0
67	rna-XM_019475114.1	XM_019475114.1	111	45	20.0	19.0
68	rna-XM_019475114.1	XM_019475114.1	112	44	22.0	19.0
69	rna-XM_019475114.1	XM_019475114.1	123	33	73.0	19.0
70	rna-XM_019475114.1	XM_019475114.1	124	32	89.0	19.0
71	rna-XM_019475114.1	XM_019475114.1	127	29	24.0	19.0
72	rna-XM_019475114.1	XM_019475114.1	135	21	28.0	19.0
73	rna-XM_019475114.1	XM_019475114.1	136	20	20.0	19.0
74	rna-XM_713748.2	XM_713748.2	142	296	38.0	19.0
75	rna-XM_713748.2	XM_713748.2	156	282	44.0	19.0
76	rna-XM_713748.2	XM_713748.2	157	281	59.0	19.0
77	rna-XM_713748.2	XM_713748.2	177	261	26.0	19.0
78	rna-XM_713748.2	XM_713748.2	193	245	25.0	19.0
79	rna-XM_713748.2	XM_713748.2	255	183	25.0	19.0
80	rna-XM_713748.2	XM_713748.2	261	177	26.0	19.0
81	rna-XM_713748.2	XM_713748.2	291	147	41.0	19.0
82	rna-XM_713748.2	XM_713748.2	303	135	25.0	19.0
83	rna-XM_713748.2	XM_713748.2	309	129	22.0	19.0
84	rna-XM_713748.2	XM_713748.2	315	123	27.0	19.0
85	rna-XM_713748.2	XM_713748.2	319	119	34.0	19.0
86	rna-XM_713748.2	XM_713748.2	336	102	41.0	19.0
87	rna-XM_713748.2	XM_713748.2	348	90	56.0	19.0
88	rna-XM_713748.2	XM_713748.2	405	33	20.0	19.0
89	rna-XM_713748.2	XM_713748.2	417	21	28.0	19.0
90	rna-XM_713748.2	XM_713748.2	418	20	31.0	19.0
91	rna-XM_713748.2	XM_713748.2	425	13	33.0	19.0
92	rna-XM_019475120.1	XM_019475120.1	184	185	21.0	19.0
93	rna-XM_019475120.1	XM_019475120.1	277	92	23.0	19.0
94	rna-XM_712510.2	XM_712510.2	1141	263	24.0	19.0
95	rna-XM_712560.1	XM_712560.1	1381	80	50.0	19.0
96	rna-XM_712562.2	XM_712562.2	1134	243	23.0	19.0
97	rna-XM_712562.2	XM_712562.2	1140	237	25.0	19.0
98	rna-XM_712562.2	XM_712562.2	1239	138	21.0	19.0
99	rna-XM_706790.2	XM_706790.2	1092	231	21.0	19.0
100	rna-XM_706790.2	XM_706790.2	1105	218	22.0	19.0
101	rna-XM_706790.2	XM_706790.2	1134	189	24.0	19.0
102	rna-XM_706790.2	XM_706790.2	1156	167	22.0	19.0
103	rna-XM_706790.2	XM_706790.2	1158	165	42.0	19.0
104	rna-XM_706790.2	XM_706790.2	1165	158	25.0	19.0
105	rna-XM_706790.2	XM_706790.2	1169	154	20.0	19.0
106	rna-XM_706790.2	XM_706790.2	1170	153	25.0	19.0
107	rna-XM_706790.2	XM_706790.2	1173	150	31.0	19.0
108	rna-XM_706790.2	XM_706790.2	1174	149	27.0	19.0
109	rna-XM_706790.2	XM_706790.2	1177	146	27.0	19.0
110	rna-XM_706790.2	XM_706790.2	1178	145	26.0	19.0
111	rna-XM_706790.2	XM_706790.2	1180	143	39.0	19.0
112	rna-XM_706790.2	XM_706790.2	1181	142	20.0	19.0
113	rna-XM_706790.2	XM_706790.2	1186	137	28.0	19.0
114	rna-XM_718331.2	XM_718331.2	301	1457	23.0	19.0
115	rna-XM_718364.2	XM_718364.2	668	1453	26.0	19.0
116	rna-XM_019475144.1	XM_019475144.1	300	21	23.0	19.0
117	rna-XM_019475147.1	XM_019475147.1	263	151	100.0	19.0
118	rna-XM_019475147.1	XM_019475147.1	393	21	25.0	19.0
119	rna-XM_019475147.1	XM_019475147.1	394	20	33.0	19.0
120	rna-XM_019475153.1	XM_019475153.1	690	75	23.0	19.0
121	rna-XM_708702.2	XM_708702.2	670	407	20.0	19.0
122	rna-XM_707928.1	XM_707928.1	357	117	27.0	19.0
123	rna-XM_707928.1	XM_707928.1	453	21	29.0	19.0
124	rna-XM_707928.1	XM_707928.1	454	20	39.0	19.0
125	rna-XM_711243.1	XM_711243.1	465	21	34.0	19.0
126	rna-XM_711217.2	XM_711217.2	2206	800	20.0	19.0
127	rna-XM_019475165.1	XM_019475165.1	253	158	20.0	19.0
128	rna-XM_019475165.1	XM_019475165.1	291	120	28.0	19.0
129	rna-XM_019475165.1	XM_019475165.1	294	117	25.0	19.0
130	rna-XM_019475165.1	XM_019475165.1	297	114	23.0	19.0
131	rna-XM_019475165.1	XM_019475165.1	323	88	28.0	19.0
132	rna-XM_019475165.1	XM_019475165.1	327	84	33.0	19.0
133	rna-XM_019475165.1	XM_019475165.1	330	81	42.0	19.0
134	rna-XM_019475165.1	XM_019475165.1	331	80	24.0	19.0
135	rna-XM_019475165.1	XM_019475165.1	333	78	36.0	19.0
136	rna-XM_019475165.1	XM_019475165.1	334	77	27.0	19.0
137	rna-XM_019475165.1	XM_019475165.1	360	51	21.0	19.0
138	rna-XM_019475165.1	XM_019475165.1	363	48	44.0	19.0
139	rna-XM_019475165.1	XM_019475165.1	364	47	42.0	19.0
140	rna-XM_019475165.1	XM_019475165.1	390	21	22.0	19.0
141	rna-XM_019475165.1	XM_019475165.1	391	20	37.0	19.0
142	rna-XM_705693.1	XM_705693.1	642	21	34.0	19.0
143	rna-XM_019475189.1	XM_019475189.1	0	237	22.0	19.0
144	rna-XM_714379.2	XM_714379.2	1554	87	34.0	19.0
145	rna-XM_714379.2	XM_714379.2	1587	54	23.0	19.0
146	rna-XM_714379.2	XM_714379.2	1620	21	23.0	19.0
147	rna-XM_717427.1	XM_717427.1	13	347	40.0	19.0
148	rna-XM_717427.1	XM_717427.1	73	287	28.0	19.0
149	rna-XM_717460.2	XM_717460.2	1710	264	21.0	19.0
150	rna-XM_710266.2	XM_710266.2	1008	21	20.0	19.0
151	rna-XM_715932.1	XM_715932.1	3885	261	22.0	19.0
152	rna-XM_715929.2	XM_715929.2	477	270	25.0	19.0
153	rna-XM_715896.2	XM_715896.2	796	1127	86.0	19.0
154	rna-XM_707823.1	XM_707823.1	508	50	21.0	19.0
155	rna-XM_709793.2	XM_709793.2	534	333	22.0	19.0
156	rna-XM_709841.1	XM_709841.1	1236	279	31.0	19.0
157	rna-XM_709841.1	XM_709841.1	1254	261	21.0	19.0
158	rna-XM_709841.1	XM_709841.1	1308	207	21.0	19.0
159	rna-XM_709841.1	XM_709841.1	1312	203	20.0	19.0
160	rna-XM_709841.1	XM_709841.1	1335	180	23.0	19.0
161	rna-XM_709841.1	XM_709841.1	1336	179	57.0	19.0
162	rna-XM_709841.1	XM_709841.1	1344	171	20.0	19.0
163	rna-XM_709841.1	XM_709841.1	1371	144	29.0	19.0
164	rna-XM_709841.1	XM_709841.1	1379	136	27.0	19.0
165	rna-XM_709841.1	XM_709841.1	1381	134	21.0	19.0
166	rna-XM_709841.1	XM_709841.1	1387	128	20.0	19.0
167	rna-XM_709841.1	XM_709841.1	1390	125	23.0	19.0
168	rna-XM_709841.1	XM_709841.1	1494	21	25.0	19.0
169	rna-XM_707710.1	XM_707710.1	496	125	22.0	19.0
170	rna-XM_707710.1	XM_707710.1	499	122	21.0	19.0
171	rna-XM_707710.1	XM_707710.1	502	119	20.0	19.0
172	rna-XM_707710.1	XM_707710.1	535	86	23.0	19.0
173	rna-XM_707710.1	XM_707710.1	537	84	22.0	19.0
174	rna-XM_019475249.1	XM_019475249.1	310	215	38.0	19.0
175	rna-XM_019475249.1	XM_019475249.1	342	183	26.0	19.0
176	rna-XM_019475256.1	XM_019475256.1	179	178	23.0	19.0
177	rna-XM_705590.2	XM_705590.2	916	254	21.0	19.0
178	rna-XM_705590.2	XM_705590.2	969	201	22.0	19.0
179	rna-XM_705590.2	XM_705590.2	970	200	22.0	19.0
180	rna-XM_705590.2	XM_705590.2	981	189	48.0	19.0
181	rna-XM_705590.2	XM_705590.2	982	188	23.0	19.0
182	rna-XM_705590.2	XM_705590.2	983	187	25.0	19.0
183	rna-XM_712044.1	XM_712044.1	0	612	33.0	19.0
184	rna-XM_712051.1	XM_712051.1	465	324	25.0	19.0
185	rna-XM_712051.1	XM_712051.1	471	318	21.0	19.0
186	rna-XM_712051.1	XM_712051.1	474	315	34.0	19.0
187	rna-XM_712051.1	XM_712051.1	495	294	21.0	19.0
188	rna-XM_712051.1	XM_712051.1	498	291	24.0	19.0
189	rna-XM_712051.1	XM_712051.1	501	288	45.0	19.0
190	rna-XM_712051.1	XM_712051.1	502	287	29.0	19.0
191	rna-XM_712051.1	XM_712051.1	507	282	20.0	19.0
192	rna-XM_712051.1	XM_712051.1	513	276	28.0	19.0
193	rna-XM_712051.1	XM_712051.1	514	275	21.0	19.0
194	rna-XM_712051.1	XM_712051.1	526	263	30.0	19.0
195	rna-XM_712051.1	XM_712051.1	601	188	22.0	19.0
196	rna-XM_712051.1	XM_712051.1	757	32	24.0	19.0
197	rna-XM_712061.1	XM_712061.1	183	282	29.0	19.0
198	rna-XM_712061.1	XM_712061.1	184	281	62.0	19.0
199	rna-XM_712699.1	XM_712699.1	885	222	25.0	19.0
200	rna-XM_712699.1	XM_712699.1	886	221	43.0	19.0
201	rna-XM_716673.1	XM_716673.1	228	360	20.0	19.0
202	rna-XM_716673.1	XM_716673.1	229	359	33.0	19.0
203	rna-XM_716673.1	XM_716673.1	330	258	24.0	19.0
204	rna-XM_716673.1	XM_716673.1	360	228	30.0	19.0
205	rna-XM_716673.1	XM_716673.1	376	212	23.0	19.0
206	rna-XM_716673.1	XM_716673.1	378	210	31.0	19.0
207	rna-XM_716673.1	XM_716673.1	379	209	49.0	19.0
208	rna-XM_716673.1	XM_716673.1	399	189	22.0	19.0
209	rna-XM_716673.1	XM_716673.1	420	168	20.0	19.0
210	rna-XM_716637.1	XM_716637.1	260	331	22.0	19.0
211	rna-XM_716619.1	XM_716619.1	332	166	22.0	19.0
212	rna-XM_716611.2	XM_716611.2	210	213	24.0	19.0
213	rna-XM_716611.2	XM_716611.2	369	54	24.0	19.0
214	rna-XM_714842.1	XM_714842.1	414	162	55.0	19.0
215	rna-XM_714842.1	XM_714842.1	489	87	30.0	19.0
216	rna-XM_714842.1	XM_714842.1	490	86	27.0	19.0
217	rna-XM_714842.1	XM_714842.1	523	53	34.0	19.0
218	rna-XM_714842.1	XM_714842.1	526	50	25.0	19.0
219	rna-XM_714842.1	XM_714842.1	555	21	38.0	19.0
220	rna-XM_019475320.1	XM_019475320.1	384	189	29.0	19.0
221	rna-XM_019475321.1	XM_019475321.1	0	684	64.0	19.0
222	rna-XM_019475322.1	XM_019475322.1	219	210	22.0	19.0
223	rna-XM_718047.1	XM_718047.1	48	288	22.0	19.0
224	rna-XM_718047.1	XM_718047.1	49	287	30.0	19.0
225	rna-XM_718047.1	XM_718047.1	156	180	21.0	19.0
226	rna-XM_718047.1	XM_718047.1	184	152	28.0	19.0
227	rna-XM_718047.1	XM_718047.1	197	139	24.0	19.0
228	rna-XM_718047.1	XM_718047.1	226	110	55.0	19.0
229	rna-XM_718082.1	XM_718082.1	189	357	25.0	19.0
230	rna-XM_019475325.1	XM_019475325.1	0	363	46.0	19.0
231	rna-XM_019475325.1	XM_019475325.1	81	282	38.0	19.0
232	rna-XM_019475325.1	XM_019475325.1	98	265	26.0	19.0
233	rna-XM_019475325.1	XM_019475325.1	113	250	20.0	19.0
234	rna-XM_019475325.1	XM_019475325.1	159	204	30.0	19.0
235	rna-XM_019475325.1	XM_019475325.1	174	189	22.0	19.0
236	rna-XM_019475325.1	XM_019475325.1	175	188	34.0	19.0
237	rna-XM_019475325.1	XM_019475325.1	180	183	27.0	19.0
238	rna-XM_019475325.1	XM_019475325.1	184	179	27.0	19.0
239	rna-XM_019475325.1	XM_019475325.1	186	177	20.0	19.0
240	rna-XM_019475326.1	XM_019475326.1	520	41	22.0	19.0
241	rna-XM_019475326.1	XM_019475326.1	541	20	23.0	19.0
242	rna-XM_019475328.1	XM_019475328.1	188	250	49.0	19.0
243	rna-XM_019475328.1	XM_019475328.1	238	200	58.0	19.0
244	rna-XM_019475328.1	XM_019475328.1	239	199	20.0	19.0
245	rna-XM_019475328.1	XM_019475328.1	277	161	25.0	19.0
246	rna-XM_019475328.1	XM_019475328.1	318	120	28.0	19.0
247	rna-XM_019475328.1	XM_019475328.1	322	116	24.0	19.0
248	rna-XM_019475328.1	XM_019475328.1	387	51	22.0	19.0
249	rna-XM_019475328.1	XM_019475328.1	388	50	20.0	19.0
250	rna-XM_019475328.1	XM_019475328.1	418	20	43.0	19.0
251	rna-XM_019475329.1	XM_019475329.1	516	270	29.0	19.0
252	rna-XM_019475329.1	XM_019475329.1	550	236	36.0	19.0
253	rna-XM_019475329.1	XM_019475329.1	607	179	22.0	19.0
254	rna-XM_019475329.1	XM_019475329.1	726	60	28.0	19.0
255	rna-XM_019475329.1	XM_019475329.1	732	54	29.0	19.0
256	rna-XM_019475329.1	XM_019475329.1	765	21	102.0	19.0
257	rna-XM_019475329.1	XM_019475329.1	766	20	22.0	19.0
258	rna-XM_019475329.1	XM_019475329.1	769	17	26.0	19.0
259	rna-XM_711497.1	XM_711497.1	2026	230	28.0	19.0
260	rna-XM_019475331.1	XM_019475331.1	1048	191	41.0	19.0
261	rna-XM_019475331.1	XM_019475331.1	1080	159	20.0	19.0
262	rna-XM_019475338.1	XM_019475338.1	174	33	39.0	19.0
263	rna-XM_714816.1	XM_714816.1	726	282	42.0	19.0
264	rna-XM_714816.1	XM_714816.1	727	281	24.0	19.0
265	rna-XM_714816.1	XM_714816.1	732	276	20.0	19.0
266	rna-XM_714816.1	XM_714816.1	764	244	20.0	19.0
267	rna-XM_714816.1	XM_714816.1	771	237	21.0	19.0
268	rna-XM_714816.1	XM_714816.1	772	236	20.0	19.0
269	rna-XM_714816.1	XM_714816.1	776	232	25.0	19.0
270	rna-XM_714816.1	XM_714816.1	783	225	20.0	19.0
271	rna-XM_714816.1	XM_714816.1	789	219	20.0	19.0
272	rna-XM_714816.1	XM_714816.1	811	197	24.0	19.0
273	rna-XM_714816.1	XM_714816.1	829	179	21.0	19.0
274	rna-XM_714816.1	XM_714816.1	853	155	28.0	19.0
275	rna-XM_714816.1	XM_714816.1	876	132	28.0	19.0
276	rna-XM_714816.1	XM_714816.1	877	131	24.0	19.0
277	rna-XM_714816.1	XM_714816.1	906	102	21.0	19.0
278	rna-XM_714816.1	XM_714816.1	924	84	20.0	19.0
279	rna-XM_714816.1	XM_714816.1	927	81	21.0	19.0
280	rna-XM_714816.1	XM_714816.1	929	79	23.0	19.0
281	rna-XM_714816.1	XM_714816.1	930	78	34.0	19.0
282	rna-XM_714816.1	XM_714816.1	931	77	31.0	19.0
283	rna-XM_714816.1	XM_714816.1	933	75	21.0	19.0
284	rna-XM_714816.1	XM_714816.1	935	73	22.0	19.0
285	rna-XM_714816.1	XM_714816.1	946	62	23.0	19.0
286	rna-XM_714816.1	XM_714816.1	955	53	20.0	19.0
287	rna-XM_714816.1	XM_714816.1	956	52	20.0	19.0
288	rna-XM_714816.1	XM_714816.1	957	51	23.0	19.0
289	rna-XM_714816.1	XM_714816.1	958	50	30.0	19.0
290	rna-XM_714816.1	XM_714816.1	960	48	36.0	19.0
291	rna-XM_714816.1	XM_714816.1	962	46	26.0	19.0
292	rna-XM_714816.1	XM_714816.1	963	45	21.0	19.0
293	rna-XM_714816.1	XM_714816.1	968	40	25.0	19.0
294	rna-XM_714816.1	XM_714816.1	969	39	27.0	19.0
295	rna-XM_714816.1	XM_714816.1	970	38	26.0	19.0
296	rna-XM_714816.1	XM_714816.1	971	37	31.0	19.0
297	rna-XM_714816.1	XM_714816.1	972	36	22.0	19.0
298	rna-XM_714816.1	XM_714816.1	973	35	35.0	19.0
299	rna-XM_714816.1	XM_714816.1	978	30	26.0	19.0
300	rna-XM_714816.1	XM_714816.1	987	21	28.0	19.0
301	rna-XM_714816.1	XM_714816.1	990	18	27.0	19.0
302	rna-XM_714811.1	XM_714811.1	695	274	26.0	19.0
303	rna-XM_714788.1	XM_714788.1	55	377	23.0	19.0
304	rna-XM_714788.1	XM_714788.1	255	177	20.0	19.0
305	rna-XM_708236.1	XM_708236.1	220	389	75.0	19.0
306	rna-XM_019475352.1	XM_019475352.1	1248	267	22.0	19.0
307	rna-XM_707552.1	XM_707552.1	319	311	23.0	19.0
308	rna-XM_717670.1	XM_717670.1	1245	21	46.0	19.0
309	rna-XM_717661.2	XM_717661.2	3583	20	21.0	19.0
310	rna-XM_019475359.1	XM_019475359.1	64	167	20.0	19.0
311	rna-XM_019475359.1	XM_019475359.1	210	21	20.0	19.0
312	rna-XM_019475360.1	XM_019475360.1	241	470	25.0	19.0
313	rna-XM_019475360.1	XM_019475360.1	261	450	54.0	19.0
314	rna-XM_019475360.1	XM_019475360.1	279	432	41.0	19.0
315	rna-XM_019475360.1	XM_019475360.1	306	405	26.0	19.0
316	rna-XM_019475360.1	XM_019475360.1	315	396	26.0	19.0
317	rna-XM_019475360.1	XM_019475360.1	330	381	55.0	19.0
318	rna-XM_019475360.1	XM_019475360.1	333	378	43.0	19.0
319	rna-XM_019475360.1	XM_019475360.1	334	377	22.0	19.0
320	rna-XM_019475360.1	XM_019475360.1	342	369	30.0	19.0
321	rna-XM_019475360.1	XM_019475360.1	343	368	25.0	19.0
322	rna-XM_019475360.1	XM_019475360.1	346	365	24.0	19.0
323	rna-XM_019475360.1	XM_019475360.1	357	354	36.0	19.0
324	rna-XM_019475360.1	XM_019475360.1	369	342	30.0	19.0
325	rna-XM_019475360.1	XM_019475360.1	370	341	20.0	19.0
326	rna-XM_019475360.1	XM_019475360.1	372	339	23.0	19.0
327	rna-XM_019475360.1	XM_019475360.1	378	333	49.0	19.0
328	rna-XM_019475360.1	XM_019475360.1	384	327	28.0	19.0
329	rna-XM_019475360.1	XM_019475360.1	385	326	21.0	19.0
330	rna-XM_019475360.1	XM_019475360.1	387	324	67.0	19.0
331	rna-XM_019475360.1	XM_019475360.1	388	323	70.0	19.0
332	rna-XM_019475360.1	XM_019475360.1	390	321	29.0	19.0
333	rna-XM_019475360.1	XM_019475360.1	392	319	22.0	19.0
334	rna-XM_019475360.1	XM_019475360.1	393	318	21.0	19.0
335	rna-XM_019475360.1	XM_019475360.1	395	316	24.0	19.0
336	rna-XM_019475360.1	XM_019475360.1	396	315	48.0	19.0
337	rna-XM_019475360.1	XM_019475360.1	397	314	32.0	19.0
338	rna-XM_019475360.1	XM_019475360.1	399	312	36.0	19.0
339	rna-XM_019475360.1	XM_019475360.1	401	310	25.0	19.0
340	rna-XM_019475360.1	XM_019475360.1	408	303	20.0	19.0
341	rna-XM_019475360.1	XM_019475360.1	411	300	40.0	19.0
342	rna-XM_019475360.1	XM_019475360.1	412	299	25.0	19.0
343	rna-XM_019475360.1	XM_019475360.1	414	297	35.0	19.0
344	rna-XM_019475360.1	XM_019475360.1	415	296	34.0	19.0
345	rna-XM_019475360.1	XM_019475360.1	416	295	30.0	19.0
346	rna-XM_019475360.1	XM_019475360.1	417	294	30.0	19.0
347	rna-XM_019475360.1	XM_019475360.1	418	293	32.0	19.0
348	rna-XM_019475360.1	XM_019475360.1	420	291	34.0	19.0
349	rna-XM_019475360.1	XM_019475360.1	421	290	29.0	19.0
350	rna-XM_019475360.1	XM_019475360.1	423	288	21.0	19.0
351	rna-XM_019475360.1	XM_019475360.1	424	287	29.0	19.0
352	rna-XM_019475360.1	XM_019475360.1	425	286	22.0	19.0
353	rna-XM_019475360.1	XM_019475360.1	426	285	23.0	19.0
354	rna-XM_019475360.1	XM_019475360.1	428	283	22.0	19.0
355	rna-XM_019475360.1	XM_019475360.1	429	282	58.0	19.0
356	rna-XM_019475360.1	XM_019475360.1	430	281	62.0	19.0
357	rna-XM_019475360.1	XM_019475360.1	431	280	23.0	19.0
358	rna-XM_019475360.1	XM_019475360.1	432	279	45.0	19.0
359	rna-XM_019475360.1	XM_019475360.1	433	278	42.0	19.0
360	rna-XM_019475360.1	XM_019475360.1	436	275	23.0	19.0
361	rna-XM_019475360.1	XM_019475360.1	441	270	33.0	19.0
362	rna-XM_019475360.1	XM_019475360.1	444	267	24.0	19.0
363	rna-XM_019475360.1	XM_019475360.1	445	266	27.0	19.0
364	rna-XM_019475360.1	XM_019475360.1	453	258	21.0	19.0
365	rna-XM_019475360.1	XM_019475360.1	456	255	39.0	19.0
366	rna-XM_019475360.1	XM_019475360.1	462	249	27.0	19.0
367	rna-XM_019475360.1	XM_019475360.1	465	246	54.0	19.0
368	rna-XM_019475360.1	XM_019475360.1	466	245	50.0	19.0
369	rna-XM_019475360.1	XM_019475360.1	477	234	22.0	19.0
370	rna-XM_019475360.1	XM_019475360.1	486	225	29.0	19.0
371	rna-XM_019475360.1	XM_019475360.1	501	210	23.0	19.0
372	rna-XM_019475360.1	XM_019475360.1	504	207	20.0	19.0
373	rna-XM_019475360.1	XM_019475360.1	507	204	24.0	19.0
374	rna-XM_019475360.1	XM_019475360.1	513	198	20.0	19.0
375	rna-XM_019475360.1	XM_019475360.1	522	189	23.0	19.0
376	rna-XM_019475360.1	XM_019475360.1	540	171	24.0	19.0
377	rna-XM_019475360.1	XM_019475360.1	549	162	31.0	19.0
378	rna-XM_019475360.1	XM_019475360.1	550	161	43.0	19.0
379	rna-XM_019475360.1	XM_019475360.1	567	144	23.0	19.0
380	rna-XM_019475360.1	XM_019475360.1	585	126	22.0	19.0
381	rna-XM_019475360.1	XM_019475360.1	598	113	20.0	19.0
382	rna-XM_019475360.1	XM_019475360.1	628	83	20.0	19.0
383	rna-XM_717611.1	XM_717611.1	336	183	37.0	19.0
384	rna-XM_717611.1	XM_717611.1	337	182	25.0	19.0
385	rna-XM_717610.1	XM_717610.1	748	218	20.0	19.0
386	rna-XM_717610.1	XM_717610.1	754	212	21.0	19.0
387	rna-XM_717610.1	XM_717610.1	785	181	20.0	19.0
388	rna-XM_717597.2	XM_717597.2	692	388	21.0	19.0
389	rna-XM_717597.2	XM_717597.2	702	378	26.0	19.0
390	rna-XM_717597.2	XM_717597.2	703	377	23.0	19.0
391	rna-XM_717597.2	XM_717597.2	705	375	21.0	19.0
392	rna-XM_717597.2	XM_717597.2	711	369	26.0	19.0
393	rna-XM_717597.2	XM_717597.2	712	368	28.0	19.0
394	rna-XM_717597.2	XM_717597.2	714	366	21.0	19.0
395	rna-XM_717597.2	XM_717597.2	716	364	20.0	19.0
396	rna-XM_717597.2	XM_717597.2	725	355	20.0	19.0
397	rna-XM_717597.2	XM_717597.2	747	333	20.0	19.0
398	rna-XM_717597.2	XM_717597.2	749	331	27.0	19.0
399	rna-XM_717597.2	XM_717597.2	751	329	31.0	19.0
400	rna-XM_717597.2	XM_717597.2	753	327	25.0	19.0
401	rna-XM_717597.2	XM_717597.2	754	326	21.0	19.0
402	rna-XM_717597.2	XM_717597.2	765	315	25.0	19.0
403	rna-XM_717597.2	XM_717597.2	770	310	25.0	19.0
404	rna-XM_717597.2	XM_717597.2	772	308	21.0	19.0
405	rna-XM_717597.2	XM_717597.2	774	306	41.0	19.0
406	rna-XM_717597.2	XM_717597.2	775	305	50.0	19.0
407	rna-XM_717597.2	XM_717597.2	778	302	27.0	19.0
408	rna-XM_717597.2	XM_717597.2	779	301	21.0	19.0
409	rna-XM_717597.2	XM_717597.2	780	300	33.0	19.0
410	rna-XM_717597.2	XM_717597.2	781	299	48.0	19.0
411	rna-XM_717597.2	XM_717597.2	783	297	37.0	19.0
412	rna-XM_717597.2	XM_717597.2	784	296	38.0	19.0
413	rna-XM_717597.2	XM_717597.2	786	294	20.0	19.0
414	rna-XM_717597.2	XM_717597.2	789	291	27.0	19.0
415	rna-XM_717597.2	XM_717597.2	790	290	35.0	19.0
416	rna-XM_717597.2	XM_717597.2	792	288	28.0	19.0
417	rna-XM_717597.2	XM_717597.2	793	287	44.0	19.0
418	rna-XM_717597.2	XM_717597.2	796	284	24.0	19.0
419	rna-XM_717597.2	XM_717597.2	797	283	21.0	19.0
420	rna-XM_717597.2	XM_717597.2	798	282	21.0	19.0
421	rna-XM_717597.2	XM_717597.2	799	281	36.0	19.0
422	rna-XM_717597.2	XM_717597.2	800	280	20.0	19.0
423	rna-XM_717597.2	XM_717597.2	801	279	20.0	19.0
424	rna-XM_717597.2	XM_717597.2	802	278	26.0	19.0
425	rna-XM_717597.2	XM_717597.2	803	277	23.0	19.0
426	rna-XM_717597.2	XM_717597.2	805	275	30.0	19.0
427	rna-XM_717597.2	XM_717597.2	806	274	25.0	19.0
428	rna-XM_717597.2	XM_717597.2	807	273	42.0	19.0
429	rna-XM_717597.2	XM_717597.2	809	271	24.0	19.0
430	rna-XM_717597.2	XM_717597.2	811	269	25.0	19.0
431	rna-XM_717597.2	XM_717597.2	812	268	32.0	19.0
432	rna-XM_717597.2	XM_717597.2	814	266	24.0	19.0
433	rna-XM_717597.2	XM_717597.2	815	265	21.0	19.0
434	rna-XM_717597.2	XM_717597.2	817	263	28.0	19.0
435	rna-XM_717597.2	XM_717597.2	820	260	24.0	19.0
436	rna-XM_717597.2	XM_717597.2	821	259	32.0	19.0
437	rna-XM_717597.2	XM_717597.2	822	258	32.0	19.0
438	rna-XM_717597.2	XM_717597.2	823	257	33.0	19.0
439	rna-XM_717597.2	XM_717597.2	824	256	24.0	19.0
440	rna-XM_717597.2	XM_717597.2	825	255	31.0	19.0
441	rna-XM_717597.2	XM_717597.2	826	254	27.0	19.0
442	rna-XM_717597.2	XM_717597.2	827	253	32.0	19.0
443	rna-XM_717597.2	XM_717597.2	828	252	24.0	19.0
444	rna-XM_717597.2	XM_717597.2	829	251	25.0	19.0
445	rna-XM_717597.2	XM_717597.2	830	250	24.0	19.0
446	rna-XM_717597.2	XM_717597.2	832	248	28.0	19.0
447	rna-XM_717597.2	XM_717597.2	833	247	26.0	19.0
448	rna-XM_717597.2	XM_717597.2	834	246	49.0	19.0
449	rna-XM_717597.2	XM_717597.2	835	245	27.0	19.0
450	rna-XM_717597.2	XM_717597.2	836	244	23.0	19.0
451	rna-XM_717597.2	XM_717597.2	837	243	39.0	19.0
452	rna-XM_717597.2	XM_717597.2	838	242	43.0	19.0
453	rna-XM_717597.2	XM_717597.2	839	241	25.0	19.0
454	rna-XM_717597.2	XM_717597.2	840	240	36.0	19.0
455	rna-XM_717597.2	XM_717597.2	841	239	41.0	19.0
456	rna-XM_717597.2	XM_717597.2	842	238	32.0	19.0
457	rna-XM_717597.2	XM_717597.2	843	237	25.0	19.0
458	rna-XM_717597.2	XM_717597.2	844	236	30.0	19.0
459	rna-XM_717597.2	XM_717597.2	845	235	23.0	19.0
460	rna-XM_717597.2	XM_717597.2	846	234	30.0	19.0
461	rna-XM_717597.2	XM_717597.2	847	233	41.0	19.0
462	rna-XM_717597.2	XM_717597.2	848	232	29.0	19.0
463	rna-XM_717597.2	XM_717597.2	850	230	29.0	19.0
464	rna-XM_717597.2	XM_717597.2	852	228	36.0	19.0
465	rna-XM_717597.2	XM_717597.2	853	227	40.0	19.0
466	rna-XM_717597.2	XM_717597.2	854	226	26.0	19.0
467	rna-XM_717597.2	XM_717597.2	855	225	53.0	19.0
468	rna-XM_717597.2	XM_717597.2	856	224	27.0	19.0
469	rna-XM_717597.2	XM_717597.2	857	223	20.0	19.0
470	rna-XM_717597.2	XM_717597.2	858	222	26.0	19.0
471	rna-XM_717597.2	XM_717597.2	859	221	35.0	19.0
472	rna-XM_717597.2	XM_717597.2	861	219	32.0	19.0
473	rna-XM_717597.2	XM_717597.2	862	218	26.0	19.0
474	rna-XM_717597.2	XM_717597.2	864	216	26.0	19.0
475	rna-XM_717597.2	XM_717597.2	865	215	26.0	19.0
476	rna-XM_717597.2	XM_717597.2	866	214	24.0	19.0
477	rna-XM_717597.2	XM_717597.2	867	213	41.0	19.0
478	rna-XM_717597.2	XM_717597.2	868	212	30.0	19.0
479	rna-XM_717597.2	XM_717597.2	869	211	25.0	19.0
480	rna-XM_717597.2	XM_717597.2	870	210	46.0	19.0
481	rna-XM_717597.2	XM_717597.2	871	209	44.0	19.0
482	rna-XM_717597.2	XM_717597.2	872	208	29.0	19.0
483	rna-XM_717597.2	XM_717597.2	873	207	30.0	19.0
484	rna-XM_717597.2	XM_717597.2	874	206	20.0	19.0
485	rna-XM_717597.2	XM_717597.2	875	205	34.0	19.0
486	rna-XM_717597.2	XM_717597.2	876	204	34.0	19.0
487	rna-XM_717597.2	XM_717597.2	877	203	27.0	19.0
488	rna-XM_717597.2	XM_717597.2	878	202	22.0	19.0
489	rna-XM_717597.2	XM_717597.2	879	201	28.0	19.0
490	rna-XM_717597.2	XM_717597.2	880	200	31.0	19.0
491	rna-XM_717597.2	XM_717597.2	881	199	28.0	19.0
492	rna-XM_717597.2	XM_717597.2	882	198	36.0	19.0
493	rna-XM_717597.2	XM_717597.2	883	197	39.0	19.0
494	rna-XM_717597.2	XM_717597.2	884	196	34.0	19.0
495	rna-XM_717597.2	XM_717597.2	885	195	49.0	19.0
496	rna-XM_717597.2	XM_717597.2	886	194	104.0	19.0
497	rna-XM_717597.2	XM_717597.2	887	193	37.0	19.0
498	rna-XM_717597.2	XM_717597.2	888	192	33.0	19.0
499	rna-XM_717597.2	XM_717597.2	889	191	31.0	19.0
500	rna-XM_717597.2	XM_717597.2	891	189	37.0	19.0
501	rna-XM_717597.2	XM_717597.2	892	188	30.0	19.0
502	rna-XM_717597.2	XM_717597.2	893	187	30.0	19.0
503	rna-XM_717597.2	XM_717597.2	894	186	20.0	19.0
504	rna-XM_717597.2	XM_717597.2	895	185	33.0	19.0
505	rna-XM_717597.2	XM_717597.2	897	183	43.0	19.0
506	rna-XM_717597.2	XM_717597.2	898	182	44.0	19.0
507	rna-XM_717597.2	XM_717597.2	899	181	34.0	19.0
508	rna-XM_717597.2	XM_717597.2	900	180	39.0	19.0
509	rna-XM_717597.2	XM_717597.2	901	179	26.0	19.0
510	rna-XM_717597.2	XM_717597.2	902	178	28.0	19.0
511	rna-XM_717597.2	XM_717597.2	903	177	24.0	19.0
512	rna-XM_717597.2	XM_717597.2	905	175	31.0	19.0
513	rna-XM_717597.2	XM_717597.2	906	174	33.0	19.0
514	rna-XM_717597.2	XM_717597.2	907	173	30.0	19.0
515	rna-XM_717597.2	XM_717597.2	908	172	23.0	19.0
516	rna-XM_717597.2	XM_717597.2	909	171	25.0	19.0
517	rna-XM_717597.2	XM_717597.2	910	170	27.0	19.0
518	rna-XM_717597.2	XM_717597.2	912	168	38.0	19.0
519	rna-XM_717597.2	XM_717597.2	913	167	22.0	19.0
520	rna-XM_717597.2	XM_717597.2	914	166	21.0	19.0
521	rna-XM_717597.2	XM_717597.2	915	165	26.0	19.0
522	rna-XM_717597.2	XM_717597.2	917	163	20.0	19.0
523	rna-XM_717597.2	XM_717597.2	918	162	31.0	19.0
524	rna-XM_717597.2	XM_717597.2	919	161	22.0	19.0
525	rna-XM_717597.2	XM_717597.2	921	159	25.0	19.0
526	rna-XM_717597.2	XM_717597.2	925	155	27.0	19.0
527	rna-XM_717597.2	XM_717597.2	927	153	36.0	19.0
528	rna-XM_717597.2	XM_717597.2	928	152	28.0	19.0
529	rna-XM_717597.2	XM_717597.2	951	129	20.0	19.0
530	rna-XM_717597.2	XM_717597.2	955	125	21.0	19.0
531	rna-XM_717597.2	XM_717597.2	964	116	23.0	19.0
532	rna-XM_717597.2	XM_717597.2	980	100	21.0	19.0
533	rna-XM_717597.2	XM_717597.2	981	99	27.0	19.0
534	rna-XM_717597.2	XM_717597.2	987	93	23.0	19.0
535	rna-XM_717597.2	XM_717597.2	988	92	21.0	19.0
536	rna-XM_717597.2	XM_717597.2	996	84	20.0	19.0
537	rna-XM_715424.2	XM_715424.2	76	266	25.0	19.0
538	rna-XM_715424.2	XM_715424.2	195	147	36.0	19.0
539	rna-XM_715424.2	XM_715424.2	196	146	27.0	19.0
540	rna-XM_715424.2	XM_715424.2	201	141	174.0	19.0
541	rna-XM_715424.2	XM_715424.2	283	59	60.0	19.0
542	rna-XM_715414.2	XM_715414.2	756	243	21.0	19.0
543	rna-XM_019475383.1	XM_019475383.1	252	390	22.0	19.0
544	rna-XM_019475383.1	XM_019475383.1	265	377	20.0	19.0
545	rna-XM_019475383.1	XM_019475383.1	297	345	31.0	19.0
546	rna-XM_019475383.1	XM_019475383.1	378	264	24.0	19.0
547	rna-XM_019475383.1	XM_019475383.1	390	252	36.0	19.0
548	rna-XM_712101.2	XM_712101.2	447	21	27.0	19.0
549	rna-XM_019475384.1	XM_019475384.1	198	123	20.0	19.0
550	rna-XM_705028.2	XM_705028.2	5330	1099	33.0	19.0
551	rna-XM_710440.1	XM_710440.1	654	1050	22.0	19.0
552	rna-XM_710440.1	XM_710440.1	677	1027	21.0	19.0
553	rna-XM_710440.1	XM_710440.1	700	1004	20.0	19.0
554	rna-XM_710440.1	XM_710440.1	715	989	22.0	19.0
555	rna-XM_710440.1	XM_710440.1	722	982	28.0	19.0
556	rna-XM_710440.1	XM_710440.1	726	978	24.0	19.0
557	rna-XM_710440.1	XM_710440.1	730	974	22.0	19.0
558	rna-XM_710440.1	XM_710440.1	735	969	26.0	19.0
559	rna-XM_710440.1	XM_710440.1	743	961	24.0	19.0
560	rna-XM_710440.1	XM_710440.1	744	960	22.0	19.0
561	rna-XM_710440.1	XM_710440.1	745	959	22.0	19.0
562	rna-XM_710440.1	XM_710440.1	748	956	24.0	19.0
563	rna-XM_710440.1	XM_710440.1	749	955	20.0	19.0
564	rna-XM_710440.1	XM_710440.1	760	944	24.0	19.0
565	rna-XM_710440.1	XM_710440.1	762	942	25.0	19.0
566	rna-XM_710440.1	XM_710440.1	763	941	25.0	19.0
567	rna-XM_710440.1	XM_710440.1	766	938	26.0	19.0
568	rna-XM_710440.1	XM_710440.1	767	937	37.0	19.0
569	rna-XM_710440.1	XM_710440.1	768	936	24.0	19.0
570	rna-XM_710440.1	XM_710440.1	769	935	20.0	19.0
571	rna-XM_710440.1	XM_710440.1	770	934	21.0	19.0
572	rna-XM_710440.1	XM_710440.1	771	933	23.0	19.0
573	rna-XM_710440.1	XM_710440.1	772	932	24.0	19.0
574	rna-XM_710440.1	XM_710440.1	773	931	26.0	19.0
575	rna-XM_710440.1	XM_710440.1	774	930	22.0	19.0
576	rna-XM_710440.1	XM_710440.1	775	929	27.0	19.0
577	rna-XM_710440.1	XM_710440.1	776	928	26.0	19.0
578	rna-XM_710440.1	XM_710440.1	778	926	25.0	19.0
579	rna-XM_710440.1	XM_710440.1	779	925	20.0	19.0
580	rna-XM_710440.1	XM_710440.1	788	916	24.0	19.0
581	rna-XM_710440.1	XM_710440.1	790	914	22.0	19.0
582	rna-XM_710440.1	XM_710440.1	796	908	25.0	19.0
583	rna-XM_710440.1	XM_710440.1	803	901	23.0	19.0
584	rna-XM_710440.1	XM_710440.1	807	897	25.0	19.0
585	rna-XM_710440.1	XM_710440.1	809	895	21.0	19.0
586	rna-XM_710440.1	XM_710440.1	813	891	31.0	19.0
587	rna-XM_710440.1	XM_710440.1	814	890	44.0	19.0
588	rna-XM_710440.1	XM_710440.1	815	889	28.0	19.0
589	rna-XM_710440.1	XM_710440.1	816	888	24.0	19.0
590	rna-XM_710440.1	XM_710440.1	817	887	24.0	19.0
591	rna-XM_710440.1	XM_710440.1	819	885	21.0	19.0
592	rna-XM_710440.1	XM_710440.1	820	884	30.0	19.0
593	rna-XM_710440.1	XM_710440.1	821	883	21.0	19.0
594	rna-XM_710440.1	XM_710440.1	823	881	23.0	19.0
595	rna-XM_710440.1	XM_710440.1	825	879	27.0	19.0
596	rna-XM_710440.1	XM_710440.1	826	878	30.0	19.0
597	rna-XM_710440.1	XM_710440.1	827	877	33.0	19.0
598	rna-XM_710440.1	XM_710440.1	828	876	35.0	19.0
599	rna-XM_710440.1	XM_710440.1	830	874	27.0	19.0
600	rna-XM_710440.1	XM_710440.1	832	872	23.0	19.0
601	rna-XM_710440.1	XM_710440.1	833	871	20.0	19.0
602	rna-XM_710440.1	XM_710440.1	835	869	24.0	19.0
603	rna-XM_710440.1	XM_710440.1	836	868	22.0	19.0
604	rna-XM_710440.1	XM_710440.1	837	867	21.0	19.0
605	rna-XM_710440.1	XM_710440.1	839	865	26.0	19.0
606	rna-XM_710440.1	XM_710440.1	849	855	22.0	19.0
607	rna-XM_710440.1	XM_710440.1	852	852	20.0	19.0
608	rna-XM_710440.1	XM_710440.1	858	846	23.0	19.0
609	rna-XM_710440.1	XM_710440.1	866	838	23.0	19.0
610	rna-XM_710440.1	XM_710440.1	868	836	21.0	19.0
611	rna-XM_710440.1	XM_710440.1	870	834	23.0	19.0
612	rna-XM_710440.1	XM_710440.1	873	831	24.0	19.0
613	rna-XM_710440.1	XM_710440.1	877	827	22.0	19.0
614	rna-XM_710440.1	XM_710440.1	889	815	20.0	19.0
615	rna-XM_710440.1	XM_710440.1	890	814	21.0	19.0
616	rna-XM_710440.1	XM_710440.1	897	807	23.0	19.0
617	rna-XM_710440.1	XM_710440.1	900	804	24.0	19.0
618	rna-XM_710440.1	XM_710440.1	904	800	25.0	19.0
619	rna-XM_710440.1	XM_710440.1	940	764	25.0	19.0
620	rna-XM_710440.1	XM_710440.1	1445	259	25.0	19.0
621	rna-XM_710440.1	XM_710440.1	1479	225	24.0	19.0
622	rna-XM_710440.1	XM_710440.1	1485	219	26.0	19.0
623	rna-XM_710440.1	XM_710440.1	1486	218	24.0	19.0
624	rna-XM_710440.1	XM_710440.1	1488	216	33.0	19.0
625	rna-XM_710440.1	XM_710440.1	1491	213	24.0	19.0
626	rna-XM_710440.1	XM_710440.1	1492	212	20.0	19.0
627	rna-XM_710440.1	XM_710440.1	1495	209	22.0	19.0
628	rna-XM_710440.1	XM_710440.1	1499	205	22.0	19.0
629	rna-XM_710440.1	XM_710440.1	1506	198	22.0	19.0
630	rna-XM_710440.1	XM_710440.1	1509	195	29.0	19.0
631	rna-XM_710440.1	XM_710440.1	1510	194	30.0	19.0
632	rna-XM_710440.1	XM_710440.1	1511	193	23.0	19.0
633	rna-XM_710440.1	XM_710440.1	1512	192	37.0	19.0
634	rna-XM_710440.1	XM_710440.1	1513	191	33.0	19.0
635	rna-XM_710440.1	XM_710440.1	1514	190	28.0	19.0
636	rna-XM_710440.1	XM_710440.1	1515	189	28.0	19.0
637	rna-XM_710440.1	XM_710440.1	1516	188	43.0	19.0
638	rna-XM_710440.1	XM_710440.1	1517	187	24.0	19.0
639	rna-XM_710440.1	XM_710440.1	1518	186	45.0	19.0
640	rna-XM_710440.1	XM_710440.1	1519	185	42.0	19.0
641	rna-XM_710440.1	XM_710440.1	1520	184	34.0	19.0
642	rna-XM_710440.1	XM_710440.1	1521	183	22.0	19.0
643	rna-XM_710440.1	XM_710440.1	1522	182	34.0	19.0
644	rna-XM_710440.1	XM_710440.1	1523	181	46.0	19.0
645	rna-XM_710440.1	XM_710440.1	1524	180	59.0	19.0
646	rna-XM_710440.1	XM_710440.1	1525	179	54.0	19.0
647	rna-XM_710440.1	XM_710440.1	1526	178	36.0	19.0
648	rna-XM_710440.1	XM_710440.1	1527	177	48.0	19.0
649	rna-XM_710440.1	XM_710440.1	1528	176	38.0	19.0
650	rna-XM_710440.1	XM_710440.1	1530	174	27.0	19.0
651	rna-XM_710440.1	XM_710440.1	1531	173	50.0	19.0
652	rna-XM_710440.1	XM_710440.1	1532	172	25.0	19.0
653	rna-XM_710440.1	XM_710440.1	1533	171	40.0	19.0
654	rna-XM_710440.1	XM_710440.1	1534	170	27.0	19.0
655	rna-XM_710440.1	XM_710440.1	1535	169	27.0	19.0
656	rna-XM_710440.1	XM_710440.1	1536	168	29.0	19.0
657	rna-XM_710440.1	XM_710440.1	1537	167	20.0	19.0
658	rna-XM_710440.1	XM_710440.1	1538	166	24.0	19.0
659	rna-XM_710440.1	XM_710440.1	1539	165	31.0	19.0
660	rna-XM_710440.1	XM_710440.1	1540	164	34.0	19.0
661	rna-XM_710440.1	XM_710440.1	1541	163	21.0	19.0
662	rna-XM_710440.1	XM_710440.1	1543	161	21.0	19.0
663	rna-XM_710440.1	XM_710440.1	1545	159	34.0	19.0
664	rna-XM_710440.1	XM_710440.1	1546	158	21.0	19.0
665	rna-XM_710440.1	XM_710440.1	1548	156	81.0	19.0
666	rna-XM_710440.1	XM_710440.1	1549	155	35.0	19.0
667	rna-XM_710440.1	XM_710440.1	1551	153	38.0	19.0
668	rna-XM_710440.1	XM_710440.1	1552	152	24.0	19.0
669	rna-XM_710440.1	XM_710440.1	1555	149	38.0	19.0
670	rna-XM_710440.1	XM_710440.1	1557	147	22.0	19.0
671	rna-XM_710440.1	XM_710440.1	1558	146	20.0	19.0
672	rna-XM_710440.1	XM_710440.1	1559	145	26.0	19.0
673	rna-XM_710440.1	XM_710440.1	1560	144	30.0	19.0
674	rna-XM_710440.1	XM_710440.1	1561	143	28.0	19.0
675	rna-XM_710440.1	XM_710440.1	1566	138	23.0	19.0
676	rna-XM_710440.1	XM_710440.1	1567	137	20.0	19.0
677	rna-XM_710440.1	XM_710440.1	1570	134	22.0	19.0
678	rna-XM_710440.1	XM_710440.1	1575	129	21.0	19.0
679	rna-XM_710440.1	XM_710440.1	1577	127	20.0	19.0
680	rna-XM_710440.1	XM_710440.1	1581	123	40.0	19.0
681	rna-XM_710440.1	XM_710440.1	1582	122	28.0	19.0
682	rna-XM_710440.1	XM_710440.1	1584	120	35.0	19.0
683	rna-XM_710440.1	XM_710440.1	1585	119	23.0	19.0
684	rna-XM_710440.1	XM_710440.1	1587	117	42.0	19.0
685	rna-XM_710440.1	XM_710440.1	1590	114	41.0	19.0
686	rna-XM_710440.1	XM_710440.1	1600	104	21.0	19.0
687	rna-XM_710440.1	XM_710440.1	1601	103	26.0	19.0
688	rna-XM_710440.1	XM_710440.1	1602	102	24.0	19.0
689	rna-XM_710440.1	XM_710440.1	1603	101	20.0	19.0
690	rna-XM_710440.1	XM_710440.1	1604	100	21.0	19.0
691	rna-XM_710440.1	XM_710440.1	1605	99	30.0	19.0
692	rna-XM_710440.1	XM_710440.1	1606	98	22.0	19.0
693	rna-XM_710440.1	XM_710440.1	1608	96	20.0	19.0
694	rna-XM_710440.1	XM_710440.1	1609	95	23.0	19.0
695	rna-XM_710440.1	XM_710440.1	1611	93	32.0	19.0
696	rna-XM_710440.1	XM_710440.1	1614	90	20.0	19.0
697	rna-XM_710440.1	XM_710440.1	1638	66	20.0	19.0
698	rna-XM_710440.1	XM_710440.1	1650	54	23.0	19.0
699	rna-XM_710440.1	XM_710440.1	1653	51	32.0	19.0
700	rna-XM_710440.1	XM_710440.1	1654	50	24.0	19.0
701	rna-XM_710440.1	XM_710440.1	1683	21	58.0	19.0
702	rna-XM_710304.1	XM_710304.1	69	513	65.0	19.0
703	rna-XM_710304.1	XM_710304.1	80	502	21.0	19.0
704	rna-XM_710304.1	XM_710304.1	81	501	81.0	19.0
705	rna-XM_710304.1	XM_710304.1	85	497	85.0	19.0
706	rna-XM_710304.1	XM_710304.1	86	496	21.0	19.0
707	rna-XM_710304.1	XM_710304.1	346	236	43.0	19.0
708	rna-XM_710304.1	XM_710304.1	347	235	52.0	19.0
709	rna-XM_710304.1	XM_710304.1	349	233	112.0	19.0
710	rna-XM_710304.1	XM_710304.1	350	232	77.0	19.0
711	rna-XM_710304.1	XM_710304.1	352	230	22.0	19.0
712	rna-XM_710304.1	XM_710304.1	416	166	24.0	19.0
713	rna-XM_705430.2	XM_705430.2	0	1644	30.0	19.0
714	rna-XM_711714.1	XM_711714.1	313	902	20.0	19.0
715	rna-XM_711697.1	XM_711697.1	360	129	23.0	19.0
716	rna-XM_019475409.1	XM_019475409.1	168	375	31.0	19.0
717	rna-XM_706264.2	XM_706264.2	2679	474	21.0	19.0
718	rna-XM_706264.2	XM_706264.2	2745	408	20.0	19.0
719	rna-XM_706264.2	XM_706264.2	2748	405	22.0	19.0
720	rna-XM_706264.2	XM_706264.2	2757	396	36.0	19.0
721	rna-XM_706264.2	XM_706264.2	2758	395	47.0	19.0
722	rna-XM_706264.2	XM_706264.2	2769	384	39.0	19.0
723	rna-XM_706264.2	XM_706264.2	2770	383	20.0	19.0
724	rna-XM_706264.2	XM_706264.2	2790	363	24.0	19.0
725	rna-XM_706264.2	XM_706264.2	2791	362	24.0	19.0
726	rna-XM_706264.2	XM_706264.2	2793	360	34.0	19.0
727	rna-XM_706264.2	XM_706264.2	2794	359	30.0	19.0
728	rna-XM_706264.2	XM_706264.2	2797	356	20.0	19.0
729	rna-XM_706264.2	XM_706264.2	2852	301	55.0	19.0
730	rna-XM_706264.2	XM_706264.2	2864	289	20.0	19.0
731	rna-XM_706264.2	XM_706264.2	2865	288	23.0	19.0
732	rna-XM_706264.2	XM_706264.2	2866	287	23.0	19.0
733	rna-XM_706264.2	XM_706264.2	2868	285	21.0	19.0
734	rna-XM_706264.2	XM_706264.2	2877	276	22.0	19.0
735	rna-XM_706264.2	XM_706264.2	2878	275	21.0	19.0
736	rna-XM_706264.2	XM_706264.2	2880	273	24.0	19.0
737	rna-XM_706264.2	XM_706264.2	2883	270	20.0	19.0
738	rna-XM_706264.2	XM_706264.2	2886	267	21.0	19.0
739	rna-XM_706264.2	XM_706264.2	2889	264	20.0	19.0
740	rna-XM_706264.2	XM_706264.2	2896	257	20.0	19.0
741	rna-XM_706264.2	XM_706264.2	2910	243	21.0	19.0
742	rna-XM_706264.2	XM_706264.2	2917	236	20.0	19.0
743	rna-XM_706264.2	XM_706264.2	2934	219	20.0	19.0
744	rna-XM_706264.2	XM_706264.2	2941	212	29.0	19.0
745	rna-XM_706264.2	XM_706264.2	2994	159	25.0	19.0
746	rna-XM_706264.2	XM_706264.2	3003	150	34.0	19.0
747	rna-XM_706264.2	XM_706264.2	3006	147	24.0	19.0
748	rna-XM_706264.2	XM_706264.2	3030	123	34.0	19.0
749	rna-XM_706264.2	XM_706264.2	3033	120	21.0	19.0
750	rna-XM_706264.2	XM_706264.2	3036	117	25.0	19.0
751	rna-XM_706264.2	XM_706264.2	3051	102	22.0	19.0
752	rna-XM_706264.2	XM_706264.2	3052	101	24.0	19.0
753	rna-XM_715486.2	XM_715486.2	96	210	25.0	19.0
754	rna-XM_715497.2	XM_715497.2	2502	156	30.0	19.0
755	rna-XM_715525.2	XM_715525.2	403	53	20.0	19.0
756	rna-XM_715525.2	XM_715525.2	436	20	25.0	19.0
757	rna-XM_715548.1	XM_715548.1	306	372	91.0	19.0
758	rna-XM_715548.1	XM_715548.1	307	371	26.0	19.0
759	rna-XM_715548.1	XM_715548.1	384	294	23.0	19.0
760	rna-XM_715548.1	XM_715548.1	414	264	29.0	19.0
761	rna-XM_715548.1	XM_715548.1	415	263	30.0	19.0
762	rna-XM_715548.1	XM_715548.1	435	243	28.0	19.0
763	rna-XM_715548.1	XM_715548.1	438	240	26.0	19.0
764	rna-XM_715548.1	XM_715548.1	444	234	24.0	19.0
765	rna-XM_715548.1	XM_715548.1	447	231	25.0	19.0
766	rna-XM_715548.1	XM_715548.1	449	229	25.0	19.0
767	rna-XM_715548.1	XM_715548.1	450	228	38.0	19.0
768	rna-XM_715548.1	XM_715548.1	451	227	32.0	19.0
769	rna-XM_715548.1	XM_715548.1	452	226	25.0	19.0
770	rna-XM_715548.1	XM_715548.1	454	224	22.0	19.0
771	rna-XM_715548.1	XM_715548.1	457	221	21.0	19.0
772	rna-XM_715548.1	XM_715548.1	459	219	31.0	19.0
773	rna-XM_715548.1	XM_715548.1	461	217	22.0	19.0
774	rna-XM_715548.1	XM_715548.1	468	210	22.0	19.0
775	rna-XM_715548.1	XM_715548.1	470	208	22.0	19.0
776	rna-XM_715548.1	XM_715548.1	471	207	37.0	19.0
777	rna-XM_715548.1	XM_715548.1	472	206	25.0	19.0
778	rna-XM_715548.1	XM_715548.1	474	204	66.0	19.0
779	rna-XM_715548.1	XM_715548.1	477	201	20.0	19.0
780	rna-XM_715548.1	XM_715548.1	486	192	22.0	19.0
781	rna-XM_715548.1	XM_715548.1	487	191	20.0	19.0
782	rna-XM_715548.1	XM_715548.1	504	174	36.0	19.0
783	rna-XM_715548.1	XM_715548.1	507	171	20.0	19.0
784	rna-XM_715548.1	XM_715548.1	525	153	20.0	19.0
785	rna-XM_715548.1	XM_715548.1	537	141	27.0	19.0
786	rna-XM_715548.1	XM_715548.1	550	128	44.0	19.0
787	rna-XM_715548.1	XM_715548.1	555	123	24.0	19.0
788	rna-XM_715548.1	XM_715548.1	556	122	20.0	19.0
789	rna-XM_715548.1	XM_715548.1	558	120	32.0	19.0
790	rna-XM_715548.1	XM_715548.1	561	117	20.0	19.0
791	rna-XM_715548.1	XM_715548.1	567	111	20.0	19.0
792	rna-XM_715548.1	XM_715548.1	575	103	33.0	19.0
793	rna-XM_715548.1	XM_715548.1	579	99	34.0	19.0
794	rna-XM_715548.1	XM_715548.1	591	87	35.0	19.0
795	rna-XM_715548.1	XM_715548.1	592	86	22.0	19.0
796	rna-XM_715548.1	XM_715548.1	594	84	39.0	19.0
797	rna-XM_715548.1	XM_715548.1	597	81	26.0	19.0
798	rna-XM_715548.1	XM_715548.1	618	60	21.0	19.0
799	rna-XM_715548.1	XM_715548.1	621	57	52.0	19.0
800	rna-XM_715548.1	XM_715548.1	622	56	22.0	19.0
801	rna-XM_715548.1	XM_715548.1	624	54	30.0	19.0
802	rna-XM_715548.1	XM_715548.1	625	53	95.0	19.0
803	rna-XM_715548.1	XM_715548.1	627	51	27.0	19.0
804	rna-XM_715548.1	XM_715548.1	657	21	123.0	19.0
805	rna-XM_715548.1	XM_715548.1	658	20	47.0	19.0
806	rna-XM_706324.1	XM_706324.1	189	129	41.0	19.0
807	rna-XM_706324.1	XM_706324.1	190	128	56.0	19.0
808	rna-XM_716812.2	XM_716812.2	531	522	40.0	19.0
809	rna-XM_716812.2	XM_716812.2	532	521	35.0	19.0
810	rna-XM_716812.2	XM_716812.2	583	470	20.0	19.0
811	rna-XM_716812.2	XM_716812.2	591	462	21.0	19.0
812	rna-XM_716812.2	XM_716812.2	597	456	22.0	19.0
813	rna-XM_716812.2	XM_716812.2	604	449	20.0	19.0
814	rna-XM_716812.2	XM_716812.2	609	444	21.0	19.0
815	rna-XM_716812.2	XM_716812.2	610	443	28.0	19.0
816	rna-XM_716812.2	XM_716812.2	621	432	22.0	19.0
817	rna-XM_716812.2	XM_716812.2	625	428	21.0	19.0
818	rna-XM_716812.2	XM_716812.2	639	414	23.0	19.0
819	rna-XM_716812.2	XM_716812.2	642	411	21.0	19.0
820	rna-XM_716812.2	XM_716812.2	645	408	23.0	19.0
821	rna-XM_716812.2	XM_716812.2	652	401	23.0	19.0
822	rna-XM_716812.2	XM_716812.2	664	389	21.0	19.0
823	rna-XM_716812.2	XM_716812.2	668	385	21.0	19.0
824	rna-XM_716812.2	XM_716812.2	674	379	21.0	19.0
825	rna-XM_716812.2	XM_716812.2	675	378	27.0	19.0
826	rna-XM_716812.2	XM_716812.2	676	377	20.0	19.0
827	rna-XM_716812.2	XM_716812.2	678	375	23.0	19.0
828	rna-XM_716812.2	XM_716812.2	679	374	32.0	19.0
829	rna-XM_716812.2	XM_716812.2	680	373	20.0	19.0
830	rna-XM_716812.2	XM_716812.2	681	372	39.0	19.0
831	rna-XM_716812.2	XM_716812.2	682	371	35.0	19.0
832	rna-XM_716812.2	XM_716812.2	683	370	33.0	19.0
833	rna-XM_716812.2	XM_716812.2	684	369	31.0	19.0
834	rna-XM_716812.2	XM_716812.2	700	353	29.0	19.0
835	rna-XM_716812.2	XM_716812.2	703	350	21.0	19.0
836	rna-XM_716812.2	XM_716812.2	705	348	20.0	19.0
837	rna-XM_716812.2	XM_716812.2	711	342	22.0	19.0
838	rna-XM_716812.2	XM_716812.2	712	341	23.0	19.0
839	rna-XM_716812.2	XM_716812.2	715	338	30.0	19.0
840	rna-XM_716812.2	XM_716812.2	720	333	24.0	19.0
841	rna-XM_716812.2	XM_716812.2	726	327	20.0	19.0
842	rna-XM_716812.2	XM_716812.2	731	322	25.0	19.0
843	rna-XM_716812.2	XM_716812.2	733	320	30.0	19.0
844	rna-XM_716812.2	XM_716812.2	738	315	25.0	19.0
845	rna-XM_716812.2	XM_716812.2	739	314	24.0	19.0
846	rna-XM_716812.2	XM_716812.2	740	313	36.0	19.0
847	rna-XM_716812.2	XM_716812.2	741	312	31.0	19.0
848	rna-XM_716812.2	XM_716812.2	742	311	24.0	19.0
849	rna-XM_716812.2	XM_716812.2	744	309	25.0	19.0
850	rna-XM_716812.2	XM_716812.2	745	308	22.0	19.0
851	rna-XM_716812.2	XM_716812.2	746	307	28.0	19.0
852	rna-XM_716812.2	XM_716812.2	747	306	25.0	19.0
853	rna-XM_716812.2	XM_716812.2	748	305	25.0	19.0
854	rna-XM_716812.2	XM_716812.2	750	303	22.0	19.0
855	rna-XM_716812.2	XM_716812.2	753	300	35.0	19.0
856	rna-XM_716812.2	XM_716812.2	754	299	29.0	19.0
857	rna-XM_716812.2	XM_716812.2	755	298	21.0	19.0
858	rna-XM_716812.2	XM_716812.2	756	297	20.0	19.0
859	rna-XM_716812.2	XM_716812.2	757	296	28.0	19.0
860	rna-XM_716812.2	XM_716812.2	758	295	24.0	19.0
861	rna-XM_716812.2	XM_716812.2	759	294	47.0	19.0
862	rna-XM_716812.2	XM_716812.2	760	293	40.0	19.0
863	rna-XM_716812.2	XM_716812.2	761	292	29.0	19.0
864	rna-XM_716812.2	XM_716812.2	762	291	42.0	19.0
865	rna-XM_716812.2	XM_716812.2	763	290	25.0	19.0
866	rna-XM_716812.2	XM_716812.2	764	289	23.0	19.0
867	rna-XM_716812.2	XM_716812.2	765	288	28.0	19.0
868	rna-XM_716812.2	XM_716812.2	766	287	48.0	19.0
869	rna-XM_716812.2	XM_716812.2	767	286	32.0	19.0
870	rna-XM_716812.2	XM_716812.2	768	285	42.0	19.0
871	rna-XM_716812.2	XM_716812.2	769	284	33.0	19.0
872	rna-XM_716812.2	XM_716812.2	770	283	29.0	19.0
873	rna-XM_716812.2	XM_716812.2	771	282	24.0	19.0
874	rna-XM_716812.2	XM_716812.2	772	281	31.0	19.0
875	rna-XM_716812.2	XM_716812.2	773	280	22.0	19.0
876	rna-XM_716812.2	XM_716812.2	774	279	26.0	19.0
877	rna-XM_716812.2	XM_716812.2	775	278	31.0	19.0
878	rna-XM_716812.2	XM_716812.2	776	277	23.0	19.0
879	rna-XM_716812.2	XM_716812.2	777	276	39.0	19.0
880	rna-XM_716812.2	XM_716812.2	778	275	46.0	19.0
881	rna-XM_716812.2	XM_716812.2	779	274	100.0	19.0
882	rna-XM_716812.2	XM_716812.2	780	273	37.0	19.0
883	rna-XM_716812.2	XM_716812.2	781	272	43.0	19.0
884	rna-XM_716812.2	XM_716812.2	782	271	50.0	19.0
885	rna-XM_716812.2	XM_716812.2	783	270	37.0	19.0
886	rna-XM_716812.2	XM_716812.2	784	269	37.0	19.0
887	rna-XM_716812.2	XM_716812.2	785	268	29.0	19.0
888	rna-XM_716812.2	XM_716812.2	786	267	33.0	19.0
889	rna-XM_716812.2	XM_716812.2	787	266	26.0	19.0
890	rna-XM_716812.2	XM_716812.2	788	265	50.0	19.0
891	rna-XM_716812.2	XM_716812.2	789	264	48.0	19.0
892	rna-XM_716812.2	XM_716812.2	790	263	39.0	19.0
893	rna-XM_716812.2	XM_716812.2	791	262	30.0	19.0
894	rna-XM_716812.2	XM_716812.2	792	261	35.0	19.0
895	rna-XM_716812.2	XM_716812.2	793	260	36.0	19.0
896	rna-XM_716812.2	XM_716812.2	794	259	20.0	19.0
897	rna-XM_716812.2	XM_716812.2	795	258	22.0	19.0
898	rna-XM_716812.2	XM_716812.2	796	257	36.0	19.0
899	rna-XM_716812.2	XM_716812.2	797	256	26.0	19.0
900	rna-XM_716812.2	XM_716812.2	799	254	28.0	19.0
901	rna-XM_716812.2	XM_716812.2	800	253	29.0	19.0
902	rna-XM_716812.2	XM_716812.2	801	252	27.0	19.0
903	rna-XM_716812.2	XM_716812.2	802	251	22.0	19.0
904	rna-XM_716812.2	XM_716812.2	804	249	26.0	19.0
905	rna-XM_716812.2	XM_716812.2	807	246	23.0	19.0
906	rna-XM_716812.2	XM_716812.2	810	243	29.0	19.0
907	rna-XM_716812.2	XM_716812.2	811	242	26.0	19.0
908	rna-XM_716812.2	XM_716812.2	825	228	21.0	19.0
909	rna-XM_716812.2	XM_716812.2	826	227	33.0	19.0
910	rna-XM_716812.2	XM_716812.2	828	225	31.0	19.0
911	rna-XM_716812.2	XM_716812.2	829	224	20.0	19.0
912	rna-XM_716812.2	XM_716812.2	830	223	27.0	19.0
913	rna-XM_716812.2	XM_716812.2	831	222	27.0	19.0
914	rna-XM_716812.2	XM_716812.2	832	221	29.0	19.0
915	rna-XM_716812.2	XM_716812.2	835	218	23.0	19.0
916	rna-XM_716812.2	XM_716812.2	836	217	21.0	19.0
917	rna-XM_716812.2	XM_716812.2	837	216	30.0	19.0
918	rna-XM_716812.2	XM_716812.2	838	215	22.0	19.0
919	rna-XM_716812.2	XM_716812.2	841	212	22.0	19.0
920	rna-XM_716812.2	XM_716812.2	843	210	20.0	19.0
921	rna-XM_716812.2	XM_716812.2	846	207	23.0	19.0
922	rna-XM_716812.2	XM_716812.2	870	183	23.0	19.0
923	rna-XM_716812.2	XM_716812.2	871	182	22.0	19.0
924	rna-XM_716812.2	XM_716812.2	872	181	21.0	19.0
925	rna-XM_716812.2	XM_716812.2	873	180	26.0	19.0
926	rna-XM_716812.2	XM_716812.2	874	179	26.0	19.0
927	rna-XM_716812.2	XM_716812.2	875	178	22.0	19.0
928	rna-XM_716812.2	XM_716812.2	879	174	21.0	19.0
929	rna-XM_716812.2	XM_716812.2	880	173	21.0	19.0
930	rna-XM_716812.2	XM_716812.2	881	172	25.0	19.0
931	rna-XM_716812.2	XM_716812.2	882	171	28.0	19.0
932	rna-XM_716812.2	XM_716812.2	883	170	27.0	19.0
933	rna-XM_716812.2	XM_716812.2	887	166	22.0	19.0
934	rna-XM_716812.2	XM_716812.2	889	164	36.0	19.0
935	rna-XM_716812.2	XM_716812.2	890	163	20.0	19.0
936	rna-XM_716812.2	XM_716812.2	895	158	22.0	19.0
937	rna-XM_716812.2	XM_716812.2	915	138	24.0	19.0
938	rna-XM_716812.2	XM_716812.2	918	135	22.0	19.0
939	rna-XM_716812.2	XM_716812.2	921	132	20.0	19.0
940	rna-XM_716812.2	XM_716812.2	923	130	20.0	19.0
941	rna-XM_716812.2	XM_716812.2	925	128	24.0	19.0
942	rna-XM_716812.2	XM_716812.2	931	122	28.0	19.0
943	rna-XM_716812.2	XM_716812.2	939	114	24.0	19.0
944	rna-XM_716812.2	XM_716812.2	948	105	20.0	19.0
945	rna-XM_716812.2	XM_716812.2	949	104	35.0	19.0
946	rna-XM_716812.2	XM_716812.2	950	103	29.0	19.0
947	rna-XM_716812.2	XM_716812.2	952	101	45.0	19.0
948	rna-XM_716812.2	XM_716812.2	956	97	21.0	19.0
949	rna-XM_716812.2	XM_716812.2	957	96	22.0	19.0
950	rna-XM_716812.2	XM_716812.2	958	95	26.0	19.0
951	rna-XM_716812.2	XM_716812.2	960	93	20.0	19.0
952	rna-XM_716812.2	XM_716812.2	963	90	20.0	19.0
953	rna-XM_716812.2	XM_716812.2	970	83	26.0	19.0
954	rna-XM_716812.2	XM_716812.2	971	82	28.0	19.0
955	rna-XM_716812.2	XM_716812.2	972	81	22.0	19.0
956	rna-XM_716812.2	XM_716812.2	981	72	31.0	19.0
957	rna-XM_707223.1	XM_707223.1	1048	503	38.0	19.0
958	rna-XM_019475444.1	XM_019475444.1	323	88	28.0	19.0
959	rna-XM_706231.2	XM_706231.2	999	255	45.0	19.0
960	rna-XM_706231.2	XM_706231.2	1010	244	25.0	19.0
961	rna-XM_711663.2	XM_711663.2	2104	20	21.0	19.0
962	rna-XM_707412.1	XM_707412.1	493	161	89.0	19.0
963	rna-XM_707412.1	XM_707412.1	495	159	22.0	19.0
964	rna-XM_707320.2	XM_707320.2	2955	312	26.0	19.0
965	rna-XM_715266.1	XM_715266.1	3040	236	20.0	19.0
966	rna-XM_019475476.1	XM_019475476.1	56	148	44.0	19.0
967	rna-XM_019475476.1	XM_019475476.1	183	21	22.0	19.0
968	rna-XM_019475479.1	XM_019475479.1	286	152	20.0	19.0
969	rna-XM_019475479.1	XM_019475479.1	297	141	38.0	19.0
970	rna-XM_019475479.1	XM_019475479.1	330	108	89.0	19.0
971	rna-XM_019475479.1	XM_019475479.1	331	107	27.0	19.0
972	rna-XM_019475479.1	XM_019475479.1	339	99	26.0	19.0
973	rna-XM_019475479.1	XM_019475479.1	340	98	27.0	19.0
974	rna-XM_019475479.1	XM_019475479.1	372	66	24.0	19.0
975	rna-XM_716276.1	XM_716276.1	1417	20	23.0	19.0
976	rna-XM_019475491.1	XM_019475491.1	279	114	20.0	19.0
977	rna-XM_019475491.1	XM_019475491.1	373	20	48.0	19.0
978	rna-XM_019475491.1	XM_019475491.1	375	18	20.0	19.0
979	rna-XM_705023.2	XM_705023.2	4600	101	27.0	19.0
980	rna-XM_705023.2	XM_705023.2	4680	21	31.0	19.0
981	rna-XM_711899.2	XM_711899.2	1835	1081	21.0	19.0
982	rna-XM_710106.1	XM_710106.1	109	824	52.0	19.0
983	rna-XM_713563.1	XM_713563.1	1010	196	20.0	19.0
984	rna-XM_713541.1	XM_713541.1	381	258	24.0	19.0
985	rna-XM_713541.1	XM_713541.1	463	176	50.0	19.0
986	rna-XM_019475506.1	XM_019475506.1	115	50	24.0	19.0
987	rna-XM_019475506.1	XM_019475506.1	124	41	59.0	19.0
988	rna-XM_019475506.1	XM_019475506.1	125	40	73.0	19.0
989	rna-XM_019475506.1	XM_019475506.1	144	21	35.0	19.0
990	rna-XM_712861.1	XM_712861.1	427	572	811.0	19.0
991	rna-XM_712861.1	XM_712861.1	428	571	1049.0	19.0
992	rna-XM_712861.1	XM_712861.1	429	570	230.0	19.0
993	rna-XM_019475511.1	XM_019475511.1	185	4	32.0	19.0
994	rna-XM_710681.1	XM_710681.1	264	333	30.0	19.0
995	rna-XM_019475522.1	XM_019475522.1	44	406	23.0	19.0
996	rna-XM_019475522.1	XM_019475522.1	45	405	33.0	19.0
997	rna-XM_019475522.1	XM_019475522.1	73	377	41.0	19.0
998	rna-XM_019475522.1	XM_019475522.1	82	368	22.0	19.0
999	rna-XM_019475522.1	XM_019475522.1	83	367	30.0	19.0
1000	rna-XM_019475522.1	XM_019475522.1	84	366	33.0	19.0
1001	rna-XM_019475522.1	XM_019475522.1	85	365	33.0	19.0
1002	rna-XM_019475522.1	XM_019475522.1	215	235	23.0	19.0
1003	rna-XM_019475522.1	XM_019475522.1	216	234	35.0	19.0
1004	rna-XM_019475522.1	XM_019475522.1	255	195	29.0	19.0
1005	rna-XM_019475522.1	XM_019475522.1	384	66	23.0	19.0
1006	rna-XM_712254.1	XM_712254.1	658	359	24.0	19.0
1007	rna-XM_712263.2	XM_712263.2	260	355	20.0	19.0
1008	rna-XM_712263.2	XM_712263.2	262	353	30.0	19.0
1009	rna-XM_712263.2	XM_712263.2	317	298	23.0	19.0
1010	rna-XM_712263.2	XM_712263.2	356	259	21.0	19.0
1011	rna-XM_712312.1	XM_712312.1	1210	245	21.0	19.0
1012	rna-XM_712312.1	XM_712312.1	1216	239	20.0	19.0
1013	rna-XM_712312.1	XM_712312.1	1233	222	21.0	19.0
1014	rna-XM_712312.1	XM_712312.1	1242	213	25.0	19.0
1015	rna-XM_712312.1	XM_712312.1	1303	152	20.0	19.0
1016	rna-XM_712312.1	XM_712312.1	1311	144	28.0	19.0
1017	rna-XM_712312.1	XM_712312.1	1329	126	20.0	19.0
1018	rna-XM_712312.1	XM_712312.1	1401	54	23.0	19.0
1019	rna-XM_712312.1	XM_712312.1	1402	53	24.0	19.0
1020	rna-XM_706005.2	XM_706005.2	532	224	27.0	19.0
1021	rna-XM_706005.2	XM_706005.2	564	192	47.0	19.0
1022	rna-XM_705991.1	XM_705991.1	165	153	32.0	19.0
1023	rna-XM_705990.1	XM_705990.1	253	158	28.0	19.0
1024	rna-XM_707557.2	XM_707557.2	6435	216	35.0	19.0
1025	rna-XM_019475555.1	XM_019475555.1	195	54	38.0	19.0
1026	rna-XM_019475555.1	XM_019475555.1	228	21	28.0	19.0
1027	rna-XM_019475555.1	XM_019475555.1	229	20	67.0	19.0
1028	rna-XM_711115.2	XM_711115.2	1680	162	26.0	19.0
1029	rna-XM_711169.1	XM_711169.1	154	506	45.0	19.0
1030	rna-XM_019475565.1	XM_019475565.1	72	198	23.0	19.0
1031	rna-XM_019475565.1	XM_019475565.1	73	197	22.0	19.0
1032	rna-XM_019475565.1	XM_019475565.1	74	196	39.0	19.0
1033	rna-XM_019475565.1	XM_019475565.1	75	195	38.0	19.0
1034	rna-XM_019475565.1	XM_019475565.1	76	194	32.0	19.0
1035	rna-XM_019475565.1	XM_019475565.1	79	191	20.0	19.0
1036	rna-XM_019475565.1	XM_019475565.1	80	190	27.0	19.0
1037	rna-XM_019475565.1	XM_019475565.1	95	175	23.0	19.0
1038	rna-XM_019475565.1	XM_019475565.1	97	173	34.0	19.0
1039	rna-XM_019475565.1	XM_019475565.1	98	172	21.0	19.0
1040	rna-XM_019475565.1	XM_019475565.1	99	171	33.0	19.0
1041	rna-XM_019475565.1	XM_019475565.1	122	148	30.0	19.0
1042	rna-XM_019475565.1	XM_019475565.1	123	147	38.0	19.0
1043	rna-XM_019475565.1	XM_019475565.1	124	146	47.0	19.0
1044	rna-XM_019475565.1	XM_019475565.1	125	145	64.0	19.0
1045	rna-XM_019475565.1	XM_019475565.1	126	144	80.0	19.0
1046	rna-XM_019475565.1	XM_019475565.1	127	143	55.0	19.0
1047	rna-XM_019475565.1	XM_019475565.1	128	142	63.0	19.0
1048	rna-XM_019475565.1	XM_019475565.1	129	141	29.0	19.0
1049	rna-XM_711373.1	XM_711373.1	3448	140	21.0	19.0
1050	rna-XM_714238.1	XM_714238.1	1092	459	52.0	19.0
1051	rna-XM_714238.1	XM_714238.1	1093	458	28.0	19.0
1052	rna-XM_714238.1	XM_714238.1	1185	366	26.0	19.0
1053	rna-XM_714238.1	XM_714238.1	1215	336	26.0	19.0
1054	rna-XM_714238.1	XM_714238.1	1216	335	104.0	19.0
1055	rna-XM_714241.1	XM_714241.1	1480	2444	21.0	19.0
1056	rna-XM_714278.1	XM_714278.1	2749	20	28.0	19.0
1057	rna-XM_713957.1	XM_713957.1	-14	1217	28.0	19.0
1058	rna-XM_713954.1	XM_713954.1	-8	611	23.0	19.0
1059	rna-XM_713931.1	XM_713931.1	-66	387	21.0	19.0
1060	rna-XM_019475064.1	XM_019475064.1	-29	293	22.0	19.0
1061	rna-XM_019475064.1	XM_019475064.1	-26	290	39.0	19.0
1062	rna-XM_713064.2	XM_713064.2	-89	839	47.0	19.0
1063	rna-XM_713064.2	XM_713064.2	-82	832	37.0	19.0
1064	rna-XM_713064.2	XM_713064.2	-81	831	119.0	19.0
1065	rna-XM_713064.2	XM_713064.2	-80	830	405.0	19.0
1066	rna-XM_019475114.1	XM_019475114.1	-22	178	20.0	19.0
1067	rna-XM_713748.2	XM_713748.2	-13	451	77.0	19.0
1068	rna-XM_713748.2	XM_713748.2	-10	448	45.0	19.0
1069	rna-XM_019475120.1	XM_019475120.1	-14	383	34.0	19.0
1070	rna-XM_019475144.1	XM_019475144.1	-28	349	169.0	19.0
1071	rna-XM_019475147.1	XM_019475147.1	-20	434	36.0	19.0
1072	rna-XM_019475147.1	XM_019475147.1	428	-14	105.0	19.0
1073	rna-XM_711255.1	XM_711255.1	-52	475	36.0	19.0
1074	rna-XM_019475174.1	XM_019475174.1	-24	420	20.0	19.0
1075	rna-XM_705393.2	XM_705393.2	576	-42	66.0	19.0
1076	rna-XM_717427.1	XM_717427.1	-7	367	25.0	19.0
1077	rna-XM_717427.1	XM_717427.1	-6	366	25.0	19.0
1078	rna-XM_019475216.1	XM_019475216.1	-24	507	51.0	19.0
1079	rna-XM_019475216.1	XM_019475216.1	-19	502	89.0	19.0
1080	rna-XM_019475217.1	XM_019475217.1	-23	593	27.0	19.0
1081	rna-XM_019475220.1	XM_019475220.1	-35	335	20.0	19.0
1082	rna-XM_707823.1	XM_707823.1	558	0	36.0	19.0
1083	rna-XM_707822.2	XM_707822.2	2924	-8	55.0	19.0
1084	rna-XM_019475231.1	XM_019475231.1	-39	378	22.0	19.0
1085	rna-XM_019475231.1	XM_019475231.1	-31	370	212.0	19.0
1086	rna-XM_019475236.1	XM_019475236.1	-45	369	58.0	19.0
1087	rna-XM_019475249.1	XM_019475249.1	-24	549	22.0	19.0
1088	rna-XM_019475249.1	XM_019475249.1	-22	547	29.0	19.0
1089	rna-XM_019475256.1	XM_019475256.1	-22	379	66.0	19.0
1090	rna-XM_705056.2	XM_705056.2	-23	1400	43.0	19.0
1091	rna-XM_709362.1	XM_709362.1	480	-6	22.0	19.0
1092	rna-XM_705590.2	XM_705590.2	-27	1197	23.0	19.0
1093	rna-XM_709475.2	XM_709475.2	1238	-74	21.0	19.0
1094	rna-XM_712051.1	XM_712051.1	-23	812	29.0	19.0
1095	rna-XM_712744.1	XM_712744.1	-16	424	51.0	19.0
1096	rna-XM_712744.1	XM_712744.1	-14	422	22.0	19.0
1097	rna-XM_712744.1	XM_712744.1	-9	417	40.0	19.0
1098	rna-XM_712733.1	XM_712733.1	-7	355	20.0	19.0
1099	rna-XM_712709.1	XM_712709.1	-29	689	63.0	19.0
1100	rna-XM_712708.1	XM_712708.1	2121	-93	63.0	19.0
1101	rna-XM_716679.2	XM_716679.2	-42	603	25.0	19.0
1102	rna-XM_716679.2	XM_716679.2	-38	599	22.0	19.0
1103	rna-XM_716673.1	XM_716673.1	-82	670	30.0	19.0
1104	rna-XM_716619.1	XM_716619.1	-26	524	92.0	19.0
1105	rna-XM_716612.2	XM_716612.2	1166	-26	46.0	19.0
1106	rna-XM_714842.1	XM_714842.1	-31	607	87.0	19.0
1107	rna-XM_019475322.1	XM_019475322.1	-10	439	38.0	19.0
1108	rna-XM_718047.1	XM_718047.1	-68	404	172.0	19.0
1109	rna-XM_019475325.1	XM_019475325.1	-32	395	20.0	19.0
1110	rna-XM_019475325.1	XM_019475325.1	-23	386	63.0	19.0
1111	rna-XM_019475325.1	XM_019475325.1	-20	383	24.0	19.0
1112	rna-XM_019475328.1	XM_019475328.1	-26	464	121.0	19.0
1113	rna-XM_711507.1	XM_711507.1	2237	-41	32.0	19.0
1114	rna-XM_714816.1	XM_714816.1	1081	-73	21.0	19.0
1115	rna-XM_715424.2	XM_715424.2	-51	393	279.0	19.0
1116	rna-XM_715367.2	XM_715367.2	-42	1326	49.0	19.0
1117	rna-XM_019475381.1	XM_019475381.1	-27	402	25.0	19.0
1118	rna-XM_712099.1	XM_712099.1	1188	-69	25.0	19.0
1119	rna-XM_710293.2	XM_710293.2	-16	415	39.0	19.0
1120	rna-XM_710293.2	XM_710293.2	-12	411	83.0	19.0
1121	rna-XM_710293.2	XM_710293.2	-4	403	70.0	19.0
1122	rna-XM_711707.1	XM_711707.1	-58	592	31.0	19.0
1123	rna-XM_711697.1	XM_711697.1	557	-68	43.0	19.0
1124	rna-XM_711676.2	XM_711676.2	-66	972	45.0	19.0
1125	rna-XM_019475412.1	XM_019475412.1	-20	488	51.0	19.0
1126	rna-XM_019475412.1	XM_019475412.1	-18	486	98.0	19.0
1127	rna-XM_706264.2	XM_706264.2	-19	3172	30.0	19.0
1128	rna-XM_019475428.1	XM_019475428.1	-58	313	28.0	19.0
1129	rna-XM_716758.2	XM_716758.2	642	-51	92.0	19.0
1130	rna-XM_716758.2	XM_716758.2	643	-52	44.0	19.0
1131	rna-XM_716793.1	XM_716793.1	1116	-6	23.0	19.0
1132	rna-XM_716793.1	XM_716793.1	1117	-7	27.0	19.0
1133	rna-XM_716793.1	XM_716793.1	1118	-8	35.0	19.0
1134	rna-XM_716793.1	XM_716793.1	1119	-9	25.0	19.0
1135	rna-XM_705406.1	XM_705406.1	-7	601	25.0	19.0
1136	rna-XM_705405.1	XM_705405.1	883	-97	25.0	19.0
1137	rna-XM_019475443.1	XM_019475443.1	-31	487	66.0	19.0
1138	rna-XM_019475459.1	XM_019475459.1	-47	506	22.0	19.0
1139	rna-XM_707412.1	XM_707412.1	-57	711	43.0	19.0
1140	rna-XM_707427.2	XM_707427.2	1755	-87	27.0	19.0
1141	rna-XM_705472.2	XM_705472.2	-43	1384	33.0	19.0
1142	rna-XM_019475476.1	XM_019475476.1	-29	233	80.0	19.0
1143	rna-XM_019475479.1	XM_019475479.1	-17	455	56.0	19.0
1144	rna-XM_019475479.1	XM_019475479.1	-14	452	24.0	19.0
1145	rna-XM_019475501.1	XM_019475501.1	-21	330	30.0	19.0
1146	rna-XM_019475512.1	XM_019475512.1	-30	318	22.0	19.0
1147	rna-XM_019475515.1	XM_019475515.1	-50	731	20.0	19.0
1148	rna-XM_019475522.1	XM_019475522.1	-27	477	22.0	19.0
1149	rna-XM_019475522.1	XM_019475522.1	-22	472	31.0	19.0
1150	rna-XM_712263.2	XM_712263.2	-26	641	69.0	19.0
1151	rna-XM_712263.2	XM_712263.2	-22	637	22.0	19.0
1152	rna-XM_707983.2	XM_707983.2	574	-73	111.0	19.0
1153	rna-XM_707983.2	XM_707983.2	577	-76	754.0	19.0
1154	rna-XM_707983.2	XM_707983.2	578	-77	35.0	19.0
1155	rna-XM_019475555.1	XM_019475555.1	-26	275	73.0	19.0
1156	rna-XM_019475555.1	XM_019475555.1	-17	266	60.0	19.0
1157	rna-XM_711122.1	XM_711122.1	-28	388	320.0	19.0
1158	rna-XM_019475563.1	XM_019475563.1	257	-86	88.0	19.0
1159	rna-XM_706215.1	XM_706215.1	-22	2191	30.0	19.0
1160	rna-XM_019475575.1	XM_019475575.1	-58	253	27.0	19.0
