	-24	-23	-22	-21	-20	-19	-18	-17	-16	-15	-14	-13	-12	-11	-10	-9	-8	-7	-6	-5	-4	-3	-2	-1	0	1	2	3	4	5	6	7	8
ARG-LEU-LYS_CGATTGAAA	3	8	1	2	6	4	9	12	5	9	4	4	48	67	4	2	2	4	1	4	0	3	2	4	2	1	3	2	2	3	1	2	3
ILE-GLY-CYS_ATTGGATGT	3	1	4	3	2	3	4	3	0	3	3	2	11	29	2	3	0	2	0	2	0	4	0	2	1	1	4	0	3	3	1	0	3
LYS-LEU-ARG_AAATTACGA	1	1	0	6	1	1	3	4	2	5	3	0	35	34	4	1	3	1	2	1	0	1	2	1	4	2	2	1	3	4	1	2	0
ARG-LEU-LYS_AGATTGAAA	35	28	20	21	27	13	30	12	26	26	35	9	203	220	21	18	14	17	13	23	14	27	54	21	19	19	16	23	13	17	18	9	15
PHE-SER-LEU_TTTAGTTTG	5	2	1	5	2	3	0	1	0	3	3	4	14	20	3	1	2	1	3	0	0	2	2	2	0	8	2	6	3	2	4	2	1
LYS-LYS-ARG_AAGAAACGA	3	2	1	3	2	0	7	0	1	5	4	0	28	20	1	2	2	2	6	1	0	1	5	0	2	2	1	3	3	1	1	2	0
ARG-TYR-ARG_CGTTATCGT	6	0	2	1	2	0	17	0	2	1	0	2	20	19	0	2	3	1	4	1	2	1	2	1	2	2	3	1	2	3	1	2	2
ARG-THR-ARG_AGAACTAGA	4	3	1	3	5	1	4	5	3	1	1	1	4	20	1	2	3	2	2	3	1	7	5	1	14	2	3	2	1	2	4	1	2
ARG-HIS-LYS_AGACACAAG	2	4	4	2	2	5	5	5	2	5	3	6	22	29	1	4	6	3	5	4	2	5	4	4	3	8	3	4	4	7	4	2	3
HIS-LEU-ILE_CACTTAATT	8	10	4	4	1	2	2	1	3	1	0	2	4	18	9	4	2	0	3	3	3	2	2	4	2	0	3	3	1	2	1	2	2
ARG-LEU-LYS_AGGTTGAAA	4	4	2	2	3	0	9	0	1	6	4	0	30	19	2	3	2	1	2	1	3	0	0	3	5	1	3	1	2	0	2	1	1
ASN-SER-PRO_AACTCTCCA	3	3	4	6	3	0	0	3	1	8	4	2	5	19	3	2	2	2	6	3	1	2	1	4	6	7	2	4	2	6	1	2	1
ILE-GLY-ARG_ATTGGCCGT	8	2	1	6	2	2	5	5	1	3	1	2	17	17	4	3	6	0	4	1	0	2	1	1	4	1	1	2	1	1	1	1	3
ARG-LEU-LYS_AGATTAAAA	21	4	8	12	13	1	10	15	15	12	18	14	64	69	8	8	5	14	10	12	9	11	13	6	17	10	11	9	9	3	6	8	4
ILE-LEU-LYS_ATATTAAAA	3	4	1	6	0	1	8	5	2	9	4	3	13	22	3	5	3	1	2	2	2	6	2	4	1	4	3	8	6	2	5	5	2
THR-SER-PRO_ACCTCTCCA	3	2	3	1	2	1	2	1	2	3	0	1	0	19	1	0	1	2	0	1	2	3	1	1	3	3	4	19	20	11	6	6	4
ARG-VAL-LYS_CGAGTGAAA	1	4	0	6	2	0	10	6	1	7	1	3	11	15	0	0	1	4	3	3	2	3	0	0	2	13	0	1	0	0	3	0	0
TRP-GLY-LEU_TGGGGGTTA	4	6	1	6	4	2	7	5	4	5	2	7	17	21	5	6	0	1	4	1	3	5	4	2	4	1	1	3	1	5	4	3	2
ARG-PHE-LYS_AGATTTAAA	4	5	3	1	6	1	7	3	3	2	6	2	29	24	1	2	2	1	15	13	3	3	4	2	4	2	2	5	3	3	1	2	3
ILE-GLU-MET_ATCGAAATG	3	1	2	2	2	1	1	3	1	3	0	1	3	15	3	8	3	0	4	4	3	6	6	2	11	3	2	6	2	0	3	2	0
ARG-SER-LYS_AGAAGTAAA	5	2	2	4	1	3	4	2	5	3	6	2	12	18	4	3	4	0	2	3	4	3	9	2	4	0	1	10	2	0	2	5	1
PHE-PRO-TRP_TTTCCTTGG	3	2	2	1	4	6	2	1	3	5	3	3	7	19	2	5	2	3	8	20	3	7	4	1	5	3	1	4	3	0	0	1	4
GLY-GLY-GLY_GGTGGTGGC	6	2	5	5	25	7	3	7	2	6	9	11	17	32	10	11	7	5	8	1	1	5	7	2	5	8	9	4	2	2	3	3	3
ARG-LEU-LYS_AGATTGAAG	25	18	19	27	28	24	11	26	15	43	36	31	171	161	20	30	23	25	35	18	33	54	47	23	46	30	26	28	17	18	32	17	16
ARG-MET-LYS_AGAATGAAG	7	8	4	6	3	4	9	11	3	3	5	5	18	23	5	4	2	3	8	3	1	3	2	3	1	5	4	8	3	1	1	4	0
PRO-PRO-ALA_CCACCAGCG	5	1	1	2	1	3	3	3	1	3	3	5	23	18	7	3	0	1	5	2	2	0	2	7	6	1	2	3	8	6	5	3	4
ARG-VAL-LYS_AGAGTGAAA	4	9	3	2	5	4	16	4	3	10	3	4	23	23	2	6	6	1	8	3	2	3	1	2	6	3	0	8	1	2	5	4	3
CYS-VAL-PRO_TGTGTTCCA	6	2	4	1	8	2	5	5	2	4	4	4	7	19	2	6	5	4	7	5	3	2	3	4	9	7	2	6	0	0	0	7	3
VAL-PRO-ALA_GTCCCAGCC	1	4	4	1	6	2	3	2	2	0	3	1	5	19	13	6	6	4	2	5	1	9	5	2	4	4	2	6	8	5	7	4	3
LYS-ILE-LYS_AAAATTAAA	7	8	7	15	7	4	27	18	7	13	12	10	47	53	13	12	7	6	9	8	4	9	7	5	12	13	11	11	9	5	16	16	8
LYS-GLN-LYS_AAACAGAAA	8	8	6	6	9	3	7	9	6	5	7	1	13	27	5	4	4	3	3	10	5	6	5	6	2	10	7	4	3	0	9	5	7
PRO-ASP-LYS_CCTGATAAA	7	4	0	10	4	4	5	7	2	6	4	5	22	22	6	4	9	0	7	6	3	3	8	2	1	2	2	1	0	3	2	14	0
ARG-ILE-LYS_AGAATCAAA	10	12	7	7	7	2	6	10	2	6	8	4	34	35	9	7	5	5	10	11	4	6	7	3	13	7	7	12	3	2	11	3	6
GLY-ALA-ALA_GGTGCCGCT	1	3	3	2	0	2	2	11	5	5	7	6	8	20	5	9	7	2	5	1	5	3	2	11	8	4	2	4	4	2	7	2	4
PRO-HIS-GLY_CCACACGGG	4	1	2	0	1	1	4	0	1	3	5	3	7	19	3	6	3	2	19	3	1	5	5	4	10	2	8	12	6	5	2	4	3
ARG-PHE-ARG_AGATTTAGA	24	14	5	17	6	5	14	7	2	4	3	3	31	37	9	7	12	14	8	9	5	5	7	3	9	10	6	2	8	1	6	5	2
ARG-ILE-LYS_AGAATAAAA	7	1	2	5	3	2	5	4	1	5	3	3	23	15	2	4	0	1	2	2	4	1	1	1	4	3	2	5	0	1	7	3	1
ARG-SER-LYS_AGAAGTAAG	2	1	6	2	1	3	2	1	3	4	4	5	17	14	2	3	3	1	1	2	3	4	4	2	3	1	3	5	2	4	2	3	2
LYS-THR-LYS_AAAACAAAA	14	6	4	7	4	4	20	6	5	10	7	6	18	28	6	5	7	4	15	4	2	6	3	3	3	4	3	3	3	6	4	7	4
LYS-ARG-ARG_AAAAGACGA	1	1	2	0	1	2	2	1	2	1	3	2	21	12	3	4	3	2	2	5	0	0	4	3	4	3	0	3	2	3	3	4	1
PRO-PRO-THR_CCACCAACA	4	3	2	4	2	6	4	2	1	2	4	8	15	17	2	4	5	1	3	2	1	2	2	7	11	2	4	2	2	2	9	2	5
GLY-GLY-GLY_GGAGGTGGA	1	1	1	5	0	2	5	2	1	7	2	1	7	13	0	3	3	1	4	7	2	7	4	1	6	3	4	1	4	1	3	6	1
LEU-ALA-PHE_TTAGCCTTC	2	8	2	3	5	2	5	2	3	5	7	1	6	12	3	5	4	0	7	2	2	2	0	1	0	2	0	3	0	2	1	3	1
HIS-SER-TYR_CATAGCTAT	1	4	2	12	2	2	4	5	19	19	5	6	2	19	19	1	0	0	1	0	1	3	3	2	1	12	1	1	0	3	1	4	7
GLY-THR-VAL_GGTACTGTG	6	10	5	3	2	4	4	3	2	3	10	5	15	23	1	5	11	2	2	8	12	9	5	3	8	9	5	4	2	3	2	4	7
SER-SER-GLY_TCAAGTGGA	5	2	1	3	3	6	3	1	2	4	3	2	8	12	1	3	2	3	6	2	3	3	5	3	2	3	1	2	4	0	1	0	4
LYS-ARG-LYS_AAAAGGAAA	8	5	3	2	3	2	1	4	2	8	5	2	14	15	0	7	8	0	7	5	2	4	3	3	4	1	1	3	0	1	4	1	3
PRO-ASP-LEU_CCTGATTTG	3	3	4	4	3	0	7	4	5	8	9	7	18	20	2	14	9	2	1	3	3	6	6	4	5	5	1	5	4	2	5	2	1
ARG-GLY-ALA_CGTGGTGCC	4	11	5	11	3	4	9	3	4	8	10	3	14	19	7	2	5	4	1	5	3	6	0	5	3	2	5	0	1	2	1	3	4
PRO-ASN-LEU_CCAAATTTG	9	7	1	13	12	7	8	4	3	5	6	8	22	26	5	6	12	5	4	4	6	3	6	7	2	2	4	5	2	3	7	8	7
