	-24	-23	-22	-21	-20	-19	-18	-17	-16	-15	-14	-13	-12	-11	-10	-9	-8	-7	-6	-5	-4	-3	-2	-1	0	1	2	3	4	5	6	7	8
ARG-LEU-LYS (RLK)	110	84	76	92	100	54	107	93	81	115	123	78	673	687	62	80	63	73	90	76	73	120	146	72	110	87	68	76	64	49	79	58	51
THR-CYS-VAL (TCV)	3	5	4	5	2	4	3	3	5	2	4	2	3	22	4	3	1	2	4	4	2	9	5	0	7	6	1	6	2	5	7	4	1
ARG-TRP-LYS (RWK)	6	3	4	3	5	0	5	3	0	7	5	7	24	22	4	8	5	2	4	6	5	4	3	3	3	1	3	6	1	3	1	6	1
ARG-TYR-ARG (RYR)	20	12	9	15	10	8	46	17	11	24	19	10	88	84	11	15	17	7	21	22	16	14	25	9	10	12	11	18	17	9	7	12	10
LYS-TRP-LYS (KWK)	10	10	1	5	13	3	9	5	6	11	5	8	43	43	6	10	9	11	17	6	5	4	8	6	6	14	9	16	7	4	16	5	5
ARG-HIS-LYS (RHK)	13	9	7	10	8	8	31	26	10	20	10	9	71	63	8	9	13	11	19	17	7	9	11	16	11	11	11	18	14	10	13	12	12
ILE-GLY-CYS (IGC)	15	13	11	14	11	12	16	9	10	12	11	6	22	41	7	9	4	7	9	10	4	10	9	3	12	9	11	7	10	7	5	5	8
ARG-TYR-LYS (RYK)	21	15	16	15	18	16	26	22	12	13	15	12	69	74	16	16	17	18	17	20	11	15	21	6	13	11	14	15	19	9	20	28	9
CYS-ASN-ILE (CNI)	4	4	3	19	27	3	14	5	2	5	5	3	7	22	5	7	1	0	5	5	4	8	1	2	2	10	5	1	5	1	8	7	4
PHE-PRO-TRP (FPW)	7	8	2	3	4	6	4	7	6	11	7	5	10	26	3	6	5	7	11	21	4	8	9	4	21	14	4	8	5	1	1	2	6
ARG-MET-LYS (RMK)	15	23	15	16	17	10	24	23	8	14	11	11	44	50	10	9	7	12	20	14	6	10	6	12	5	10	8	13	9	10	13	17	4
CYS-PRO-GLY (CPG)	7	5	5	2	4	6	7	6	3	4	8	7	8	22	7	7	10	1	5	5	2	6	3	5	2	2	5	21	24	5	4	3	1
GLU-PRO-CYS (EPC)	3	3	3	5	2	5	2	7	4	9	3	2	8	14	1	5	3	2	4	0	4	3	2	4	4	3	5	7	9	1	3	4	1
ARG-PHE-ARG (RFR)	42	20	12	28	14	9	27	21	10	18	16	10	84	76	19	32	26	22	28	24	10	18	17	10	24	26	14	14	28	8	10	14	13
ASP-ASN-PRO (DNP)	7	17	13	14	9	9	21	15	13	28	9	15	81	63	10	21	12	11	38	23	10	14	13	11	12	14	22	20	20	14	27	16	8
ARG-ILE-LYS (RIK)	46	52	34	51	40	21	49	44	32	48	51	37	191	152	37	36	28	28	41	50	28	40	42	30	41	49	37	50	25	22	51	44	25
CYS-ARG-GLU (CRE)	6	2	3	8	8	3	10	2	3	4	1	1	5	14	3	4	5	3	6	0	1	7	6	2	6	1	2	2	8	2	8	4	5
ARG-PHE-LYS (RFK)	46	26	17	27	21	18	34	25	17	20	23	23	145	92	24	31	21	13	40	43	14	21	27	20	17	16	19	35	19	14	23	16	19
CYS-VAL-PRO (CVP)	11	4	7	3	10	5	7	8	4	7	9	7	10	23	4	10	9	5	10	8	8	5	6	7	15	8	6	12	2	0	1	7	5
LYS-MET-ARG (KMR)	6	3	7	11	7	2	4	9	4	5	9	6	29	25	10	7	8	3	10	7	6	6	6	1	11	11	11	9	13	5	6	6	2
PRO-PRO-LEU (PPL)	52	31	24	49	33	22	60	48	28	50	41	33	215	157	30	92	47	18	48	30	23	44	27	55	79	50	35	63	35	28	50	46	27
LEU-ARG-CYS (LRC)	7	3	6	7	5	3	2	3	2	8	7	4	10	14	2	2	2	0	2	5	5	4	7	4	5	10	1	1	5	4	3	3	4
GLN-PRO-TYR (QPY)	6	7	2	9	8	6	5	6	7	10	10	4	21	24	3	8	9	5	10	5	6	8	4	2	6	15	8	12	7	4	12	9	5
LYS-LEU-LYS (KLK)	172	119	84	178	132	96	156	140	88	204	159	123	838	446	97	116	97	83	155	113	90	145	122	81	135	159	99	128	112	61	132	125	100
ARG-HIS-ARG (RHR)	17	12	7	13	20	9	24	27	10	18	14	8	50	46	10	16	16	11	15	7	12	13	9	10	26	31	15	17	10	9	6	13	9
TRP-GLY-GLY (WGG)	7	11	7	13	12	6	13	7	5	5	7	6	20	28	9	18	19	9	6	10	9	9	8	7	7	18	2	13	11	9	4	7	4
PHE-THR-TRP (FTW)	10	2	1	4	7	1	6	4	2	6	2	5	6	13	3	6	2	3	8	2	2	4	4	5	10	10	2	10	1	2	3	2	4
LYS-LEU-ARG (KLR)	143	118	67	122	78	77	119	128	60	162	112	86	412	304	71	86	76	77	92	74	63	87	72	61	91	95	76	104	140	49	93	100	70
CYS-ASN-ALA (CNA)	5	3	1	6	5	2	5	3	0	0	2	4	2	9	3	4	1	4	1	8	4	8	0	3	4	2	1	4	3	0	6	1	2
PRO-TRP-PRO (PWP)	5	3	1	0	1	0	4	2	1	7	6	2	3	10	2	4	3	1	22	8	4	6	2	4	2	1	4	2	0	3	2	3	1
HIS-GLU-TRP (HEW)	5	2	2	4	3	6	0	2	1	4	5	6	4	11	5	4	6	4	3	4	3	6	2	1	5	9	1	4	3	6	5	4	1
HIS-TRP-LYS (HWK)	1	5	4	3	7	3	5	3	2	5	3	2	4	10	1	4	2	6	4	4	4	7	4	3	4	3	4	5	4	2	1	2	0
LYS-PHE-LYS (KFK)	50	53	27	54	51	37	92	70	28	41	48	45	202	150	31	22	46	27	89	86	26	48	45	22	55	47	43	55	59	34	55	44	42
ALA-PRO-TRP (APW)	5	7	3	4	3	4	3	0	6	7	7	3	16	15	3	6	5	3	8	6	7	7	2	3	4	4	8	10	9	6	4	4	1
VAL-HIS-MET (VHM)	3	5	3	8	6	1	3	2	2	2	2	7	2	9	1	4	2	1	4	2	1	3	1	2	4	3	1	6	7	2	7	3	1
ALA-ARG-MET (ARM)	4	7	7	13	8	5	19	13	11	10	8	9	12	26	6	16	5	4	9	9	6	7	16	2	15	3	11	4	12	5	17	15	7
PRO-PRO-GLY (PPG)	32	35	22	32	27	25	40	26	21	31	33	28	106	99	35	47	16	26	53	27	35	45	37	52	43	39	36	40	48	23	19	15	31
ARG-GLN-ARG (RQR)	41	17	13	24	20	16	31	33	18	21	17	13	72	71	11	31	29	14	37	55	11	35	45	21	15	21	16	26	27	14	20	26	20
ARG-LYS-LYS (RKK)	113	113	54	103	68	60	166	141	84	108	108	91	392	297	47	147	124	80	157	148	79	107	133	83	104	80	49	95	81	45	96	88	48
SER-GLY-CYS (SGC)	5	2	5	6	14	2	8	7	6	8	5	1	10	17	6	4	2	3	5	5	9	6	8	9	10	13	5	5	8	1	9	5	7
LYS-ILE-LYS (KIK)	59	79	41	88	61	39	99	73	39	62	64	57	293	190	59	65	59	53	101	89	38	49	57	51	78	65	50	80	54	33	89	66	35
ARG-ASN-ARG (RNR)	33	21	18	40	31	14	47	21	25	40	36	21	129	82	20	26	15	23	34	45	17	35	31	19	26	26	20	30	31	18	24	23	22
ARG-ILE-ARG (RIR)	32	22	20	44	20	13	31	30	22	35	20	26	100	77	17	26	25	22	34	30	22	26	33	27	25	24	32	35	27	24	24	21	22
GLY-ARG-CYS (GRC)	4	5	7	11	11	3	2	2	5	10	13	13	12	24	9	27	18	8	7	9	9	6	22	12	9	14	5	8	8	4	2	5	4
THR-ASN-ARG (TNR)	16	19	15	20	15	11	9	13	14	19	19	7	39	40	9	15	15	12	22	19	11	14	16	9	24	1	8	13	25	10	14	17	13
ALA-TYR-CYS (AYC)	3	4	3	3	3	1	4	3	5	3	9	1	6	9	2	3	0	2	5	1	2	3	2	0	7	3	2	5	11	7	4	1	1
HIS-GLY-TRP (HGW)	2	2	2	3	3	2	3	5	2	12	1	2	3	8	0	3	4	2	2	3	4	3	5	3	5	2	1	1	2	2	5	2	6
HIS-SER-CYS (HSC)	2	4	2	3	4	8	9	6	0	5	11	5	13	20	5	16	10	1	15	14	3	7	5	9	11	21	13	10	9	8	5	6	4
TYR-TRP-ASN (YWN)	4	1	3	2	6	4	1	1	1	1	7	3	9	9	3	7	2	3	9	1	1	2	2	4	5	1	4	6	4	2	6	3	2
PRO-ASN-ILE (PNI)	23	22	17	24	29	10	32	24	13	35	19	13	68	61	24	18	17	14	18	18	15	34	30	28	41	24	14	29	22	11	32	17	12
