	Pro-Arg-Depletion_r1	Pro-Arg-Depletion_r3	Control_r1	Control_r3
ALA	49557	118889	161530	131793
ARG	57942	131565	151388	122994
ASN	41090	100808	149539	120877
ASP	43231	104427	163505	129027
CYS	6811	17575	25828	20945
GLN	23986	57744	98332	78362
GLU	51395	125168	210899	169407
GLY	47674	118069	163703	130619
HIS	12872	30410	49616	40025
ILE	45675	111262	145332	118821
LEU	95905	229943	268922	224551
LYS	78579	180416	231216	189335
PHE	19282	50051	77075	64136
PRO	38210	86883	120163	96327
SER	58355	138781	194890	155427
THR	34686	83986	129753	104418
TRP	8957	22788	31571	25454
TYR	21469	53340	77611	63697
VAL	38766	98096	142549	117587
TERM	8182	28586	21297	16683
MET	8580	21956	35957	28576