	proline_rep01	proline_rep03	control_ctx1	control_ctx3
ALA	44991	110885	8064	16083
ARG	50249	115747	7960	15307
ASN	36094	87463	5870	11650
ASP	47855	114606	7732	14719
CYS	5519	14218	1006	2079
GLN	29309	70056	5101	9633
GLU	67180	162789	10816	20592
GLY	43970	111009	7659	15906
HIS	12611	30377	2268	4357
ILE	45406	110998	7167	14947
LEU	60047	148716	10079	20171
LYS	86358	201504	13278	25939
PHE	25609	64197	4401	8903
PRO	52737	116139	7888	14550
SER	50147	120478	8486	16773
THR	38436	91649	6730	13349
TRP	8095	21049	1360	2766
TYR	24588	59111	3862	7727
VAL	45005	113634	7966	16059
TERM	615	2751	156	379
MET	11315	28538	1922	3966