	-30	-29	-28	-27	-26	-25	-24	-23	-22	-21	-20	-19	-18	-17	-16	-15	-14	-13	-12	-11	-10	-9	-8	-7	-6	-5	-4	-3	-2	-1	0	1	2
ALA_GCT	10289	9841	9757	10560	10002	9812	10535	10039	9800	10289	9937	9752	10221	10131	9962	10495	10245	9896	10818	10264	10205	11109	10101	10171	11009	10122	9962	10888	11420	8435	10340	6820	7451
ALA_GCC	3802	3865	3834	3896	3788	3613	3973	4053	3764	3936	3850	3710	3795	3828	3780	3876	3939	3790	3963	4057	3933	4042	3927	3987	4136	3940	3929	4532	5239	3286	3225	2251	2599
ALA_GCA	4388	4174	4268	4390	4266	3952	4354	4366	4106	4546	4384	4205	5157	4623	4439	4576	4568	4283	5050	4529	4481	4976	4402	4214	4981	4249	4325	4766	5166	3443	4253	2800	3765
ALA_GCG	622	644	559	597	600	557	566	546	572	593	598	595	836	809	635	631	544	589	640	639	563	646	639	618	747	607	614	690	685	538	607	363	375
ARG_CGT	2242	2107	2048	2075	2135	1940	2158	2091	2091	2337	2127	2119	2303	2340	2137	2345	2217	2109	2484	2285	2208	2195	2217	2199	2271	2346	2159	2155	1973	1793	1794	1777	1064
ARG_CGG	249	254	236	267	236	232	257	292	262	259	259	255	393	357	230	296	306	262	291	281	243	263	256	270	307	286	249	282	265	272	279	137	122
ARG_CGC	166	189	148	170	164	176	179	173	161	183	181	217	264	221	183	221	187	162	209	205	161	185	191	170	210	236	185	220	201	211	162	132	108
ARG_CGA	1139	1016	912	1008	1034	884	1065	1061	943	1097	1021	990	1472	1286	1043	1277	1226	978	1183	1133	993	1036	1005	1006	1181	1165	970	1112	1125	1014	956	870	694
ARG_AGA	10778	10134	9999	10412	10381	10073	10847	10203	9983	10943	10453	10106	10907	10284	10459	11177	10490	10205	11075	10774	10342	11231	11152	10713	11283	10905	10119	10320	10395	10161	10502	13426	9282
ARG_AGG	812	809	619	782	746	700	774	735	722	823	738	796	889	759	729	827	846	700	853	818	709	785	765	789	822	767	698	736	774	778	793	537	460
ASN_AAT	11460	11025	10490	11226	11092	10677	11522	10893	10431	11328	10701	10237	11293	10637	10223	11631	11060	10276	10891	10620	10282	11016	10673	10433	11386	11042	10285	11384	10128	11119	13896	16010	12094
ASN_AAC	5734	5256	5400	5735	5458	5290	5663	5359	5418	5880	5416	5479	5676	5172	5202	5637	5627	5373	5589	5269	5436	5794	5504	5407	5727	5686	5568	5856	5351	5918	6808	7473	5832
ASP_GAT	16063	15489	15390	15943	15454	15148	16033	15370	15368	15895	15246	15104	16111	15392	15665	15766	15026	15121	15617	15600	15790	16737	16185	15535	16016	15266	14973	15427	14729	13783	15973	13235	19449
ASP_GAC	4966	4817	5229	5057	4874	4971	5023	4811	4957	4975	4808	5004	5176	5218	4898	4889	4881	5114	5103	4951	5151	5306	5394	5053	4907	4836	4807	4865	4991	4458	5130	4536	6576
CYS_TGT	2283	2144	2054	2210	2162	2142	2242	2066	2036	2330	2262	2067	2335	2192	1960	2144	1960	2020	2147	2128	2126	2122	2225	1917	2129	2196	2149	2183	2184	2322	1981	1823	1198
CYS_TGC	266	249	272	284	263	257	280	232	241	275	252	263	326	283	298	269	267	236	300	274	273	316	275	232	315	329	258	276	300	362	249	253	173
GLN_CAA	12311	11732	11376	12214	11844	11541	12199	11985	11902	12351	12230	11384	11771	11309	11643	12350	11666	11541	12376	11498	11657	11971	11869	11481	12466	12631	11933	13098	11652	11320	11388	14547	12628
GLN_CAG	1966	1909	1846	1966	1856	1725	1954	1852	1800	1932	1877	1880	2100	1987	1889	1993	1948	1838	2030	1990	1904	2062	2022	1974	2155	2254	2159	2458	1944	1987	2020	1784	1616
GLU_GAA	23588	22531	22709	23553	22997	22772	23768	22760	23095	23482	22778	23351	23448	22399	22934	22576	22008	23359	23844	22808	23260	24200	22800	23426	23924	22080	22409	22285	22038	20535	23079	20342	36872
GLU_GAG	4688	4545	4503	4675	4512	4487	4637	4567	4549	4697	4653	4679	5024	4804	4441	4662	4695	4733	4770	4703	4665	5003	4777	4528	4791	4419	4257	4264	4212	3967	4391	3585	6013
GLY_GGT	10964	10463	10287	10820	10466	9995	10746	10414	10194	10563	10570	10194	10768	10659	10227	10895	11350	10371	10715	10647	10232	10813	10922	10332	10404	10761	9919	10437	11160	8966	7436	7608	6362
GLY_GGC	1135	1122	1028	1113	1096	1091	1100	1103	1054	1114	1178	1072	1321	1272	1091	1103	1211	1030	1131	1135	1000	1229	1205	1086	1177	1122	1078	1186	1425	1163	678	882	733
GLY_GGA	4001	3949	3694	3981	3913	3784	3944	3879	3694	4044	4022	3760	4412	4196	3770	4320	4236	3773	4067	3894	3721	4275	4096	3968	4082	3760	3584	3891	4190	3235	2541	3107	3246
GLY_GGG	1766	1767	1607	1754	1650	1614	1836	1675	1553	1770	1710	1683	2028	1855	1621	1849	1862	1692	1776	1750	1682	1790	1828	1695	1953	1691	1687	1880	2183	1764	1123	907	1384
HIS_CAT	3724	3631	3382	3726	3592	3466	3774	3732	3364	3855	3541	3378	3606	3500	3321	3783	3870	3468	3773	3609	3463	3520	3662	3512	3827	3863	3504	4054	3206	3358	3407	4409	3089
HIS_CAC	1940	1851	1895	1967	1959	1798	1939	1879	1842	2058	1971	1850	1936	1810	1942	1942	1804	1830	1927	1993	1941	1928	1929	1715	1821	2042	1994	2137	1754	1930	1811	2179	1565
ILE_ATT	10843	10366	10216	10727	10336	10329	10675	10487	10162	10799	10290	9936	10370	10377	10245	10881	10298	10029	10648	10401	9828	10381	10106	10025	10947	10315	9985	10511	9930	11309	13442	11723	9930
ILE_ATC	3740	3636	3569	4039	3737	3799	3825	3698	3631	3874	3643	3757	3713	3576	3636	3905	3814	3641	3789	3742	3512	3919	3557	3638	3799	3680	3737	3884	3694	4366	4581	3438	3702
ILE_ATA	3529	3408	3152	3634	3403	3206	3527	3305	3172	3357	3424	3316	3663	3445	3382	3713	3424	3300	3610	3354	3193	3462	3329	3293	3569	3308	3273	3425	3449	3773	4444	3765	3794
LEU_TTA	10262	10061	9670	10339	9997	9932	10500	9947	9884	10389	9750	9532	10323	9832	9930	10265	9819	9961	10210	9743	9621	10469	9485	9468	10147	10030	9605	10316	10971	11533	11065	11098	9148
LEU_TTG	11293	10853	10568	11372	10857	10794	11383	10887	10630	11299	10796	10390	11038	10559	10573	11057	10657	10443	11048	10306	10645	11263	10637	10631	11005	11085	10873	11140	10695	11338	11674	9786	7018
LEU_CTT	2006	1833	1829	2058	1976	1845	1970	1894	1876	2083	1875	1811	2098	1974	1883	1953	1782	1822	2051	2030	1799	1914	2009	1832	2020	1964	1951	2197	1790	2020	1890	2089	1481
LEU_CTC	488	434	471	476	489	417	459	487	434	545	447	430	511	473	508	450	473	481	472	519	459	512	434	452	469	565	478	557	469	517	456	471	336
LEU_CTA	901	940	812	931	869	871	822	861	788	851	835	822	1168	1053	867	1034	925	850	931	943	858	843	874	810	928	896	886	912	892	961	867	932	816
LYS_AAA	19800	18847	18568	19740	18811	18621	19738	18824	18363	19371	19348	18565	19893	18950	18586	20335	19362	18276	19871	18378	18208	19111	18602	18390	19753	18906	18838	19472	18202	19210	21666	25557	24609
LYS_AAG	8403	8673	8284	8631	8690	8306	8847	8411	8277	8870	8415	8519	8858	8643	8436	9382	8693	8194	9018	8471	8189	8562	8840	8511	8757	8811	7963	8404	7887	8451	9764	10237	8732
PHE_TTT	6635	6422	6060	6532	6214	6052	6602	6558	6156	6709	6287	6248	6018	5989	5966	6555	6243	6065	6071	6105	5830	6137	6227	5735	6082	6364	5864	6489	6277	6932	6418	7133	4624
PHE_TTC	4119	3876	4070	4099	4019	3919	4061	3972	3899	4003	3747	3650	3715	3842	3745	4195	3886	4017	4159	3792	3768	4147	3816	3680	3832	3938	3981	4283	4081	4849	3999	3979	3241
PRO_CCT	3236	2957	2833	3234	2990	2917	3088	3034	2956	3206	2950	2922	3142	3044	2694	3586	3369	2946	3536	3105	2866	3058	2905	2814	3104	2952	3006	3797	2877	3001	2696	3202	2194
PRO_CCC	780	721	701	748	742	684	785	777	652	791	707	697	799	757	689	747	768	700	841	788	656	747	680	671	750	752	731	1008	864	832	830	670	497
PRO_CCA	8021	7916	7642	8079	7704	7811	8096	7846	7708	8005	7822	7610	8153	8073	7344	8747	8261	8010	9038	8102	7808	8305	7709	7672	8363	7961	8237	9205	7629	7346	6799	7537	6814
PRO_CCG	683	682	556	685	609	552	634	712	525	674	605	575	749	710	605	681	667	598	764	663	603	664	617	564	655	618	610	795	596	664	674	640	398
SER_TCT	6240	5870	5870	6369	5965	5998	6316	5989	6000	6323	6110	5955	6168	6037	5749	5988	5828	5970	6021	5943	5754	6155	5761	5841	6070	5752	5908	6622	6127	6297	5886	6308	4392
SER_TCC	2478	2495	2371	2534	2308	2386	2445	2367	2416	2600	2367	2480	2496	2410	2447	2477	2392	2373	2454	2398	2436	2487	2372	2297	2402	2411	2464	2602	2596	2665	2419	2054	1653
SER_TCA	6341	6092	5827	6345	6025	5930	6298	6061	5833	6402	6151	5972	6356	6000	5881	5872	5898	5862	6468	6090	5851	6490	5982	5923	6104	6170	6322	6539	6778	6053	5980	6162	5436
SER_TCG	1456	1422	1418	1587	1486	1313	1503	1505	1425	1537	1548	1316	1600	1567	1347	1534	1419	1460	1687	1598	1467	1601	1483	1426	1583	1523	1545	1662	1473	1412	1524	1546	933
SER_AGT	4434	4301	4074	4484	4463	4121	4690	4486	4196	4675	4430	4342	4516	4391	4207	4480	4284	4087	4622	4645	4296	4543	4649	4384	4605	4600	4243	4435	4268	4256	4388	4939	2779
SER_AGC	1236	1221	1211	1204	1265	1197	1298	1222	1223	1322	1232	1141	1226	1227	1215	1285	1219	1195	1381	1309	1251	1379	1275	1258	1339	1326	1174	1323	1329	1434	1099	1472	864
SER_CTG	776	778	710	780	775	738	765	746	696	795	766	768	938	829	692	776	744	677	728	753	797	809	780	781	807	721	769	856	652	705	924	660	478
THR_ACT	7918	7648	7664	7900	7632	7567	7951	7528	7519	7866	7784	7501	7468	7456	7552	7645	7406	7064	7684	7526	7486	7796	7574	7481	8069	7046	7309	7878	7334	7273	9671	7870	7232
THR_ACC	3587	3652	3442	3576	3431	3491	3592	3597	3606	3629	3653	3552	3397	3366	3455	3636	3365	3383	3595	3459	3412	3702	3402	3386	3651	3331	3766	3842	3838	3756	4197	2890	3473
THR_ACA	3963	3828	3494	3931	3777	3658	4036	3770	3530	3949	3875	3748	4136	3896	3593	3913	3759	3716	4047	3842	3714	4056	3778	3677	4270	3639	3881	4117	3798	3852	4980	3924	4158
THR_ACG	855	848	800	889	791	735	872	786	776	919	852	823	945	810	789	872	807	770	875	905	855	917	810	877	948	810	805	866	816	840	1173	898	622
TRP_TGG	2545	2455	2323	2490	2414	2371	2479	2493	2383	2626	2367	2537	2939	2637	2410	2532	2419	2469	2596	2653	2420	2578	2572	2585	2737	2646	2525	2584	2595	3010	2607	1521	1837
TYR_TAT	5541	5569	5360	5872	5568	5271	5817	5572	5155	5673	5515	5376	5611	5425	5183	5739	5523	5245	5483	5533	5129	5391	5364	5137	5435	5470	5202	5812	5466	5901	6012	6852	4734
TYR_TAC	3261	3162	3146	3424	3073	3029	3208	3141	3059	3353	3150	3051	3127	3001	3010	3183	3161	3206	3177	3141	3214	3195	3067	2979	3100	3309	3176	3378	3467	3638	3247	4164	2816
VAL_GTT	10119	9665	9776	10294	9764	9420	10083	9918	9487	9989	9604	9446	9616	9540	9555	9866	9251	9680	9801	9817	9472	10098	9604	9412	9947	9328	9232	9700	9223	8695	9280	6611	10344
VAL_GTC	3043	2892	3079	3022	2953	3023	3125	2907	3025	3064	3103	3018	3073	2995	3012	3062	3011	3193	3116	3115	3034	3307	3197	2955	3255	2979	3164	3327	3347	2955	2667	1905	3531
VAL_GTA	2350	2202	2175	2346	2209	2222	2390	2209	2334	2330	2246	2255	2357	2339	2195	2321	2201	2199	2331	2235	2213	2445	2137	2218	2349	2254	2187	2263	2167	1893	2202	1499	2550
VAL_GTG	2723	2485	2400	2705	2666	2580	2739	2669	2580	2813	2747	2474	3103	2850	2694	2756	2513	2591	2768	2811	2598	2830	2696	2592	2911	2575	2563	2745	2629	2155	2638	1584	1855
TERM_TAA	253	215	175	161	155	189	160	161	201	193	159	153	548	613	158	204	151	132	152	135	146	139	134	108	141	106	122	122	90	132	103	119	147
TERM_TGA	47	67	35	55	37	33	41	32	32	37	48	45	144	195	46	47	50	45	41	42	31	34	37	39	36	36	27	29	31	26	22	26	16
TERM_TAG	68	58	68	68	59	47	66	54	73	62	60	65	158	218	90	77	69	57	54	46	53	46	37	50	42	48	48	43	32	42	40	31	77
MET_ATG	4535	4387	4112	4646	4306	4381	4595	4414	4284	4712	4316	4212	4496	4418	4421	4733	4432	4324	4452	4339	4180	4512	4363	4302	4821	4326	4365	4528	4301	4665	6152	4548	3139
