	-27	-26	-25	-24	-23	-22	-21	-20	-19	-18	-17	-16	-15	-14	-13	-12	-11	-10	-9	-8	-7	-6	-5	-4	-3	-2	-1	0	1	2	3	4	5
ARG-ALA_CGAGCG	2	3	2	5	4	2	3	3	3	2	1	2	18	37	0	3	0	1	1	2	4	2	2	2	3	0	0	3	0	2	5	1	1
ARG-SER_AGGAGC	4	3	1	2	2	3	6	5	4	1	0	3	5	43	3	5	4	5	8	1	3	4	5	1	4	2	6	1	2	2	0	0	1
ARG-ARG_CGACGA	3	6	6	4	1	3	4	4	12	5	7	1	25	26	3	5	6	3	5	5	4	3	3	2	4	3	5	0	3	2	2	2	0
ARG-PRO_CGGCCA	2	4	4	1	0	1	2	0	3	10	6	4	4	18	1	5	2	2	5	5	5	6	4	4	4	8	9	3	2	0	1	2	1
PRO-GLY_CCTGGG	34	19	29	24	29	19	18	16	24	25	16	19	68	94	18	28	24	14	16	23	16	17	23	23	31	20	18	26	44	21	14	3	15
CYS-VAL_TGCGTG	2	2	3	3	1	2	5	3	3	4	1	5	7	13	3	2	7	0	2	3	4	7	5	7	4	4	4	4	2	2	2	1	0
GLY-LEU_GGGCTA	6	12	4	14	5	7	3	13	6	9	12	6	16	33	9	8	8	9	12	8	20	4	6	10	9	15	10	4	7	4	9	6	1
ILE-ARG_ATTCGC	1	2	7	3	3	2	4	4	2	3	5	1	5	10	3	5	1	0	4	5	0	1	0	1	2	8	2	5	4	3	1	1	3
LEU-ALA_CTAGCG	5	4	2	4	2	3	7	5	6	7	12	4	10	19	6	4	8	2	4	2	9	8	4	7	2	8	15	5	9	1	5	1	2
PRO-GLY_CCGGGC	4	4	1	8	3	2	2	2	2	4	5	5	2	12	6	3	8	1	0	3	1	6	6	4	2	3	3	6	3	8	2	2	2
PRO-SER_CCCCTG	4	10	5	6	5	10	5	7	4	7	2	4	9	23	7	7	8	3	3	7	6	12	9	12	8	5	10	15	8	8	7	7	1
GLN-ALA_CAAGCG	12	12	6	14	13	13	13	11	23	10	18	21	20	43	17	16	10	19	20	14	14	10	20	14	22	14	13	19	10	15	18	13	5
GLY-SER_GGGAGC	6	4	4	2	4	4	5	3	6	4	1	6	5	10	2	1	5	3	6	3	1	6	3	3	3	1	7	2	1	8	2	3	3
CYS-ILE_TGCATA	5	0	8	2	5	4	2	5	3	4	3	1	5	10	3	4	6	2	7	2	4	2	5	0	4	3	4	5	6	0	9	2	3
PHE-LEU_TTCCTA	4	11	3	6	3	2	6	7	6	2	3	4	6	14	7	7	5	6	13	2	3	8	5	2	8	3	7	5	4	2	5	9	5
LEU-TRP_CTCTGG	5	4	0	7	5	8	3	1	7	3	6	3	4	10	5	0	2	12	0	5	3	2	1	3	4	8	2	3	6	3	4	0	3
GLY-ARG_GGGAGG	8	11	11	8	8	5	6	4	4	5	5	3	3	12	6	3	2	8	8	3	4	5	3	3	6	4	3	0	4	1	2	2	2
ARG-LEU_CGACTA	2	2	2	1	4	3	2	3	2	2	2	4	10	9	5	8	4	2	3	4	1	5	2	4	5	4	5	7	2	4	5	3	2
SER-PRO_TCCCCG	5	8	3	3	8	6	6	2	4	17	4	5	5	12	5	3	4	1	4	5	1	3	3	4	6	2	5	7	4	6	3	9	1
GLY-LEU_GGCCTT	6	7	7	9	9	7	5	8	7	7	8	4	3	13	2	6	2	9	5	8	0	3	6	6	2	8	7	1	7	1	1	3	1
ALA-ALA_GCAGCG	13	12	6	11	12	8	10	11	11	14	7	12	26	34	18	17	10	9	11	17	12	18	19	27	26	25	11	12	12	13	10	4	9
PRO-TRP_CCGTGG	1	2	1	9	3	5	3	6	3	2	5	1	3	9	4	4	1	2	4	7	3	5	2	3	5	2	7	8	3	2	7	2	1
VAL-PRO_GTCCCG	6	9	3	4	0	4	4	1	2	2	0	2	3	8	4	4	4	6	3	4	2	3	4	5	3	1	4	5	3	4	2	4	1
THR-ARG_ACCCGA	2	5	2	5	5	2	1	1	1	3	1	1	6	8	4	2	2	5	6	3	3	5	4	2	3	5	6	7	2	6	3	4	0
ILE-LEU_ATCCTA	2	3	7	4	4	5	4	6	3	1	3	8	4	9	1	7	2	4	5	2	4	3	2	2	2	2	5	11	4	1	4	3	3
ASN-ARG_AACCGG	1	2	2	1	3	2	5	5	5	3	3	1	7	8	2	2	7	3	5	6	2	3	3	1	4	1	6	4	2	9	4	2	2
LEU-SER_CTAAGC	8	4	8	7	4	5	2	2	10	3	3	3	7	12	7	5	6	9	5	1	5	7	7	3	7	4	8	4	5	4	7	1	2
SER-LEU_TCTCTA	7	7	1	1	6	7	9	5	3	3	7	5	7	14	8	8	5	6	4	3	8	6	7	5	8	13	9	4	5	4	5	9	7
ARG-ILE_CGGATT	1	4	2	5	2	2	3	2	6	6	3	6	3	7	1	0	2	5	5	1	4	4	2	4	2	3	2	4	1	3	3	4	4
ARG-THR_CGGACA	2	3	1	2	5	0	5	4	4	10	5	2	2	7	2	2	4	5	5	5	2	3	2	5	2	4	2	3	2	2	1	3	0
PRO-ARG_CCACGG	8	7	5	5	1	3	4	7	7	4	7	3	10	11	6	7	5	4	5	4	1	4	6	4	3	0	7	9	3	6	9	2	0
ARG-ALA_AGAGCG	3	7	7	12	6	6	4	3	6	5	5	9	12	14	5	9	5	7	6	7	6	4	8	3	13	7	4	5	9	2	5	5	5
PRO-LEU_CCACTC	5	10	5	5	8	5	6	11	6	7	9	2	4	14	6	6	8	7	7	7	3	8	3	9	5	4	3	4	10	9	3	7	8
VAL-PRO_GTACCC	12	10	10	6	4	8	13	12	8	16	10	12	5	20	10	13	3	8	11	12	9	9	13	8	7	4	2	10	4	13	11	12	3
ARG-THR_CGCACT	4	5	8	3	3	1	2	2	5	9	8	5	6	10	3	4	6	3	4	7	7	3	4	2	4	4	8	2	1	9	5	5	4
LEU-CYS_CTATGT	4	5	2	2	6	6	5	3	0	9	8	3	7	8	7	4	2	0	1	1	2	3	5	6	3	1	4	2	2	4	7	1	2
ARG-VAL_AGGGTT	21	8	15	10	14	9	9	13	13	14	10	9	30	30	21	15	23	15	13	15	10	24	13	12	12	9	17	12	13	8	17	8	7
TYR-SER_TACCTG	3	6	0	5	3	1	5	2	4	5	2	6	5	9	2	4	6	3	5	7	6	4	6	4	3	7	5	6	4	1	8	3	1
THR-ALA_ACGGCG	4	6	5	5	6	3	5	6	8	11	10	5	8	14	7	7	5	6	10	11	7	10	4	2	7	6	8	12	8	2	6	1	5
ALA-ARG_GCACGA	10	6	5	10	10	8	12	11	6	14	10	7	4	19	8	12	8	6	8	7	5	10	7	7	12	11	5	13	5	13	11	11	9
GLY-ARG_GGACGG	3	5	7	1	4	6	2	6	2	3	4	3	8	8	2	2	1	3	6	5	2	2	9	3	2	3	4	0	2	6	4	7	3
SER-LEU_TCGCTA	8	4	5	7	1	4	5	9	3	2	3	2	2	9	5	3	8	10	5	2	5	4	4	4	6	0	4	2	4	3	4	4	3
GLU-ARG_GAGCGA	20	12	5	6	6	14	15	14	10	12	16	9	21	23	10	14	9	9	13	9	14	9	6	7	8	10	9	8	6	23	8	11	5
THR-GLY_ACCGGC	11	9	9	12	13	9	6	8	10	6	7	18	16	20	1	10	7	10	10	5	5	10	8	11	10	1	6	21	15	13	7	7	13
ALA-SER_GCGCTG	3	7	6	8	5	7	2	5	3	4	5	4	5	8	3	3	3	0	4	3	2	2	1	5	3	5	3	11	2	1	1	3	3
LEU-CYS_TTGTGC	15	13	17	16	16	9	13	9	7	10	8	15	18	25	5	12	9	10	12	11	13	17	19	11	13	11	6	9	13	15	9	19	8
ARG-ASP_AGGGAC	10	9	7	12	10	8	7	14	17	10	15	10	10	20	6	7	7	11	16	6	9	9	9	8	8	7	9	6	22	1	7	12	13
ARG-HIS_CGCCAC	4	5	2	1	4	1	1	0	4	5	6	3	8	8	5	5	6	4	2	4	4	7	7	3	6	3	6	1	4	6	3	3	3
LEU-GLY_CTAGGC	5	5	2	3	3	4	3	7	2	6	5	5	1	8	0	3	5	4	5	3	3	6	4	3	2	2	2	4	5	6	9	4	5
TYR-PRO_TACCCC	3	9	3	4	8	7	3	6	3	7	10	5	8	12	8	6	7	7	5	11	7	2	4	3	12	4	7	6	5	5	10	3	2
