	-27	-26	-25	-24	-23	-22	-21	-20	-19	-18	-17	-16	-15	-14	-13	-12	-11	-10	-9	-8	-7	-6	-5	-4	-3	-2	-1	0	1	2	3	4	5
TRP-CYS (WC)	63	42	55	33	52	44	44	39	38	48	41	42	61	62	42	50	48	38	36	36	42	50	55	37	37	45	35	37	15	27	29	23	19
PRO-GLY (PG)	575	541	536	595	571	583	578	547	578	567	588	530	888	881	589	702	698	610	634	595	570	630	628	620	730	587	585	548	717	513	433	420	402
GLY-TRP (GW)	162	170	159	165	137	151	148	157	161	176	139	164	188	207	154	168	163	156	140	178	156	150	142	148	176	188	128	107	107	149	150	81	118
PHE-TRP (FW)	101	129	67	78	93	79	79	97	72	68	79	87	113	117	97	72	94	81	90	88	80	99	107	95	102	89	81	97	112	98	89	67	71
GLY-GLY (GG)	1703	1685	1561	1616	1671	1623	1634	1710	1565	1706	1835	1565	1834	1984	1640	1684	1818	1567	1638	1753	1504	1642	1682	1454	1656	1842	1358	1025	1387	1175	839	1019	1074
PRO-TRP (PW)	101	89	105	129	99	112	111	114	95	75	108	86	114	126	94	125	91	89	100	100	116	126	93	119	129	98	103	102	98	103	80	43	57
GLY-ARG (GR)	1028	948	915	949	1024	931	1067	981	958	1131	1035	973	1130	1177	990	987	991	952	1051	983	1024	1030	1095	975	1111	1163	865	585	478	625	651	817	668
ALA-CYS (AC)	115	127	134	144	148	149	156	137	145	158	152	112	141	159	112	151	121	125	128	131	146	135	116	106	147	164	110	134	87	130	90	98	78
PRO-ASP (PD)	632	664	670	642	677	653	674	613	635	678	655	577	869	805	681	809	717	648	629	595	662	731	636	678	763	725	617	558	631	421	654	549	743
GLN-CYS (QC)	78	85	56	75	71	101	94	72	64	67	69	80	92	95	64	92	65	63	87	70	83	107	105	86	86	70	83	75	89	82	74	68	51
GLY-ASP (GD)	1040	1045	987	1006	1023	1030	973	1012	957	1099	1071	926	1137	1190	1043	1089	979	1018	1077	1066	1096	997	1002	1065	1058	1168	908	626	706	652	798	708	1059
VAL-TRP (VW)	154	142	164	163	129	152	143	166	150	198	143	172	177	175	170	167	151	145	125	146	171	158	132	152	155	153	137	129	97	185	128	66	69
ASN-ARG (NR)	693	642	711	644	645	585	661	658	673	764	697	589	790	834	693	658	662	687	737	676	635	723	649	672	729	706	701	884	993	769	727	785	611
HIS-TYR (HY)	151	169	157	197	177	176	188	191	153	177	191	163	189	209	173	207	170	158	166	183	186	181	166	176	196	157	138	150	214	162	205	201	180
GLY-SER (GS)	1235	1284	1145	1305	1296	1215	1323	1256	1337	1376	1437	1260	1411	1425	1243	1276	1372	1235	1250	1353	1249	1332	1224	1141	1172	1411	1159	906	916	859	931	945	820
GLY-PRO (GP)	491	470	433	493	477	457	505	468	489	500	475	436	482	546	476	551	528	426	601	526	477	491	437	443	495	556	522	500	413	324	322	412	328
CYS-MET (CM)	42	27	30	39	39	33	21	35	33	36	54	27	51	40	38	36	39	43	40	29	36	35	42	37	29	21	37	21	26	19	56	23	29
GLY-CYS (GC)	200	175	193	220	178	189	186	192	162	199	196	176	188	193	184	196	151	164	182	187	175	156	162	137	171	199	148	121	125	109	131	109	68
GLY-VAL (GV)	1060	995	1028	1127	1043	1017	1029	987	942	1151	1073	984	1075	1138	1017	1029	951	994	1027	1047	1023	1185	1084	1085	1184	1127	1004	655	762	649	754	603	780
TYR-ALA (YA)	600	556	546	523	613	466	579	524	499	556	502	447	569	629	610	491	548	530	570	552	480	587	516	507	634	522	583	629	851	459	595	372	443
MET-CYS (MC)	44	45	57	54	47	49	35	43	33	49	52	43	44	51	39	39	47	29	44	36	41	50	46	43	48	50	67	63	40	38	34	50	19
GLY-ILE (GI)	1001	915	977	1127	963	878	1033	1025	961	1025	1068	1007	1046	1093	1058	1134	1031	917	1034	1095	961	1000	935	918	964	1058	808	645	634	699	960	735	789
GLY-ALA (GA)	1065	1071	975	1068	1031	1049	989	1089	1034	1037	1115	1080	1142	1136	1061	1076	1068	1039	1157	1052	1036	1140	1099	1057	1013	1101	867	777	922	636	769	637	705
ALA-TRP (AW)	110	89	89	112	111	90	111	103	113	117	115	96	119	114	102	106	102	88	94	98	102	103	149	116	133	125	84	86	73	98	71	45	61
GLY-THR (GT)	883	882	829	849	919	866	898	872	909	941	980	871	924	958	842	873	865	826	970	918	827	906	902	813	878	874	759	627	678	606	818	666	730
HIS-HIS (HH)	227	233	207	230	246	198	267	215	234	275	226	208	249	255	208	250	284	210	225	261	202	226	244	210	226	193	177	232	218	177	226	257	201
ARG-SER (RS)	904	873	832	960	886	818	985	909	839	1051	941	928	997	1017	879	963	932	884	946	957	955	1008	959	867	860	892	932	850	1070	627	985	778	646
HIS-PHE (HF)	186	174	190	227	199	165	189	218	210	175	167	162	163	223	232	222	198	190	166	193	169	238	240	188	236	192	188	203	267	186	236	194	177
GLN-TRP (QW)	108	95	112	93	97	91	81	98	96	84	97	90	108	111	102	93	88	97	92	129	89	102	104	100	128	85	103	94	121	122	124	65	68
ALA-VAL (AV)	1037	963	978	1080	1070	1027	1105	998	1016	1051	1065	1039	1023	1105	957	1045	1008	1087	1100	1007	1049	1109	1011	1053	1135	1174	879	915	715	703	755	552	845
GLY-GLU (GE)	1189	1165	1122	1165	1083	1065	1174	1134	1087	1162	1054	1119	1247	1206	1062	1066	1080	1082	1146	1151	1128	1159	1123	1132	1160	1202	924	704	832	727	918	775	1331
TRP-GLN (WQ)	94	103	77	95	101	87	97	103	74	124	131	74	118	108	97	98	102	99	104	114	95	95	89	94	106	111	135	101	47	85	69	94	80
CYS-GLY (CG)	235	175	216	221	187	167	231	181	199	238	199	190	172	208	173	210	221	183	200	179	149	197	170	178	206	197	237	160	200	114	158	103	120
VAL-CYS (VC)	191	154	172	140	136	137	164	166	161	196	191	183	156	164	163	142	144	146	144	145	152	149	163	98	155	166	110	133	87	167	104	109	82
ARG-ARG (RR)	1033	1039	968	1123	1051	985	1067	1048	976	1199	1094	1119	1240	1203	1041	1196	1154	1044	1131	1175	1144	1220	1161	1000	1085	1036	961	951	1063	949	1501	963	810
LEU-CYS (LC)	232	229	214	255	248	219	234	191	214	254	234	196	260	245	239	209	210	230	235	227	214	221	227	181	223	225	234	229	232	213	210	223	122
ASN-MET (NM)	226	230	191	272	229	240	211	238	210	246	183	208	214	262	250	228	214	216	235	230	207	230	252	229	254	201	248	295	362	289	390	210	178
TYR-MET (YM)	106	129	108	156	108	142	126	131	113	129	109	112	113	139	116	133	110	139	112	142	107	128	127	118	136	142	140	117	159	110	202	103	119
ALA-ARG (AR)	1060	989	1022	1077	1012	995	1017	954	944	1022	1026	976	1088	1100	1108	1199	1092	1054	1121	1091	1112	1168	1110	1102	1206	1181	791	902	541	729	798	877	685
PRO-THR (PT)	886	913	747	841	844	824	907	870	855	902	929	754	900	925	842	919	832	763	793	825	760	874	867	803	979	792	834	718	829	695	995	786	883
GLY-ASN (GN)	914	820	858	897	865	850	956	932	856	977	937	876	900	961	868	965	950	906	1012	983	884	885	872	836	938	991	715	638	643	672	921	935	857
ALA-PHE (AF)	576	561	606	647	603	642	576	634	577	644	587	603	549	616	522	651	583	573	690	596	549	582	510	591	532	672	433	549	324	493	455	510	401
ASP-CYS (DC)	159	139	143	171	145	126	159	121	124	162	145	127	128	153	120	149	135	129	149	148	137	143	144	164	157	156	144	148	119	166	111	114	95
PRO-PRO (PP)	862	800	764	883	785	770	805	780	752	830	746	731	960	860	744	1100	940	722	870	751	674	815	722	740	896	612	746	846	687	691	652	803	694
HIS-PRO (HP)	323	317	320	320	300	302	291	296	270	325	305	302	323	337	270	305	315	279	316	322	294	306	288	370	336	273	355	312	335	264	346	309	307
ASP-PRO (DP)	631	651	623	716	579	675	637	645	592	679	580	645	716	707	624	650	744	586	797	730	614	664	660	609	721	698	596	732	541	746	638	590	483
ALA-ALA (AA)	1892	1738	1721	1836	1817	1675	1872	1790	1674	1906	1840	1770	1988	1935	1770	2001	1892	1897	2045	1841	1852	2098	1738	1873	2032	2039	1658	1818	1709	1266	1443	1148	1293
PRO-GLU (PE)	1132	1033	994	1034	1045	1019	989	1030	978	970	985	932	1189	1118	999	1062	999	1061	1105	1038	1027	1079	1134	1088	1284	1062	990	832	976	659	963	826	1468
PHE-LYS (FK)	776	780	795	787	810	731	835	809	735	694	703	708	888	847	769	868	754	706	825	765	718	707	794	714	780	783	960	739	809	556	808	915	1002
ASN-PRO (NP)	666	683	635	679	630	629	720	655	652	678	598	619	718	732	641	736	702	723	759	686	641	641	647	643	691	584	654	858	899	659	774	631	519
