760.0	8.8337803142482
380.0	3.8070356612463687
253.33333333333334	2.4932039742806076
190.0	1.6068042819581483
152.0	1.2271636126808037
126.66666666666667	0.9474022440479688
108.57142857142857	0.9774070883712971
95.0	0.9283658627416157
84.44444444444444	0.685241658284486
76.0	0.6402657380490184
69.0909090909091	0.4901025984099633
63.333333333333336	0.5623653091461256
58.46153846153846	0.6125641423333149
54.285714285714285	0.559815621554355
50.666666666666664	0.24922699460587752
47.5	0.41293782626436076
44.705882352941174	0.18426778082059958
42.22222222222222	0.23282197831817603
40.0	0.32974574490661973
38.0	0.272793519684214
36.19047619047619	0.22720368405389682
34.54545454545455	0.5174356927058501
33.04347826086956	0.47127351294205955
31.666666666666668	0.5299313881187789
30.4	0.7150937183528976
29.23076923076923	0.5516471345366585
28.14814814814815	0.8525034157478805
27.142857142857142	0.41070310007065614
26.20689655172414	0.4871300487520736
25.333333333333332	0.46681256869782844
24.516129032258064	0.37146932116604525
23.75	0.08267632392940637
23.03030303030303	0.5302856278261985
22.352941176470587	0.24589380044366638
21.714285714285715	0.3698576190414729
21.11111111111111	0.48611467181461526
20.54054054054054	0.2803401918465111
20.0	0.14450461914357016
19.487179487179485	0.3648995282651236
19.0	0.26610290769931977
18.536585365853657	0.2560135979494986
18.095238095238095	0.07725701389446996
17.674418604651162	0.29086375082343197
17.272727272727273	0.17380116671651516
16.88888888888889	0.3211862376820753
16.52173913043478	0.08764332628462054
16.170212765957448	0.028726091433569675
15.833333333333334	0.025861729298301352
15.510204081632653	0.29452249250307
15.2	0.13619793253656412
14.901960784313726	0.11342241595203952
14.615384615384615	0.3412279545295009
14.339622641509434	0.0683310851219731
14.074074074074074	0.36850509730499925
13.818181818181818	0.24052520469565972
13.571428571428571	0.23818857695937476
13.333333333333334	0.21524287407621326
13.10344827586207	0.12324554019769496
12.88135593220339	0.2172253223580555
12.666666666666666	0.41309931202007383
12.459016393442623	0.23975950553816303
12.258064516129032	0.2967858890025927
12.063492063492063	0.2208970095294233
11.875	0.11908770716849372
11.692307692307692	0.4131242658794164
11.515151515151516	0.38521130448216573
11.343283582089553	0.11513026069984016
11.176470588235293	0.25175236908861376
11.014492753623188	0.47663704519557487
10.857142857142858	0.2638920029085249
10.704225352112676	0.38552668659493694
10.555555555555555	0.31333253828694685
10.41095890410959	0.3509297046564647
10.27027027027027	0.19370249047255778
10.133333333333333	0.09786646765796422
10.0	0.4095963737587172
9.87012987012987	0.25676280066816864
9.743589743589743	0.13310763572988815
9.620253164556962	0.27042131480525483
9.5	0.07427728447541976
9.382716049382717	0.1855116188077068
9.268292682926829	0.31553199680966754
9.156626506024097	0.10850231088991598
9.047619047619047	0.15797457519919544
8.941176470588236	0.13640878194489112
8.837209302325581	0.19479887144446761
8.735632183908047	0.0721135233688076
8.636363636363637	0.11669470570091046
8.539325842696629	0.21164751278185553
8.444444444444445	0.1839887015034784
8.351648351648352	0.16134497873341425
8.26086956521739	0.21944206985384077
8.172043010752688	0.19170846651354215
8.085106382978724	0.08148062210574371
8.0	0.39089890815945283
7.916666666666667	0.1901477951902099
7.835051546391752	0.25051344548239896
7.755102040816326	0.11751115818330463
7.6767676767676765	0.10044060372077146
7.6	0.2512168578910399
7.524752475247524	0.19959235010796378
7.450980392156863	0.28900499202898744
7.378640776699029	0.3339197442396387
7.3076923076923075	0.2324050251917848
7.238095238095238	0.018342442278808734
7.169811320754717	0.27657515276415334
7.102803738317757	0.12634177509636532
7.037037037037037	0.21057707829622926
6.972477064220183	0.12463400605485221
6.909090909090909	0.12992551715249467
6.846846846846847	0.06080723660248287
6.785714285714286	0.191488357261318
6.725663716814159	0.10369976105557162
6.666666666666667	0.1889573114696444
6.608695652173913	0.2423152597379509
6.551724137931035	0.1172522397292025
6.495726495726496	0.11472241429981014
6.440677966101695	0.17946184234149046
6.38655462184874	0.22875764957103567
6.333333333333333	0.10989455790053707
6.2809917355371905	0.26872754964594936
6.229508196721311	0.10864672965986408
6.178861788617886	0.181029781947804
6.129032258064516	0.23886721911616382
6.08	0.1718499860196279
6.031746031746032	0.11570875108272277
5.984251968503937	0.05698352740464772
5.9375	0.2488975134076876
5.891472868217054	0.03061827094138602
5.846153846153846	0.19311698103126482
5.801526717557252	0.25361179045135945
5.757575757575758	0.28480521174725504
5.714285714285714	0.14663826914728706
5.6716417910447765	0.11150457814188187
5.62962962962963	0.14660851891440882
5.588235294117647	0.0931171857908155
5.547445255474453	0.280259360141616
5.507246376811594	0.09050944130071677
5.467625899280575	0.13886824386231506
5.428571428571429	0.22318607619083466
5.390070921985815	0.2006897570356744
5.352112676056338	0.11583101334061399
5.314685314685315	0.3335059289682213
5.277777777777778	0.15453025136157886
5.241379310344827	0.21860537258109544
5.205479452054795	0.06887133971679417
5.170068027210885	0.20959650770730484
5.135135135135135	0.18483106553200687
5.100671140939597	0.19200979387451278
5.066666666666666	0.06837665550470644
5.033112582781457	0.20495695048072843
5.0	0.0259847593260613
4.967320261437909	0.2616423206994238
4.935064935064935	0.18598594568514093
4.903225806451613	0.1746595330978674
4.871794871794871	0.1937430379142771
4.840764331210191	0.0945774732594431
4.810126582278481	0.10484646141701041
4.779874213836478	0.06794647449144808
4.75	0.16984151967937053
4.720496894409938	0.20198830627347306
4.691358024691358	0.06310373100148566
4.662576687116564	0.05689818880551185
4.634146341463414	0.15372774834453334
4.606060606060606	0.20636155356012237
4.578313253012048	0.1365296203614313
4.550898203592815	0.09586362394637965
4.523809523809524	0.11254258394985875
4.497041420118343	0.13022390426569178
4.470588235294118	0.22854298716259538
4.444444444444445	0.3501767063459149
4.4186046511627906	0.11245433580948835
4.393063583815029	0.1461485360510263
4.367816091954023	0.1279876165648179
4.3428571428571425	0.20364700705671523
4.318181818181818	0.2772868057593135
4.293785310734464	0.24963388101101358
4.269662921348314	0.08203980260981612
4.245810055865922	0.15204703275830894
4.222222222222222	0.09246301768226275
4.198895027624309	0.22602522884379792
4.175824175824176	0.2191972409498423
4.1530054644808745	0.19483240647691416
4.130434782608695	0.09942556883604217
4.108108108108108	0.22900259295630443
4.086021505376344	0.14093101945746833
4.064171122994653	0.13583600672254995
4.042553191489362	0.3611895677267529
4.021164021164021	0.10344031517084064
4.0	0.18137842999453913
3.979057591623037	0.07537676823571864
3.9583333333333335	0.06266834326994788
3.937823834196891	0.155537407805159
3.917525773195876	0.0513164783395225
3.8974358974358974	0.27610231117822054
3.877551020408163	0.03237087664330891
3.8578680203045685	0.11964861897669776
3.8383838383838382	0.0833293909260916
3.819095477386935	0.17280920326859855
3.8	0.19558012387439425
3.781094527363184	0.0736096793787549
3.762376237623762	0.12694974798717337
3.7438423645320196	0.2915627835441775
3.7254901960784315	0.10098370466646941
3.707317073170732	0.28697030325684336
3.6893203883495147	0.05666773135459685
3.6714975845410627	0.2702357838668622
3.6538461538461537	0.16060906816893583
3.6363636363636362	0.15326974474984076
3.619047619047619	0.07686827974256902
3.6018957345971563	0.22774467669485257
3.5849056603773586	0.09849627430066032
3.568075117370892	0.21325061721469105
3.5514018691588785	0.059740711442485196
3.5348837209302326	0.18148770086023583
3.5185185185185186	0.0877730721544433
3.5023041474654377	0.046243974206237236
3.4862385321100917	0.08655633537288364
3.470319634703196	0.10526004237745801
3.4545454545454546	0.1742652099130991
3.4389140271493215	0.17591822152222558
3.4234234234234235	0.20272871630543926
3.408071748878924	0.02557208197928383
3.392857142857143	0.08776282787801352
3.3777777777777778	0.31626867893814964
3.3628318584070795	0.18100635994213393
3.3480176211453743	0.10841695428954314
3.3333333333333335	0.1282859363683179
3.3187772925764194	0.10686999781041544
3.3043478260869565	0.16708146296659687
3.29004329004329	0.11860758798855485
3.2758620689655173	0.16839277823664722
3.2618025751072963	0.1430380550143899
3.247863247863248	0.10551180670285462
3.234042553191489	0.03267275798515253
3.2203389830508473	0.1793623692143426
3.2067510548523206	0.13518419500906712
3.19327731092437	0.21467069198529806
3.1799163179916317	0.21623280118695123
3.1666666666666665	0.06864496065487852
3.1535269709543567	0.08130434358441813
3.1404958677685952	0.03316378596454282
3.1275720164609053	0.12019991666358136
3.1147540983606556	0.20825802695381831
3.1020408163265305	0.035877751722907865
3.089430894308943	0.10994007199137623
3.076923076923077	0.2228211129985566
3.064516129032258	0.1716559106381555
3.0522088353413657	0.17467471214616365
3.04	0.254049719920446
3.0278884462151394	0.12814719769631241
3.015873015873016	0.36717850672736524
3.0039525691699605	1.58434926420762
2.9921259842519685	0.4134946636431707
2.980392156862745	0.04122466416626573
2.96875	0.20493388156517675
2.9571984435797667	0.1809698291668164
2.945736434108527	0.12418110543794086
2.9343629343629343	0.15310934772774465
2.923076923076923	0.08968621581568792
2.9118773946360155	0.0875045878687367
2.900763358778626	0.2960814900185674
2.8897338403041823	0.13228816343949312
2.878787878787879	0.08839409734025319
2.8679245283018866	0.24202008053014656
2.857142857142857	0.12469204108680781
2.846441947565543	0.1860903710001045
2.8358208955223883	0.24162270813821216
2.825278810408922	0.14018014784678526
2.814814814814815	0.030880326893162825
2.804428044280443	0.0907936495362249
2.7941176470588234	0.09831867981568557
2.7838827838827838	0.049674345795635705
2.7737226277372264	0.11887021689503494
2.7636363636363637	0.07410630073241595
2.753623188405797	0.11911488051449849
2.743682310469314	0.10905949745541865
2.7338129496402876	0.20208406897370887
2.7240143369175627	0.22885172607070087
2.7142857142857144	0.12258361000060672
2.704626334519573	0.2022063746853371
2.6950354609929077	0.1354311242847635
2.685512367491166	0.17493751142198266
2.676056338028169	0.12785613630403433
2.6666666666666665	0.12056317719191581
2.6573426573426575	0.1092246708800378
2.64808362369338	0.11641630215249249
2.638888888888889	0.09515469674188556
2.629757785467128	0.06417479132253445
2.6206896551724137	0.09026096025632951
2.611683848797251	0.10507894163298895
2.6027397260273974	0.10759705922183993
2.5938566552901023	0.1485236753308134
2.5850340136054424	0.13277355827544862
2.5762711864406778	0.2613686498111035
2.5675675675675675	0.060102972585350634
2.558922558922559	0.08739991408862909
2.5503355704697985	0.37052181873215206
2.5418060200668897	0.07838254024265838
2.533333333333333	0.2656261904790827
2.524916943521595	0.21045937096271577
2.5165562913907285	0.12010319273519043
2.5082508250825084	0.09036495902775368
2.5	0.22361066371530566
2.4918032786885247	0.0338635484165678
2.4836601307189543	0.025607219231748645
2.47557003257329	0.08627449495421148
2.4675324675324677	0.13964980891683415
2.459546925566343	0.09947353661235743
2.4516129032258065	0.1967297220620066
2.4437299035369775	0.10953616242992344
2.4358974358974357	0.24529826930274554
2.428115015974441	0.05698853936931928
2.4203821656050954	0.13442042798508144
2.4126984126984126	0.1914704055559384
2.4050632911392404	0.01966734817586086
2.3974763406940065	0.022867423774129318
2.389937106918239	0.11564947200836621
2.3824451410658307	0.10573441816181142
2.375	0.17960988272744527
2.367601246105919	0.27822567249347185
2.360248447204969	0.2261360769500931
2.3529411764705883	0.03802955924604509
2.345679012345679	0.07995862961497438
2.3384615384615386	0.16681686140609855
2.331288343558282	0.03816535614812929
2.324159021406728	0.15660250059097067
2.317073170731707	0.13577420670341375
2.310030395136778	0.13359470750068453
2.303030303030303	0.18752890749305917
2.29607250755287	0.11935899224919595
2.289156626506024	0.10968293155449224
2.2822822822822824	0.19410450391100376
2.2754491017964074	0.14488340201805688
2.2686567164179103	0.2032329555204077
2.261904761904762	0.16281204894059825
2.255192878338279	0.09810211450655984
2.2485207100591715	0.2068053577893189
2.24188790560472	0.1379089010917501
2.235294117647059	0.1750507148983971
2.228739002932551	0.09923129969735305
2.2222222222222223	0.15062485304746398
2.2157434402332363	0.17681313328644674
2.2093023255813953	0.18510501392027842
2.2028985507246377	0.05256796574697037
2.1965317919075145	0.07203687259593791
2.190201729106628	0.07816469983089214
2.1839080459770117	0.17658032047955588
2.177650429799427	0.12601694799719804
2.1714285714285713	0.16083359374199108
2.1652421652421654	0.1269474816471227
2.159090909090909	0.08919031782426037
2.1529745042492916	0.04291999452536418
2.146892655367232	0.2313307091395108
2.140845070422535	0.22629022804402402
2.134831460674157	0.07124672231875585
2.1288515406162465	0.11592312830038455
2.122905027932961	0.0880957884661516
2.116991643454039	0.11627708630886141
2.111111111111111	0.10407596917180835
2.1052631578947367	0.2106211934815352
2.0994475138121547	0.052671069524495795
2.09366391184573	0.07009522276413213
2.087912087912088	0.10943481840013655
2.0821917808219177	0.16868645653642467
2.0765027322404372	0.09139809347018846
2.0708446866485013	0.12141065211270198
2.0652173913043477	0.05032784998030101
2.059620596205962	0.19194639392575844
2.054054054054054	0.22513624790006914
2.0485175202156336	0.18904122348533653
2.043010752688172	0.18655609424659855
2.037533512064343	0.039391487942576284
2.0320855614973263	0.20781476423037826
2.026666666666667	0.005808135704586768
2.021276595744681	0.11696210634072886
2.0159151193633953	0.04110766653430568
2.0105820105820107	0.11064326043518352
2.005277044854881	0.11536155388439262
