	-30	-29	-28	-27	-26	-25	-24	-23	-22	-21	-20	-19	-18	-17	-16	-15	-14	-13	-12	-11	-10	-9	-8	-7	-6	-5	-4	-3	-2	-1	0	1	2
ALA	8330	7181	5296	8474	7480	5385	8349	7139	5375	8521	7266	5317	8567	7238	5683	8538	7178	5164	8064	6939	5551	9435	7085	5438	8691	6352	5119	8383	7600	4251	7707	6078	5181
ARG	6163	5147	3782	6136	5311	3669	6407	5165	3641	6202	5193	3753	8104	6201	4173	6441	5395	3829	7960	6634	3636	5734	5591	4035	6223	5914	3767	5715	5880	3550	5463	4345	4045
ASN	6840	5491	3836	6831	5526	4050	6770	5351	3894	7001	5566	3867	6919	5586	3417	6956	5618	3948	5870	4970	3726	6516	5613	3825	7033	5375	3813	7162	4671	3513	7489	6067	3961
ASP	8024	6793	4889	7892	6533	4627	7965	6470	4691	8024	6546	4587	7617	6789	5099	7838	5948	4372	7732	6842	4947	10391	7821	4905	9138	7179	4606	8081	6518	3819	7532	6342	4788
CYS	1176	1002	746	1138	1055	734	1208	1056	723	1214	1087	717	1267	1126	665	1043	859	675	1006	985	745	1171	1070	709	1134	1093	748	1237	1116	898	1047	977	835
GLN	5409	4410	3065	5492	4428	3188	5365	4299	3110	5432	4468	2998	4249	3667	3108	5212	4126	3051	5101	4032	3120	4796	4299	3064	5110	4503	3359	5660	4344	3946	4712	5706	3410
GLU	10291	8382	6128	10383	8379	5959	10368	8552	6064	10334	8405	6170	8812	7865	5964	9477	8091	6273	10816	8638	6138	11089	8446	6193	10686	8449	5696	9808	8512	4862	8683	7380	6795
GLY	8049	6642	4976	7912	6702	4988	8194	6910	5102	8104	7012	5012	8254	7133	5007	8402	7613	5244	7659	7063	5195	8659	7644	5303	8024	7427	4995	7633	8346	5058	4578	5392	4962
HIS	2329	1975	1463	2467	2007	1408	2370	1971	1450	2559	2146	1474	2257	1808	1396	2752	2283	1437	2268	2005	1459	2214	2050	1365	2434	2170	1522	2785	1819	1799	2420	3182	1506
ILE	7895	6306	4227	7729	6430	4579	7889	6282	4571	7800	6466	4458	7150	6264	5095	7750	6175	4369	7167	6384	4287	7394	6253	4397	7637	6172	4667	7855	6136	4783	9452	5751	4422
LEU	10684	8882	6494	10977	8885	6273	10946	9210	6353	10526	8704	6623	14299	10307	6558	12517	10133	6095	10079	8037	6579	10083	8363	6536	10989	9464	6804	10970	9848	7236	11643	10920	5824
LYS	11132	9021	6392	11088	8892	6549	11139	9270	6488	11281	9002	6487	12210	10126	6134	10445	9203	7054	13278	9648	6486	10627	9157	6439	11100	9122	6123	10711	7791	5880	10879	9092	6855
PHE	4702	3893	2824	4697	3922	2690	4951	3926	2810	4713	3942	2559	3578	3241	2906	5279	3969	2887	4401	3973	2939	4816	4072	2664	4577	4362	2985	4969	4308	3482	6235	6524	2808
PRO	5237	4383	3164	5297	4404	3260	5234	4374	3219	5353	4297	3286	6057	4699	2955	5978	4953	3792	7888	5275	3356	5479	4177	3364	5357	4086	3781	6648	4768	5029	6668	5350	3571
SER	8984	7349	5364	9186	7172	5384	9061	7353	5422	9244	7366	5428	9505	7452	4931	8627	6929	5186	8486	7110	5537	9352	7405	5540	9070	7612	5874	9561	8122	6316	11003	7610	5635
THR	7050	5585	4215	6974	5673	4282	6730	5693	4266	7176	5797	4328	6060	4932	4406	7083	5661	3992	6730	5389	4182	6677	5324	4294	7312	5094	4465	7209	5178	4178	9485	4610	4429
TRP	1249	995	700	1226	935	708	1256	1021	694	1169	1032	728	1569	1111	678	1275	1038	706	1360	1036	723	1186	1016	790	1442	1277	812	1242	1200	921	1161	600	615
TYR	3959	3215	2354	3969	3258	2369	4039	3306	2273	4128	3312	2338	3942	3211	2130	3667	3115	2480	3862	3382	2385	3623	3205	2352	3814	3617	2370	4235	3158	2678	4544	4519	2498
VAL	7982	6811	5107	8447	7045	5089	8395	7026	5259	8221	7062	5370	7140	6394	5450	7890	6645	5233	7966	7177	5101	8788	6978	5042	8195	6463	4831	8358	6680	4475	7328	5997	4909
TERM	240	204	161	207	169	150	192	185	142	202	175	196	1512	1333	179	284	209	178	156	169	162	159	146	125	136	146	111	120	129	132	102	137	129
MET	2025	1633	1150	2033	1717	1196	2006	1644	1169	1904	1588	1250	1595	1362	1204	2221	1779	1330	1922	1369	1188	1822	1523	1191	2090	1522	1261	2025	1440	1063	2411	1165	879
