	-30	-29	-28	-27	-26	-25	-24	-23	-22	-21	-20	-19	-18	-17	-16	-15	-14	-13	-12	-11	-10	-9	-8	-7	-6	-5	-4	-3	-2	-1	0	1	2
ALA_GCT	4938	4352	3265	5085	4482	3366	5068	4313	3365	5171	4374	3218	4473	4011	3386	5091	4359	3145	4790	4341	3497	5534	4382	3378	5254	3876	3093	5041	4485	2593	4620	3831	3109
ALA_GCC	1583	1420	1024	1637	1468	1044	1582	1389	1080	1518	1417	1039	1370	1329	1093	1640	1454	964	1504	1356	1024	1847	1366	1054	1653	1247	1089	1710	1728	982	1561	1249	1064
ALA_GCA	1614	1256	904	1549	1347	857	1489	1262	814	1623	1288	921	1925	1341	1002	1611	1219	918	1575	1102	908	1833	1186	866	1565	1091	813	1445	1252	595	1354	877	894
ALA_GCG	195	153	103	203	183	118	210	175	116	209	187	139	799	557	202	196	146	137	195	140	122	221	151	140	219	138	124	187	135	81	172	121	114
ARG_CGT	781	611	431	753	624	468	814	621	439	817	684	486	1180	870	456	850	677	499	1026	859	459	606	744	496	745	731	470	727	640	459	619	666	446
ARG_CGG	109	101	55	92	79	46	85	93	43	101	90	49	237	143	63	105	96	72	132	107	61	89	55	44	132	118	51	109	115	69	86	48	43
ARG_CGC	67	58	44	87	58	45	66	85	54	114	78	35	164	106	53	83	60	45	64	57	42	62	51	38	58	44	49	70	81	71	54	80	43
ARG_CGA	407	284	202	370	316	187	370	265	181	382	309	200	1321	939	188	507	429	191	466	427	178	306	299	188	380	331	189	346	386	206	294	290	185
ARG_AGA	4521	3866	2906	4559	3991	2793	4770	3895	2792	4519	3842	2843	4818	3886	3166	4422	3872	2895	5912	4911	2758	4397	4223	3072	4639	4492	2863	4229	4441	2615	4167	3169	3210
ARG_AGG	278	227	144	275	243	130	302	206	132	269	190	140	384	257	247	474	261	127	360	273	138	274	219	197	269	198	145	234	217	130	243	92	118
ASN_AAT	4367	3397	2302	4370	3479	2491	4289	3279	2320	4535	3580	2320	4479	3488	2017	4415	3444	2282	3693	3119	2270	4102	3453	2300	4555	3366	2260	4615	2832	2030	4725	3531	2348
ASN_AAC	2473	2094	1534	2461	2047	1559	2481	2072	1574	2466	1986	1547	2440	2098	1400	2541	2174	1666	2177	1851	1456	2414	2160	1525	2478	2009	1553	2547	1839	1483	2764	2536	1613
ASP_GAT	6134	5119	3618	6059	4923	3436	6045	4850	3499	6112	4957	3380	5740	5057	3795	5897	4460	3337	5803	5206	3670	7890	5942	3679	7047	5418	3464	6272	4897	2803	5801	4528	3460
ASP_GAC	1890	1674	1271	1833	1610	1191	1920	1620	1192	1912	1589	1207	1877	1732	1304	1941	1488	1035	1929	1636	1277	2501	1879	1226	2091	1761	1142	1809	1621	1016	1731	1814	1328
CYS_TGT	1063	891	652	989	933	660	1058	942	631	1066	955	629	1105	977	592	930	759	598	891	893	654	1022	960	635	996	962	658	1099	978	762	912	818	710
CYS_TGC	113	111	94	149	122	74	150	114	92	148	132	88	162	149	73	113	100	77	115	92	91	149	110	74	138	131	90	138	138	136	135	159	125
GLN_CAA	4753	3853	2704	4815	3872	2810	4702	3788	2781	4748	3950	2637	3625	3185	2698	4498	3624	2747	4523	3576	2701	4178	3786	2697	4482	3933	2932	4938	3884	3511	4173	5100	3077
GLN_CAG	656	557	361	677	556	378	663	511	329	684	518	361	624	482	410	714	502	304	578	456	419	618	513	367	628	570	427	722	460	435	539	606	333
GLU_GAA	8757	7204	5316	8781	7236	5159	8884	7370	5209	8844	7220	5347	7479	6645	5143	7958	6681	5409	9254	7424	5216	9483	7216	5301	9075	7280	4913	8307	7368	4212	7480	6530	6044
GLU_GAG	1534	1178	812	1602	1143	800	1484	1182	855	1490	1185	823	1333	1220	821	1519	1410	864	1562	1214	922	1606	1230	892	1611	1169	783	1501	1144	650	1203	850	751
GLY_GGT	5280	4423	3437	5220	4608	3380	5387	4712	3462	5385	4784	3481	5223	4683	3350	5374	5022	3600	5051	4880	3588	5701	5145	3660	5252	5152	3569	5062	5470	3434	3225	3971	3428
GLY_GGC	421	350	251	405	342	269	433	366	286	439	357	277	615	487	286	427	427	327	422	362	274	517	419	251	357	367	252	393	493	312	205	309	244
GLY_GGA	1616	1309	855	1559	1212	921	1657	1251	916	1572	1268	847	1552	1319	916	1753	1506	963	1531	1273	886	1671	1393	960	1618	1353	786	1446	1577	860	794	842	911
GLY_GGG	732	560	433	728	540	418	717	581	438	708	603	407	864	644	455	848	658	354	655	548	447	770	687	432	797	555	388	732	806	452	354	270	379
HIS_CAT	1515	1202	817	1553	1228	832	1472	1162	874	1627	1312	786	1314	1052	799	1753	1367	844	1382	1243	826	1379	1248	836	1596	1351	908	1719	1105	969	1483	1865	899
HIS_CAC	814	773	646	914	779	576	898	809	576	932	834	688	943	756	597	999	916	593	886	762	633	835	802	529	838	819	614	1066	714	830	937	1317	607
ILE_ATT	4694	3734	2562	4675	3879	2810	4636	3765	2766	4843	3950	2692	4089	3724	2892	4208	3593	2703	4186	3864	2574	4405	3755	2659	4657	3827	2771	4765	3651	2841	5546	3380	2559
ILE_ATC	1837	1499	1055	1750	1546	1079	1902	1523	1140	1694	1530	1041	1529	1362	1281	1979	1532	1050	1655	1579	1105	1871	1567	1065	1709	1441	1201	1880	1439	1283	2350	1507	1118
ILE_ATA	1364	1073	610	1304	1005	690	1351	994	665	1263	986	725	1532	1178	922	1563	1050	616	1326	941	608	1118	931	673	1271	904	695	1210	1046	659	1556	864	745
LEU_TTA	4152	3389	2353	4304	3444	2352	4409	3499	2392	4087	3349	2412	4322	3523	2464	4220	3501	2246	3808	2966	2446	4155	3223	2361	4178	3738	2449	3995	3999	2805	4732	4988	2643
LEU_TTG	4922	4146	3228	4976	4082	3057	4969	4452	3071	4740	4110	3293	6961	4858	3204	6595	5340	2965	4548	3770	3252	4509	3972	3320	5268	4428	3309	5219	4621	3309	5247	3868	2322
LEU_CTT	813	693	435	831	644	443	789	602	441	848	583	464	1233	771	432	674	605	440	899	650	395	657	575	432	789	648	514	838	568	565	838	1056	445
LEU_CTC	179	132	112	201	164	91	159	153	110	186	143	88	260	174	110	141	146	110	175	152	110	154	120	79	143	173	123	167	150	146	221	258	109
LEU_CTA	313	281	195	350	290	177	296	269	162	338	273	205	974	603	154	461	283	191	332	271	191	308	259	182	276	241	213	348	270	224	319	436	196
LEU_CTG	305	241	171	315	261	153	324	235	177	327	246	161	549	378	194	426	258	143	317	228	185	300	214	162	335	236	196	403	240	187	286	314	109
LYS_AAA	7790	6254	4410	7692	6175	4507	7727	6485	4433	7877	6215	4410	8282	6884	4185	7028	6240	4870	9279	6630	4347	7333	6260	4375	7537	6233	4144	7476	5454	4072	7619	6541	5110
LYS_AAG	3342	2767	1982	3396	2717	2042	3412	2785	2055	3404	2787	2077	3928	3242	1949	3417	2963	2184	3999	3018	2139	3294	2897	2064	3563	2889	1979	3235	2337	1808	3260	2551	1745
PHE_TTT	2724	2201	1523	2705	2238	1449	2848	2179	1542	2769	2291	1400	2047	1769	1591	2958	2082	1507	2414	2257	1551	2620	2185	1473	2650	2545	1595	2885	2404	1796	3431	3225	1486
PHE_TTC	1978	1692	1301	1992	1684	1241	2103	1747	1268	1944	1651	1159	1531	1472	1315	2321	1887	1380	1987	1716	1388	2196	1887	1191	1927	1817	1390	2084	1904	1686	2804	3299	1322
PRO_CCT	1241	925	638	1208	993	703	1202	957	643	1270	1000	678	1467	1038	603	1457	1204	841	1829	1277	759	1149	936	702	1261	896	789	1622	1010	1163	1565	1413	733
PRO_CCC	288	220	164	277	222	171	253	243	139	289	227	170	419	270	170	306	265	174	396	301	150	295	223	137	321	203	192	443	316	400	517	334	173
PRO_CCA	3477	3058	2222	3529	2996	2233	3527	2933	2283	3558	2890	2301	3714	3102	2013	3940	3296	2645	5253	3470	2282	3796	2843	2346	3497	2820	2632	4273	3254	3222	4253	3362	2535
PRO_CCG	231	180	140	283	193	153	252	241	154	236	180	137	457	289	169	275	188	132	410	227	165	239	175	179	278	167	168	310	188	244	333	241	130
SER_TCT	2796	2379	1787	2934	2325	1867	2870	2350	1842	2834	2382	1740	2860	2357	1629	2682	2299	1873	2641	2423	1928	2925	2353	1865	2868	2481	2013	3141	2547	2224	3505	2674	1848
SER_TCC	1130	914	689	1106	887	670	1001	919	696	1081	855	722	1231	949	646	1020	909	687	964	853	739	1133	882	685	987	877	747	1226	1087	1029	1893	1119	733
SER_TCA	2300	1878	1357	2403	1771	1356	2377	1928	1349	2399	1878	1381	2469	1839	1259	2124	1643	1198	2313	1744	1373	2611	1825	1382	2439	1875	1549	2462	2147	1643	3152	1979	1590
SER_TCG	586	505	365	582	442	333	610	469	315	616	494	346	635	495	345	724	514	335	576	417	396	639	439	406	650	448	378	688	479	380	655	401	285
SER_AGT	1738	1334	932	1717	1401	927	1746	1368	989	1875	1416	1038	1805	1417	821	1677	1227	871	1593	1331	861	1603	1537	951	1708	1594	955	1634	1505	803	1486	1120	936
SER_AGC	434	339	234	444	346	231	457	319	231	439	341	201	505	395	231	400	337	222	399	342	240	441	369	251	418	337	232	410	357	237	312	317	243
THR_ACT	3558	2841	2215	3567	2921	2275	3407	2902	2195	3653	2941	2145	2851	2478	2206	3492	2937	2071	3411	2811	2170	3354	2818	2254	3796	2693	2277	3630	2611	2137	4629	2524	2251
THR_ACC	1623	1375	1030	1593	1401	1047	1568	1348	1056	1664	1406	1100	1330	1135	1075	1709	1397	983	1518	1311	1058	1645	1258	993	1660	1238	1094	1741	1331	1170	2486	1105	1127
THR_ACA	1532	1142	778	1477	1095	791	1463	1191	861	1490	1179	909	1580	1071	864	1387	1063	778	1465	1031	771	1354	1036	860	1484	932	881	1500	1015	707	1903	795	889
THR_ACG	337	227	192	337	256	169	292	252	154	369	271	174	299	248	261	495	264	160	336	236	183	324	212	187	372	231	213	338	221	164	467	186	162
TRP_TGG	1249	995	700	1226	935	708	1256	1021	694	1169	1032	728	1569	1111	678	1275	1038	706	1360	1036	723	1186	1016	790	1442	1277	812	1242	1200	921	1161	600	615
TYR_TAT	2382	1864	1265	2439	1869	1246	2362	1823	1237	2451	1874	1197	2243	1807	1133	2180	1703	1336	2309	1886	1276	2095	1868	1299	2247	2047	1310	2482	1683	1389	2784	2324	1313
TYR_TAC	1577	1351	1089	1530	1389	1123	1677	1483	1036	1677	1438	1141	1699	1404	997	1487	1412	1144	1553	1496	1109	1528	1337	1053	1567	1570	1060	1753	1475	1289	1760	2195	1185
VAL_GTT	4580	3908	3091	4857	4041	2978	4754	4085	3091	4720	4128	3024	3776	3589	3095	4109	3665	3155	4446	4236	2934	4880	3940	2987	4686	3721	2816	4753	3805	2650	4241	3503	2902
VAL_GTC	1565	1402	1053	1600	1446	1095	1638	1377	1121	1547	1422	1156	1316	1365	1228	1599	1377	1069	1663	1446	1126	1860	1556	1069	1641	1405	1038	1671	1403	988	1397	1424	1051
VAL_GTA	877	653	414	899	684	415	903	694	433	856	614	520	689	507	466	885	664	452	830	632	465	934	634	427	860	562	414	838	702	372	741	498	503
VAL_GTG	960	848	549	1091	874	601	1100	870	614	1098	898	670	1359	933	661	1297	939	557	1027	863	576	1114	848	559	1008	775	563	1096	770	465	949	572	453
TERM_TAA	166	149	109	139	111	105	133	127	90	149	120	136	971	834	112	168	134	127	113	113	106	110	93	85	94	91	81	86	95	76	70	97	91
TERM_TGA	24	24	21	24	19	22	27	27	24	16	20	21	221	248	24	56	28	23	23	25	15	24	17	13	16	27	7	14	14	18	11	17	13
TERM_TAG	50	31	31	44	39	23	32	31	28	37	35	39	320	251	43	60	47	28	20	31	41	25	36	27	26	28	23	20	20	38	21	23	25
MET_ATG	2025	1633	1150	2033	1717	1196	2006	1644	1169	1904	1588	1250	1595	1362	1204	2221	1779	1330	1922	1369	1188	1822	1523	1191	2090	1522	1261	2025	1440	1063	2411	1165	879
