	-27	-26	-25	-24	-23	-22	-21	-20	-19	-18	-17	-16	-15	-14	-13	-12	-11	-10	-9	-8	-7	-6	-5	-4	-3	-2	-1	0	1	2	3	4	5
ARG-ARG_CGACGA	2	3	1	2	1	0	1	4	0	9	7	2	39	44	3	0	2	0	1	2	2	2	4	0	0	1	3	0	0	1	0	1	0
ILE-ALA_ATAGCG	3	7	2	7	5	1	1	5	2	9	10	3	26	24	2	6	1	2	4	2	2	6	2	4	3	2	2	5	3	1	3	1	3
TYR-ARG_TACCGA	7	3	4	4	8	1	7	0	0	6	2	4	14	22	3	1	8	1	5	5	0	3	2	1	3	2	4	3	22	1	3	0	0
PRO-ALA_CCAGCG	1	6	5	1	4	4	6	7	2	5	5	1	21	23	7	6	3	7	1	2	6	6	4	3	5	1	2	2	3	2	5	3	1
LEU-ARG_CTTCGA	6	7	6	2	4	3	4	2	4	11	6	3	32	29	3	6	10	3	6	3	3	1	5	2	8	4	3	9	18	2	5	1	2
LEU-ARG_TTACGG	2	3	3	0	1	2	1	11	1	2	3	0	15	14	2	4	4	2	3	3	3	4	2	0	2	3	2	1	9	0	3	2	6
LEU-ARG_CTACGA	2	3	1	3	3	2	2	1	0	9	3	2	25	12	2	1	3	0	1	0	0	1	2	1	3	1	4	1	10	2	1	0	1
LEU-LEU_CTACTG	2	0	1	4	7	1	1	2	2	18	5	1	7	12	1	9	3	1	2	4	0	5	3	0	0	3	2	2	1	2	3	0	0
THR-ARG_ACTCGA	8	4	3	6	4	3	12	10	1	6	6	3	28	24	2	12	1	5	6	4	0	5	3	2	10	2	2	8	6	2	13	4	5
GLY-ALA_GGTGCG	3	2	1	5	6	1	4	4	1	8	7	3	35	20	6	4	8	2	11	2	1	3	3	5	6	6	5	4	3	3	0	2	4
ILE-ARG_ATTCGA	10	11	3	16	9	5	18	6	7	10	15	8	52	46	7	11	26	6	11	13	7	6	12	9	9	8	9	13	10	6	16	13	7
TYR-ALA_TATGCG	5	6	5	8	6	2	1	8	3	6	4	2	10	17	11	3	2	4	4	5	2	3	4	5	4	0	4	9	2	3	5	1	1
GLN-ARG_CAACGA	29	7	7	10	12	9	20	14	4	13	5	7	55	53	7	27	12	10	28	35	9	14	16	9	21	10	7	13	14	6	11	7	5
GLY-LEU_GGGCTA	4	4	0	4	0	4	4	3	2	4	4	7	12	12	3	4	3	3	2	3	4	6	4	0	3	2	2	2	3	0	2	3	3
ILE-ALA_ATTGCG	12	2	4	8	9	6	10	4	4	4	10	5	24	27	7	4	6	5	12	4	5	14	12	7	4	3	6	12	6	4	13	7	3
PHE-ARG_TTCCGA	10	7	5	19	22	7	3	3	4	6	7	6	29	28	4	8	2	2	4	10	4	3	2	4	10	12	8	12	23	3	3	4	7
VAL-LEU_GTGCTA	4	8	2	7	5	3	6	3	0	2	5	2	23	14	2	5	4	2	3	1	2	4	4	1	3	2	1	5	3	1	3	6	5
ASN-ARG_AATCGA	31	24	12	19	16	14	22	16	16	21	18	9	105	79	12	29	33	6	18	19	16	22	23	13	28	24	12	32	33	12	24	27	12
ALA-ALA_GCAGCG	1	6	2	1	1	0	2	2	0	2	2	4	31	10	2	3	0	3	1	1	4	1	2	3	2	1	1	1	4	1	5	2	0
THR-ALA_ACTGCG	5	3	1	10	3	2	10	7	4	5	2	3	12	16	1	4	4	1	2	4	4	10	3	3	19	6	5	7	6	1	2	4	2
VAL-ARG_GTTCGA	12	5	8	7	10	2	3	8	3	6	7	4	17	23	5	10	8	2	13	11	3	11	3	7	16	4	3	4	6	2	9	8	7
LYS-LEU_AAGCTG	6	5	4	9	3	3	8	5	2	4	4	3	9	15	8	5	5	2	4	4	4	4	7	2	8	6	3	6	3	9	2	2	2
TRP-LEU_TGGCTA	4	3	1	6	2	3	6	1	3	7	6	1	11	12	0	3	5	3	6	2	4	6	6	1	6	3	4	3	2	4	2	5	2
LEU-ARG_TTACGC	3	1	0	3	5	2	5	1	0	7	0	0	6	9	3	3	4	4	1	4	0	3	3	1	4	2	2	5	6	4	3	3	3
THR-LEU_ACACTG	5	2	1	4	1	1	3	3	1	6	5	2	8	11	5	1	5	2	2	4	6	4	3	2	5	4	2	9	2	3	10	3	1
PRO-GLY_CCTGGG	5	5	3	9	5	4	6	5	6	7	8	4	14	21	7	10	9	4	3	3	3	9	5	5	11	9	5	12	30	5	3	3	3
ILE-LEU_ATTCTA	4	8	8	8	4	4	11	4	2	7	6	1	24	23	7	8	6	4	7	7	4	7	3	7	6	12	11	12	14	8	10	14	5
LEU-ARG_TTACGA	23	16	8	17	13	6	14	8	7	17	16	11	82	48	6	25	18	14	22	11	4	7	18	10	22	33	4	15	29	7	12	11	5
SER-ARG_AGTCGA	11	11	7	12	8	6	8	11	4	5	8	6	25	26	1	9	16	4	9	12	10	10	8	7	11	7	4	9	7	2	14	12	4
HIS-LEU_CATCTA	4	4	1	4	3	4	2	4	0	5	2	0	9	10	2	3	3	2	2	4	0	4	7	0	3	5	2	2	5	5	7	9	1
LEU-VAL_CTAGTG	2	4	3	1	4	2	6	5	1	11	4	2	6	10	1	7	2	1	3	3	1	4	2	3	3	6	2	6	3	2	3	2	3
MET-LEU_ATGCTA	5	3	2	5	4	5	4	4	2	6	2	6	25	15	1	9	2	6	5	5	1	8	9	6	4	6	4	11	3	0	2	5	2
ALA-ARG_GCTCGA	5	7	4	2	4	8	5	6	3	1	6	3	15	16	1	5	9	5	14	18	2	7	3	2	4	10	2	3	5	1	4	7	3
GLU-ALA_GAGGCG	10	5	3	6	7	3	6	4	1	8	1	5	23	16	4	4	3	3	4	7	2	17	9	5	6	5	2	6	2	5	7	1	1
THR-ALA_ACAGCG	4	2	0	1	1	7	6	7	0	4	0	4	26	12	1	5	3	0	4	7	1	13	5	4	11	3	4	4	1	0	2	2	0
PHE-ALA_TTTGCG	1	4	2	0	4	4	5	9	2	1	4	3	11	12	3	4	2	6	2	5	1	9	4	4	5	2	7	4	5	5	9	3	3
PHE-ARG_TTTCGA	3	3	2	6	3	0	1	1	0	4	4	2	20	10	3	8	10	0	6	6	1	2	3	2	3	0	2	2	3	1	4	5	2
ILE-LEU_ATACTA	9	8	11	12	12	8	11	10	8	8	9	15	46	29	6	15	6	5	5	12	8	9	6	8	9	10	4	11	12	6	9	18	6
LYS-ARG_AAACGA	34	27	24	29	32	16	35	32	20	45	33	15	142	93	21	60	35	23	44	58	17	34	36	15	26	19	14	36	41	28	26	37	24
ASN-LEU_AACCTA	7	2	2	3	4	3	2	5	0	5	1	2	10	10	0	9	4	4	3	3	1	6	2	3	1	0	1	9	4	3	7	8	2
GLY-ARG_GGAAGG	4	5	1	6	2	4	2	4	0	3	1	1	2	8	3	9	7	1	3	8	4	3	2	2	4	1	2	0	2	2	5	0	0
ARG-ARG_AGACGA	14	14	4	8	7	7	6	7	11	11	9	10	40	30	8	34	27	2	14	14	11	10	12	5	7	7	5	10	6	12	8	4	5
GLY-LEU_GGACTA	4	5	2	3	9	4	4	4	2	4	5	3	19	12	3	7	4	1	9	4	5	9	4	2	5	1	4	1	4	2	2	4	1
MET-ARG_ATGCGT	4	1	5	4	0	1	5	6	4	7	1	1	13	10	1	8	1	6	7	8	1	1	3	4	3	3	1	7	1	0	6	2	2
SER-ARG_TCTCGA	8	7	13	10	6	11	9	8	7	7	6	3	31	29	6	15	11	9	16	21	8	12	7	6	20	13	7	23	17	5	8	7	3
ALA-ALA_GCTGCG	8	6	6	7	8	4	9	4	6	4	6	8	23	19	10	10	9	9	9	9	4	8	3	5	5	4	2	5	7	3	7	10	5
LEU-ARG_TTGCGA	7	1	6	3	5	4	12	12	2	8	8	3	48	19	5	6	9	9	6	1	2	9	6	8	7	5	5	7	1	2	6	5	5
MET-GLN_ATGCAG	3	3	3	7	2	2	7	6	2	5	3	3	4	12	6	8	5	3	6	6	5	8	7	2	5	3	1	12	0	3	5	5	2
SER-LEU_AGTCTA	8	1	4	7	7	6	11	8	5	9	6	3	21	16	2	4	5	5	6	6	7	7	0	7	5	6	5	5	2	2	13	7	0
ARG-ILE_AGGATA	5	5	3	6	5	4	3	3	2	1	5	2	8	9	0	7	4	1	3	1	4	3	5	2	3	3	4	6	1	0	3	3	2
