760.0	3.158547694141834
380.0	1.4853269387968675
253.33333333333334	1.0096759938501267
190.0	0.6651562786124491
152.0	0.5917560182460323
126.66666666666667	0.4627045852215893
108.57142857142857	0.39371215022551154
95.0	0.36608520858963317
84.44444444444444	0.3872107106708736
76.0	0.2983150502091613
69.0909090909091	0.33696258676104435
63.333333333333336	0.287995028625303
58.46153846153846	0.31249320666794245
54.285714285714285	0.2575595171918392
50.666666666666664	0.24722396876279912
47.5	0.16891591359652822
44.705882352941174	0.10169651895581448
42.22222222222222	0.08471224485370055
40.0	0.17588869437894353
38.0	0.23312736216813326
36.19047619047619	0.14313419408560552
34.54545454545455	0.22811070702058775
33.04347826086956	0.19545835551856383
31.666666666666668	0.12471143388596291
30.4	0.09071632385288074
29.23076923076923	0.07694776163167089
28.14814814814815	0.2549595480896577
27.142857142857142	0.06184934063577369
26.20689655172414	0.07666397036873661
25.333333333333332	0.18347663649160728
24.516129032258064	0.09736115968537405
23.75	0.01853349429328713
23.03030303030303	0.11794890083106363
22.352941176470587	0.10272987084871953
21.714285714285715	0.1585081997753495
21.11111111111111	0.12236417843388092
20.54054054054054	0.050713535860873044
20.0	0.09795833847865654
19.487179487179485	0.07567506119505182
19.0	0.08531270162708152
18.536585365853657	0.09592648963494593
18.095238095238095	0.10616484010354081
17.674418604651162	0.04971795416609219
17.272727272727273	0.08817328893362741
16.88888888888889	0.03568469130139235
16.52173913043478	0.0890484546982517
16.170212765957448	0.10047816378983523
15.833333333333334	0.1444110644826193
15.510204081632653	0.09698488283438632
15.2	0.09344827595127751
14.901960784313726	0.0800467494058085
14.615384615384615	0.08678310420345425
14.339622641509434	0.07924418473736085
14.074074074074074	0.012762345499825698
13.818181818181818	0.10878451516120222
13.571428571428571	0.11977093913703944
13.333333333333334	0.08986235403802126
13.10344827586207	0.12124476496484891
12.88135593220339	0.028858217374533035
12.666666666666666	0.06449334475122925
12.459016393442623	0.050460448482233466
12.258064516129032	0.004242595453749015
12.063492063492063	0.05428204268731801
11.875	0.11035357044149037
11.692307692307692	0.0493244538276029
11.515151515151516	0.07712518633410687
11.343283582089553	0.08802283909367589
11.176470588235293	0.051533398191895605
11.014492753623188	0.04254859663474672
10.857142857142858	0.04627406265569763
10.704225352112676	0.09308379155674064
10.555555555555555	0.018643582992405695
10.41095890410959	0.0399030359911205
10.27027027027027	0.03420990993080988
10.133333333333333	0.0454741531004653
10.0	0.03533494028276055
9.87012987012987	0.037465058808101484
9.743589743589743	0.06832107078131218
9.620253164556962	0.04010178709959154
9.5	0.0654821608581685
9.382716049382717	0.04467930959198962
9.268292682926829	0.09338315018274299
9.156626506024097	0.028185398674732187
9.047619047619047	0.10656978785813348
8.941176470588236	0.065851769363719
8.837209302325581	0.11853896390255349
8.735632183908047	0.044405076289474994
8.636363636363637	0.11631187252511668
8.539325842696629	0.02627597502038263
8.444444444444445	0.044885016772023056
8.351648351648352	0.03166537410513098
8.26086956521739	0.06816337429454969
8.172043010752688	0.10290399041864269
8.085106382978724	0.0460882940473009
8.0	0.045745070802507004
7.916666666666667	0.08120647327443449
7.835051546391752	0.04002852497725165
7.755102040816326	0.053159855383780055
7.6767676767676765	0.12637353473641957
7.6	0.06803116221898384
7.524752475247524	0.11332738206803669
7.450980392156863	0.06812664233362746
7.378640776699029	0.03737752174493731
7.3076923076923075	0.03102339873607205
7.238095238095238	0.043790453487685815
7.169811320754717	0.028502813793187923
7.102803738317757	0.04756875694630764
7.037037037037037	0.066766802727883
6.972477064220183	0.07327809582042395
6.909090909090909	0.08621136627693546
6.846846846846847	0.08524515675025073
6.785714285714286	0.07024957549684362
6.725663716814159	0.09274686122060077
6.666666666666667	0.049966982591023376
6.608695652173913	0.10106660750660056
6.551724137931035	0.09699290953743102
6.495726495726496	0.1425932789618547
6.440677966101695	0.031800646589231485
6.38655462184874	0.06562362192826718
6.333333333333333	0.08836268684070385
6.2809917355371905	0.05244484614775407
6.229508196721311	0.05924096833120256
6.178861788617886	0.07989595440977182
6.129032258064516	0.13483777611717346
6.08	0.09585122048730604
6.031746031746032	0.056569277104832186
5.984251968503937	0.051922884503008575
5.9375	0.058184633608110464
5.891472868217054	0.013724520268554858
5.846153846153846	0.04914625970733422
5.801526717557252	0.03196281664822323
5.757575757575758	0.07924322121643368
5.714285714285714	0.09774261837534366
5.6716417910447765	0.09807220471350314
5.62962962962963	0.05852017972750332
5.588235294117647	0.04492023918563494
5.547445255474453	0.10535181411672208
5.507246376811594	0.06943320821297898
5.467625899280575	0.024938496199512515
5.428571428571429	0.10302184201975724
5.390070921985815	0.05643404766449425
5.352112676056338	0.07298976358545338
5.314685314685315	0.04751482890831107
5.277777777777778	0.04436590604876611
5.241379310344827	0.04586623242292024
5.205479452054795	0.019926327179450913
5.170068027210885	0.0485399986070651
5.135135135135135	0.10372466340291983
5.100671140939597	0.025356575158458555
5.066666666666666	0.04264258645385791
5.033112582781457	0.035377939230422206
5.0	0.0069439879608838235
4.967320261437909	0.05608469385683869
4.935064935064935	0.032196775369772765
4.903225806451613	0.07400722438579409
4.871794871794871	0.08002670004325542
4.840764331210191	0.01608427763951414
4.810126582278481	0.024959252658377677
4.779874213836478	0.04939236690345171
4.75	0.027064971227549316
4.720496894409938	0.067177727200458
4.691358024691358	0.017299212605234753
4.662576687116564	0.07016100680232835
4.634146341463414	0.04184936769505512
4.606060606060606	0.0949778851857837
4.578313253012048	0.08748474109475009
4.550898203592815	0.05397760566917198
4.523809523809524	0.04959783185775198
4.497041420118343	0.03740482150360832
4.470588235294118	0.07166052322078263
4.444444444444445	0.02735389612616842
4.4186046511627906	0.020648578384565974
4.393063583815029	0.08186145385011291
4.367816091954023	0.06649298862378988
4.3428571428571425	0.02400487174264387
4.318181818181818	0.08213865552245855
4.293785310734464	0.05999500141266391
4.269662921348314	0.11419713372228639
4.245810055865922	0.05713896585582815
4.222222222222222	0.0512121548755291
4.198895027624309	0.028336535928650212
4.175824175824176	0.08829458507948608
4.1530054644808745	0.0473554384919484
4.130434782608695	0.06603994995663286
4.108108108108108	0.08874942054123858
4.086021505376344	0.017190340770691266
4.064171122994653	0.025534562130034112
4.042553191489362	0.03009146142965231
4.021164021164021	0.03597620954198781
4.0	0.06445252197289841
3.979057591623037	0.019862453107422448
3.9583333333333335	0.055604769086583974
3.937823834196891	0.03443121554667595
3.917525773195876	0.061722448849036174
3.8974358974358974	0.09376442115062458
3.877551020408163	0.04074424898668176
3.8578680203045685	0.10558068407049485
3.8383838383838382	0.10990503555106389
3.819095477386935	0.039324508919151915
3.8	0.0635584587525203
3.781094527363184	0.04667005751409015
3.762376237623762	0.03069259449357064
3.7438423645320196	0.07226797016978195
3.7254901960784315	0.0305150108095368
3.707317073170732	0.14499906776632102
3.6893203883495147	0.03380277338282442
3.6714975845410627	0.024379019348627174
3.6538461538461537	0.022170915241962498
3.6363636363636362	0.09741622643684453
3.619047619047619	0.10554237094922309
3.6018957345971563	0.07180998443214212
3.5849056603773586	0.02187650189671217
3.568075117370892	0.0851761215685677
3.5514018691588785	0.051864043825089634
3.5348837209302326	0.05468663327526995
3.5185185185185186	0.1334695216159649
3.5023041474654377	0.04222072908226678
3.4862385321100917	0.09946300641419253
3.470319634703196	0.04252591690349663
3.4545454545454546	0.058255135342681515
3.4389140271493215	0.030709093182811485
3.4234234234234235	0.05386001121873273
3.408071748878924	0.04916683423738078
3.392857142857143	0.03699654727981852
3.3777777777777778	0.018742534540471138
3.3628318584070795	0.06288832365893193
3.3480176211453743	0.0611885691731263
3.3333333333333335	0.04206174009068438
3.3187772925764194	0.056618883472706084
3.3043478260869565	0.004695688078492276
3.29004329004329	0.07025125735271925
3.2758620689655173	0.013606203417517369
3.2618025751072963	0.03726047912345248
3.247863247863248	0.022252301814079098
3.234042553191489	0.013441844083880782
3.2203389830508473	0.07210210607710187
3.2067510548523206	0.02401100182371378
3.19327731092437	0.10848891751839945
3.1799163179916317	0.08137127235257952
3.1666666666666665	0.0897787726502561
3.1535269709543567	0.03300842664134755
3.1404958677685952	0.03022857656595731
3.1275720164609053	0.03773707341623853
3.1147540983606556	0.14598369020759736
3.1020408163265305	0.10256304048067144
3.089430894308943	0.07783920329568268
3.076923076923077	0.1244480660945488
3.064516129032258	0.10679657744609955
3.0522088353413657	0.17067779155025767
3.04	0.14403039024124473
3.0278884462151394	0.23952253400129392
3.015873015873016	0.5776017055955163
3.0039525691699605	1.9841558257813918
2.9921259842519685	0.5434576051088329
2.980392156862745	0.25964835174659
2.96875	0.21696077436587252
2.9571984435797667	0.11130837498283415
2.945736434108527	0.1606409185292419
2.9343629343629343	0.13455455428299457
2.923076923076923	0.04262502898101046
2.9118773946360155	0.057731533224136794
2.900763358778626	0.09568422910368536
2.8897338403041823	0.022294984476453568
2.878787878787879	0.06244147407415176
2.8679245283018866	0.10043313187595698
2.857142857142857	0.09395008974008665
2.846441947565543	0.12666223555303555
2.8358208955223883	0.04242266824963982
2.825278810408922	0.06321959010252651
2.814814814814815	0.016021075248964133
2.804428044280443	0.10736387469069159
2.7941176470588234	0.05947211860986049
2.7838827838827838	0.054222227330804215
2.7737226277372264	0.02745011501377842
2.7636363636363637	0.05803009359293272
2.753623188405797	0.05124986463522587
2.743682310469314	0.05703012161387638
2.7338129496402876	0.07078168303477858
2.7240143369175627	0.08101679262731953
2.7142857142857144	0.10037487897306746
2.704626334519573	0.08645830204001893
2.6950354609929077	0.02240382829235747
2.685512367491166	0.060479290371553536
2.676056338028169	0.06337485015641225
2.6666666666666665	0.016526970296790917
2.6573426573426575	0.06724908898308066
2.64808362369338	0.03832928054433665
2.638888888888889	0.11960644623560161
2.629757785467128	0.09842371841012221
2.6206896551724137	0.035075137310703275
2.611683848797251	0.08218675598029139
2.6027397260273974	0.028980794678189526
2.5938566552901023	0.030055506803296893
2.5850340136054424	0.011101695185415476
2.5762711864406778	0.04321550232747223
2.5675675675675675	0.07720204618528387
2.558922558922559	0.034505058758236305
2.5503355704697985	0.015576049108385283
2.5418060200668897	0.07340831025888882
2.533333333333333	0.007352261975520661
2.524916943521595	0.01914938733262692
2.5165562913907285	0.06417906448833173
2.5082508250825084	0.07287644473701022
2.5	0.04070514424871087
2.4918032786885247	0.07188170442513821
2.4836601307189543	0.026548226830710855
2.47557003257329	0.09328213901247763
2.4675324675324677	0.06840226066340488
2.459546925566343	0.029342908216944776
2.4516129032258065	0.038383199558873184
2.4437299035369775	0.09507382624467925
2.4358974358974357	0.07931064123331191
2.428115015974441	0.014943615993720844
2.4203821656050954	0.058329450672143304
2.4126984126984126	0.03678322836384417
2.4050632911392404	0.06865633871098191
2.3974763406940065	0.02298930478495627
2.389937106918239	0.02428238765343033
2.3824451410658307	0.11805596851765279
2.375	0.07222916918129046
2.367601246105919	0.04294429487645431
2.360248447204969	0.024097206284707372
2.3529411764705883	0.04393818153464677
2.345679012345679	0.02228285683578634
2.3384615384615386	0.06766708860400483
2.331288343558282	0.042088418643185174
2.324159021406728	0.1006559994196096
2.317073170731707	0.00638508762332698
2.310030395136778	0.028372435764275734
2.303030303030303	0.037163988170344976
2.29607250755287	0.05806354062804784
2.289156626506024	0.12708882835828092
2.2822822822822824	0.06533259124443415
2.2754491017964074	0.02311035879982172
2.2686567164179103	0.09806400776372255
2.261904761904762	0.11796669056141983
2.255192878338279	0.03321121105683873
2.2485207100591715	0.021896164598511268
2.24188790560472	0.0681318567779142
2.235294117647059	0.02055632649283823
2.228739002932551	0.12875445410666655
2.2222222222222223	0.050821686786054386
2.2157434402332363	0.017867644485495212
2.2093023255813953	0.06144065391073852
2.2028985507246377	0.02227940395989911
2.1965317919075145	0.021836950615766154
2.190201729106628	0.04089514124621757
2.1839080459770117	0.0742446477767233
2.177650429799427	0.06818977747331421
2.1714285714285713	0.03979556981131272
2.1652421652421654	0.057448280665062974
2.159090909090909	0.07659403459826825
2.1529745042492916	0.047558393249287886
2.146892655367232	0.11115789110682286
2.140845070422535	0.02290655877080028
2.134831460674157	0.02963751451521604
2.1288515406162465	0.024248430882557626
2.122905027932961	0.08554682994789448
2.116991643454039	0.038811047134857675
2.111111111111111	0.08839947915123242
2.1052631578947367	0.01873024263385425
2.0994475138121547	0.03940173823609529
2.09366391184573	0.07552008965883926
2.087912087912088	0.03598532986249181
2.0821917808219177	0.11587984434270544
2.0765027322404372	0.06331918314774408
2.0708446866485013	0.12031885815798732
2.0652173913043477	0.09555924150032785
2.059620596205962	0.07818811634573376
2.054054054054054	0.044821904049945044
2.0485175202156336	0.03660832990841727
2.043010752688172	0.04485518038881396
2.037533512064343	0.09122359555344196
2.0320855614973263	0.05691672768404266
2.026666666666667	0.028564736030338794
2.021276595744681	0.017074409228701806
2.0159151193633953	0.13364661756143423
2.0105820105820107	0.050542596605086566
2.005277044854881	0.07450036978863032
