	F0	F1	F2
0	8	14	17
1	0	0	0
2	9	11	4
3	42	36	35
4	21	21	12
5	15	16	10
6	4	2	2
7	9	15	16
8	9	24	10
9	3	7	13
10	31	18	22
11	20	25	14
12	28	19	10
13	106	107	79
14	3	1	3
15	292	244	236
16	0	0	0
17	1	0	0
18	52	46	36
19	16	14	11
20	11	6	8
21	1	0	0
22	0	0	0
23	1	1	3
24	7	10	4
25	5	6	5
26	8	3	5
27	71	45	27
28	0	1	0
29	3	2	5
30	0	0	0
31	17	11	8
32	13	6	7
33	11	10	10
34	5	3	1
35	8	6	4
36	15	7	5
37	29	38	32
38	9	10	6
39	5	5	3
40	2	3	3
41	56	56	42
42	6	2	2
43	17	19	16
44	9	7	7
45	6	2	3
46	13	5	0
47	9	11	7
48	4	3	1
49	34	31	17
50	16	10	11
51	3	4	3
52	104	99	68
53	14	13	4
54	15	9	7
55	9	5	1
56	1	0	0
57	60	46	28
58	32	24	11
59	6	6	5
60	6	4	0
61	2	1	0
62	8	6	3
63	12	10	5
64	11	5	11
65	10	9	6
66	17	15	12
67	30	17	11
68	3	5	4
69	2	2	3
70	0	0	1
71	8	6	5
72	35	28	11
73	1	1	0
74	4	2	1
75	3	2	1
76	37	21	15
77	1	0	0
78	4	3	2
79	31	15	8
80	2	1	0
81	15	9	7
82	25	17	12
83	5	5	2
84	16	8	4
85	59	47	43
86	3	5	6
87	22	10	13
88	46	36	15
89	0	1	0
90	9	2	3
91	23	15	7
92	12	8	5
93	16	7	9
94	27	25	15
95	3	5	3
96	8	9	3
97	32	36	27
98	46	13	11
99	7	7	1
100	0	1	3
101	25	33	19
102	24	22	20
103	35	25	11
104	22	14	8
105	17	5	5
106	22	20	6
107	9	5	4
108	0	0	0
109	9	6	2
110	3	3	5
111	8	3	4
112	0	0	0
113	8	5	2
114	23	16	8
115	0	1	0
116	20	16	10
117	0	2	0
118	15	4	4
119	20	10	13
120	89	86	49
121	21	16	10
122	6	5	5
123	200	186	150
124	58	52	37
125	81	110	113
126	6	1	3
127	15	7	4
128	4	5	3
129	14	9	5
130	1	1	0
131	25	13	7
132	9	11	3
133	18	27	6
134	132	143	118
135	49	38	26
136	0	1	1
137	8	3	3
138	68	39	39
139	5	1	3
140	11	6	4
141	61	33	27
142	19	20	12
143	14	11	7
144	75	64	44
145	55	30	20
146	1	0	0
147	1	0	0
148	3	2	3
149	314	270	161
150	12	17	16
151	17	11	5
152	33	17	15
153	34	36	22
154	59	62	48
155	61	43	17
156	2	0	0
157	2	3	2
158	4	1	1
159	0	1	1
160	4	4	6
161	111	72	39
162	26	18	12
163	1	2	1
164	13	21	10
165	3	0	0
166	0	3	2
167	16	8	5
168	29	15	9
169	17	19	12
170	3	2	0
171	15	11	9
172	14	14	7
173	19	11	14
174	72	75	37
175	2	6	2
176	19	8	7
177	5	4	7
178	0	0	0
179	0	1	2
180	0	0	0
181	8	4	4
182	3	5	1
183	2	0	0
184	8	10	1
185	12	6	6
186	21	17	15
187	25	61	9
188	0	0	0
189	2	6	0
190	4	4	1
191	2	4	1
192	0	0	0
193	796	499	294
194	2	7	3
195	5	4	5
196	2	0	0
197	0	1	0
198	9	5	4
199	11	8	5
200	1	2	1
201	47	35	23
202	2	0	0
203	28	39	27
204	27	24	15
205	20	14	14
206	13	7	6
207	0	0	0
208	10	10	2
209	12	6	7
210	8	4	2
211	1	2	0
212	3	7	8
213	96	89	51
214	56	52	16
215	1	0	0
216	42	23	20
217	1	1	0
218	10	15	4
219	22	19	7
220	13	9	3
221	115	102	91
222	44	27	24
223	16	8	5
224	19	5	7
225	225	191	111
226	4	4	2
227	32	27	16
228	16	8	3
229	11	3	2
230	7	2	4
231	0	0	0
232	10	4	3
233	0	0	0
234	0	0	0
235	19	17	9
236	8	9	10
237	24	14	12
238	9	16	5
239	0	1	3
240	21	14	7
241	8	2	5
242	3	4	0
243	0	0	1
244	0	2	0
245	0	0	0
246	3	0	0
247	55	28	35
248	5	10	4
249	0	0	0
250	11	11	3
251	24	19	10
252	22	14	11
253	3	11	4
254	18	17	5
255	36	33	17
256	0	0	1
257	30	17	14
258	26	9	14
259	13	11	4
260	20	10	2
261	14	8	3
262	15	14	11
263	5	3	3
264	29	15	25
265	4	5	1
266	4	5	4
267	9	9	2
268	22	14	12
269	8	5	3
270	5	3	1
271	0	0	0
272	6	7	6
273	12	11	8
274	11	4	2
275	1	1	3
276	0	0	0
277	73	104	84
278	295	208	183
279	145	164	108
280	5	4	2
281	5	11	2
282	28	8	10
283	23	12	8
284	15	10	3
285	240	189	165
286	36	30	34
287	37	28	14
288	17	19	17
289	25	22	16
290	7	2	2
291	13	17	5
292	26	17	8
293	1	1	2
294	1	4	0
295	88	59	44
296	6	10	4
297	53	42	34
298	81	69	62
299	14	14	15
300	1	5	4
301	12	5	2
302	12	8	3
303	3	1	3
304	32	22	18
305	37	38	11
306	21	16	13
307	12	6	5
308	3	1	1
309	4	1	0
310	29	35	11
311	58	46	31
312	61	60	42
313	330	335	273
314	56	45	39
315	10	7	3
316	7	8	12
317	13	15	3
318	7	3	3
319	7	9	3
320	28	17	13
321	33	23	9
322	0	0	0
323	12	9	5
324	13	6	2
325	22	12	10
326	46	35	24
327	34	24	19
328	6	4	5
329	5	5	4
330	5	6	9
331	4	2	4
332	0	0	0
333	4	8	2
334	0	2	3
335	29	27	18
336	8	7	2
337	7	7	2
338	19	13	8
339	1	0	1
340	6	9	2
341	14	14	8
342	10	8	8
343	30	18	10
344	10	6	5
345	5	11	5
346	8	9	4
347	6	11	2
348	13	11	11
349	15	9	5
350	14	11	11
351	146	168	99
352	8	9	4
353	2	0	0
354	4	5	1
355	20	7	7
356	5	3	4
357	48	19	18
358	4	3	2
359	0	0	0
360	0	0	0
361	1	0	1
362	25	18	12
363	2	1	0
364	15	10	4
365	61	30	16
366	0	1	0
367	10	13	9
368	2	4	4
369	13	6	7
370	20	16	7
371	0	0	1
372	9	12	4
373	4	6	7
374	46	42	21
375	0	0	0
376	0	0	0
377	2	3	4
378	1	0	0
379	5	5	2
380	22	31	19
381	0	2	0
382	37	20	20
383	58	49	33
384	3	3	6
385	0	1	0
386	3	1	4
387	58	54	38
388	83	49	49
389	9	15	4
390	71	53	31
391	56	63	44
392	5	4	1
393	33	26	11
394	57	51	31
395	84	94	44
396	0	0	0
397	6	2	5
398	83	83	57
399	246	233	192
400	2	1	1
401	46	32	25
402	25	22	11
403	7	3	0
404	5	4	2
405	11	5	8
406	8	6	6
407	6	4	4
408	109	79	64
409	62	57	43
410	9	16	5
411	41	27	18
412	6	1	3
413	0	0	0
414	7	8	8
415	0	0	0
416	2	2	2
417	14	12	2
418	22	16	18
419	1	1	0
420	1	1	1
421	9	12	3
422	11	8	1
423	7	3	4
424	1	3	1
425	8	3	2
426	6	3	2
427	1	3	1
428	11	13	11
429	28	15	12
430	115	92	79
431	51	33	24
432	8	4	3
433	7	4	1
434	0	0	0
435	2	4	4
436	27	16	11
437	36	26	23
438	0	0	1
439	5	2	5
440	5	4	0
441	0	1	1
442	29	20	9
443	2	1	1
444	1	2	2
445	13	6	7
446	40	42	25
447	20	7	8
448	8	11	9
449	0	0	0
450	9	9	6
451	2	3	2
452	39	23	20
453	7	2	1
454	23	16	8
455	0	0	0
456	23	6	7
457	94	63	47
458	5	3	4
459	6	6	5
460	0	0	0
461	0	0	0
462	33	32	31
463	30	26	11
464	160	135	130
465	14	10	6
466	21	12	9
467	106	106	48
468	6	1	2
469	13	11	3
470	32	24	9
471	29	22	10
472	50	28	25
473	8	3	4
474	0	0	0
475	12	3	5
476	2	2	0
477	45	26	29
478	12	8	17
479	27	24	15
480	0	0	0
481	3	7	3
482	17	14	11
483	4	3	3
484	3	2	0
485	18	21	1
486	19	28	10
487	0	0	0
488	3	6	4
489	29	21	22
490	0	0	0
491	8	3	7
492	32	25	17
493	4	1	0
494	56	48	41
495	31	37	16
496	2	2	0
497	1	3	2
498	12	6	5
499	2	2	3
500	8	15	5
501	5	5	3
502	19	10	11
503	30	17	11
504	8	2	1
505	7	6	6
506	5	4	1
507	41	22	15
508	0	0	0
509	0	0	0
510	11	6	7
511	6	6	3
512	0	0	0
513	15	13	8
514	36	19	17
515	1	5	0
516	2	3	2
517	14	12	8
518	73	56	35
519	11	9	8
520	2	2	2
521	13	7	5
522	0	0	0
523	60	47	36
524	21	23	10
525	4	1	1
526	30	19	14
527	10	10	9
528	8	9	8
529	0	0	0
530	1	0	0
531	1	0	0
532	67	64	51
533	3	3	3
534	27	12	8
535	2	0	0
536	2	3	3
537	19	23	11
538	6	1	2
539	1	7	3
540	5	2	2
541	5	2	3
542	0	0	0
543	0	2	0
544	39	25	25
545	1	2	1
546	3	0	1
547	8	11	4
548	0	0	0
549	10	5	4
550	24	16	10
551	1	0	1
552	10	7	8
553	57	37	28
554	7	6	3
555	6	7	7
556	0	0	0
557	3	3	2
558	12	5	1
559	0	0	0
560	13	6	6
561	8	4	6
562	3	3	3
563	5	7	2
564	10	12	10
565	42	28	18
566	20	6	10
567	20	19	12
568	13	6	4
569	177	138	110
570	7	2	5
571	3	2	0
572	28	20	10
573	0	0	0
574	0	0	0
575	4	3	8
576	0	0	0
577	8	5	1
578	3	1	1
579	0	0	0
580	6	2	4
581	4	5	3
582	0	0	0
583	9	7	3
584	1	0	0
585	17	16	12
586	2	2	1
587	18	21	12
588	6	3	2
589	0	0	0
590	4	0	0
591	6	1	2
592	18	14	8
593	10	8	8
594	17	20	4
595	0	0	0
596	20	10	5
597	357	359	323
598	85	78	45
599	118	101	55
600	7	8	4
601	15	5	3
602	3	2	2
603	8	3	9
604	89	80	40
605	17	5	11
606	95	67	55
607	12	3	5
608	1	1	1
609	479	431	299
610	25	15	14
611	25	34	18
612	0	0	0
613	0	0	0
614	34	29	15
615	1	2	3
616	10	7	9
617	18	13	14
618	18	11	4
619	9	7	4
620	5	5	5
621	8	5	7
622	2	7	2
623	2	6	4
624	28	11	5
625	10	17	4
626	1	2	0
627	14	12	7
628	22	15	13
629	25	9	9
630	14	5	7
631	10	7	9
632	47	18	11
633	2	3	3
634	18	19	17
635	0	0	0
636	1	1	0
637	0	0	0
638	183	181	148
639	26	25	19
640	27	6	15
641	13	11	5
642	52	57	41
643	3	4	3
644	101	63	60
645	10	8	6
646	9	3	3
647	21	12	10
648	4	12	5
649	16	10	10
650	3	4	3
651	0	0	0
652	5	4	3
653	2	3	1
654	34	41	26
655	2	1	0
656	12	21	8
657	11	5	0
658	67	70	25
659	19	29	12
660	54	36	15
661	48	22	15
662	0	2	1
663	5	4	1
664	6	1	4
665	6	6	1
666	8	8	6
667	8	12	6
668	8	8	3
669	9	4	2
670	10	10	11
671	20	11	6
672	15	4	3
673	15	12	8
674	10	7	4
675	0	0	0
676	1	0	0
677	47	46	30
678	1	8	5
679	30	18	3
680	4	6	3
681	9	15	11
682	8	10	2
683	40	28	9
684	15	14	9
685	2	3	1
686	0	0	0
687	31	21	14
688	4	2	5
689	6	14	4
690	0	0	0
691	15	8	7
692	80	55	34
693	7	5	5
694	21	15	14
695	0	0	0
696	24	9	11
697	1	0	0
698	11	12	1
699	1	3	4
700	0	0	0
701	18	14	5
702	61	21	17
703	1	1	0
704	0	0	0
705	8	6	3
706	2	2	1
707	0	0	0
708	4	1	4
709	0	0	0
710	3	13	5
711	20	11	7
712	11	5	6
713	37	35	17
714	31	19	19
715	12	16	4
716	7	4	3
717	9	8	6
718	9	2	2
719	7	8	3
720	11	4	3
721	9	7	8
722	1	2	0
723	51	47	42
724	3	6	5
725	30	20	17
726	24	17	7
727	16	13	9
728	28	28	7
729	9	11	6
730	15	6	6
731	8	1	1
732	62	30	21
733	1	1	1
734	0	3	2
735	20	21	13
736	17	17	10
737	42	26	13
738	6	6	4
739	3	2	1
740	66	49	28
741	6	8	6
742	80	73	49
743	12	18	9
744	203	218	166
745	19	22	13
746	59	52	47
747	30	24	19
748	4	8	2
749	1	6	2
750	2	0	0
751	46	40	25
752	9	3	2
753	66	44	40
754	2	2	0
755	2	1	1
756	56	37	32
757	35	20	19
758	3	5	1
759	13	5	7
760	3	3	3
761	32	18	12
762	84	77	50
763	31	25	17
764	6	10	2
765	46	74	57
766	9	12	5
767	1	1	1
768	21	26	20
769	124	144	93
770	33	24	24
771	733	677	592
772	22	6	3
773	13	8	8
774	15	11	14
775	31	23	19
776	22	29	4
777	0	3	0
778	45	27	19
779	22	14	20
780	6	5	6
781	4	8	2
782	9	6	7
783	517	518	401
784	28	32	16
785	10	6	6
786	0	0	0
787	17	22	9
788	23	23	19
789	24	17	20
790	7	5	3
791	15	7	6
792	34	34	20
793	80	37	31
794	90	65	43
795	12	6	5
796	14	8	5
797	4	1	1
798	4	1	2
799	2	3	5
800	20	17	8
801	20	14	9
802	16	5	3
803	159	112	54
804	9	10	7
805	12	7	5
806	13	5	11
807	0	1	1
808	11	18	9
809	2	2	0
810	3	10	0
811	109	79	65
812	25	14	7
813	55	44	25
814	4	2	1
815	0	0	0
816	0	0	0
817	3	2	0
818	6	4	1
819	34	28	18
820	18	16	9
821	0	0	0
822	12	9	5
823	2	2	2
824	84	49	35
825	3	2	1
826	41	30	29
827	29	23	21
828	17	19	7
829	32	39	18
830	13	8	6
831	17	15	8
832	11	9	7
833	33	30	23
834	23	34	16
835	3	2	2
836	7	4	4
837	55	75	66
838	41	25	22
839	5	5	7
840	2	3	1
841	2	4	1
842	14	10	7
843	8	2	4
844	0	0	0
845	1	0	5
846	21	18	12
847	6	2	1
848	115	116	107
849	2	4	2
850	9	13	3
851	3	1	4
852	0	3	5
853	0	1	0
854	46	45	33
855	5	7	2
856	1	0	0
857	34	24	11
858	5	3	4
859	0	0	0
860	1	0	0
861	8	4	2
862	4	10	1
863	3	1	3
864	17	13	10
865	22	9	12
866	17	13	14
867	10	7	6
868	5	9	4
869	0	1	0
870	0	0	0
871	12	6	3
872	2	2	1
873	18	17	5
874	20	18	8
875	8	5	2
876	1	1	2
877	40	38	44
878	0	0	0
879	10	17	13
880	15	6	7
881	3	2	2
882	8	5	3
883	0	0	0
884	6	4	2
885	0	0	0
886	0	0	0
887	1	5	4
888	34	13	13
889	2	5	0
890	78	63	53
891	54	55	47
892	4	2	4
893	19	13	12
894	5	1	0
895	41	29	23
896	2	7	1
897	0	0	0
898	26	23	13
899	31	23	21
900	13	13	2
901	0	0	0
902	2	3	1
903	2	2	2
904	1	0	1
905	6	6	0
906	11	12	7
907	14	5	9
908	26	19	8
909	0	0	0
910	17	26	17
911	10	6	5
912	16	16	19
913	31	14	4
914	6	12	4
915	2	1	1
916	0	0	0
917	8	7	4
918	13	4	3
919	1	0	0
920	0	0	0
921	7	1	1
922	3	4	5
923	14	8	7
924	2	3	1
925	14	10	6
926	17	5	10
927	26	27	15
928	27	17	11
929	20	13	10
930	30	22	11
931	0	0	0
932	0	0	0
933	21	15	8
934	13	5	4
935	26	24	19
936	12	19	17
937	1	2	0
938	4	9	7
939	3	2	1
940	0	0	0
941	56	39	26
942	0	0	0
943	8	1	5
944	15	9	4
945	13	14	11
946	45	30	25
947	57	39	16
948	26	19	10
949	0	0	0
950	4	3	0
951	83	60	39
952	19	9	10
953	11	8	9
954	0	0	0
955	22	18	7
956	0	3	2
957	3	0	0
958	0	3	0
959	1	2	0
960	38	19	24
961	97	94	48
962	66	48	26
963	101	81	86
964	15	19	7
965	1	3	1
966	3	9	3
967	0	0	0
968	53	39	16
969	71	62	60
970	6	4	2
971	23	9	7
972	67	44	28
973	25	15	14
974	3	7	4
975	0	0	0
976	1	0	2
977	37	19	16
978	18	10	12
979	0	0	0
980	0	2	2
981	0	0	0
982	2	6	2
983	13	8	5
984	357	266	224
985	12	12	9
986	20	16	8
987	32	15	7
988	16	7	11
989	164	116	93
990	46	54	31
991	4	5	3
992	6	5	6
993	2	2	2
994	13	9	5
995	7	3	2
996	2	1	1
997	5	7	0
998	6	8	4
999	0	0	1
1000	8	3	5
1001	55	71	39
1002	10	9	7
1003	0	0	0
1004	12	11	11
1005	2	1	1
1006	130	102	60
1007	0	0	0
1008	18	7	7
1009	176	134	99
1010	10	3	2
1011	4	3	3
1012	18	10	5
1013	7	5	5
1014	7	4	4
1015	24	17	19
1016	53	44	35
1017	7	11	6
1018	93	55	43
1019	0	1	0
1020	15	13	5
1021	24	39	18
1022	9	2	2
1023	0	0	0
1024	37	50	29
1025	8	8	12
1026	0	0	0
1027	213	172	140
1028	13	10	2
1029	27	24	12
1030	17	9	5
1031	0	3	0
1032	13	10	1
1033	18	11	9
1034	10	4	2
1035	5	6	6
1036	4	3	1
1037	4	2	5
1038	7	8	11
1039	13	10	5
1040	59	57	49
1041	18	19	8
1042	22	35	24
1043	3	5	1
1044	8	10	3
1045	4	3	10
1046	1	0	0
1047	7	8	7
1048	12	8	9
1049	1	0	0
1050	11	5	4
1051	26	25	13
1052	2	0	2
1053	16	23	21
1054	0	0	0
1055	33	18	14
1056	79	76	43
1057	8	7	4
1058	19	21	9
1059	0	0	0
1060	144	103	80
1061	4	0	0
1062	150	132	64
1063	13	6	2
1064	78	51	33
1065	32	19	16
1066	1	2	1
1067	13	5	5
1068	0	0	0
1069	8	4	5
1070	2	2	0
1071	10	3	5
1072	0	0	0
1073	17	22	17
1074	80	66	54
1075	4	4	4
1076	0	1	0
1077	2	4	1
1078	51	48	20
1079	15	5	3
1080	0	5	1
1081	1	0	0
1082	0	0	0
1083	3	0	3
1084	90	90	61
1085	17	26	23
1086	40	25	28
1087	0	1	0
1088	3	6	3
1089	0	2	2
1090	0	0	0
1091	2	0	2
1092	39	33	33
1093	9	9	5
1094	4	1	1
1095	17	17	10
1096	52	39	24
1097	1	3	0
1098	8	4	1
1099	12	2	5
1100	14	18	5
1101	70	43	40
1102	22	15	19
1103	14	10	5
1104	2	1	2
1105	43	27	11
1106	2	4	1
1107	34	22	18
1108	17	11	17
1109	11	5	1
1110	0	1	1
1111	0	1	1
1112	18	18	3
1113	4	3	1
1114	28	8	6
1115	0	0	0
1116	5	1	6
1117	9	12	5
1118	0	0	0
1119	61	48	44
1120	0	0	2
1121	0	3	1
1122	3	9	0
1123	0	0	0
1124	4	0	1
1125	1	0	0
1126	8	3	4
1127	8	6	3
1128	1	0	0
1129	1	1	1
1130	6	8	3
1131	2	3	3
1132	4	2	2
1133	2	3	1
1134	8	3	5
1135	26	10	14
1136	16	11	5
1137	153	107	52
1138	11	8	3
1139	7	6	5
1140	9	2	3
1141	0	1	0
1142	10	8	1
1143	9	4	6
1144	31	19	12
1145	10	15	7
1146	1	0	0
1147	22	15	12
1148	26	19	16
1149	43	41	23
1150	0	1	0
1151	47	23	22
1152	376	300	222
1153	6	4	3
1154	22	18	13
1155	9	11	6
1156	3	2	1
1157	41	36	29
1158	0	0	1
1159	1	1	1
1160	38	32	24
1161	11	5	4
1162	11	12	3
1163	14	5	2
1164	6	3	4
1165	49	31	17
1166	0	0	0
1167	2	0	2
1168	6	2	3
1169	7	3	2
1170	48	30	12
1171	22	21	7
1172	147	118	59
1173	3	1	0
1174	2	2	0
1175	2	3	2
1176	37	16	16
1177	5	4	3
1178	22	13	10
1179	3	0	0
1180	2	1	2
1181	9	8	2
1182	0	0	0
1183	10	13	4
1184	17	10	1
1185	3	2	3
1186	46	38	34
1187	293	224	168
1188	7	4	4
1189	8	6	3
1190	1	2	0
1191	4	3	0
1192	26	13	16
1193	17	4	10
1194	2	4	0
1195	1	2	1
1196	5	1	2
1197	0	0	0
1198	2	3	1
1199	2	6	2
1200	1	0	1
1201	5	6	2
1202	0	0	0
1203	0	0	0
1204	7	6	4
1205	66	61	29
1206	9	10	7
1207	39	19	10
1208	11	7	10
1209	63	28	40
1210	78	87	47
1211	36	32	19
1212	11	5	6
1213	0	0	0
1214	0	0	0
1215	55	42	26
1216	16	10	10
1217	15	11	7
1218	376	281	158
1219	1	1	0
1220	45	34	22
1221	0	0	0
1222	6	13	6
1223	3	7	1
1224	14	3	8
1225	7	5	1
1226	10	11	5
1227	21	11	8
1228	2	2	0
1229	16	14	4
1230	0	0	0
1231	82	68	59
1232	4	3	1
1233	12	6	12
1234	9	9	8
1235	28	18	21
1236	2	5	0
1237	1	11	6
1238	3	4	3
1239	5	4	1
1240	15	11	7
1241	0	0	4
1242	88	63	55
1243	0	0	1
1244	0	0	0
1245	0	1	0
1246	2	1	0
1247	99	86	58
1248	2	4	1
1249	12	2	5
1250	12	8	5
1251	9	3	2
1252	19	14	10
1253	5	5	2
1254	3	2	3
1255	23	17	20
1256	0	0	0
1257	0	1	0
1258	5	7	4
1259	566	432	298
1260	1	2	1
1261	7	6	6
1262	4	5	4
1263	11	10	2
1264	5	5	3
1265	76	52	46
1266	20	14	10
1267	26	28	18
1268	2	1	2
1269	99	71	45
1270	7	5	2
1271	9	3	0
1272	0	2	0
1273	11	15	9
1274	3	2	1
1275	35	44	14
1276	3	3	0
1277	1	0	0
1278	82	50	19
1279	10	5	2
1280	29	35	11
1281	26	16	4
1282	0	0	1
1283	75	83	74
1284	1	0	1
1285	17	11	2
1286	19	10	9
1287	7	10	2
1288	37	23	16
1289	41	27	14
1290	7	7	3
1291	1	1	1
1292	10	4	5
1293	15	9	9
1294	2	3	0
1295	2	4	1
1296	5	4	3
1297	0	0	0
1298	0	0	1
1299	0	0	1
1300	12	15	11
1301	9	11	5
1302	16	28	18
1303	61	34	18
1304	10	10	6
1305	10	5	6
1306	116	119	92
1307	15	7	10
1308	4	10	7
1309	63	40	24
1310	18	21	8
1311	16	12	11
1312	20	15	6
1313	0	0	1
1314	3	6	5
1315	8	4	4
1316	20	19	12
1317	24	13	7
1318	20	32	11
1319	35	44	27
1320	20	17	20
1321	70	47	36
1322	1	2	3
1323	137	181	101
1324	152	109	108
1325	13	6	8
1326	10	10	3
1327	8	9	7
1328	9	4	3
1329	122	85	64
1330	13	20	2
1331	37	27	22
1332	14	12	2
1333	9	4	5
1334	11	3	5
1335	5	7	3
1336	12	11	8
1337	9	7	8
1338	21	18	14
1339	12	21	9
1340	28	25	18
1341	16	23	15
1342	12	8	4
1343	3	0	4
1344	12	11	9
1345	70	73	60
1346	5	8	5
1347	2	3	4
1348	0	1	0
1349	0	0	0
1350	0	0	0
1351	7	5	1
1352	6	4	4
1353	1	3	1
1354	17	15	13
1355	0	0	0
1356	30	29	16
1357	89	84	47
1358	1	4	1
1359	7	5	3
1360	9	8	4
1361	6	2	5
1362	20	17	7
1363	71	61	37
1364	3	5	3
1365	4	7	1
1366	10	9	7
1367	2	0	2
1368	28	24	19
1369	6	4	5
1370	39	25	32
1371	27	23	7
1372	1	3	2
1373	0	0	2
1374	19	20	17
1375	33	26	16
1376	2	5	1
1377	2	0	2
1378	21	10	12
1379	77	55	44
1380	0	0	0
1381	9	8	6
1382	22	12	10
1383	12	4	9
1384	16	8	9
1385	25	23	20
1386	12	7	7
1387	48	42	23
1388	8	4	3
1389	46	17	20
1390	57	51	31
1391	6	5	4
1392	91	36	30
1393	8	6	2
1394	14	8	4
1395	0	0	0
1396	40	24	15
1397	0	0	0
1398	16	18	9
1399	1	4	0
1400	4	1	6
1401	6	6	4
1402	12	5	7
1403	0	0	0
1404	0	0	0
1405	7	6	4
1406	19	9	9
1407	8	11	4
1408	13	8	8
1409	6	4	3
1410	1	2	1
1411	0	1	3
1412	0	1	0
1413	6	12	4
1414	1	0	0
1415	0	1	1
1416	1	0	1
1417	27	18	11
1418	59	76	31
1419	12	9	5
1420	21	9	7
1421	13	5	4
1422	0	0	0
1423	4	10	4
1424	7	4	3
1425	7	5	1
1426	4	6	4
1427	1	0	1
1428	2	2	2
1429	6	4	3
1430	55	36	24
1431	19	15	9
1432	11	8	6
1433	0	0	0
1434	3	5	2
1435	10	8	2
1436	0	2	0
1437	0	0	0
1438	0	0	0
1439	0	0	0
1440	7	2	2
1441	0	2	0
1442	6	2	1
1443	7	4	3
1444	34	20	20
1445	390	326	259
1446	29	24	20
1447	64	54	52
1448	17	14	5
1449	0	0	0
1450	0	0	0
1451	2	0	0
1452	12	7	6
1453	12	8	2
1454	8	9	12
1455	73	80	50
1456	30	25	9
1457	0	0	0
1458	7	11	6
1459	7	3	4
1460	9	10	3
1461	0	0	0
1462	2	3	2
1463	34	35	20
1464	6	5	2
1465	28	6	13
1466	5	3	1
1467	9	4	5
1468	2	2	3
1469	10	3	1
1470	9	2	2
1471	14	19	6
1472	15	6	10
1473	15	7	6
1474	6	5	2
1475	8	15	4
1476	5	9	4
1477	24	22	6
1478	92	61	46
1479	12	9	4
1480	22	28	16
1481	41	24	13
1482	46	33	19
1483	21	17	7
1484	9	16	16
1485	1	0	1
1486	2	1	2
1487	0	0	0
1488	12	13	12
1489	63	75	52
1490	7	0	3
1491	0	0	0
1492	6	1	1
1493	3	3	3
1494	15	14	8
1495	0	0	1
1496	21	10	17
1497	3	6	7
1498	0	0	0
1499	13	3	2
1500	16	18	6
1501	25	16	11
1502	120	94	84
1503	26	22	13
1504	9	5	6
1505	38	43	27
1506	0	0	0
1507	0	0	0
1508	23	11	13
1509	34	14	13
1510	19	13	10
1511	12	7	5
1512	1	2	0
1513	17	7	7
1514	13	3	3
1515	17	5	9
1516	6	4	5
1517	3	2	2
1518	52	44	33
1519	0	0	0
1520	15	12	2
1521	5	1	1
1522	7	9	7
1523	32	32	21
1524	2	3	1
1525	0	1	2
1526	0	0	0
1527	18	16	8
1528	13	10	6
1529	1	3	2
1530	17	15	10
1531	18	13	2
1532	13	9	4
1533	18	12	2
1534	7	7	3
1535	29	20	16
1536	20	20	15
1537	0	1	1
1538	20	14	14
1539	36	27	29
1540	30	18	9
1541	24	18	11
1542	0	0	0
1543	0	0	0
1544	21	20	5
1545	131	80	53
1546	1	0	1
1547	15	9	5
1548	0	0	0
1549	0	0	0
1550	10	17	8
1551	41	21	21
1552	20	21	16
1553	1	8	6
1554	15	16	7
1555	10	10	7
1556	22	16	5
1557	0	1	0
1558	0	0	0
1559	13	11	8
1560	27	7	7
1561	7	8	7
1562	11	3	15
1563	9	4	7
1564	1	1	1
1565	24	6	8
1566	71	43	34
1567	21	16	12
1568	0	0	0
1569	20	10	14
1570	15	17	9
1571	1	1	1
1572	31	21	28
1573	28	34	35
1574	0	1	3
1575	6	2	2
1576	12	6	2
1577	23	21	20
1578	19	11	3
1579	11	7	5
1580	80	44	28
1581	9	2	6
1582	0	0	0
1583	15	23	7
1584	67	49	31
1585	10	14	6
1586	9	9	1
1587	0	0	0
1588	192	119	107
1589	0	1	1
1590	0	0	0
1591	2	3	0
1592	37	27	16
1593	1	0	1
1594	0	2	0
1595	2	4	2
1596	5	4	1
1597	2	1	0
1598	6	3	4
1599	0	1	0
1600	16	6	6
1601	4	8	9
1602	1	5	0
1603	28	16	8
1604	46	32	30
1605	8	7	6
1606	25	28	17
1607	0	0	0
1608	44	32	19
1609	23	18	22
1610	2	0	2
1611	0	0	0
1612	3	2	0
1613	8	9	11
1614	9	1	3
1615	37	37	20
1616	5	3	3
1617	0	1	0
1618	94	72	52
1619	16	11	3
1620	6	4	4
1621	21	9	4
1622	2	3	0
1623	0	0	0
1624	2	1	1
1625	66	56	31
1626	5	2	4
1627	0	0	0
1628	2	0	2
1629	172	125	73
1630	5	8	4
1631	7	9	8
1632	29	25	11
1633	35	41	30
1634	20	15	8
1635	6	4	1
1636	2	2	3
1637	7	8	5
1638	20	21	6
1639	3	2	1
1640	45	29	31
1641	10	30	7
1642	419	430	365
1643	4	4	1
1644	0	0	1
1645	3	4	1
1646	11	10	9
1647	1	0	1
1648	74	77	48
1649	1	0	2
1650	223	193	151
1651	16	8	3
1652	1	1	3
1653	92	67	39
1654	27	18	10
1655	79	46	22
1656	5	3	2
1657	11	8	8
1658	191	204	176
1659	35	22	21
1660	0	0	2
1661	13	5	10
1662	12	12	14
1663	5	5	6
1664	10	10	11
1665	4	4	6
1666	0	0	0
1667	17	24	14
1668	1	3	0
1669	49	35	32
1670	34	26	18
1671	3	3	3
1672	19	25	11
1673	9	0	3
1674	14	12	11
1675	1	2	1
1676	5	6	1
1677	28	37	13
1678	53	54	19
1679	6	8	3
1680	34	11	12
1681	63	66	34
1682	20	10	8
1683	37	48	17
1684	30	24	10
1685	18	17	10
1686	6	3	2
1687	2	0	3
1688	4	2	1
1689	1	0	0
1690	2	1	3
1691	0	0	0
1692	0	1	0
1693	0	0	0
1694	0	2	0
1695	2	1	0
1696	3	2	2
1697	0	0	0
1698	0	0	0
1699	12	10	10
1700	24	20	17
1701	7	6	7
1702	16	9	17
1703	7	8	4
1704	38	33	28
1705	105	97	76
1706	93	123	91
1707	16	14	13
1708	3	3	0
1709	6	7	4
1710	1	3	0
1711	1	0	1
1712	49	27	24
1713	10	4	0
1714	12	6	5
1715	27	11	6
1716	6	8	5
1717	23	23	13
1718	125	86	94
1719	7	4	5
1720	8	6	6
1721	24	18	10
1722	0	0	0
1723	1	0	2
1724	10	8	6
1725	14	20	13
1726	2	2	1
1727	49	25	32
1728	15	14	5
1729	242	166	118
1730	0	0	0
1731	14	5	1
1732	1	1	2
1733	40	43	34
1734	21	16	4
1735	15	20	14
1736	1	0	0
1737	15	8	7
1738	13	20	12
1739	5	5	7
1740	29	23	27
1741	80	54	36
1742	0	0	0
1743	21	11	8
1744	9	15	14
1745	11	12	2
1746	12	11	3
1747	6	5	4
1748	5	3	1
1749	9	4	7
1750	8	4	7
1751	28	14	11
1752	71	49	33
1753	5	3	1
1754	6	3	3
1755	1	0	0
1756	20	9	5
1757	25	12	10
1758	14	5	11
1759	7	6	1
1760	0	0	0
1761	18	16	12
1762	6	1	4
1763	1	1	0
1764	0	0	0
1765	0	0	0
1766	0	0	1
1767	13	16	13
1768	0	0	0
1769	0	0	0
1770	41	34	32
1771	102	100	53
1772	5	7	8
1773	5	2	1
1774	16	6	5
1775	4	4	2
1776	25	30	21
1777	9	1	3
1778	80	85	35
1779	26	22	14
1780	27	24	13
1781	104	101	64
1782	74	69	66
1783	28	6	7
1784	37	22	22
1785	23	16	13
1786	0	0	0
1787	36	25	20
1788	24	25	11
1789	15	7	6
1790	12	12	1
1791	5	2	0
1792	0	4	2
1793	3	0	1
1794	4	4	0
1795	16	10	6
1796	46	37	18
1797	154	118	73
1798	17	7	7
1799	9	2	3
1800	1	0	1
1801	8	3	5
1802	2	0	2
1803	56	51	30
1804	3	8	2
1805	106	60	50
1806	0	4	0
1807	29	17	18
1808	0	1	2
1809	116	91	49
1810	5	7	6
1811	3	0	0
1812	20	12	6
1813	2	1	0
1814	10	8	4
1815	7	4	5
1816	10	8	6
1817	9	7	3
1818	12	6	4
1819	3	1	1
1820	1	1	1
1821	1	1	2
1822	50	33	28
1823	60	42	35
1824	9	11	12
1825	0	2	0
1826	3	8	3
1827	3	7	4
1828	11	13	10
1829	7	3	3
1830	5	9	6
1831	13	12	7
1832	17	7	3
1833	3	0	0
1834	11	7	6
1835	34	34	19
1836	4	13	6
1837	31	10	15
1838	27	19	7
1839	6	3	4
1840	15	5	5
1841	44	33	9
1842	24	26	13
1843	27	11	4
1844	21	9	9
1845	4	8	2
1846	1	0	0
1847	50	23	26
1848	10	7	6
1849	1	0	2
1850	0	0	1
1851	128	108	99
1852	6	6	4
1853	10	9	7
1854	760	792	666
1855	10	8	7
1856	0	0	0
1857	3	1	0
1858	38	42	18
1859	6	2	3
1860	0	6	1
1861	24	20	19
1862	17	7	5
1863	2	1	4
1864	5	4	3
1865	3	4	2
1866	62	39	26
1867	5	4	1
1868	237	216	187
1869	0	0	0
1870	66	64	30
1871	13	8	6
1872	21	23	14
1873	16	12	5
1874	25	17	7
1875	22	27	12
1876	56	46	44
1877	61	57	51
1878	34	19	16
1879	6	13	3
1880	22	12	10
1881	51	37	17
1882	24	33	15
1883	7	1	3
1884	6	3	2
1885	42	26	20
1886	23	19	14
1887	5	3	2
1888	1	5	4
1889	4	2	1
1890	4	2	3
1891	7	5	5
1892	2	3	3
1893	1	0	0
1894	22	32	22
1895	0	0	0
1896	22	14	4
1897	42	35	25
1898	7	3	6
1899	11	7	5
1900	2	1	2
1901	1	0	1
1902	3	2	2
1903	3	0	3
1904	0	0	0
1905	7	1	5
1906	12	5	5
1907	4	8	12
1908	18	8	4
1909	0	1	0
1910	2	1	0
1911	13	9	10
1912	12	5	5
1913	16	18	11
1914	15	8	5
1915	2	2	0
1916	14	7	9
1917	0	0	1
1918	53	36	27
1919	4	2	1
1920	13	8	11
1921	0	0	0
1922	39	29	17
1923	26	24	4
1924	6	8	9
1925	10	5	1
1926	19	21	10
1927	6	3	3
1928	45	25	19
1929	1	1	0
1930	0	0	0
1931	3	0	1
1932	32	32	24
1933	3	2	3
1934	64	43	39
1935	35	20	14
1936	5	3	6
1937	0	1	0
1938	0	0	0
1939	89	76	25
1940	2	0	1
1941	53	52	47
1942	28	33	20
1943	4	4	3
1944	1	1	0
1945	15	7	2
1946	6	4	2
1947	14	10	8
1948	6	5	2
1949	6	6	3
1950	3	1	3
1951	3	2	2
1952	26	25	12
1953	0	0	0
1954	24	18	21
1955	1	0	0
1956	36	13	12
1957	0	0	0
1958	12	8	3
1959	0	0	0
1960	90	89	58
1961	10	5	7
1962	14	8	8
1963	14	15	4
1964	10	11	7
1965	12	6	5
1966	3	2	2
1967	1	0	1
1968	5	3	1
1969	66	64	50
1970	37	34	16
1971	2	2	0
1972	1	3	0
1973	5	6	6
1974	5	7	5
1975	1	0	0
1976	9	7	4
1977	145	138	79
1978	31	32	18
1979	37	29	13
1980	0	1	0
1981	1	4	4
1982	17	14	7
1983	21	12	5
1984	4	6	4
1985	3	1	4
1986	5	3	2
1987	11	5	8
1988	0	0	0
1989	6	10	3
1990	11	5	1
1991	17	7	3
1992	44	37	20
1993	0	0	0
1994	0	0	1
1995	14	7	7
1996	31	34	13
1997	5	10	5
1998	24	9	14
1999	11	8	2
2000	47	30	15
2001	0	2	1
2002	6	4	0
2003	7	6	4
2004	21	17	11
2005	22	11	13
2006	12	13	9
2007	56	25	27
2008	10	9	10
2009	14	9	5
2010	23	10	7
2011	0	1	1
2012	34	36	25
2013	4	6	2
2014	24	17	17
2015	7	5	3
2016	2	3	2
2017	0	0	0
2018	1	0	0
2019	9	12	7
2020	7	7	3
2021	1	3	0
2022	20	16	4
2023	8	5	1
2024	30	38	18
2025	12	20	7
2026	50	30	27
2027	16	17	6
2028	54	49	37
2029	26	4	15
2030	4	7	2
2031	125	113	79
2032	31	31	16
2033	15	11	5
2034	3	4	3
2035	20	24	13
2036	2	3	4
2037	2	3	4
2038	14	15	10
2039	38	28	17
2040	19	24	6
2041	15	14	6
2042	40	39	21
2043	15	12	5
2044	2	3	3
2045	5	2	1
2046	0	0	0
2047	12	11	7
2048	29	22	16
2049	75	66	27
2050	48	41	37
2051	1	4	0
2052	5	9	1
2053	25	19	10
2054	30	25	22
2055	0	0	0
2056	26	19	20
2057	15	11	6
2058	30	22	9
2059	39	33	13
2060	66	45	17
2061	15	12	10
2062	3	3	1
2063	0	6	0
2064	0	0	0
2065	7	4	3
2066	17	8	5
2067	176	134	77
2068	2	2	1
2069	2	0	0
2070	0	0	0
2071	0	0	0
2072	1	0	6
2073	23	14	7
2074	2	3	1
2075	17	6	5
2076	0	0	1
2077	5	10	3
2078	0	0	0
2079	7	4	3
2080	19	15	12
2081	16	17	14
2082	2	1	3
2083	4	0	1
2084	25	24	13
2085	11	10	8
2086	7	9	1
2087	47	27	18
2088	3	1	1
2089	52	48	41
2090	65	34	34
2091	32	26	17
2092	0	0	0
2093	73	94	87
2094	4	3	1
2095	3	2	1
2096	8	4	8
2097	1	3	3
2098	1	0	0
2099	15	13	6
2100	10	6	8
2101	12	8	14
2102	21	20	11
2103	22	13	8
2104	0	0	0
2105	11	10	5
2106	0	0	0
2107	66	41	23
2108	8	7	4
2109	3	3	0
2110	0	0	0
2111	15	23	19
2112	0	0	0
2113	8	17	7
2114	6	9	5
2115	162	141	103
2116	10	9	2
2117	19	12	2
2118	4	2	1
2119	0	0	0
2120	0	0	0
2121	0	0	0
2122	275	277	231
2123	15	13	5
2124	9	5	5
2125	0	0	0
2126	2	2	1
2127	0	0	0
2128	55	31	20
2129	0	0	0
2130	3	1	0
2131	43	29	11
2132	19	11	11
2133	46	30	19
2134	2	1	0
2135	0	0	0
2136	12	3	2
2137	16	9	9
2138	19	12	5
2139	23	20	7
2140	5	6	5
2141	0	0	0
2142	200	169	133
2143	12	6	6
2144	14	14	9
2145	10	11	4
2146	86	68	39
2147	2	4	0
2148	21	25	15
2149	4	1	1
2150	7	13	11
2151	5	2	5
2152	0	0	0
2153	3	4	1
2154	14	11	2
2155	24	21	14
2156	56	25	18
2157	5	4	5
2158	0	0	0
2159	206	206	149
2160	2	2	1
2161	20	14	14
2162	14	13	9
2163	10	4	5
2164	40	41	31
2165	0	0	0
2166	1	1	1
2167	0	0	1
2168	2	1	2
2169	35	35	16
2170	18	6	7
2171	0	0	0
2172	0	1	0
2173	4	3	2
2174	6	8	1
2175	43	18	14
2176	5	5	3
2177	6	7	2
2178	2	1	0
2179	9	3	4
2180	3	0	1
2181	0	2	1
2182	1	2	2
2183	2	0	0
2184	4	3	4
2185	47	34	23
2186	2	0	0
2187	42	31	25
2188	13	3	2
2189	52	45	35
2190	1	2	0
2191	0	0	0
2192	17	9	2
2193	0	1	0
2194	0	1	0
2195	16	22	15
2196	6	5	5
2197	4	6	1
2198	18	9	9
2199	6	5	0
2200	1	0	0
2201	43	29	19
2202	0	0	0
2203	6	2	1
2204	2	1	1
2205	24	20	15
2206	1	0	0
2207	3	1	1
2208	8	4	3
2209	6	5	0
2210	163	124	105
2211	0	0	0
2212	0	0	0
2213	3	2	2
2214	8	5	5
2215	11	4	1
2216	15	11	8
2217	7	9	1
2218	11	10	3
2219	12	9	6
2220	317	366	250
2221	39	28	17
2222	10	12	5
2223	2	1	1
2224	3	4	1
2225	9	6	7
2226	22	22	6
2227	18	17	9
2228	2	1	3
2229	4	1	0
2230	9	8	3
2231	9	12	8
2232	1	3	2
2233	1	3	0
2234	7	4	2
2235	7	9	3
2236	1	0	1
2237	20	16	16
2238	88	72	44
2239	21	14	6
2240	3	3	2
2241	11	17	6
2242	14	8	1
2243	2	4	1
2244	15	18	10
2245	61	56	45
2246	6	4	3
2247	24	19	11
2248	20	12	11
2249	4	1	2
2250	3	5	3
2251	5	1	1
2252	7	5	4
2253	0	0	0
2254	0	1	0
2255	2	2	2
2256	14	9	11
2257	6	2	1
2258	0	0	0
2259	3	1	0
2260	12	5	10
2261	0	1	0
2262	7	7	3
2263	32	18	10
2264	3	3	1
2265	1	0	2
2266	19	14	9
2267	18	30	22
2268	17	11	8
2269	6	6	3
2270	9	11	6
2271	12	13	7
2272	50	29	17
2273	0	0	0
2274	15	23	10
2275	1	1	0
2276	17	23	11
2277	49	31	26
2278	6	4	2
2279	0	1	0
2280	15	11	6
2281	35	28	20
2282	3	8	3
2283	33	21	24
2284	11	8	5
2285	1	2	0
2286	9	5	3
2287	0	0	0
2288	2	2	3
2289	4	0	4
2290	0	4	0
2291	29	22	3
2292	13	7	12
2293	27	30	16
2294	17	18	6
2295	11	7	9
2296	9	7	2
2297	50	28	19
2298	2	3	4
2299	40	41	24
2300	33	16	11
2301	71	88	71
2302	1	1	0
2303	6	2	1
2304	0	0	0
2305	1	0	1
2306	4	4	3
2307	10	16	10
2308	23	7	5
2309	0	1	1
2310	15	10	3
2311	27	28	9
2312	1	1	1
2313	7	13	6
2314	14	7	6
2315	15	16	9
2316	36	25	26
2317	8	10	0
2318	169	116	74
2319	78	58	30
2320	38	41	17
2321	0	4	2
2322	37	19	24
2323	0	1	3
2324	5	3	9
2325	475	372	276
2326	1	3	1
2327	8	12	4
2328	0	2	3
2329	65	30	29
2330	11	12	8
2331	24	23	8
2332	19	14	8
2333	10	7	3
2334	138	112	48
2335	15	6	5
2336	0	0	0
2337	11	10	10
2338	13	15	7
2339	4	4	8
2340	3	0	0
2341	1	2	0
2342	6	3	5
2343	3	7	0
2344	14	6	8
2345	0	1	0
2346	6	1	1
2347	38	37	22
2348	12	10	7
2349	19	18	8
2350	29	30	27
2351	21	50	42
2352	5	1	3
2353	0	1	1
2354	193	192	133
2355	9	8	7
2356	28	30	23
2357	0	0	0
2358	30	26	21
2359	0	0	0
2360	0	0	1
2361	11	13	9
2362	7	2	0
2363	2	2	0
2364	0	0	0
2365	7	12	10
2366	0	0	0
2367	2	1	1
2368	0	0	0
2369	39	30	27
2370	75	44	44
2371	41	31	20
2372	9	9	9
2373	17	22	9
2374	25	29	25
2375	11	8	6
2376	1	1	2
2377	176	135	102
2378	31	25	16
2379	9	12	4
2380	6	5	2
2381	13	12	12
2382	18	14	7
2383	9	7	4
2384	0	0	0
2385	2	2	0
2386	0	0	0
2387	23	16	18
2388	0	0	0
2389	1	1	0
2390	71	58	33
2391	69	50	38
2392	21	19	7
2393	6	3	5
2394	16	12	9
2395	1	1	0
2396	3	0	1
2397	2	4	1
2398	9	12	5
2399	4	4	5
2400	32	23	21
2401	17	11	7
2402	45	24	23
2403	0	3	3
2404	1	2	0
2405	0	0	0
2406	3	3	2
2407	1	6	3
2408	10	10	4
2409	3	0	3
2410	1	2	0
2411	14	8	10
2412	7	1	2
2413	39	31	24
2414	4	5	7
2415	6	2	3
2416	31	16	9
2417	221	290	212
2418	7	19	5
2419	9	4	1
2420	17	17	13
2421	24	17	12
2422	5	6	0
2423	15	8	9
2424	12	17	5
2425	3	4	4
2426	18	11	16
2427	17	21	8
2428	5	4	6
2429	137	108	76
2430	35	27	15
2431	37	44	25
2432	1	4	2
2433	8	9	2
2434	8	1	1
2435	1	0	0
2436	4	8	1
2437	8	10	4
2438	3	5	2
2439	3	4	4
2440	28	25	13
2441	0	0	0
2442	119	89	66
2443	8	8	5
2444	12	11	8
2445	0	0	0
2446	0	0	0
2447	0	0	0
2448	3	3	2
2449	30	12	12
2450	6	7	2
2451	6	1	1
2452	3	1	1
2453	5	3	0
2454	1	1	2
2455	6	7	3
2456	3	4	0
2457	20	18	14
2458	25	6	10
2459	30	31	20
2460	30	17	7
2461	59	37	25
2462	12	6	7
2463	3	1	0
2464	0	0	0
2465	26	20	12
2466	1	2	0
2467	4	6	1
2468	5	8	4
2469	17	9	3
2470	4	2	1
2471	20	11	9
2472	0	2	0
2473	32	30	21
2474	4	5	4
2475	0	0	0
2476	26	18	10
2477	6	5	4
2478	26	10	13
2479	0	1	0
2480	8	14	4
2481	6	11	7
2482	47	33	20
2483	3	3	1
2484	0	2	3
2485	12	6	5
2486	89	73	57
2487	28	27	14
2488	13	9	4
2489	73	62	28
2490	20	20	8
2491	172	130	90
2492	18	15	11
2493	40	27	20
2494	5	8	0
2495	3	5	4
2496	11	7	6
2497	11	10	0
2498	58	37	28
2499	1	0	2
2500	13	16	6
2501	0	0	1
2502	2	0	4
2503	3	6	2
2504	3	4	4
2505	16	9	13
2506	10	12	6
2507	37	24	14
2508	47	29	27
2509	4	3	4
2510	0	0	0
2511	15	3	6
2512	33	14	13
2513	10	5	3
2514	2	1	0
2515	7	6	5
2516	31	19	14
2517	38	40	23
2518	6	3	1
2519	12	9	4
2520	24	18	15
2521	19	33	18
2522	0	2	2
2523	53	32	27
2524	8	5	4
2525	5	5	3
2526	0	0	0
2527	3	3	0
2528	31	31	31
2529	4	2	3
2530	1	0	0
2531	4	3	5
2532	84	60	53
2533	30	24	19
2534	0	0	2
2535	39	26	12
2536	13	11	10
2537	59	42	26
2538	0	0	0
2539	0	0	0
2540	4	3	4
2541	5	0	1
2542	3	4	3
2543	181	163	128
2544	9	10	3
2545	17	18	12
2546	4	5	2
2547	47	37	22
2548	65	62	46
2549	9	17	7
2550	26	29	9
2551	103	56	34
2552	0	1	0
2553	10	3	3
2554	12	7	8
2555	40	27	14
2556	7	8	3
2557	0	0	0
2558	43	30	21
2559	2	0	0
2560	23	27	21
2561	13	9	3
2562	0	1	0
2563	0	2	1
2564	37	36	14
2565	0	0	0
2566	0	0	1
2567	124	83	57
2568	0	1	0
2569	8	14	13
2570	23	15	5
2571	16	22	9
2572	47	33	13
2573	9	11	3
2574	8	2	2
2575	3	2	1
2576	1	1	0
2577	249	219	139
2578	71	70	39
2579	51	35	26
2580	10	24	5
2581	0	0	0
2582	4	0	2
2583	6	5	3
2584	3	0	5
2585	12	7	4
2586	1	0	1
2587	2	4	0
2588	38	24	15
2589	13	4	4
2590	14	11	6
2591	5	3	2
2592	4	1	1
2593	6	5	3
2594	0	0	0
2595	1	6	0
2596	12	16	5
2597	2	2	1
2598	32	23	21
2599	1	2	7
2600	6	4	1
2601	0	0	0
2602	20	21	12
2603	4	2	3
2604	55	40	41
2605	1	0	0
2606	1	0	0
2607	0	0	0
2608	7	11	2
2609	25	23	8
2610	2	1	0
2611	0	1	0
2612	1	2	2
2613	0	0	0
2614	2	1	1
2615	4	1	0
2616	4	3	0
2617	4	2	0
2618	6	5	5
2619	0	0	0
2620	17	10	11
2621	13	9	9
2622	35	28	17
2623	2	3	3
2624	0	0	0
2625	0	0	0
2626	0	0	0
2627	0	0	0
2628	0	0	0
2629	6	8	3
2630	18	16	8
2631	0	0	0
2632	4	1	1
2633	13	8	9
2634	6	3	2
2635	4	6	2
2636	19	17	7
2637	4	2	1
2638	0	0	1
2639	0	1	2
2640	0	0	0
2641	12	4	5
2642	1	2	0
2643	31	31	19
2644	9	10	6
2645	2	2	2
2646	6	2	2
2647	0	1	0
2648	3	5	0
2649	22	19	11
2650	30	30	26
2651	10	10	3
2652	9	7	6
2653	2	2	0
2654	12	14	13
2655	3	1	4
2656	1	1	1
2657	21	14	4
2658	21	12	4
2659	15	12	3
2660	8	5	2
2661	3	5	2
2662	18	9	3
2663	11	7	3
2664	36	34	22
2665	90	56	41
2666	3	2	2
2667	2	0	0
2668	3	1	1
2669	0	0	0
2670	4	4	2
2671	1	1	4
2672	5	5	4
2673	2	0	1
2674	9	5	5
2675	19	13	12
2676	0	0	0
2677	6	0	5
2678	6	5	1
2679	13	6	6
2680	0	0	0
2681	0	0	0
2682	10	0	3
2683	0	0	0
2684	1	0	0
2685	0	0	0
2686	0	0	0
2687	1	1	0
2688	37	24	17
2689	11	16	4
2690	12	11	8
2691	24	12	7
2692	1	1	0
2693	10	3	4
2694	2	6	2
2695	37	29	20
2696	5	2	0
2697	8	8	5
2698	5	2	3
2699	33	22	16
2700	0	0	0
2701	10	6	4
2702	71	49	38
2703	12	13	8
2704	2	7	1
2705	6	4	3
2706	7	5	4
2707	34	14	10
2708	0	1	0
2709	8	9	11
2710	3	7	5
2711	20	18	3
2712	23	19	15
2713	24	48	30
2714	4	3	0
2715	16	7	14
2716	1	0	0
2717	0	0	0
2718	0	0	0
2719	2	3	1
2720	8	8	3
2721	0	0	1
2722	208	210	144
2723	12	6	7
2724	61	70	34
2725	60	46	43
2726	0	0	0
2727	38	12	9
2728	4	1	2
2729	11	8	6
2730	78	69	57
2731	0	0	0
2732	2	1	0
2733	11	6	6
2734	1	0	0
2735	0	0	0
2736	0	0	0
2737	18	8	2
2738	7	6	3
2739	5	0	1
2740	10	6	4
2741	5	4	6
2742	38	40	17
2743	96	70	40
2744	0	0	0
2745	3	5	3
2746	1	0	2
2747	4	2	2
2748	0	0	0
2749	8	8	5
2750	14	14	4
2751	6	5	3
2752	27	6	6
2753	10	6	7
2754	17	11	5
2755	14	9	9
2756	77	57	42
2757	0	0	0
2758	0	0	0
2759	16	8	4
2760	19	9	12
2761	0	1	1
2762	7	5	3
2763	309	235	188
2764	16	15	4
2765	17	9	7
2766	4	3	2
2767	7	6	1
2768	46	34	30
2769	185	129	77
2770	0	0	0
2771	5	5	3
2772	94	69	52
2773	2	4	1
2774	7	9	1
2775	2	1	0
2776	9	5	5
2777	1	1	1
2778	0	0	0
2779	223	187	180
2780	144	220	141
2781	1	0	6
2782	10	1	8
2783	0	0	0
2784	4	4	3
2785	0	0	0
2786	9	5	6
2787	6	2	1
2788	34	19	16
2789	1	10	4
2790	2	3	2
2791	4	5	2
2792	3	3	2
2793	243	202	180
2794	37	38	23
2795	181	166	147
2796	0	0	0
2797	54	35	16
2798	0	0	0
2799	8	6	6
2800	5	2	3
2801	69	36	25
2802	29	16	12
2803	12	9	9
2804	5	9	2
2805	7	4	1
2806	59	51	32
2807	319	224	196
2808	30	23	12
2809	84	53	30
2810	14	12	16
2811	19	18	9
2812	5	2	2
2813	13	8	3
2814	4	4	1
2815	0	0	0
2816	3	1	2
2817	3	3	3
2818	0	0	0
2819	7	4	6
2820	181	146	113
2821	14	15	3
2822	23	17	6
2823	0	0	0
2824	22	9	7
2825	31	28	27
2826	42	54	22
2827	8	7	2
2828	0	2	0
2829	3	4	4
2830	288	296	198
2831	56	57	27
2832	69	46	30
2833	0	0	0
2834	144	122	103
2835	4	10	3
2836	8	3	5
2837	4	3	3
2838	8	7	4
2839	7	2	0
2840	75	56	44
2841	16	14	8
2842	1	1	0
2843	0	0	1
2844	46	23	9
2845	4	8	7
2846	396	324	252
2847	5	4	2
2848	3	6	1
2849	0	1	1
2850	28	17	11
2851	13	14	5
2852	6	6	4
2853	14	14	4
2854	73	35	24
2855	8	13	3
2856	10	18	10
2857	7	3	1
2858	44	28	26
2859	12	6	2
2860	0	2	0
2861	7	4	1
2862	13	11	9
2863	7	3	2
2864	0	0	0
2865	8	15	9
2866	0	1	0
2867	20	14	5
2868	0	0	0
2869	0	0	0
2870	0	0	0
2871	111	95	50
2872	0	0	0
2873	21	13	7
2874	38	53	20
2875	61	75	43
2876	5	8	2
2877	60	29	11
2878	3	2	3
2879	0	0	0
2880	6	5	2
2881	11	5	3
2882	6	5	3
2883	1	2	2
2884	11	15	6
2885	6	7	3
2886	12	7	8
2887	0	0	0
2888	3	6	0
2889	6	1	3
2890	36	20	12
2891	24	13	13
2892	2	0	4
2893	6	3	2
2894	8	8	3
2895	7	5	5
2896	10	8	5
2897	7	5	1
2898	12	7	4
2899	18	12	8
2900	44	20	22
2901	0	2	0
2902	4	10	9
2903	18	10	2
2904	225	163	116
2905	32	24	14
2906	61	61	45
2907	0	1	0
2908	9	9	1
2909	16	14	15
2910	32	21	19
2911	4	2	2
2912	10	8	2
2913	32	28	29
2914	3	2	3
2915	21	35	12
2916	24	6	3
2917	10	6	6
2918	3	1	1
2919	10	5	5
2920	0	0	0
2921	0	0	2
2922	2	2	2
2923	19	15	10
2924	0	0	1
2925	8	7	8
2926	5	5	2
2927	23	28	15
2928	3	4	2
2929	19	13	9
2930	19	12	12
2931	24	8	8
2932	31	31	27
2933	33	40	15
2934	3	6	1
2935	113	94	85
2936	3	2	0
2937	1	2	0
2938	11	14	20
2939	20	8	11
2940	39	19	18
2941	26	13	14
2942	12	6	6
2943	6	3	4
2944	22	8	8
2945	8	10	10
2946	28	26	28
2947	1	1	0
2948	12	8	7
2949	3	2	3
2950	3	3	2
2951	49	54	52
2952	0	0	0
2953	5	3	3
2954	0	5	0
2955	5	6	3
2956	15	12	6
2957	16	7	8
2958	4	6	5
2959	1	0	0
2960	10	10	8
2961	2	3	3
2962	40	28	16
2963	23	13	8
2964	10	13	7
2965	6	2	1
2966	25	13	7
2967	0	0	0
2968	2	1	0
2969	5	4	1
2970	7	5	0
2971	67	57	33
2972	11	6	5
2973	21	17	5
2974	1	0	0
2975	34	20	10
2976	17	7	5
2977	17	14	6
2978	1	0	0
2979	0	0	0
2980	0	0	0
2981	5	1	2
2982	7	4	1
2983	28	24	15
2984	19	14	9
2985	9	10	7
2986	25	16	9
2987	854	928	809
2988	0	1	1
2989	18	21	19
2990	9	3	3
2991	25	14	9
2992	9	12	12
2993	0	0	0
2994	2	0	1
2995	9	9	9
2996	4	5	0
2997	3	3	3
2998	36	24	28
2999	14	9	11
3000	269	249	165
3001	3	4	1
3002	1	1	1
3003	7	5	2
3004	44	30	22
3005	0	1	1
3006	2	0	0
3007	21	14	10
3008	9	5	3
3009	9	8	1
3010	4	1	1
3011	8	4	4
3012	10	4	2
3013	117	104	100
3014	0	0	1
3015	9	10	12
3016	22	19	7
3017	5	1	2
3018	6	7	2
3019	15	11	6
3020	26	16	4
3021	0	0	0
3022	23	10	12
3023	23	12	14
3024	75	68	65
3025	64	48	19
3026	24	20	11
3027	22	22	7
3028	316	284	235
3029	15	13	4
3030	0	0	1
3031	1	2	0
3032	7	5	1
3033	1	0	3
3034	4	5	2
3035	2	4	2
3036	6	6	3
3037	5	15	11
3038	75	54	58
3039	47	43	33
3040	9	12	4
3041	208	210	164
3042	0	0	0
3043	28	28	17
3044	5	4	2
3045	12	5	6
3046	6	12	8
3047	68	47	21
3048	17	13	2
3049	7	16	7
3050	87	87	50
3051	4	1	2
3052	6	2	3
3053	0	0	0
3054	19	6	6
3055	16	16	7
3056	5	2	2
3057	27	24	11
3058	11	8	12
3059	8	1	7
3060	21	8	9
3061	25	14	12
3062	16	18	10
3063	4	4	3
3064	14	8	9
3065	10	11	4
3066	5	4	2
3067	21	23	19
3068	28	19	13
3069	1	0	0
3070	7	5	0
3071	18	21	19
3072	2	7	2
3073	5	6	2
3074	21	10	7
3075	5	2	8
3076	5	5	4
3077	0	0	0
3078	3	5	1
3079	16	15	10
3080	3	5	1
3081	5	2	2
3082	8	2	4
3083	4	3	6
3084	18	16	18
3085	0	0	1
3086	6	4	4
3087	108	90	79
3088	8	18	8
3089	9	10	3
3090	16	6	13
3091	8	6	1
3092	53	33	26
3093	4	7	8
3094	3	2	3
3095	13	20	9
3096	0	0	0
3097	0	0	0
3098	7	2	4
3099	1	0	0
3100	0	0	0
3101	2	2	0
3102	28	26	16
3103	10	12	6
3104	94	94	62
3105	17	15	15
3106	8	7	3
3107	0	0	0
3108	6	4	3
3109	1	2	0
3110	52	51	41
3111	3	21	7
3112	10	5	7
3113	0	0	0
3114	13	4	7
3115	296	261	202
3116	14	15	8
3117	0	0	0
3118	26	23	11
3119	17	15	13
3120	5	0	2
3121	11	14	9
3122	5	8	6
3123	5	1	3
3124	6	4	4
3125	27	24	16
3126	13	6	5
3127	8	14	9
3128	36	21	16
3129	10	9	7
3130	34	34	21
3131	0	0	0
3132	0	0	1
3133	2	2	3
3134	27	19	8
3135	34	32	16
3136	0	0	0
3137	12	5	3
3138	8	3	2
3139	107	102	43
3140	7	2	0
3141	0	0	0
3142	37	31	18
3143	3	3	2
3144	24	14	17
3145	2	2	5
3146	20	28	20
3147	14	17	8
3148	1	1	0
3149	1	5	1
3150	19	9	9
3151	0	0	0
3152	11	5	8
3153	20	12	8
3154	1	2	0
3155	5	2	3
3156	10	11	9
3157	8	4	4
3158	15	11	4
3159	0	0	0
3160	1	0	0
3161	5	3	3
3162	1	4	2
3163	12	7	1
3164	17	12	4
3165	10	21	17
3166	10	4	7
3167	3	2	2
3168	16	8	4
3169	2	5	4
3170	1	2	0
3171	10	10	5
3172	0	0	0
3173	1	1	0
3174	4	5	5
3175	59	35	45
3176	8	8	3
3177	4	1	3
3178	3	0	0
3179	2	0	1
3180	45	40	17
3181	316	305	247
3182	0	0	0
3183	0	0	0
3184	1	1	0
3185	10	6	4
3186	29	21	18
3187	19	17	11
3188	83	72	47
3189	1	1	0
3190	37	24	21
3191	0	2	0
3192	13	10	12
3193	3	2	1
3194	1	1	2
3195	7	5	17
3196	17	16	8
3197	54	34	21
3198	0	0	0
3199	47	27	21
3200	15	19	18
3201	0	1	0
3202	5	9	1
3203	4	3	3
3204	11	6	9
3205	10	8	4
3206	1619	1272	1030
3207	17	7	9
3208	36	24	16
3209	44	38	16
3210	6	7	4
3211	1	1	3
3212	0	1	0
3213	18	21	14
3214	16	14	15
3215	23	21	16
3216	3	0	0
3217	2	1	0
3218	48	49	21
3219	41	31	18
3220	10	12	7
3221	9	0	3
3222	85	51	37
3223	11	3	3
3224	3	2	1
3225	84	72	42
3226	17	5	5
3227	6	6	3
3228	147	95	74
3229	125	128	73
3230	2	1	1
3231	1	5	4
3232	11	8	4
3233	35	48	15
3234	9	8	6
3235	5	7	4
3236	5	9	7
3237	5	8	2
3238	24	16	30
3239	122	126	101
3240	6	6	18
3241	2	0	0
3242	1124	1076	945
3243	50	24	32
3244	11	8	5
3245	11	12	7
3246	10	2	2
3247	0	0	0
3248	14	10	8
3249	3	1	2
3250	11	14	9
3251	0	2	0
3252	2	0	0
3253	12	8	11
3254	7	5	3
3255	11	12	4
3256	81	56	34
3257	14	14	8
3258	4	2	3
3259	6	1	1
3260	0	0	0
3261	15	3	9
3262	18	12	5
3263	1	0	0
3264	28	28	9
3265	0	0	0
3266	48	23	9
3267	4	2	1
3268	7	0	2
3269	0	5	2
3270	2	3	4
3271	17	26	14
3272	38	35	41
3273	5	2	0
3274	2	0	1
3275	8	6	6
3276	2	4	2
3277	3	8	6
3278	10	14	7
3279	7	7	1
3280	2	4	2
3281	0	0	1
3282	12	8	9
3283	0	0	1
3284	1	0	0
3285	0	0	0
3286	0	0	0
3287	0	0	0
3288	0	0	0
3289	0	0	0
3290	0	0	0
3291	7	4	5
3292	18	9	3
3293	147	132	74
3294	16	17	9
3295	33	23	9
3296	31	14	16
3297	16	14	11
3298	38	34	17
3299	2	2	0
3300	6	10	2
3301	3	2	1
3302	137	169	134
3303	195	177	172
3304	8	7	3
3305	136	131	94
3306	11	6	4
3307	23	20	9
3308	23	12	12
3309	14	12	4
3310	5	6	5
3311	21	16	14
3312	2	2	2
3313	6	5	6
3314	7	0	6
3315	3	5	3
3316	23	19	9
3317	7	6	3
3318	11	5	4
3319	17	16	12
3320	0	0	0
3321	3	4	4
3322	0	0	0
3323	7	10	5
3324	22	29	25
3325	0	0	0
3326	8	10	6
3327	8	3	2
3328	4	8	2
3329	0	0	0
3330	2	2	1
3331	2	0	1
3332	22	19	6
3333	5	4	2
3334	7	9	5
3335	4	3	0
3336	5	1	3
3337	1	0	0
3338	6	10	7
3339	7	2	4
3340	45	34	44
3341	40	30	15
3342	16	14	1
3343	0	0	0
3344	97	59	27
3345	5	2	1
3346	6	10	4
3347	10	17	7
3348	100	81	70
3349	13	11	7
3350	28	22	13
3351	11	9	9
3352	6	2	3
3353	0	0	1
3354	84	83	64
3355	4	1	1
3356	15	14	8
3357	47	43	26
3358	44	39	30
3359	3	2	2
3360	2	1	0
3361	9	8	5
3362	13	24	7
3363	4	5	4
3364	2	3	2
3365	13	14	4
3366	71	30	26
3367	16	15	7
3368	0	1	0
3369	52	33	18
3370	35	22	17
3371	13	5	6
3372	4	2	5
3373	8	5	1
3374	2	1	0
3375	2	8	6
3376	36	17	16
3377	5	2	2
3378	0	0	2
3379	24	30	31
3380	4	3	1
3381	38	21	16
3382	39	12	24
3383	17	18	6
3384	3	1	0
3385	0	0	0
3386	3	8	5
3387	5	6	2
3388	0	0	0
3389	8	9	9
3390	15	22	10
3391	4	3	2
3392	8	4	1
3393	37	23	23
3394	4	6	2
3395	32	25	16
3396	1	0	0
3397	86	69	28
3398	15	10	4
3399	0	0	0
3400	0	0	0
3401	0	0	0
3402	0	0	0
3403	0	0	0
3404	0	0	0
3405	1	0	2
3406	5	1	1
3407	2	1	0
3408	28	21	12
3409	40	18	8
3410	0	0	0
3411	10	8	2
3412	32	14	18
3413	30	20	16
3414	3	4	0
3415	0	0	0
3416	0	1	0
3417	2	0	0
3418	4	6	2
3419	0	0	1
3420	2	5	4
3421	4	4	2
3422	5	3	2
3423	5	7	2
3424	0	1	1
3425	13	4	9
3426	17	13	7
3427	10	8	6
3428	48	36	28
3429	5	3	2
3430	0	0	0
3431	19	19	11
3432	5	3	0
3433	27	11	5
3434	9	7	5
3435	8	5	1
3436	5	2	3
3437	21	38	9
3438	1	1	2
3439	4	2	1
3440	14	16	9
3441	23	26	29
3442	0	0	0
3443	19	17	2
3444	1	0	0
3445	4	4	1
3446	5	4	0
3447	0	0	0
3448	1	1	0
3449	0	0	0
3450	1	6	4
3451	0	0	0
3452	0	0	0
3453	3	5	1
3454	34	22	24
3455	7	3	5
3456	8	5	2
3457	10	6	3
3458	2	0	0
3459	109	99	72
3460	9	7	7
3461	22	6	5
3462	8	5	6
3463	0	0	0
3464	0	1	0
3465	5	3	5
3466	3	0	1
3467	0	2	0
3468	39	27	23
3469	4	0	2
3470	14	11	5
3471	0	0	0
3472	11	14	6
3473	8	9	5
3474	3	2	0
3475	9	4	9
3476	23	11	9
3477	26	28	25
3478	9	7	3
3479	21	15	15
3480	0	0	0
3481	15	15	7
3482	3	3	4
3483	48	45	34
3484	0	0	0
3485	10	8	3
3486	7	5	4
3487	11	10	6
3488	75	69	35
3489	2	0	0
3490	35	34	19
3491	2	1	1
3492	378	290	241
3493	32	18	17
3494	21	14	13
3495	34	33	22
3496	27	20	14
3497	5	2	0
3498	10	6	6
3499	1	1	5
3500	63	42	31
3501	40	34	37
3502	12	8	3
3503	0	4	2
3504	5	0	1
3505	0	3	0
3506	7	4	2
3507	20	16	8
3508	4	1	1
3509	77	78	52
3510	16	10	5
3511	9	6	7
3512	21	24	12
3513	11	9	5
3514	6	3	4
3515	24	17	15
3516	17	17	10
3517	1	0	0
3518	9	8	12
3519	12	7	4
3520	30	20	10
3521	13	17	9
3522	2	3	0
3523	0	4	2
3524	0	1	3
3525	38	30	20
3526	0	1	0
3527	162	104	87
3528	51	52	43
3529	8	6	1
3530	6	13	2
3531	3	2	4
3532	3	1	0
3533	5	2	3
3534	7	6	0
3535	2	2	0
3536	2	3	4
3537	6	4	5
3538	3	5	2
3539	33	22	8
3540	0	0	1
3541	14	11	5
3542	16	11	3
3543	0	0	1
3544	7	2	1
3545	10	7	2
3546	27	31	22
3547	50	39	14
3548	1	0	0
3549	14	10	11
3550	14	11	14
3551	20	15	5
3552	22	25	12
3553	11	5	4
3554	0	0	0
3555	20	10	6
3556	10	1	2
3557	32	19	10
3558	14	20	11
3559	2	1	1
3560	22	16	5
3561	5	3	1
3562	100	59	85
3563	23	17	12
3564	18	15	12
3565	9	3	2
3566	6	7	4
3567	32	20	18
3568	4	7	8
3569	4	5	8
3570	1	1	0
3571	29	8	13
3572	8	2	0
3573	21	18	16
3574	3	1	1
3575	4	6	2
3576	14	7	3
3577	23	15	5
3578	17	12	9
3579	103	88	78
3580	1	0	0
3581	74	48	38
3582	16	14	7
3583	0	1	0
3584	19	6	7
3585	0	0	0
3586	41	29	24
3587	12	6	10
3588	45	30	33
3589	2	3	1
3590	14	16	11
3591	3	7	2
3592	23	20	14
3593	14	7	7
3594	46	31	22
3595	22	20	16
3596	22	26	14
3597	1	0	0
3598	4	7	4
3599	44	23	24
3600	6	6	4
3601	34	23	10
3602	1	2	1
3603	4	2	1
3604	9	5	7
3605	0	2	2
3606	47	31	35
3607	2	2	0
3608	0	0	0
3609	0	0	0
3610	5	3	2
3611	14	8	9
3612	4	2	0
3613	3	2	0
3614	13	9	4
3615	27	17	10
3616	18	11	12
3617	0	0	0
3618	1	0	1
3619	12	10	9
3620	11	14	6
3621	2	0	2
3622	4	8	5
3623	3	2	2
3624	4	4	7
3625	26	9	8
3626	0	2	0
3627	9	4	1
3628	42	45	36
3629	3	4	3
3630	0	0	0
3631	2	4	1
3632	14	12	7
3633	53	52	37
3634	0	2	1
3635	94	88	65
3636	3	3	2
3637	0	0	0
3638	1	2	0
3639	16	9	11
3640	30	14	19
3641	0	0	0
3642	62	41	32
3643	0	0	0
3644	10	4	2
3645	6	3	3
3646	37	30	20
3647	1	3	2
3648	10	11	12
3649	2	0	2
3650	7	4	3
3651	0	0	0
3652	0	1	0
3653	16	11	7
3654	15	7	8
3655	0	0	0
3656	3	3	1
3657	0	1	0
3658	27	17	7
3659	46	29	15
3660	5	6	1
3661	45	28	19
3662	28	13	3
3663	3	1	1
3664	7	2	2
3665	5	3	3
3666	1	3	3
3667	0	1	6
3668	16	10	9
3669	89	97	53
3670	3	0	2
3671	0	0	0
3672	155	108	50
3673	0	0	0
3674	0	0	0
3675	1851	1924	1672
3676	102	84	52
3677	25	14	10
3678	38	46	29
3679	87	71	50
3680	0	0	0
3681	1	0	0
3682	0	0	0
3683	19	16	8
3684	7	19	14
3685	1	0	0
3686	46	20	27
3687	2	3	5
3688	4	4	4
3689	75	71	57
3690	4	2	1
3691	17	17	18
3692	38	34	26
3693	7	7	2
3694	0	1	0
3695	10	4	1
3696	39	24	23
3697	9	12	7
3698	14	11	13
3699	31	36	20
3700	4	2	0
3701	16	17	15
3702	2	0	0
3703	12	11	12
3704	3	2	3
3705	0	0	0
3706	1	0	0
3707	0	1	1
3708	0	0	0
3709	8	4	4
3710	10	6	6
3711	1	2	4
3712	2	1	0
3713	0	0	0
3714	0	0	0
3715	2	4	0
3716	0	0	1
3717	3	3	0
3718	0	0	0
3719	7	6	2
3720	0	0	0
3721	8	7	4
3722	40	21	19
3723	3	6	2
3724	43	34	16
3725	26	15	19
3726	31	22	14
3727	82	80	67
3728	24	15	11
3729	24	12	15
3730	4	2	1
3731	3	1	1
3732	2	1	1
3733	0	0	1
3734	245	223	204
3735	21	20	9
3736	2	2	3
3737	8	6	7
3738	9	3	4
3739	30	22	22
3740	25	13	10
3741	0	0	0
3742	7	11	5
3743	0	1	0
3744	16	27	12
3745	26	15	14
3746	5	6	3
3747	12	5	7
3748	21	22	17
3749	11	11	7
3750	24	18	11
3751	4	7	3
3752	105	79	65
3753	1	4	1
3754	11	17	10
3755	2	2	1
3756	25	15	16
3757	6	4	1
3758	6	3	3
3759	12	11	6
3760	207	174	156
3761	184	151	93
3762	70	47	34
3763	7	5	3
3764	0	0	0
3765	11	3	2
3766	2	1	1
3767	25	21	10
3768	6	9	9
3769	1	4	2
3770	2	4	7
3771	50	41	31
3772	50	44	21
3773	3	2	11
3774	27	23	19
3775	9	6	4
3776	9	6	7
3777	13	9	15
3778	19	13	3
3779	62	36	20
3780	20	18	10
3781	6	17	11
3782	5	1	0
3783	10	9	3
3784	4	2	2
3785	3	4	3
3786	0	1	0
3787	79	81	59
3788	11	11	10
3789	31	11	3
3790	1	0	0
3791	0	0	0
3792	0	0	0
3793	9	2	3
3794	16	10	4
3795	30	20	14
3796	7	1	3
3797	161	140	127
3798	0	0	0
3799	12	15	3
3800	11	6	1
3801	23	7	11
3802	5	2	1
3803	17	13	12
3804	36	31	27
3805	44	36	24
3806	12	17	13
3807	2	1	2
3808	4	6	2
3809	0	0	0
3810	1	0	3
3811	3	2	3
3812	4	7	5
3813	4	5	4
3814	3	5	5
3815	13	1	1
3816	14	21	14
3817	13	13	6
3818	0	0	0
3819	33	17	15
3820	15	9	7
3821	2	3	4
3822	1	0	0
3823	15	8	5
3824	0	0	0
3825	14	14	3
3826	7	1	4
3827	10	8	5
3828	1	0	0
3829	3	2	2
3830	28	19	18
3831	38	28	20
3832	6	4	5
3833	7	9	4
3834	9	11	2
3835	0	0	0
3836	0	0	1
3837	0	0	0
3838	51	34	24
3839	19	14	6
3840	9	1	1
3841	90	60	34
3842	20	30	13
3843	3	1	2
3844	11	8	2
3845	4	2	0
3846	15	11	13
3847	0	1	0
3848	12	8	9
3849	4	2	2
3850	3	1	2
3851	22	32	25
3852	10	7	4
3853	10	4	3
3854	8	7	3
3855	19	13	10
3856	0	0	0
3857	5	2	3
3858	9	9	6
3859	11	10	10
3860	0	0	0
3861	4	2	1
3862	24	14	7
3863	41	17	15
3864	7	2	3
3865	0	0	0
3866	0	0	0
3867	6	5	0
3868	10	7	5
3869	11	8	6
3870	7	2	3
3871	6	9	6
3872	4	0	1
3873	0	0	0
3874	48	22	20
3875	2	0	0
3876	3	2	2
3877	11	1	3
3878	10	8	4
3879	4	6	2
3880	14	18	9
3881	27	12	5
3882	146	137	83
3883	0	0	0
3884	4	5	0
3885	1	0	1
3886	1354	1152	933
3887	7	5	1
3888	24	16	5
3889	2	5	7
3890	3	3	0
3891	17	13	2
3892	62	59	25
3893	1	0	1
3894	9	7	7
3895	20	19	8
3896	39	40	15
3897	11	6	7
3898	13	6	4
3899	4	3	2
3900	2	0	2
3901	0	0	0
3902	12	15	6
3903	19	16	9
3904	10	8	4
3905	5	2	1
3906	10	6	2
3907	62	51	41
3908	8	11	1
3909	10	6	2
3910	9	10	7
3911	32	25	28
3912	0	0	0
3913	9	5	2
3914	0	2	0
3915	13	10	9
3916	3	5	3
3917	9	13	4
3918	11	11	7
3919	11	1	2
3920	21	15	11
3921	32	14	11
3922	23	9	6
3923	0	0	0
3924	9	7	11
3925	38	21	16
3926	20	12	11
3927	21	14	12
3928	10	7	3
3929	19	19	13
3930	10	5	8
3931	22	13	7
3932	48	52	31
3933	0	0	0
3934	18	21	8
3935	0	0	0
3936	5	0	3
3937	10	10	2
3938	0	0	1
3939	49	56	25
3940	55	26	18
3941	9	5	4
3942	0	0	0
3943	23	13	9
3944	0	0	1
3945	19	13	16
3946	3	2	1
3947	3	4	3
3948	16	16	16
3949	7	8	4
3950	13	7	4
3951	29	33	16
3952	0	0	0
3953	6	5	2
3954	3	10	10
3955	34	18	10
3956	0	0	0
3957	0	1	0
3958	18	10	7
3959	93	55	48
3960	18	2	3
3961	5	6	3
3962	1	4	1
3963	1	0	0
3964	4	5	2
3965	11	5	3
3966	1	2	3
3967	66	33	36
3968	17	9	8
3969	103	94	60
3970	12	7	7
3971	6	2	7
3972	10	5	6
3973	6	8	3
3974	0	0	0
3975	46	28	18
3976	4	8	5
3977	2	2	4
3978	52	29	25
3979	20	11	7
3980	10	7	4
3981	22	17	10
3982	32	25	17
3983	6	3	3
3984	11	12	5
3985	88	62	42
3986	47	33	21
3987	32	28	19
3988	1	0	0
3989	1	1	1
3990	17	8	4
3991	18	17	11
3992	5	4	4
3993	7	5	6
3994	4	4	4
3995	17	8	5
3996	20	15	11
3997	9	9	4
3998	18	9	4
3999	38	26	11
4000	0	0	0
4001	0	2	0
4002	3	5	3
4003	4	6	7
4004	55	32	23
4005	34	39	31
4006	81	81	40
4007	71	66	29
4008	12	4	4
4009	7	3	2
4010	6	7	4
4011	90	61	43
4012	9	12	7
4013	4	0	3
4014	17	15	6
4015	14	16	3
4016	22	13	5
4017	19	12	6
4018	18	16	17
4019	0	2	2
4020	0	1	0
4021	0	0	0
4022	978	778	577
4023	8	7	2
4024	8	8	5
4025	44	29	14
4026	10	0	1
4027	15	9	5
4028	18	8	18
4029	77	58	45
4030	64	31	15
4031	12	13	6
4032	17	13	7
4033	1	2	3
4034	10	13	11
4035	33	14	9
4036	4	3	0
4037	0	0	0
4038	154	142	109
4039	18	13	12
4040	9	8	5
4041	25	17	7
4042	2	1	0
4043	8	4	5
4044	44	28	37
4045	30	25	17
4046	1	1	0
4047	4	8	1
4048	8	3	2
4049	13	13	4
4050	24	15	9
4051	0	0	0
4052	3	0	0
4053	2	3	0
4054	4	5	6
4055	3	5	2
4056	10	6	2
4057	42	23	16
4058	24	20	9
4059	0	0	0
4060	2	1	0
4061	56	51	41
4062	74	62	23
4063	4	6	3
4064	5	12	2
4065	8	7	1
4066	6	5	0
4067	38	17	18
4068	1	0	2
4069	2	5	4
4070	0	1	0
4071	2	0	0
4072	0	0	0
4073	3	1	0
4074	8	3	5
4075	1	0	0
4076	25	21	10
4077	1	1	0
4078	0	0	0
4079	2	3	0
4080	0	0	1
4081	13	13	6
4082	0	0	0
4083	4	3	1
4084	23	17	9
4085	7	5	11
4086	0	0	0
4087	11	4	4
4088	12	4	3
4089	7	3	0
4090	31	31	11
4091	10	3	5
4092	5	4	2
4093	1	0	1
4094	0	0	0
4095	73	93	80
4096	0	0	0
4097	8	12	5
4098	15	13	10
4099	14	9	9
4100	26	12	9
4101	4	2	2
4102	4	0	2
4103	24	13	14
4104	20	14	7
4105	15	15	9
4106	1	0	0
4107	0	0	0
4108	8	8	2
4109	11	10	4
4110	17	14	4
4111	13	7	2
4112	7	3	3
4113	22	19	7
4114	2	4	1
4115	95	50	63
4116	3	3	1
4117	55	50	30
4118	0	0	0
4119	3	0	0
4120	1	5	1
4121	11	10	2
4122	4	0	0
4123	0	0	0
4124	0	0	0
4125	0	0	0
4126	0	0	0
4127	0	0	0
4128	0	0	0
4129	0	0	0
4130	17	22	16
4131	16	12	8
4132	47	34	20
4133	46	57	28
4134	8	6	1
4135	8	6	3
4136	2	2	3
4137	16	13	4
4138	8	4	4
4139	9	1	2
4140	0	0	0
4141	0	0	0
4142	0	0	0
4143	0	0	0
4144	32	15	13
4145	7	6	4
4146	16	17	7
4147	0	0	0
4148	0	0	0
4149	4	4	3
4150	0	0	0
4151	10	11	6
4152	15	8	5
4153	5	5	4
4154	26	20	8
4155	0	1	0
4156	8	8	9
4157	0	0	2
4158	44	39	34
4159	3	5	1
4160	53	60	70
4161	64	55	29
4162	16	16	9
4163	2	4	0
4164	2	4	4
4165	61	46	38
4166	7	2	1
4167	17	9	7
4168	15	14	2
4169	19	9	10
4170	0	0	0
4171	31	15	14
4172	6	8	3
4173	2	1	4
4174	40	29	30
4175	18	11	2
4176	19	20	14
4177	17	9	3
4178	40	37	13
4179	1	0	0
4180	0	2	0
4181	341	332	267
4182	11	6	5
4183	8	3	1
4184	0	0	0
4185	1	1	0
4186	5	7	0
4187	12	7	5
4188	9	6	3
4189	17	8	5
4190	38	27	17
4191	27	18	13
4192	1	0	0
4193	0	0	0
4194	13	6	2
4195	9	10	7
4196	2	1	1
4197	0	0	0
4198	15	11	8
4199	17	6	4
4200	1	1	0
4201	11	6	7
4202	8	5	6
4203	7	4	2
4204	1285	1312	1077
4205	1	0	0
4206	10	10	2
4207	22	16	7
4208	7	9	2
4209	7	8	3
4210	7	5	3
4211	65	55	36
4212	8	4	2
4213	7	3	3
4214	3	3	2
4215	5	4	4
4216	9	9	3
4217	0	0	0
4218	0	0	0
4219	8	7	5
4220	6	3	0
4221	1	1	1
4222	68	75	53
4223	0	0	0
4224	28	6	6
4225	3	4	2
4226	28	31	21
4227	5	0	2
4228	9	7	8
4229	4	5	4
4230	13	11	7
4231	21	10	11
4232	24	16	11
4233	17	7	11
4234	37	22	17
4235	4	6	4
4236	5	6	5
4237	34	37	15
4238	12	3	7
4239	29	19	12
4240	32	30	27
4241	0	0	0
4242	51	37	31
4243	7	4	4
4244	0	1	1
4245	40	25	25
4246	65	66	27
4247	51	49	25
4248	13	10	6
4249	1	1	2
4250	0	0	0
4251	3	3	2
4252	0	0	4
4253	0	1	1
4254	5	8	7
4255	6	5	8
4256	19	10	6
4257	2	1	2
4258	37	33	27
4259	0	0	0
4260	24	15	9
4261	6	1	4
4262	120	92	51
4263	2	2	1
4264	6	4	4
4265	11	5	7
4266	8	4	4
4267	0	1	0
4268	5	1	4
4269	11	12	9
4270	20	15	6
4271	1	0	1
4272	58	38	29
4273	39	26	23
4274	28	24	16
4275	9	6	10
4276	20	17	12
4277	50	38	29
4278	11	9	2
4279	35	19	13
4280	4	4	1
4281	489	386	323
4282	5	2	2
4283	12	5	7
4284	9	9	7
4285	10	16	9
4286	11	5	5
4287	29	16	7
4288	54	57	47
4289	0	0	0
4290	0	2	0
4291	4	4	4
4292	7	7	2
4293	10	5	3
4294	19	17	13
4295	1	0	0
4296	2	0	1
4297	11	2	3
4298	65	46	27
4299	12	15	4
4300	8	11	3
4301	8	3	1
4302	27	15	14
4303	14	18	13
4304	0	0	0
4305	3	2	1
4306	48	50	56
4307	7	3	10
4308	8	8	5
4309	10	8	0
4310	2	3	3
4311	14	7	4
4312	7	7	1
4313	29	27	16
4314	0	0	0
4315	29	23	16
4316	443	483	403
4317	6	10	14
4318	28	14	6
4319	25	20	9
4320	6	6	1
4321	10	7	6
4322	0	0	0
4323	27	14	23
4324	5	2	1
4325	17	20	7
4326	6	3	4
4327	0	2	1
4328	90	96	62
4329	2	6	2
4330	9	6	4
4331	2	5	2
4332	36	36	21
4333	11	13	10
4334	2	0	0
4335	4	12	6
4336	125	96	45
4337	0	0	0
4338	8	3	3
4339	3	1	1
4340	1	1	0
4341	4	6	4
4342	0	0	0
4343	1	0	0
4344	1	7	0
4345	6	13	4
4346	11	8	2
4347	1	5	2
4348	0	0	0
4349	3	4	1
4350	0	3	0
4351	32	21	10
4352	11	10	4
4353	2	1	0
4354	0	0	1
4355	0	2	0
4356	13	17	9
4357	8	11	3
4358	11	2	7
4359	8	5	4
4360	10	2	1
4361	2	2	0
4362	1	5	3
4363	14	10	9
4364	8	19	10
4365	2	3	2
4366	12	6	4
4367	0	0	0
4368	96	75	49
4369	0	0	2
4370	2	0	0
4371	48	22	19
4372	16	6	3
4373	4	6	3
4374	12	6	5
4375	8	9	6
4376	0	0	0
4377	7	9	2
4378	11	16	5
4379	9	13	1
4380	0	0	0
4381	8	13	6
4382	9	14	3
4383	1	1	1
4384	0	1	2
4385	0	0	0
4386	0	0	3
4387	4	1	1
4388	0	1	0
4389	7	6	1
4390	15	9	29
4391	18	22	20
4392	38	20	9
4393	78	41	41
4394	93	71	54
4395	16	12	0
4396	215	174	117
4397	20	15	11
4398	67	42	39
4399	41	41	35
4400	0	0	0
4401	7	5	5
4402	56	45	35
4403	17	13	9
4404	46	33	15
4405	0	0	0
4406	11	9	5
4407	2	3	1
4408	16	8	9
4409	10	6	4
4410	42	38	13
4411	9	5	1
4412	0	0	0
4413	13	10	7
4414	18	6	6
4415	9	7	3
4416	56	52	19
4417	1	5	4
4418	0	1	1
4419	2	7	2
4420	22	16	8
4421	8	6	4
4422	60	31	48
4423	7	8	3
4424	4	6	6
4425	0	1	0
4426	18	17	14
4427	10	9	2
4428	51	39	42
4429	21	14	10
4430	0	1	0
4431	1	1	1
4432	21	18	13
4433	2	1	3
4434	6	3	2
4435	56	44	28
4436	9	7	3
4437	36	19	26
4438	52	63	37
4439	26	15	11
4440	0	0	0
4441	5	2	2
4442	118	95	90
4443	0	1	2
4444	9	4	5
4445	6	4	4
4446	13	4	2
4447	8	5	3
4448	14	4	4
4449	4	0	3
4450	0	0	1
4451	0	1	0
4452	23	16	12
4453	17	17	13
4454	139	127	82
4455	3	1	2
4456	110	93	67
4457	10	1	1
4458	15	8	2
4459	38	19	5
4460	1	3	3
4461	11	9	1
4462	10	6	8
4463	48	29	22
4464	74	66	50
4465	19	6	10
4466	17	14	6
4467	16	12	9
4468	18	15	7
4469	11	7	2
4470	0	1	3
4471	78	59	35
4472	9	2	1
4473	1	0	0
4474	4	8	3
4475	24	20	22
4476	6	5	1
4477	10	10	6
4478	12	8	11
4479	0	0	0
4480	32	29	6
4481	6	1	1
4482	5	1	0
4483	0	0	0
4484	7	7	7
4485	6	10	3
4486	3	6	5
4487	2	2	2
4488	14	16	11
4489	44	26	19
4490	0	0	0
4491	20	18	11
4492	14	13	9
4493	5	1	3
4494	0	1	0
4495	20	7	8
4496	2	4	1
4497	11	9	7
4498	0	0	0
4499	2	2	1
4500	14	23	18
4501	6	5	5
4502	0	1	0
4503	1	1	0
4504	11	13	7
4505	11	8	12
4506	5	8	1
4507	7	2	5
4508	25	17	13
4509	0	0	0
4510	40	49	21
4511	3	2	0
4512	3	5	7
4513	5	5	3
4514	15	23	7
4515	0	1	0
4516	9	1	1
4517	2	7	2
4518	8	10	7
4519	44	23	25
4520	12	6	6
4521	1	0	0
4522	4	9	2
4523	11	6	3
4524	9	6	5
4525	17	7	2
4526	0	0	2
4527	22	14	9
4528	11	5	2
4529	0	0	0
4530	3	3	0
4531	4	4	1
4532	0	0	0
4533	0	0	0
4534	3	5	6
4535	0	0	0
4536	18	19	7
4537	1	2	0
4538	43	28	21
4539	0	4	0
4540	21	15	6
4541	0	2	4
4542	31	38	19
4543	1	0	1
4544	22	18	9
4545	35	12	7
4546	5	5	1
4547	5	5	3
4548	1	1	1
4549	0	0	0
4550	22	18	6
4551	12	2	2
4552	2	5	4
4553	0	0	0
4554	21	12	17
4555	8	9	9
4556	0	5	1
4557	2	1	1
4558	5	3	8
4559	6	17	7
4560	34	12	23
4561	1	0	0
4562	51	49	36
4563	87	58	25
4564	21	18	18
4565	134	99	66
4566	32	16	17
4567	8	3	5
4568	23	13	12
4569	18	12	6
4570	14	7	4
4571	41	25	25
4572	18	20	8
4573	2	0	4
4574	0	0	0
4575	0	0	0
4576	7	3	1
4577	1	0	0
4578	2	5	1
4579	68	55	24
4580	7	2	1
4581	0	0	0
4582	2	2	1
4583	0	1	2
4584	0	0	0
4585	2	1	1
4586	3	5	4
4587	2	2	2
4588	98	97	31
4589	9	5	7
4590	8	5	4
4591	1	2	1
4592	33	23	22
4593	1	3	2
4594	68	71	54
4595	13	6	6
4596	0	0	0
4597	28	25	10
4598	42	46	49
4599	6	4	4
4600	4	5	4
4601	8	9	2
4602	9	12	6
4603	30	17	4
4604	8	3	5
4605	1	3	3
4606	26	15	19
4607	2	2	2
4608	0	2	0
4609	1	0	1
4610	12	13	10
4611	29	18	13
4612	4	3	1
4613	16	12	12
4614	7	7	3
4615	21	9	16
4616	26	11	6
4617	18	27	19
4618	1	2	0
4619	9	8	6
4620	22	17	9
4621	1	0	0
4622	9	15	5
4623	0	0	0
4624	33	27	33
4625	10	4	4
4626	11	4	2
4627	23	20	10
4628	6	9	8
4629	25	15	5
4630	0	0	0
4631	71	54	29
4632	11	7	6
4633	10	6	3
4634	1	0	1
4635	9	13	6
4636	0	0	0
4637	11	3	3
4638	16	11	7
4639	6	0	2
4640	54	51	36
4641	15	8	6
4642	50	39	26
4643	10	7	5
4644	4	1	0
4645	0	0	1
4646	75	36	21
4647	4	0	3
4648	34	29	20
4649	10	4	0
4650	10	8	1
4651	11	7	6
4652	0	0	0
4653	0	0	1
4654	0	2	2
4655	1	1	0
4656	3	4	2
4657	6	3	5
4658	5	1	5
4659	14	14	7
4660	0	0	0
4661	30	20	13
4662	1	3	0
4663	134	130	99
4664	16	5	8
4665	10	6	8
4666	4	3	1
4667	84	68	48
4668	18	18	8
4669	13	6	7
4670	3	3	1
4671	5	1	0
4672	2	1	1
4673	0	0	0
4674	11	20	13
4675	12	13	8
4676	41	33	26
4677	8	10	8
4678	13	6	3
4679	41	19	25
4680	4	3	3
4681	95	47	45
4682	21	8	11
4683	1	6	3
4684	4	2	2
4685	3	1	0
4686	10	5	6
4687	1	5	0
4688	1	5	1
4689	8	6	6
4690	9	3	3
4691	1	3	2
4692	0	0	0
4693	13	14	20
4694	22	12	7
4695	7	2	1
4696	8	4	2
4697	1	2	2
4698	4	1	2
4699	12	14	5
4700	11	13	9
4701	4	5	2
4702	0	0	0
4703	0	0	0
4704	4	5	5
4705	10	3	4
4706	36	12	11
4707	23	14	8
4708	25	24	18
4709	45	42	40
4710	23	14	9
4711	7	5	4
4712	2	4	2
4713	23	22	9
4714	6	9	5
4715	13	4	7
4716	2	6	3
4717	4	1	0
4718	26	26	17
4719	12	7	1
4720	2	0	0
4721	18	5	3
4722	0	0	0
4723	9	4	7
4724	0	0	0
4725	3	3	0
4726	145	124	80
4727	1	0	0
4728	49	45	36
4729	4	3	3
4730	45	35	27
4731	2	1	0
4732	5	4	3
4733	9	6	3
4734	6	4	3
4735	106	78	85
4736	3	0	3
4737	11	9	4
4738	11	10	5
4739	5	1	1
4740	44	29	16
4741	11	11	6
4742	118	87	79
4743	61	54	45
4744	54	39	17
4745	30	22	18
4746	5	2	0
4747	0	1	0
4748	12	8	5
4749	29	27	13
4750	11	7	10
4751	6	5	5
4752	12	4	11
4753	1	2	1
4754	38	42	27
4755	7	9	4
4756	0	3	1
4757	20	16	10
4758	0	0	0
4759	15	15	13
4760	15	9	4
4761	10	2	3
4762	11	6	5
4763	43	34	41
4764	11	15	11
4765	15	15	11
4766	170	174	103
4767	9	7	4
4768	33	34	16
4769	158	168	140
4770	0	0	0
4771	0	0	0
4772	13	11	9
4773	56	53	33
4774	1	5	1
4775	2	1	0
4776	0	0	0
4777	37	26	18
4778	1	0	1
4779	0	0	0
4780	3	0	0
4781	8	7	8
4782	0	0	0
4783	9	4	6
4784	2	1	3
4785	16	9	7
4786	10	4	4
4787	5	7	6
4788	9	3	6
4789	97	80	55
4790	18	17	5
4791	8	2	3
4792	23	7	6
4793	6	5	2
4794	13	8	4
4795	19	15	10
4796	9	10	7
4797	6	7	3
4798	2	1	0
4799	13	4	2
4800	0	0	0
4801	3	3	0
4802	38	32	19
4803	51	34	28
4804	39	30	13
4805	33	15	9
4806	0	0	0
4807	134	100	62
4808	18	9	7
4809	47	29	21
4810	11	12	5
4811	14	13	5
4812	4	5	2
4813	8	8	4
4814	6	5	4
4815	0	0	0
4816	46	39	27
4817	1	0	1
4818	2	0	1
4819	75	52	30
4820	7	4	1
4821	24	9	9
4822	6	5	2
4823	10	2	1
4824	3	5	0
4825	100	88	68
4826	72	53	53
4827	13	13	7
4828	2	1	0
4829	3	3	4
4830	1	0	0
4831	1	0	1
4832	7	4	1
4833	24	8	15
4834	0	0	0
4835	21	11	6
4836	5	2	0
4837	8	5	3
4838	17	8	12
4839	254	206	194
4840	216	176	152
4841	28	20	27
4842	16	9	3
4843	11	7	0
4844	17	6	13
4845	39	32	36
4846	9	2	5
4847	0	1	0
4848	5	1	7
4849	33	33	25
4850	0	2	0
4851	16	24	8
4852	17	11	9
4853	14	12	6
4854	6	0	5
4855	6	2	3
4856	20	18	19
4857	2	1	1
4858	0	0	0
4859	0	0	0
4860	4	6	2
4861	476	486	364
4862	28	16	21
4863	11	5	2
4864	16	12	8
4865	0	0	0
4866	1	0	1
4867	1	0	1
4868	42	25	33
4869	20	19	11
4870	3	3	3
4871	0	0	0
4872	0	0	0
4873	1	0	0
4874	4	1	2
4875	7	7	4
4876	6	0	2
4877	18	8	10
4878	0	0	0
4879	1	1	1
4880	1	0	0
4881	1	0	0
4882	0	0	0
4883	0	0	0
4884	0	0	0
4885	1	3	1
4886	2	1	5
4887	4	2	1
4888	15	16	10
4889	28	39	25
4890	27	18	11
4891	24	20	9
4892	0	0	0
4893	0	1	1
4894	89	86	79
4895	7	2	2
4896	10	5	2
4897	0	1	1
4898	2	6	5
4899	20	2	7
4900	9	3	11
4901	6	3	4
4902	12	8	5
4903	3	3	3
4904	109	138	43
4905	0	1	0
4906	3	5	3
4907	12	7	6
4908	7	7	3
4909	11	11	9
4910	10	16	4
4911	96	103	79
4912	29	29	26
4913	5	2	6
4914	59	62	37
4915	1	3	0
4916	5	3	3
4917	3	4	3
4918	5	5	6
4919	6	8	7
4920	36	19	15
4921	17	15	14
4922	37	24	24
4923	13	17	20
4924	7	5	5
4925	0	0	0
4926	39	45	26
4927	9	7	8
4928	12	16	11
4929	10	5	8
4930	0	1	0
4931	54	45	28
4932	43	21	26
4933	1	0	0
4934	16	9	8
4935	18	9	8
4936	28	23	9
4937	6	4	3
4938	10	16	3
4939	9	12	9
4940	7	6	6
4941	7	2	1
4942	116	68	52
4943	7	1	1
4944	6	2	4
4945	0	0	0
4946	4	16	3
4947	7	11	5
4948	21	19	12
4949	24	21	12
4950	0	0	1
4951	0	0	0
4952	37	23	12
4953	1	1	0
4954	0	1	0
4955	0	0	1
4956	13	16	8
4957	6	4	2
4958	6	5	2
4959	29	20	12
4960	7	6	2
4961	5	10	9
4962	0	1	0
4963	14	7	9
4964	209	172	121
4965	6	1	2
4966	161	96	90
4967	1	1	1
4968	1	0	0
4969	0	0	0
4970	0	1	1
4971	9	12	4
4972	31	39	32
4973	1	0	0
4974	3	2	1
4975	9	6	8
4976	12	7	9
4977	11	9	3
4978	11	13	16
4979	23	20	11
4980	13	4	4
4981	8	9	2
4982	12	10	9
4983	4	1	1
4984	0	0	0
4985	0	0	0
4986	21	7	4
4987	13	7	5
4988	2	4	4
4989	5	1	2
4990	5	8	2
4991	25	11	4
4992	0	0	0
4993	2	1	0
4994	2	1	3
4995	1	2	0
4996	6	1	0
4997	32	13	16
4998	23	13	6
4999	65	34	28
5000	16	10	3
5001	14	8	4
5002	3	3	7
5003	81	102	52
5004	61	51	49
5005	2	0	0
5006	0	2	0
5007	11	15	5
5008	1	1	1
5009	11	17	19
5010	23	14	5
5011	1	1	0
5012	1	1	0
5013	1	0	2
5014	15	12	10
5015	31	27	12
5016	66	50	32
5017	1	0	0
5018	3	5	4
5019	26	16	9
5020	122	80	45
5021	4	3	4
5022	5	4	2
5023	28	20	21
5024	58	41	26
5025	11	9	3
5026	52	48	44
5027	9	4	9
5028	24	13	19
5029	26	34	21
5030	6	1	4
5031	4	1	1
5032	4	5	3
5033	7	9	5
5034	21	18	18
5035	58	43	33
5036	16	10	3
5037	20	14	14
5038	13	9	4
5039	0	1	1
5040	0	0	0
5041	0	0	0
5042	4	4	3
5043	19	18	8
5044	6	2	3
5045	1	2	2
5046	69	61	38
5047	3	1	2
5048	5	11	5
5049	0	0	0
5050	1	0	0
5051	0	2	2
5052	16	15	9
5053	16	17	9
5054	16	15	5
5055	313	252	176
5056	10	6	11
5057	0	0	0
5058	46	24	20
5059	3	7	3
5060	5	1	5
5061	2	3	4
5062	85	81	68
5063	2	2	1
5064	0	0	1
5065	2	1	2
5066	2	2	1
5067	1	1	2
5068	0	0	0
5069	9	6	1
5070	1	1	0
5071	3	3	0
5072	39	37	40
5073	22	22	16
5074	41	30	26
5075	0	1	2
5076	67	62	45
5077	15	20	5
5078	34	17	14
5079	7	6	4
5080	5	3	2
5081	1	2	1
5082	1	2	1
5083	2	0	0
5084	6	3	1
5085	6	9	6
5086	31	61	37
5087	1	0	3
5088	0	1	2
5089	36	39	26
5090	9	4	4
5091	12	25	11
5092	42	29	17
5093	7	3	5
5094	18	15	6
5095	8	8	4
5096	0	0	0
5097	20	19	12
5098	129	99	98
5099	22	9	4
5100	1	1	0
5101	32	36	22
5102	62	67	33
5103	9	9	5
5104	0	3	0
5105	26	17	14
5106	75	67	35
5107	4	9	7
5108	2	3	2
5109	8	13	3
5110	21	19	9
5111	23	21	6
5112	0	0	0
5113	7	4	2
5114	20	17	10
5115	11	16	8
5116	72	60	33
5117	0	0	0
5118	6	1	3
5119	14	1	6
5120	31	23	20
5121	123	91	41
5122	9	9	6
5123	11	5	7
5124	1	0	0
5125	2	1	0
5126	3	6	2
5127	164	137	126
5128	0	0	0
5129	0	0	0
5130	6	4	3
5131	32	17	12
5132	7	7	5
5133	1	0	0
5134	4	1	2
5135	0	0	0
5136	0	1	1
5137	7	5	2
5138	0	0	2
5139	47	42	38
5140	20	28	18
5141	7	0	0
5142	12	7	7
5143	0	0	1
5144	0	0	0
5145	5	1	2
5146	81	69	63
5147	3	2	1
5148	2	2	0
5149	1	2	1
5150	13	17	7
5151	60	51	48
5152	19	19	19
5153	0	0	0
5154	0	0	0
5155	51	29	30
5156	3	3	2
5157	32	18	10
5158	1	0	0
5159	5	4	1
5160	7	4	3
5161	37	26	19
5162	24	13	8
5163	8	7	4
5164	5	2	3
5165	21	22	8
5166	5	7	1
5167	8	3	2
5168	44	37	29
5169	9	5	5
5170	11	10	10
5171	9	7	5
5172	17	8	12
5173	24	18	13
5174	7	3	2
5175	0	2	0
5176	0	0	0
5177	19	11	9
5178	0	0	0
5179	17	16	12
5180	19	13	9
5181	0	0	0
5182	35	20	13
5183	18	15	17
5184	17	10	6
5185	74	55	39
5186	13	5	8
5187	47	39	28
5188	9	6	10
5189	12	5	6
5190	0	0	0
5191	11	7	2
5192	2	4	3
5193	39	15	13
5194	9	3	5
5195	19	8	11
5196	19	20	12
5197	21	21	13
5198	33	26	13
5199	0	0	3
5200	28	21	34
5201	188	155	101
5202	3	3	6
5203	33	22	16
5204	42	33	16
5205	0	0	0
5206	73	34	42
5207	0	0	0
5208	29	29	9
5209	3	3	3
5210	3	7	3
5211	11	9	1
5212	8	17	6
5213	33	27	11
5214	8	4	3
5215	25	26	21
5216	23	20	17
5217	0	0	0
5218	0	0	0
5219	11	9	1
5220	15	8	6
5221	7	1	2
5222	20	14	10
5223	97	65	66
5224	17	9	7
5225	17	15	6
5226	6	7	6
5227	7	8	10
5228	14	12	16
5229	28	24	14
5230	66	33	29
5231	21	33	10
5232	2	1	2
5233	1	1	2
5234	6	5	1
5235	0	2	0
5236	40	42	23
5237	0	0	0
5238	0	0	0
5239	0	0	0
5240	0	0	0
5241	2	2	0
5242	8	11	5
5243	9	10	8
5244	9	4	3
5245	2	2	2
5246	7	7	1
5247	20	8	19
5248	9	8	2
5249	18	6	3
5250	24	15	7
5251	42	38	22
5252	2	4	2
5253	11	20	25
5254	24	28	15
5255	4	10	5
5256	40	18	20
5257	3	0	0
5258	11	14	8
5259	29	17	15
5260	12	18	10
5261	10	6	6
5262	7	10	4
5263	1	1	1
5264	20	14	7
5265	10	1	4
5266	57	39	21
5267	0	0	3
5268	0	0	0
5269	7	3	8
5270	0	2	2
5271	8	7	8
5272	0	1	0
5273	0	0	0
5274	17	9	4
5275	0	0	0
5276	0	0	0
5277	3	2	0
5278	7	1	3
5279	21	11	8
5280	16	8	8
5281	19	8	9
5282	0	2	1
5283	18	8	12
5284	54	54	24
5285	7	1	6
5286	1	0	0
5287	21	16	3
5288	1	0	0
5289	19	18	6
5290	37	41	34
5291	11	6	4
5292	63	50	32
5293	6	5	2
5294	10	10	4
5295	38	28	23
5296	1	0	0
5297	3	5	4
5298	11	13	2
5299	0	0	0
5300	34	19	14
5301	9	11	5
5302	16	3	6
5303	12	10	3
5304	26	19	13
5305	43	36	17
5306	19	7	6
5307	5	9	2
5308	3	2	1
5309	11	15	7
5310	25	14	9
5311	16	10	9
5312	0	0	0
5313	27	17	10
5314	15	11	9
5315	0	0	0
5316	16	12	5
5317	2	2	1
5318	15	6	2
5319	21	15	18
5320	22	13	4
5321	130	88	77
5322	11	4	5
5323	1	0	2
5324	14	6	4
5325	5	2	3
5326	8	4	4
5327	126	92	64
5328	2	0	0
5329	17	10	3
5330	4	2	2
5331	10	16	6
5332	139	85	50
5333	15	18	11
5334	4	2	3
5335	11	7	3
5336	7	15	7
5337	293	287	190
5338	1	0	0
5339	19	10	7
5340	80	78	51
5341	12	12	5
5342	2	1	1
5343	12	7	4
5344	35	33	26
5345	8	7	3
5346	5	4	5
5347	9	3	3
5348	1	2	2
5349	16	20	15
5350	23	9	7
5351	61	62	39
5352	9	4	4
5353	14	18	13
5354	10	15	5
5355	2	2	1
5356	44	27	14
5357	11	15	4
5358	12	10	7
5359	4	2	1
5360	0	0	0
5361	18	8	8
5362	0	0	0
5363	0	0	0
5364	14	20	5
5365	3	4	1
5366	14	6	9
5367	13	12	6
5368	11	9	2
5369	17	13	19
5370	5	4	2
5371	4	3	0
5372	4	1	1
5373	10	8	8
5374	16	11	3
5375	40	29	19
5376	2	4	3
5377	4	0	0
5378	0	0	0
5379	66	28	26
5380	17	15	8
5381	0	0	0
5382	5	0	1
5383	21	15	13
5384	1	0	0
5385	14	13	9
5386	33	25	16
5387	1	1	2
5388	5	3	2
5389	4	3	1
5390	10	4	2
5391	3	4	1
5392	0	0	0
5393	32	21	21
5394	17	16	6
5395	0	0	1
5396	1	0	0
5397	8	8	6
5398	44	33	22
5399	2	3	1
5400	0	0	0
5401	62	64	34
5402	1	0	2
5403	18	14	5
5404	3	1	2
5405	39	52	35
5406	4	3	1
5407	15	10	8
5408	5	5	0
5409	29	28	16
5410	27	30	29
5411	0	0	0
5412	7	7	4
5413	2	4	2
5414	27	22	18
5415	2	7	3
5416	40	30	16
5417	2	2	0
5418	3	2	2
5419	11	3	6
5420	2	6	6
5421	0	0	0
5422	3	2	1
5423	31	16	15
5424	20	11	12
5425	2	5	1
5426	1	6	1
5427	7	9	3
5428	6	5	2
5429	6	6	2
5430	9	10	7
5431	1	2	0
5432	60	40	31
5433	31	21	15
5434	33	42	23
5435	11	8	6
5436	1	3	3
5437	7	5	1
5438	40	45	30
5439	13	10	7
5440	12	7	4
5441	52	41	28
5442	35	30	36
5443	260	300	229
5444	34	32	27
5445	10	9	10
5446	31	19	26
5447	53	43	19
5448	1	0	1
5449	34	27	11
5450	43	37	28
5451	30	26	14
5452	9	13	9
5453	87	74	50
5454	91	63	25
5455	0	1	0
5456	8	6	0
5457	76	45	36
5458	0	0	0
5459	1	3	1
5460	1	0	2
5461	2	2	1
5462	2	2	1
5463	49	42	26
5464	4	2	1
5465	12	5	3
5466	82	56	51
5467	9	6	3
5468	53	43	35
5469	3	4	0
5470	54	45	50
5471	17	7	7
5472	0	0	0
5473	2	1	1
5474	1	0	0
5475	0	0	0
5476	28	35	16
5477	8	9	2
5478	0	0	1
5479	3	1	1
5480	2	1	2
5481	2	1	3
5482	661	656	557
5483	5	4	4
5484	6	6	6
5485	0	0	1
5486	38	27	20
5487	23	15	11
5488	29	28	26
5489	21	31	13
5490	36	38	30
5491	11	13	8
5492	0	0	0
5493	0	0	0
5494	2	0	0
5495	0	0	0
5496	3	4	2
5497	24	36	19
5498	0	3	0
5499	3	5	1
5500	59	37	27
5501	2	1	2
5502	32	31	31
5503	13	12	7
5504	3	1	0
5505	5	3	1
5506	35	30	13
5507	4	3	2
5508	4	4	0
5509	269	254	177
5510	0	0	0
5511	2	1	2
5512	23	13	7
5513	2	2	0
5514	4	5	1
5515	5	5	2
5516	10	4	4
5517	2	0	0
5518	0	0	0
5519	10	6	2
5520	5	7	3
5521	26	26	13
5522	1	1	0
5523	6	5	3
5524	4	4	3
5525	0	0	0
5526	0	0	0
5527	0	0	0
5528	15	11	4
5529	2	0	0
5530	37	26	25
5531	234	182	113
5532	2	3	1
5533	0	0	0
5534	30	25	7
5535	33	19	12
5536	14	5	4
5537	6	5	1
5538	3	0	2
5539	8	3	0
5540	0	1	0
5541	115	81	42
5542	0	0	0
5543	8	4	1
5544	9	10	3
5545	22	22	13
5546	10	10	7
5547	0	3	4
5548	11	0	2
5549	1	0	0
5550	11	18	9
5551	16	8	6
5552	17	18	5
5553	28	31	25
5554	24	11	10
5555	10	10	4
5556	14	16	17
5557	0	0	1
5558	26	27	27
5559	0	0	1
5560	6	7	1
5561	14	17	5
5562	1	1	3
5563	10	2	1
5564	3	2	0
5565	136	101	72
5566	25	18	8
5567	1	2	2
5568	25	27	12
5569	19	12	2
5570	11	4	3
5571	1	0	0
5572	6	8	1
5573	10	11	4
5574	9	9	3
5575	4	4	1
5576	20	18	7
5577	128	59	41
5578	54	44	42
5579	3	2	2
5580	5	5	4
5581	4	6	3
5582	3	1	1
5583	18	18	14
5584	44	37	18
5585	18	14	8
5586	2	1	1
5587	8	6	3
5588	4	1	1
5589	44	49	30
5590	24	11	11
5591	4	7	0
5592	8	6	4
5593	4	3	1
5594	0	3	1
5595	7	5	3
5596	51	27	24
5597	8	1	2
5598	7	5	4
5599	24	10	8
5600	0	0	0
5601	18	9	6
5602	6	5	5
5603	18	20	7
5604	18	14	11
5605	36	23	21
5606	13	13	14
5607	11	5	10
5608	2	3	1
5609	0	0	0
5610	71	33	26
5611	15	13	9
5612	9	5	3
5613	7	9	6
5614	60	64	57
5615	5	3	6
5616	1	0	0
5617	9	1	6
5618	19	8	11
5619	149	117	41
5620	20	14	17
5621	7	2	2
5622	5	8	6
5623	6	4	6
5624	8	0	4
5625	1	0	0
5626	1	0	1
5627	2	2	0
5628	0	1	0
5629	23	9	5
5630	10	12	4
5631	1	0	0
5632	2	2	3
5633	15	7	6
5634	88	105	98
5635	0	1	0
5636	13	21	10
5637	11	17	3
5638	25	16	9
5639	17	6	2
5640	0	1	0
5641	15	14	11
5642	13	6	11
5643	69	69	55
5644	2	0	0
5645	0	0	0
5646	7	2	2
5647	3	2	3
5648	6	2	1
5649	1	0	0
5650	2	6	2
5651	2	6	6
5652	0	0	0
5653	6	3	5
5654	0	1	0
5655	0	2	1
5656	7	5	1
5657	4	1	1
5658	1	1	0
5659	0	0	0
5660	62	37	30
5661	2	4	5
5662	24	8	14
5663	8	5	2
5664	40	41	22
5665	0	3	2
5666	13	9	3
5667	13	6	7
5668	72	66	54
5669	5	5	1
5670	29	24	9
5671	1	1	2
5672	96	90	59
5673	96	76	69
5674	1	1	4
5675	6	6	5
5676	18	24	6
5677	0	2	0
5678	8	11	4
5679	0	0	0
5680	4	1	3
5681	28	21	15
5682	10	4	4
5683	3	7	3
5684	12	5	2
5685	3	2	3
5686	10	10	5
5687	9	4	3
5688	0	0	0
5689	0	0	0
5690	87	62	45
5691	37	26	27
5692	6	8	0
5693	20	16	4
5694	5	2	4
5695	139	135	98
5696	1	2	3
5697	2	5	2
5698	21	17	13
5699	14	17	11
5700	14	1	4
5701	0	0	0
5702	8	7	5
5703	0	0	0
5704	0	0	0
5705	69	50	47
5706	0	1	0
5707	2	2	2
5708	31	17	15
5709	38	28	12
5710	8	6	2
5711	31	20	18
5712	0	2	1
5713	50	46	27
5714	10	4	2
5715	0	0	2
5716	0	0	1
5717	1	0	0
5718	1	0	1
5719	0	2	1
5720	0	0	0
5721	5	8	3
5722	76	57	29
5723	3	3	0
5724	4	4	1
5725	8	8	6
5726	21	16	15
5727	3	5	7
5728	6	12	2
5729	39	29	19
5730	64	51	27
5731	101	70	51
5732	50	27	20
5733	31	27	20
5734	21	21	7
5735	3	1	4
5736	3	4	0
5737	6	4	5
5738	0	0	0
5739	1	2	0
5740	21	14	9
5741	10	3	3
5742	0	0	0
5743	7	4	1
5744	3	7	3
5745	5	3	2
5746	21	18	12
5747	55	38	21
5748	6	8	5
5749	124	118	101
5750	7	4	3
5751	59	64	48
5752	20	15	12
5753	4	2	4
5754	0	0	0
5755	3	2	1
5756	1	0	0
5757	37	33	21
5758	23	10	7
5759	0	0	0
5760	0	0	0
5761	33	28	13
5762	6	5	6
5763	5	6	6
5764	8	9	5
5765	94	100	100
5766	0	0	0
5767	0	1	0
5768	0	0	0
5769	2	0	2
5770	4	2	4
5771	27	35	11
5772	42	23	23
5773	3	1	1
5774	36	36	29
5775	15	15	12
5776	9	7	4
5777	0	0	0
5778	11	18	7
5779	32	22	7
5780	14	15	9
5781	7	7	2
5782	2	8	4
5783	24	28	15
5784	8	9	6
5785	8	10	2
5786	15	21	8
5787	4	5	2
5788	0	0	0
5789	699	619	564
5790	90	87	64
5791	1	0	1
5792	90	76	39
5793	13	9	6
5794	62	89	56
5795	6	8	7
5796	6	5	1
5797	7	11	12
5798	3	4	2
5799	7	5	3
5800	174	138	101
5801	54	53	41
5802	2	0	0
5803	0	0	0
5804	4	8	2
5805	10	14	6
5806	19	18	11
5807	0	0	0
5808	6	2	1
5809	2	1	1
5810	44	27	28
5811	20	16	8
5812	94	97	75
5813	15	15	7
5814	0	0	0
5815	5	6	4
5816	36	34	21
5817	23	8	15
5818	9	8	9
5819	14	12	6
5820	15	7	8
5821	63	40	28
5822	3	0	0
5823	12	19	17
5824	60	58	33
5825	8	9	2
5826	2	0	0
5827	2	3	0
5828	21	13	4
5829	6	6	3
5830	13	29	16
5831	63	44	29
5832	0	3	0
5833	12	8	7
5834	7	8	5
5835	26	20	10
5836	16	8	6
5837	5	8	1
5838	34	17	16
5839	14	21	12
5840	50	49	21
5841	0	0	0
5842	11	13	7
5843	3	0	3
5844	3	3	2
5845	18	26	16
5846	0	2	1
5847	0	0	0
5848	345	332	343
5849	0	0	0
5850	10	4	2
5851	2	5	2
5852	8	7	4
5853	0	0	0
5854	42	38	25
5855	9	2	4
5856	18	12	12
5857	1	0	0
5858	28	22	20
5859	24	8	7
5860	17	15	12
5861	20	22	6
5862	11	9	2
5863	1	3	2
5864	14	21	19
5865	13	9	5
5866	0	0	1
5867	0	3	0
5868	0	0	0
5869	38	31	18
5870	2	0	1
5871	1	0	0
5872	5	5	1
5873	33	24	14
5874	4	3	9
5875	0	3	3
5876	29	29	24
5877	1	0	0
5878	6	1	1
5879	1	1	1
5880	3	5	1
5881	3	5	1
5882	0	0	1
5883	20	14	5
5884	20	12	16
5885	17	11	5
5886	0	1	0
5887	16	6	7
5888	17	14	16
5889	81	52	29
5890	19	20	16
5891	4	7	4
5892	1	1	1
5893	2	3	1
5894	178	116	66
5895	13	14	9
5896	1	0	0
5897	9	5	3
5898	0	0	0
5899	29	14	6
5900	3	2	1
5901	2	6	3
5902	11	7	4
5903	11	15	6
5904	8	2	3
5905	11	14	5
5906	28	21	12
5907	47	33	15
5908	7	4	7
5909	1	4	0
5910	0	2	1
5911	4	4	1
5912	14	8	10
5913	6	12	3
5914	8	14	9
5915	40	55	23
5916	36	24	13
5917	56	42	38
5918	19	11	9
5919	2	4	3
5920	0	1	0
5921	11	13	4
5922	1	2	1
5923	8	9	5
5924	1	0	0
5925	70	33	37
5926	18	17	14
5927	6	1	5
5928	3	2	0
5929	15	11	4
5930	6	8	6
5931	37	36	26
5932	64	59	50
5933	17	19	7
5934	1	1	2
5935	3	2	3
5936	0	0	0
5937	23	14	9
5938	193	140	86
5939	3	3	4
5940	11	14	6
5941	2	1	4
5942	5	1	3
5943	3	1	2
5944	0	0	0
5945	592	478	352
5946	11	16	7
5947	24	15	9
5948	66	79	29
5949	25	16	8
5950	1	3	3
5951	10	9	9
5952	1	2	2
5953	12	6	7
5954	8	10	3
5955	50	23	14
5956	11	9	2
5957	1	0	0
5958	34	32	18
5959	2	1	0
5960	19	11	14
5961	60	50	32
5962	61	58	32
5963	6	1	3
5964	0	1	0
5965	7	4	2
5966	0	0	0
5967	0	0	0
5968	33	20	9
5969	83	39	26
5970	61	65	46
5971	4	5	3
5972	8	11	8
5973	1	5	1
5974	45	23	8
5975	34	17	9
5976	1	0	2
5977	0	0	0
5978	0	0	0
5979	62	62	32
5980	55	29	36
5981	19	20	9
5982	58	57	39
5983	0	0	0
5984	3	4	3
5985	29	22	19
5986	11	10	6
5987	10	4	3
5988	5	2	1
5989	5	8	3
5990	20	13	4
5991	31	22	13
5992	6	5	4
5993	34	26	16
5994	5	1	1
5995	11	12	5
5996	2	0	0
5997	4	1	0
5998	25	22	17
5999	30	17	19
6000	7	7	4
6001	4	10	7
6002	5	5	1
6003	16	5	6
6004	1	2	0
6005	12	7	8
6006	0	0	0
6007	1	0	0
6008	39	37	26
6009	15	7	8
6010	14	6	6
6011	100	91	49
6012	8	9	6
6013	10	21	7
6014	4	2	1
6015	4	0	5
6016	13	5	13
6017	7	6	6
6018	7	3	4
6019	5	2	2
6020	0	0	0
6021	7	4	3
6022	5	2	1
6023	10	9	5
6024	3	3	2
6025	4	1	5
6026	11	6	9
6027	21	24	12
6028	25	26	16
6029	11	8	8
