	ID	Name	position_from_start	position_from_term	actual_count	downsampled_count
0	rna-XM_713954.1	XM_713954.1	291	312	36.0	18.0
1	rna-XM_019475064.1	XM_019475064.1	176	88	23.0	18.0
2	rna-XM_019475067.1	XM_019475067.1	360	429	22.0	18.0
3	rna-XM_019475067.1	XM_019475067.1	441	348	29.0	18.0
4	rna-XM_708670.1	XM_708670.1	1548	240	34.0	18.0
5	rna-XM_019475073.1	XM_019475073.1	333	51	21.0	18.0
6	rna-XM_019475073.1	XM_019475073.1	364	20	39.0	18.0
7	rna-XM_716341.2	XM_716341.2	454	209	20.0	18.0
8	rna-XM_716399.1	XM_716399.1	372	237	20.0	18.0
9	rna-XM_019475076.1	XM_019475076.1	379	50	25.0	18.0
10	rna-XM_019475076.1	XM_019475076.1	409	20	23.0	18.0
11	rna-XM_019475113.1	XM_019475113.1	206	193	19.0	18.0
12	rna-XM_019475113.1	XM_019475113.1	216	183	25.0	18.0
13	rna-XM_019475113.1	XM_019475113.1	261	138	32.0	18.0
14	rna-XM_019475113.1	XM_019475113.1	262	137	19.0	18.0
15	rna-XM_019475114.1	XM_019475114.1	123	33	27.0	18.0
16	rna-XM_019475114.1	XM_019475114.1	124	32	39.0	18.0
17	rna-XM_713748.2	XM_713748.2	156	282	25.0	18.0
18	rna-XM_713748.2	XM_713748.2	157	281	20.0	18.0
19	rna-XM_713748.2	XM_713748.2	291	147	20.0	18.0
20	rna-XM_706790.2	XM_706790.2	1153	170	19.0	18.0
21	rna-XM_706790.2	XM_706790.2	1158	165	20.0	18.0
22	rna-XM_019475147.1	XM_019475147.1	263	151	55.0	18.0
23	rna-XM_019475147.1	XM_019475147.1	394	20	19.0	18.0
24	rna-XM_019475165.1	XM_019475165.1	333	78	22.0	18.0
25	rna-XM_019475165.1	XM_019475165.1	363	48	30.0	18.0
26	rna-XM_019475165.1	XM_019475165.1	364	47	21.0	18.0
27	rna-XM_019475180.1	XM_019475180.1	2478	498	24.0	18.0
28	rna-XM_714379.2	XM_714379.2	1554	87	30.0	18.0
29	rna-XM_714379.2	XM_714379.2	1596	45	25.0	18.0
30	rna-XM_715896.2	XM_715896.2	796	1127	42.0	18.0
31	rna-XM_709841.1	XM_709841.1	1336	179	21.0	18.0
32	rna-XM_710955.2	XM_710955.2	2086	2114	27.0	18.0
33	rna-XM_705590.2	XM_705590.2	981	189	29.0	18.0
34	rna-XM_712044.1	XM_712044.1	0	612	21.0	18.0
35	rna-XM_712051.1	XM_712051.1	501	288	25.0	18.0
36	rna-XM_712061.1	XM_712061.1	183	282	19.0	18.0
37	rna-XM_712061.1	XM_712061.1	184	281	33.0	18.0
38	rna-XM_714842.1	XM_714842.1	414	162	22.0	18.0
39	rna-XM_714842.1	XM_714842.1	489	87	21.0	18.0
40	rna-XM_714842.1	XM_714842.1	555	21	21.0	18.0
41	rna-XM_019475321.1	XM_019475321.1	0	684	35.0	18.0
42	rna-XM_019475328.1	XM_019475328.1	238	200	27.0	18.0
43	rna-XM_019475329.1	XM_019475329.1	550	236	22.0	18.0
44	rna-XM_019475329.1	XM_019475329.1	765	21	26.0	18.0
45	rna-XM_714816.1	XM_714816.1	960	48	20.0	18.0
46	rna-XM_708236.1	XM_708236.1	220	389	33.0	18.0
47	rna-XM_707552.1	XM_707552.1	319	311	27.0	18.0
48	rna-XM_019475360.1	XM_019475360.1	207	504	22.0	18.0
49	rna-XM_019475360.1	XM_019475360.1	261	450	37.0	18.0
50	rna-XM_019475360.1	XM_019475360.1	306	405	29.0	18.0
51	rna-XM_019475360.1	XM_019475360.1	312	399	24.0	18.0
52	rna-XM_019475360.1	XM_019475360.1	315	396	27.0	18.0
53	rna-XM_019475360.1	XM_019475360.1	329	382	23.0	18.0
54	rna-XM_019475360.1	XM_019475360.1	330	381	41.0	18.0
55	rna-XM_019475360.1	XM_019475360.1	333	378	39.0	18.0
56	rna-XM_019475360.1	XM_019475360.1	342	369	27.0	18.0
57	rna-XM_019475360.1	XM_019475360.1	346	365	22.0	18.0
58	rna-XM_019475360.1	XM_019475360.1	357	354	24.0	18.0
59	rna-XM_019475360.1	XM_019475360.1	363	348	19.0	18.0
60	rna-XM_019475360.1	XM_019475360.1	369	342	39.0	18.0
61	rna-XM_019475360.1	XM_019475360.1	372	339	37.0	18.0
62	rna-XM_019475360.1	XM_019475360.1	374	337	21.0	18.0
63	rna-XM_019475360.1	XM_019475360.1	378	333	47.0	18.0
64	rna-XM_019475360.1	XM_019475360.1	384	327	24.0	18.0
65	rna-XM_019475360.1	XM_019475360.1	387	324	51.0	18.0
66	rna-XM_019475360.1	XM_019475360.1	388	323	77.0	18.0
67	rna-XM_019475360.1	XM_019475360.1	390	321	20.0	18.0
68	rna-XM_019475360.1	XM_019475360.1	392	319	21.0	18.0
69	rna-XM_019475360.1	XM_019475360.1	394	317	25.0	18.0
70	rna-XM_019475360.1	XM_019475360.1	395	316	23.0	18.0
71	rna-XM_019475360.1	XM_019475360.1	396	315	47.0	18.0
72	rna-XM_019475360.1	XM_019475360.1	397	314	23.0	18.0
73	rna-XM_019475360.1	XM_019475360.1	399	312	24.0	18.0
74	rna-XM_019475360.1	XM_019475360.1	401	310	21.0	18.0
75	rna-XM_019475360.1	XM_019475360.1	411	300	31.0	18.0
76	rna-XM_019475360.1	XM_019475360.1	414	297	23.0	18.0
77	rna-XM_019475360.1	XM_019475360.1	415	296	35.0	18.0
78	rna-XM_019475360.1	XM_019475360.1	417	294	33.0	18.0
79	rna-XM_019475360.1	XM_019475360.1	420	291	28.0	18.0
80	rna-XM_019475360.1	XM_019475360.1	421	290	25.0	18.0
81	rna-XM_019475360.1	XM_019475360.1	424	287	33.0	18.0
82	rna-XM_019475360.1	XM_019475360.1	426	285	23.0	18.0
83	rna-XM_019475360.1	XM_019475360.1	427	284	20.0	18.0
84	rna-XM_019475360.1	XM_019475360.1	429	282	35.0	18.0
85	rna-XM_019475360.1	XM_019475360.1	430	281	39.0	18.0
86	rna-XM_019475360.1	XM_019475360.1	432	279	37.0	18.0
87	rna-XM_019475360.1	XM_019475360.1	433	278	33.0	18.0
88	rna-XM_019475360.1	XM_019475360.1	456	255	26.0	18.0
89	rna-XM_019475360.1	XM_019475360.1	459	252	19.0	18.0
90	rna-XM_019475360.1	XM_019475360.1	465	246	34.0	18.0
91	rna-XM_019475360.1	XM_019475360.1	466	245	37.0	18.0
92	rna-XM_019475360.1	XM_019475360.1	471	240	19.0	18.0
93	rna-XM_019475360.1	XM_019475360.1	486	225	31.0	18.0
94	rna-XM_019475360.1	XM_019475360.1	550	161	24.0	18.0
95	rna-XM_717611.1	XM_717611.1	336	183	19.0	18.0
96	rna-XM_717597.2	XM_717597.2	825	255	21.0	18.0
97	rna-XM_717597.2	XM_717597.2	845	235	21.0	18.0
98	rna-XM_717597.2	XM_717597.2	870	210	22.0	18.0
99	rna-XM_717597.2	XM_717597.2	878	202	19.0	18.0
100	rna-XM_717597.2	XM_717597.2	882	198	29.0	18.0
101	rna-XM_717597.2	XM_717597.2	883	197	20.0	18.0
102	rna-XM_717597.2	XM_717597.2	886	194	35.0	18.0
103	rna-XM_717597.2	XM_717597.2	888	192	19.0	18.0
104	rna-XM_717597.2	XM_717597.2	891	189	21.0	18.0
105	rna-XM_717597.2	XM_717597.2	892	188	28.0	18.0
106	rna-XM_717597.2	XM_717597.2	900	180	29.0	18.0
107	rna-XM_717597.2	XM_717597.2	906	174	19.0	18.0
108	rna-XM_717597.2	XM_717597.2	912	168	20.0	18.0
109	rna-XM_715424.2	XM_715424.2	201	141	103.0	18.0
110	rna-XM_715424.2	XM_715424.2	283	59	33.0	18.0
111	rna-XM_710440.1	XM_710440.1	767	937	19.0	18.0
112	rna-XM_710440.1	XM_710440.1	809	895	21.0	18.0
113	rna-XM_710440.1	XM_710440.1	813	891	20.0	18.0
114	rna-XM_710440.1	XM_710440.1	814	890	30.0	18.0
115	rna-XM_710440.1	XM_710440.1	815	889	25.0	18.0
116	rna-XM_710440.1	XM_710440.1	817	887	24.0	18.0
117	rna-XM_710440.1	XM_710440.1	818	886	22.0	18.0
118	rna-XM_710440.1	XM_710440.1	820	884	25.0	18.0
119	rna-XM_710440.1	XM_710440.1	821	883	19.0	18.0
120	rna-XM_710440.1	XM_710440.1	826	878	36.0	18.0
121	rna-XM_710440.1	XM_710440.1	828	876	23.0	18.0
122	rna-XM_710440.1	XM_710440.1	832	872	22.0	18.0
123	rna-XM_710440.1	XM_710440.1	889	815	22.0	18.0
124	rna-XM_710440.1	XM_710440.1	1525	179	22.0	18.0
125	rna-XM_710440.1	XM_710440.1	1528	176	19.0	18.0
126	rna-XM_710440.1	XM_710440.1	1531	173	24.0	18.0
127	rna-XM_710440.1	XM_710440.1	1548	156	28.0	18.0
128	rna-XM_710440.1	XM_710440.1	1683	21	21.0	18.0
129	rna-XM_710304.1	XM_710304.1	69	513	45.0	18.0
130	rna-XM_710304.1	XM_710304.1	81	501	51.0	18.0
131	rna-XM_710304.1	XM_710304.1	85	497	68.0	18.0
132	rna-XM_710304.1	XM_710304.1	349	233	28.0	18.0
133	rna-XM_710304.1	XM_710304.1	350	232	22.0	18.0
134	rna-XM_705430.2	XM_705430.2	0	1644	20.0	18.0
135	rna-XM_706264.2	XM_706264.2	2758	395	28.0	18.0
136	rna-XM_706264.2	XM_706264.2	2791	362	24.0	18.0
137	rna-XM_706264.2	XM_706264.2	2793	360	25.0	18.0
138	rna-XM_706264.2	XM_706264.2	2852	301	28.0	18.0
139	rna-XM_706264.2	XM_706264.2	2865	288	22.0	18.0
140	rna-XM_706264.2	XM_706264.2	2866	287	24.0	18.0
141	rna-XM_706264.2	XM_706264.2	2877	276	19.0	18.0
142	rna-XM_706264.2	XM_706264.2	2928	225	19.0	18.0
143	rna-XM_706264.2	XM_706264.2	3030	123	22.0	18.0
144	rna-XM_715497.2	XM_715497.2	2502	156	21.0	18.0
145	rna-XM_715548.1	XM_715548.1	306	372	35.0	18.0
146	rna-XM_715548.1	XM_715548.1	450	228	20.0	18.0
147	rna-XM_715548.1	XM_715548.1	451	227	20.0	18.0
148	rna-XM_715548.1	XM_715548.1	452	226	19.0	18.0
149	rna-XM_715548.1	XM_715548.1	471	207	23.0	18.0
150	rna-XM_715548.1	XM_715548.1	474	204	23.0	18.0
151	rna-XM_715548.1	XM_715548.1	504	174	25.0	18.0
152	rna-XM_715548.1	XM_715548.1	550	128	30.0	18.0
153	rna-XM_715548.1	XM_715548.1	579	99	20.0	18.0
154	rna-XM_715548.1	XM_715548.1	621	57	31.0	18.0
155	rna-XM_715548.1	XM_715548.1	622	56	19.0	18.0
156	rna-XM_715548.1	XM_715548.1	625	53	29.0	18.0
157	rna-XM_715548.1	XM_715548.1	657	21	37.0	18.0
158	rna-XM_706324.1	XM_706324.1	190	128	35.0	18.0
159	rna-XM_716812.2	XM_716812.2	756	297	21.0	18.0
160	rna-XM_716812.2	XM_716812.2	766	287	24.0	18.0
161	rna-XM_716812.2	XM_716812.2	775	278	19.0	18.0
162	rna-XM_716812.2	XM_716812.2	778	275	23.0	18.0
163	rna-XM_716812.2	XM_716812.2	779	274	39.0	18.0
164	rna-XM_716812.2	XM_716812.2	780	273	19.0	18.0
165	rna-XM_716812.2	XM_716812.2	784	269	21.0	18.0
166	rna-XM_716812.2	XM_716812.2	788	265	27.0	18.0
167	rna-XM_716812.2	XM_716812.2	792	261	19.0	18.0
168	rna-XM_716812.2	XM_716812.2	832	221	21.0	18.0
169	rna-XM_707223.1	XM_707223.1	1048	503	19.0	18.0
170	rna-XM_706231.2	XM_706231.2	999	255	19.0	18.0
171	rna-XM_707412.1	XM_707412.1	493	161	44.0	18.0
172	rna-XM_019475476.1	XM_019475476.1	56	148	24.0	18.0
173	rna-XM_019475479.1	XM_019475479.1	330	108	51.0	18.0
174	rna-XM_019475491.1	XM_019475491.1	373	20	19.0	18.0
175	rna-XM_710106.1	XM_710106.1	109	824	56.0	18.0
176	rna-XM_713541.1	XM_713541.1	463	176	19.0	18.0
177	rna-XM_712861.1	XM_712861.1	427	572	388.0	18.0
178	rna-XM_712861.1	XM_712861.1	428	571	558.0	18.0
179	rna-XM_712861.1	XM_712861.1	429	570	57.0	18.0
180	rna-XM_706005.2	XM_706005.2	564	192	25.0	18.0
181	rna-XM_019475555.1	XM_019475555.1	229	20	30.0	18.0
182	rna-XM_019475565.1	XM_019475565.1	75	195	30.0	18.0
183	rna-XM_019475565.1	XM_019475565.1	76	194	26.0	18.0
184	rna-XM_019475565.1	XM_019475565.1	79	191	19.0	18.0
185	rna-XM_019475565.1	XM_019475565.1	97	173	21.0	18.0
186	rna-XM_019475565.1	XM_019475565.1	99	171	30.0	18.0
187	rna-XM_019475565.1	XM_019475565.1	104	166	19.0	18.0
188	rna-XM_019475565.1	XM_019475565.1	105	165	21.0	18.0
189	rna-XM_019475565.1	XM_019475565.1	122	148	32.0	18.0
190	rna-XM_019475565.1	XM_019475565.1	124	146	19.0	18.0
191	rna-XM_019475565.1	XM_019475565.1	125	145	75.0	18.0
192	rna-XM_019475565.1	XM_019475565.1	126	144	70.0	18.0
193	rna-XM_019475565.1	XM_019475565.1	127	143	64.0	18.0
194	rna-XM_019475565.1	XM_019475565.1	128	142	52.0	18.0
195	rna-XM_019475565.1	XM_019475565.1	129	141	21.0	18.0
196	rna-XM_714238.1	XM_714238.1	1092	459	35.0	18.0
197	rna-XM_714238.1	XM_714238.1	1185	366	32.0	18.0
198	rna-XM_714238.1	XM_714238.1	1215	336	23.0	18.0
199	rna-XM_714238.1	XM_714238.1	1216	335	75.0	18.0
200	rna-XM_714241.1	XM_714241.1	1480	2444	27.0	18.0
201	rna-XM_713064.2	XM_713064.2	-81	831	29.0	18.0
202	rna-XM_713064.2	XM_713064.2	-80	830	114.0	18.0
203	rna-XM_713748.2	XM_713748.2	-13	451	33.0	18.0
204	rna-XM_019475144.1	XM_019475144.1	-28	349	69.0	18.0
205	rna-XM_019475147.1	XM_019475147.1	428	-14	42.0	18.0
206	rna-XM_705393.2	XM_705393.2	576	-42	19.0	18.0
207	rna-XM_717410.1	XM_717410.1	-16	2887	20.0	18.0
208	rna-XM_019475216.1	XM_019475216.1	-19	502	27.0	18.0
209	rna-XM_019475231.1	XM_019475231.1	-31	370	116.0	18.0
210	rna-XM_019475256.1	XM_019475256.1	-22	379	19.0	18.0
211	rna-XM_705056.2	XM_705056.2	-23	1400	33.0	18.0
212	rna-XM_712744.1	XM_712744.1	-16	424	23.0	18.0
213	rna-XM_712709.1	XM_712709.1	-29	689	42.0	18.0
214	rna-XM_712708.1	XM_712708.1	2121	-93	42.0	18.0
215	rna-XM_716679.2	XM_716679.2	-42	603	22.0	18.0
216	rna-XM_716619.1	XM_716619.1	-26	524	38.0	18.0
217	rna-XM_716612.2	XM_716612.2	1166	-26	35.0	18.0
218	rna-XM_714842.1	XM_714842.1	-31	607	36.0	18.0
219	rna-XM_718047.1	XM_718047.1	-68	404	45.0	18.0
220	rna-XM_019475325.1	XM_019475325.1	-23	386	28.0	18.0
221	rna-XM_019475328.1	XM_019475328.1	-26	464	37.0	18.0
222	rna-XM_715424.2	XM_715424.2	-51	393	149.0	18.0
223	rna-XM_710293.2	XM_710293.2	-12	411	23.0	18.0
224	rna-XM_710293.2	XM_710293.2	-4	403	24.0	18.0
225	rna-XM_711676.2	XM_711676.2	-66	972	20.0	18.0
226	rna-XM_019475412.1	XM_019475412.1	-20	488	27.0	18.0
227	rna-XM_019475412.1	XM_019475412.1	-18	486	49.0	18.0
228	rna-XM_706264.2	XM_706264.2	-19	3172	26.0	18.0
229	rna-XM_716758.2	XM_716758.2	642	-51	29.0	18.0
230	rna-XM_707412.1	XM_707412.1	-57	711	26.0	18.0
231	rna-XM_705472.2	XM_705472.2	-43	1384	32.0	18.0
232	rna-XM_019475476.1	XM_019475476.1	-29	233	59.0	18.0
233	rna-XM_712263.2	XM_712263.2	-26	641	33.0	18.0
234	rna-XM_707983.2	XM_707983.2	574	-73	20.0	18.0
235	rna-XM_707983.2	XM_707983.2	577	-76	89.0	18.0
236	rna-XM_019475555.1	XM_019475555.1	-26	275	33.0	18.0
237	rna-XM_019475555.1	XM_019475555.1	-17	266	33.0	18.0
238	rna-XM_711122.1	XM_711122.1	-28	388	138.0	18.0
239	rna-XM_706215.1	XM_706215.1	-22	2191	26.0	18.0
