	-24	-23	-22	-21	-20	-19	-18	-17	-16	-15	-14	-13	-12	-11	-10	-9	-8	-7	-6	-5	-4	-3	-2	-1	0	1	2	3	4	5	6	7	8
ARG-LEU-LYS_CGATTGAAA	4	3	2	2	1	1	9	3	2	2	1	1	27	29	1	1	1	2	4	1	1	1	0	1	0	1	3	0	1	0	2	2	1
ARG-LEU-LYS_AGATTGAAA	26	10	9	21	12	13	13	14	7	10	14	17	122	151	9	21	14	13	11	16	8	12	40	9	10	12	13	14	7	6	13	8	8
ARG-MET-LYS_AGAATGAAG	5	12	4	4	3	3	7	5	1	0	2	2	17	20	0	1	1	1	4	1	2	2	2	1	1	0	2	4	1	0	2	0	1
ARG-GLY-ALA_CGTGGTGCC	1	3	1	2	0	5	2	4	2	10	11	6	8	18	2	1	2	3	1	1	2	4	3	2	1	2	2	2	1	2	1	1	0
PHE-ARG-ILE_TTTAGAATT	4	2	3	3	2	1	3	1	2	0	2	0	1	21	1	8	3	2	5	2	6	4	9	3	3	7	0	9	3	3	5	4	2
ARG-LEU-LYS_AGATTAAAA	9	3	8	7	3	0	9	6	6	7	11	9	32	39	3	8	3	4	5	10	2	4	6	5	5	9	2	5	2	2	7	3	2
ARG-TYR-LYS_AGATACAAG	4	5	1	6	4	2	6	5	9	2	2	2	8	21	5	5	1	4	1	9	2	2	4	5	1	1	0	0	4	1	0	4	2
SER-ASP-ILE_TCTGATATC	1	1	1	2	4	1	1	0	1	4	4	2	5	18	6	3	3	4	3	9	0	2	2	2	3	4	1	4	2	1	7	3	7
ILE-PRO-ASP_ATCCCAGAC	3	1	2	2	1	4	0	6	3	5	3	2	10	19	5	4	3	4	0	3	2	0	0	1	7	4	5	4	6	1	3	4	2
ARG-LEU-LYS_AGATTGAAG	7	8	7	7	11	14	5	15	11	19	15	14	106	92	13	10	11	12	18	14	10	14	25	14	15	14	17	11	7	9	15	15	8
ASP-ASN-PRO_GATAATCCA	1	3	3	4	4	1	3	4	1	6	3	2	13	16	1	3	1	1	5	3	1	2	0	0	4	1	2	4	1	4	5	2	2
ARG-ILE-LYS_AGAATCAAA	5	7	3	4	2	2	5	3	5	6	4	1	28	28	3	4	7	5	5	8	1	3	7	4	4	2	5	3	2	1	9	4	6
LYS-LEU-LYS_AAGTTGAAA	6	1	0	5	4	1	3	4	1	5	4	2	18	17	1	5	1	1	4	3	3	4	3	3	1	6	3	1	5	0	1	2	0
GLY-ALA-ALA_GGTGCCGCT	2	1	2	1	2	0	0	8	5	7	4	2	8	17	2	4	3	0	3	2	2	2	4	8	11	4	2	1	2	2	3	3	3
LYS-THR-LYS_AAAACAAAA	13	3	3	6	6	4	7	2	2	9	2	3	14	22	7	1	1	4	6	2	3	10	2	1	3	2	1	3	2	3	3	3	5
GLY-GLY-THR_GGTGGTACC	4	2	4	0	5	2	2	5	1	7	0	1	5	15	0	5	2	1	5	4	3	4	3	3	2	5	5	1	3	1	3	4	3
ASN-GLU-TYR_AATGAATAT	5	3	4	5	6	4	2	3	1	10	4	2	7	26	20	23	5	4	5	6	3	5	5	3	4	5	2	1	1	9	4	4	2
LYS-ASN-LYS_AAAAACAAA	16	7	5	5	3	3	19	5	6	4	6	4	27	36	2	18	6	9	12	6	6	4	6	5	8	4	3	6	6	4	5	8	4
GLY-GLY-GLY_GGTGGTGGC	4	2	2	4	8	4	6	5	0	6	3	9	5	17	5	6	8	4	5	2	2	2	2	1	0	5	3	1	3	1	0	1	1
ILE-TYR-VAL_ATTTATGTT	6	5	4	3	5	5	8	14	3	3	3	4	4	21	2	1	6	3	2	6	3	3	4	6	5	1	1	2	3	2	6	2	11
ARG-ILE-LYS_AGAATTAAA	6	2	2	6	5	2	6	5	1	4	9	4	15	21	6	2	0	3	4	5	0	2	2	2	9	6	6	8	8	3	2	3	1
GLY-GLY-GLY_GGCGGTGGT	3	2	6	4	4	2	5	3	5	9	4	2	7	15	4	3	8	2	1	3	5	0	5	4	0	4	2	1	2	1	0	2	1
LYS-LEU-LYS_AAATTAAAA	9	6	4	10	2	1	7	11	1	5	6	8	46	32	2	5	7	3	5	4	4	4	9	6	11	6	4	6	10	2	10	4	4
LYS-LEU-LYS_AAATTAAAG	6	4	4	14	4	3	9	5	1	4	3	7	28	25	3	4	7	3	5	5	4	5	5	0	3	8	3	5	4	5	6	4	4
ARG-PHE-ARG_AGATTTAGA	12	3	2	1	2	3	4	2	1	3	2	2	26	19	0	7	6	7	6	3	5	3	7	1	2	2	1	3	5	2	6	4	1
GLU-HIS-ILE_GAACATATT	3	3	1	2	6	1	5	4	3	4	2	2	3	14	1	4	3	2	7	3	1	2	8	2	4	3	4	1	4	1	9	2	0
LYS-LEU-LYS_AAATTGAAA	31	21	14	33	21	17	25	27	19	32	22	26	181	102	11	12	19	11	18	9	17	23	15	13	15	20	14	12	15	9	24	18	14
PRO-ALA-LEU_CCAGCATTA	0	0	0	2	5	2	3	5	0	3	1	8	10	13	1	4	0	3	4	2	0	4	1	4	9	6	2	5	2	1	4	8	1
ILE-PRO-ASP_ATTCCTGAT	2	0	1	4	1	2	2	1	3	4	4	1	8	12	4	8	5	2	4	3	2	5	2	1	2	2	1	5	5	2	2	3	2
VAL-GLY-GLY_GTCGGTGGT	3	2	3	3	1	6	3	3	7	2	5	3	12	12	0	5	2	5	2	4	1	4	3	2	3	2	0	2	3	2	0	1	0
ASP-ARG-ASP_GACAGAGAT	3	4	3	2	6	1	1	1	1	5	0	3	1	15	3	6	6	13	5	5	2	6	6	2	4	3	1	5	3	2	4	7	4
ASN-LEU-TYR_AACTTGTAC	2	2	1	1	4	1	2	3	1	4	4	4	8	12	3	0	5	1	3	0	1	3	2	2	5	4	3	5	6	1	4	6	4
PRO-ASN-LEU_CCAAATTTG	3	4	2	5	4	0	3	4	4	2	1	1	19	13	4	2	3	1	3	2	1	3	3	5	3	5	1	3	4	4	4	0	1
TRP-GLY-LEU_TGGGGGTTA	4	4	0	8	0	2	3	2	1	3	1	2	19	12	4	2	5	6	2	1	6	6	2	2	1	0	0	0	1	3	4	0	2
SER-ASN-ALA_TCTAACGCT	5	7	3	6	7	2	2	10	5	4	8	4	4	19	5	5	4	4	2	2	3	9	3	3	8	7	4	6	9	2	9	1	0
MET-PHE-ALA_ATGTTTGCT	2	3	4	2	2	2	2	3	1	2	0	4	6	11	1	7	5	0	2	3	3	3	5	1	7	1	1	4	4	4	4	0	1
ARG-ARG-LYS_AGAAGAAAG	10	4	7	4	4	6	4	8	9	14	17	4	24	24	1	5	10	4	8	6	2	6	4	5	5	7	3	4	3	0	3	3	2
ASP-VAL-SER_GATGTCTCT	1	4	6	0	2	3	2	1	3	5	3	1	5	11	0	4	1	8	5	4	1	2	2	3	3	3	5	1	4	4	1	1	2
LYS-ASN-LYS_AAGAACAAA	4	7	4	10	5	11	13	2	5	9	8	9	27	27	4	3	8	3	7	6	3	4	4	4	11	5	4	9	6	3	6	4	14
VAL-GLY-ASN_GTTGGTAAT	5	1	3	2	2	2	2	3	2	3	2	3	8	12	2	1	4	4	3	6	2	4	3	0	4	7	1	2	3	5	5	3	3
VAL-LEU-ALA_GTTTTAGCT	4	4	2	3	9	3	5	3	2	4	2	3	4	17	3	5	5	3	2	4	5	5	5	6	18	7	0	2	8	3	6	1	6
ASP-LEU-ILE_GATTTAATA	4	5	4	2	3	3	3	2	1	4	4	0	6	11	1	4	2	1	5	3	1	3	3	1	2	4	2	3	5	2	6	1	2
PRO-SER-LEU_CCATCTTTA	1	3	3	2	2	1	3	2	1	5	9	0	13	11	2	2	3	2	4	2	2	7	2	2	4	1	3	1	0	2	1	4	3
LYS-ASN-ARG_AAAAACAGA	6	6	6	5	6	4	5	12	6	6	6	5	20	23	4	4	3	4	7	3	5	6	7	2	7	8	2	11	8	7	2	4	6
ILE-VAL-LEU_ATCGTTTTG	2	1	3	1	2	1	2	3	3	8	0	3	7	14	3	6	7	0	2	4	3	2	1	0	2	5	2	18	18	3	2	2	2
ARG-ASN-ARG_AGAAATAGA	2	2	4	3	2	2	3	3	3	3	1	2	4	11	3	1	2	4	9	11	0	3	3	3	5	2	4	2	5	1	2	2	1
GLY-PRO-GLU_GGTCCAGAA	6	3	1	5	0	2	1	2	1	6	4	2	5	11	1	0	1	9	5	8	1	2	2	4	4	1	2	4	4	3	4	1	4
LYS-PHE-LYS_AAATTCAAA	5	8	5	12	10	3	7	11	2	6	6	7	42	30	4	3	4	6	11	11	6	8	4	6	5	5	11	8	13	6	13	12	8
LYS-LEU-LYS_AAATTGAAG	21	21	14	13	16	15	17	14	15	29	16	24	86	64	12	10	13	6	18	19	14	20	18	11	19	24	13	17	13	9	16	7	12
LYS-ILE-LYS_AAAATAAAA	3	2	1	4	4	4	2	5	1	1	4	3	15	11	1	3	4	0	8	5	2	2	3	0	1	4	1	7	2	2	2	1	3
