	-24	-23	-22	-21	-20	-19	-18	-17	-16	-15	-14	-13	-12	-11	-10	-9	-8	-7	-6	-5	-4	-3	-2	-1	0	1	2	3	4	5	6	7	8
ARG-TYR-ARG (RYR)	9	8	2	9	11	4	12	9	5	8	4	6	40	58	2	7	8	5	5	5	5	4	14	2	6	1	5	4	5	5	6	3	5
ARG-LEU-LYS (RLK)	60	35	35	45	34	39	59	52	42	59	55	55	389	406	31	57	37	40	51	52	35	39	85	38	42	43	44	37	25	21	49	35	21
CYS-ASN-ILE (CNI)	5	5	1	9	17	1	3	4	2	2	0	0	4	20	1	6	1	1	2	4	4	2	2	2	2	3	4	2	0	3	4	5	2
ARG-HIS-LYS (RHK)	4	3	2	8	5	5	16	12	4	7	3	4	32	32	2	5	6	3	6	3	5	3	3	1	5	7	5	5	3	0	9	4	3
CYS-VAL-PRO (CVP)	2	9	4	1	3	4	1	1	3	6	2	1	4	15	4	1	7	2	3	7	1	3	2	1	6	3	5	5	2	1	4	2	0
ARG-ILE-LYS (RIK)	27	20	13	29	27	11	25	19	14	17	20	16	110	103	18	15	20	15	27	27	11	23	26	19	25	29	22	26	18	13	29	17	15
HIS-SER-TYR (HSY)	4	9	2	4	2	2	4	3	9	22	5	9	6	21	13	4	3	0	3	2	3	3	5	2	3	4	1	5	1	3	7	9	5
ASP-ASN-PRO (DNP)	10	11	5	10	8	3	12	8	2	13	6	9	40	38	2	6	3	3	17	9	4	7	5	2	16	6	7	10	7	12	14	11	7
ILE-GLY-CYS (IGC)	2	3	1	6	4	5	9	6	2	4	7	2	13	17	3	3	2	3	8	4	2	2	4	0	4	6	2	3	6	2	2	4	5
ARG-MET-LYS (RMK)	12	18	10	7	10	7	12	19	7	3	2	6	31	28	3	7	4	3	8	6	3	6	6	3	2	0	4	8	2	1	8	6	3
ARG-TYR-LYS (RYK)	14	8	2	9	11	8	14	14	16	7	7	6	32	36	12	12	8	9	10	11	5	4	13	14	5	4	2	5	9	1	4	12	7
ARG-PHE-LYS (RFK)	30	16	11	14	14	6	11	10	8	11	9	8	75	52	12	16	12	6	12	8	7	13	9	10	12	16	6	18	12	7	12	14	6
LYS-LEU-LYS (KLK)	100	71	50	92	59	57	83	74	49	112	74	85	455	293	48	49	69	33	85	57	51	75	64	45	68	82	48	56	62	33	77	55	49
GLY-ARG-CYS (GRC)	0	0	3	3	2	2	4	2	2	0	6	4	4	11	4	8	5	0	2	4	5	2	12	1	0	6	0	5	3	1	1	2	3
TRP-GLY-ALA (WGA)	13	10	4	11	7	10	7	7	4	12	9	7	12	21	4	5	10	6	3	6	2	4	3	7	5	5	4	4	4	5	2	1	5
ARG-PHE-ARG (RFR)	16	12	5	9	5	3	19	8	8	6	9	5	50	34	1	17	14	11	8	4	6	12	9	6	9	11	11	11	14	4	11	5	3
TYR-TRP-SER (YWS)	5	3	5	4	3	0	5	4	4	5	5	4	6	11	3	2	1	2	5	4	3	2	2	2	6	7	2	3	0	1	5	2	1
HIS-SER-CYS (HSC)	3	3	0	3	4	3	5	4	2	2	9	3	10	17	2	9	6	2	6	12	4	8	3	4	6	16	8	8	6	3	6	3	3
MET-PHE-ALA (MFA)	7	7	7	6	4	2	4	3	6	3	2	6	11	15	1	9	6	1	5	5	3	6	6	1	10	2	1	7	5	4	8	1	1
LYS-LEU-ARG (KLR)	73	58	46	50	58	30	62	44	35	62	50	44	239	170	45	51	41	38	49	43	37	55	35	39	62	60	35	56	57	29	56	36	31
ARG-ILE-ARG (RIR)	19	16	7	16	7	13	20	13	8	6	14	9	48	46	7	16	10	10	11	24	10	21	17	9	12	14	16	24	11	11	20	15	9
PRO-PRO-GLY (PPG)	18	11	7	19	6	14	17	16	7	20	9	15	74	52	13	27	15	14	19	12	16	13	17	16	24	21	20	14	14	11	3	10	12
LYS-ASN-LYS (KNK)	46	37	27	52	38	25	67	37	29	36	51	30	156	136	23	52	39	30	56	48	27	38	30	27	52	31	29	47	33	34	54	43	48
ALA-HIS-GLU (AHE)	7	7	6	5	4	4	7	2	4	5	5	1	23	18	2	13	5	5	10	6	6	5	5	1	6	3	5	7	9	2	5	4	3
GLU-ILE-CYS (EIC)	6	7	2	7	5	4	7	7	3	12	5	9	13	18	5	6	3	1	5	7	4	1	4	4	8	10	3	6	6	4	7	8	3
ARG-ASN-ARG (RNR)	12	10	11	24	20	15	25	18	8	18	21	8	75	53	11	11	11	10	27	37	7	20	14	8	21	12	9	11	30	12	12	9	8
PRO-PRO-ASP (PPD)	8	7	10	8	9	9	8	6	4	12	5	5	13	25	8	15	8	3	6	3	4	3	6	10	16	6	8	14	13	3	17	9	2
PRO-PRO-ASN (PPN)	12	11	9	15	11	12	13	16	8	21	17	11	55	42	5	30	7	5	10	9	7	11	17	15	18	10	18	14	13	6	13	10	6
ILE-TRP-LEU (IWL)	8	4	1	8	7	3	5	8	6	11	9	3	19	19	0	14	8	1	9	9	2	2	10	6	6	5	5	3	3	4	8	8	5
ALA-ARG-MET (ARM)	2	8	4	4	2	3	10	11	3	2	4	5	4	12	6	9	4	4	3	1	3	1	0	4	4	2	2	3	3	5	7	3	1
ILE-TYR-VAL (IYV)	16	13	12	10	11	10	22	26	11	15	10	6	9	38	12	6	10	15	10	11	14	10	13	15	17	6	7	17	16	7	17	12	17
PRO-ASN-ILE (PNI)	8	10	11	11	12	12	22	13	4	17	11	3	39	32	3	15	12	7	7	8	4	13	8	8	14	4	3	12	9	6	18	10	6
THR-MET-GLU (TME)	9	9	2	4	4	4	4	4	5	7	7	4	9	15	2	8	4	4	10	6	6	4	1	4	5	3	5	7	3	1	10	1	4
TRP-THR-ARG (WTR)	3	9	7	8	14	5	9	5	2	3	4	3	9	16	3	6	4	3	2	6	8	4	6	4	9	6	3	5	3	5	5	3	5
ARG-GLN-ARG (RQR)	27	8	9	15	8	15	24	25	9	11	16	13	43	45	10	23	22	6	13	34	9	18	24	8	7	12	13	7	9	12	12	12	9
ARG-THR-ARG (RTR)	15	14	10	17	12	7	17	14	7	11	15	6	24	37	9	10	17	10	18	33	9	10	12	6	18	8	9	25	9	6	13	5	7
ARG-LYS-LYS (RKK)	57	43	30	55	36	31	105	89	52	77	68	46	213	173	26	73	66	48	87	77	46	57	87	43	54	45	40	62	39	24	57	42	22
TRP-GLY-GLY (WGG)	6	1	4	3	5	3	4	2	2	1	2	3	3	12	1	12	11	4	5	5	5	5	10	6	4	7	1	1	4	5	2	6	0
LYS-ASN-ARG (KNR)	24	19	13	13	16	14	29	31	11	22	18	11	77	55	16	13	14	12	30	28	7	16	10	9	24	20	9	25	27	11	19	12	13
ILE-PRO-ASP (IPD)	22	15	17	19	11	12	17	27	10	31	17	11	47	61	21	42	21	14	13	25	15	22	20	15	43	18	20	38	33	10	19	25	19
SER-MET-ASP (SMD)	3	7	6	8	6	6	4	4	2	5	4	5	10	16	6	6	7	6	4	6	5	11	8	5	6	6	5	10	4	5	6	3	4
ARG-ARG-LYS (RRK)	34	17	13	26	21	17	42	25	20	42	36	17	93	68	6	20	31	18	34	24	12	27	29	15	17	23	15	16	13	15	25	21	17
ARG-ASN-LYS (RNK)	13	11	7	19	10	9	28	19	11	20	19	11	59	42	5	10	7	11	21	26	7	16	20	10	16	10	11	16	13	5	21	10	12
LYS-PHE-LYS (KFK)	20	30	10	30	29	13	44	42	9	15	20	20	110	74	19	13	21	20	45	43	16	28	22	15	22	22	24	39	31	14	29	25	15
LYS-MET-ARG (KMR)	7	4	1	8	1	2	1	6	2	5	1	6	18	14	2	5	4	5	5	3	6	4	4	3	7	13	10	5	6	4	6	7	1
TRP-LYS-ASN (WKN)	2	2	0	5	7	4	6	7	7	6	9	3	8	13	1	8	7	3	4	9	4	1	4	2	5	1	3	4	4	3	12	6	4
GLY-ASP-PRO (GDP)	11	9	7	8	2	2	9	8	3	14	7	10	9	20	6	9	4	4	13	9	3	7	4	3	2	5	9	9	10	7	12	12	6
PHE-ARG-ILE (FRI)	11	11	6	8	8	4	6	6	7	8	10	9	11	27	5	19	9	2	14	9	15	12	18	5	19	27	4	15	4	10	13	9	3
GLN-ASN-ARG (QNR)	16	11	8	7	6	2	5	6	6	9	6	4	11	22	9	11	10	10	11	8	6	4	3	6	11	11	8	12	10	7	10	7	10
PRO-HIS-ALA (PHA)	4	1	5	3	5	2	2	1	1	4	3	4	6	9	2	3	4	1	4	4	1	6	2	3	5	2	1	6	5	3	4	5	5
