	-30	-29	-28	-27	-26	-25	-24	-23	-22	-21	-20	-19	-18	-17	-16	-15	-14	-13	-12	-11	-10	-9	-8	-7	-6	-5	-4	-3	-2	-1	0	1	2
ALA_GCT	7762	7412	7499	7924	7784	7597	7779	7614	7558	7627	7589	7475	7642	7585	7700	7762	7699	7566	7880	7822	7847	8275	7647	7859	7876	7617	7392	7837	8135	6470	7449	5805	6367
ALA_GCC	2814	2956	2949	2830	2861	2813	2873	2867	2797	2935	2915	2798	2939	2826	2880	2913	2997	2849	2853	2982	2901	3104	3035	2913	3023	2866	2915	3092	3425	2463	2416	2032	2275
ALA_GCA	3010	3065	2935	2946	3020	2853	3001	2826	2770	3006	2956	2837	3196	3059	2905	3022	3035	2857	3129	2989	2975	3175	3042	2926	3201	2808	2936	3013	3044	2306	2884	2308	2953
ALA_GCG	407	440	370	411	405	364	407	376	358	393	430	367	520	460	418	416	385	442	448	387	412	393	424	429	460	434	382	404	436	318	356	325	318
ARG_CGT	1558	1459	1499	1582	1505	1455	1524	1439	1425	1558	1534	1496	1525	1604	1429	1577	1543	1421	1563	1513	1528	1563	1586	1551	1554	1536	1480	1494	1476	1304	1345	1346	918
ARG_CGG	181	179	182	170	167	150	170	199	180	177	188	134	274	247	171	190	168	161	201	182	162	168	186	178	170	151	159	190	165	179	187	120	106
ARG_CGC	134	119	123	104	102	121	113	156	111	142	130	141	226	136	117	133	112	116	134	131	134	140	126	133	120	165	135	141	111	118	126	104	86
ARG_CGA	789	645	673	705	711	673	742	732	656	769	700	698	989	911	710	815	876	675	741	753	712	803	761	708	827	773	717	758	747	725	740	645	526
ARG_AGA	7574	7410	7282	7689	7530	7380	7829	7442	7304	7769	7360	7309	7700	7467	7440	7695	7523	7214	7615	7486	7312	7804	7735	7481	7838	7798	7217	7395	7513	7431	8036	9109	6798
ARG_AGG	519	581	504	520	497	545	568	537	535	550	536	560	624	568	513	567	564	481	594	559	519	542	574	583	555	551	538	512	575	555	549	428	375
ASN_AAT	8207	7986	7622	8122	7988	7658	8173	7882	7716	8039	7794	7736	8048	7794	7690	8654	8169	7723	8084	7951	7779	8096	7817	7869	8570	8111	7810	8327	7467	8197	9946	10926	8416
ASN_AAC	4267	4033	4159	4315	4145	4112	4261	4209	4284	4370	4340	4045	4282	4267	4128	4404	4356	4145	4158	4074	4031	4334	4312	4260	4385	4521	4320	4677	4214	4460	4961	5323	4421
ASP_GAT	11609	11400	11198	11436	11239	11213	11537	11200	11350	11493	11257	11334	11607	11154	11259	11397	11042	11070	11379	11456	11613	11832	11506	11122	11600	11057	10972	10743	10646	9999	11595	9869	13006
ASP_GAC	3694	3589	3838	3821	3650	3526	3667	3469	3644	3620	3543	3729	3709	3787	3501	3802	3611	3778	3668	3650	3651	3701	3655	3682	3695	3530	3541	3504	3646	3347	3589	3200	4499
CYS_TGT	1751	1619	1522	1621	1558	1599	1657	1667	1594	1666	1604	1567	1643	1602	1556	1510	1478	1486	1599	1722	1572	1592	1663	1572	1632	1601	1551	1689	1641	1709	1502	1474	1057
CYS_TGC	186	185	176	208	165	182	176	194	193	229	182	179	191	169	198	209	207	183	200	193	206	198	199	186	217	238	176	179	217	213	144	189	122
GLN_CAA	8786	8538	8530	8822	8457	8599	8811	8914	8622	8972	8996	8298	8610	8508	8712	8791	8723	8639	8821	8413	8683	8646	8779	8784	9036	9098	8949	9201	8631	8419	8360	10543	9403
GLN_CAG	1306	1360	1208	1311	1244	1266	1307	1332	1151	1267	1202	1318	1398	1318	1245	1304	1278	1310	1322	1248	1257	1308	1357	1296	1355	1380	1290	1339	1246	1184	1288	1370	1179
GLU_GAA	16934	16604	16607	17051	16647	16695	17018	16856	16929	16931	16351	16749	16644	16274	16642	16293	15994	16675	16812	16250	16648	17013	16199	16525	16780	15805	16606	15887	16338	15527	16447	14603	24761
GLU_GAG	3451	3271	3251	3356	3374	3256	3432	3233	3187	3337	3313	3388	3461	3287	3263	3104	3332	3227	3342	3269	3278	3346	3279	3238	3392	3185	2989	3021	3078	2928	3051	2811	4158
GLY_GGT	8158	7718	7696	8059	7807	7666	7884	7956	7733	8134	7689	7786	8028	7667	7509	8202	8103	7754	7963	7976	7721	8124	8044	7841	7619	7718	7417	7557	8057	6980	5967	6409	5595
GLY_GGC	835	820	743	811	820	693	820	783	742	868	807	768	835	891	811	772	799	760	787	769	768	824	817	840	814	802	746	819	867	689	522	629	627
GLY_GGA	2705	2760	2727	2788	2805	2724	2811	2737	2681	2741	2725	2592	2945	2792	2625	2975	2901	2623	2770	2698	2703	2800	2828	2842	2712	2704	2523	2570	2923	2370	1905	2209	2425
GLY_GGG	1266	1228	1159	1281	1288	1191	1330	1261	1178	1249	1275	1197	1323	1244	1242	1272	1272	1242	1308	1260	1196	1280	1368	1236	1364	1300	1202	1334	1506	1212	805	742	1002
HIS_CAT	2723	2649	2480	2683	2699	2567	2668	2561	2599	2805	2611	2477	2729	2631	2425	2704	2746	2512	2565	2644	2552	2590	2547	2467	2682	2735	2457	2783	2354	2469	2541	3395	2278
HIS_CAC	1445	1408	1427	1451	1447	1350	1490	1474	1375	1401	1425	1459	1465	1387	1497	1447	1436	1376	1521	1476	1429	1468	1450	1357	1401	1578	1541	1630	1492	1486	1460	1679	1400
ILE_ATT	8168	7670	7678	7949	7814	7787	7842	7875	7794	8163	7996	7745	7674	7819	7703	8232	7728	7699	7973	7891	7608	7868	7845	7729	8057	7913	7734	7931	7645	8530	9759	8536	7463
ILE_ATC	2803	2769	2579	2903	2741	2819	2810	2818	2811	2815	2803	2869	2783	2786	2740	2964	2840	2778	2849	2791	2710	2801	2668	2742	2919	2830	2808	2981	2761	3178	3292	2665	2679
ILE_ATA	2512	2370	2308	2570	2352	2303	2509	2312	2399	2465	2444	2414	2615	2574	2414	2683	2520	2456	2465	2442	2295	2455	2330	2323	2495	2366	2316	2555	2623	2765	3057	2650	2688
LEU_TTA	7404	7098	7352	7512	7238	7255	7471	7131	7302	7428	7237	7273	7495	7382	7294	7806	7476	7511	7883	7843	7499	7563	7435	7165	7581	7758	7518	7846	7908	8615	7555	7757	6820
LEU_TTG	8455	8418	8174	8583	8194	8174	8624	8099	8265	8610	8302	7970	8359	8226	8231	8356	8094	8019	8544	8200	8198	8389	8056	7748	8444	8250	8275	8447	8391	8680	8580	7274	5799
LEU_CTT	1450	1449	1361	1495	1398	1343	1487	1417	1475	1528	1443	1441	1630	1512	1383	1470	1339	1468	1507	1498	1402	1455	1517	1354	1511	1451	1334	1563	1401	1525	1431	1554	1186
LEU_CTC	335	326	315	357	342	350	343	337	332	385	339	315	348	303	335	361	391	348	342	339	391	353	358	367	380	435	374	400	378	347	365	376	307
LEU_CTA	647	676	627	650	644	661	693	679	554	667	664	623	910	783	690	766	698	641	726	632	637	684	719	626	689	644	676	677	671	620	611	680	665
LYS_AAA	14120	13828	13781	14211	13973	13870	14423	13913	13790	14174	14041	13690	14082	13874	14034	14508	14053	13754	14546	13567	13271	13876	13548	13678	14271	13851	14055	14283	13743	14037	15886	17987	17662
LYS_AAG	6138	6132	6159	6024	6209	5956	6375	6111	5952	6266	6208	6093	6376	6503	6041	6320	6158	5955	6336	5912	5836	6205	6260	6068	6208	6499	5935	6253	5875	6359	6797	7311	6391
PHE_TTT	4772	4755	4511	4899	4502	4611	4844	4776	4411	4762	4788	4646	4461	4539	4728	4878	4633	4576	4760	4733	4557	4784	4652	4319	4608	4771	4586	4998	4747	5330	4877	5087	3676
PHE_TTC	3021	3005	3022	3152	3005	3049	3039	3048	3035	3034	2880	2911	2931	2970	2956	3027	2902	3057	3070	2919	2924	3039	3030	2846	3009	2973	3067	3177	3142	3530	3057	2948	2530
PRO_CCT	2242	2164	2081	2224	2073	2141	2174	2162	2103	2294	2187	2252	2292	2197	2099	2384	2338	2185	2473	2197	2139	2243	2140	2129	2282	2228	2223	2605	2180	2144	2003	2303	1845
PRO_CCC	598	582	502	533	533	499	534	567	492	544	560	547	599	540	530	589	570	551	597	609	518	605	591	548	571	569	593	763	684	653	593	513	484
PRO_CCA	5764	5765	5717	5949	5815	5769	5921	5702	5770	5883	5797	5756	6058	5885	5667	6229	5882	5768	6298	5898	5739	5995	5722	5791	5961	5885	6128	6502	5375	5471	5100	5666	5851
PRO_CCG	486	481	441	477	460	429	452	482	502	471	432	418	494	493	424	457	499	444	505	496	455	491	442	433	452	470	499	533	399	482	490	429	319
SER_TCT	4587	4452	4529	4576	4426	4417	4666	4427	4475	4659	4592	4493	4545	4380	4424	4525	4335	4496	4599	4401	4388	4637	4452	4455	4560	4533	4564	4978	4604	4841	4347	4844	3730
SER_TCC	1785	1755	1838	1838	1786	1831	1848	1796	1799	1941	1818	1895	1857	1829	1829	1757	1836	1891	1849	1940	1932	1934	1801	1849	1899	1830	1880	2057	2105	2009	1822	1646	1550
SER_TCA	4480	4225	4192	4420	4434	4243	4465	4385	4258	4404	4379	4345	4549	4360	4281	4236	4315	4147	4505	4148	4224	4552	4335	4329	4432	4323	4397	4472	4676	4411	4187	4298	4359
SER_TCG	1055	1113	1062	1134	1074	1029	1032	1062	1061	1128	1103	1052	1121	1120	1015	1019	1019	1043	1092	1048	1052	1109	1078	1061	1118	1133	1086	1110	1064	975	1069	1008	790
SER_AGT	3156	3130	2910	3136	3155	2907	3128	3091	2973	3203	3029	3013	3149	2918	2808	3063	2819	2872	3064	3131	3036	3065	3138	3076	3167	3105	2939	2774	2995	3036	3124	3518	2101
SER_AGC	815	789	789	857	826	813	922	853	733	884	862	817	889	888	811	855	879	785	827	816	907	853	820	789	832	850	767	768	826	886	685	951	632
SER_CTG	556	517	491	575	570	491	559	528	521	567	511	503	719	571	501	537	509	493	513	573	594	570	534	514	561	508	565	570	514	458	582	490	353
THR_ACT	5977	5922	5934	6043	5804	5846	5901	5995	5764	6092	5925	5841	5864	5636	5895	6085	6088	5777	6045	5940	5773	6159	5997	6155	6386	5736	5834	6217	5756	5736	6949	6124	5446
THR_ACC	2773	2739	2589	2627	2635	2617	2753	2637	2672	2779	2614	2597	2688	2574	2565	2725	2643	2604	2704	2620	2676	2758	2712	2702	2849	2667	2730	2933	2936	2751	2969	2376	2437
THR_ACA	2756	2665	2610	2772	2593	2608	2814	2734	2670	2801	2726	2695	2911	2683	2646	2775	2768	2662	2936	2687	2635	2873	2641	2756	2900	2673	2767	2966	2796	2936	3333	2759	2852
THR_ACG	618	578	595	624	631	640	647	616	596	640	585	593	716	665	581	613	611	593	660	650	635	637	605	596	691	604	610	646	629	596	736	626	489
TRP_TGG	1858	1802	1690	1828	1746	1594	1777	1743	1747	1850	1858	1876	2045	1898	1777	1716	1668	1883	1804	1872	1738	1840	1844	1843	1932	1879	1826	1822	1766	2078	1777	1144	1375
TYR_TAT	4044	4016	3952	4276	4078	4121	4095	4094	3964	4179	4016	3907	4160	4108	3925	4171	4109	3906	4159	4199	3976	3958	3898	3789	4003	4054	3908	4456	4183	4350	4346	4909	3527
TYR_TAC	2434	2462	2279	2421	2253	2240	2352	2400	2289	2491	2315	2381	2420	2389	2320	2317	2316	2541	2409	2366	2530	2370	2322	2237	2372	2488	2451	2579	2685	2603	2303	2857	2173
VAL_GTT	7599	7240	7135	7350	7291	7226	7498	7180	6924	7224	7138	6999	7110	7081	7214	7367	7212	7357	7401	7382	7242	7802	7272	7202	7360	6998	7006	7403	6944	6848	7065	5365	7041
VAL_GTC	2257	2257	2408	2288	2306	2322	2246	2302	2217	2350	2324	2269	2183	2291	2321	2344	2336	2362	2349	2417	2270	2451	2400	2266	2351	2273	2361	2418	2341	2182	2209	1549	2500
VAL_GTA	1629	1589	1585	1520	1617	1589	1666	1512	1602	1568	1509	1520	1651	1544	1479	1578	1465	1538	1565	1615	1535	1609	1528	1533	1471	1528	1440	1511	1470	1359	1618	1111	1769
VAL_GTG	1958	1860	1803	1848	1947	1840	1984	1848	1845	1872	1941	1854	2077	2004	1891	1875	1828	1851	1977	1942	1817	1852	1922	1901	1898	1863	1744	1900	1801	1640	1902	1275	1387
TERM_TAA	130	132	131	121	118	121	117	121	124	129	126	107	222	227	94	117	91	107	105	91	86	84	103	90	82	83	87	96	89	90	81	106	92
TERM_TGA	24	32	22	30	27	18	25	21	25	33	35	21	52	82	18	31	24	24	22	23	20	25	25	28	17	24	16	21	17	20	14	23	17
TERM_TAG	43	44	38	42	26	49	38	28	37	33	50	48	81	82	51	37	33	36	28	34	29	37	31	34	24	29	34	26	24	35	27	17	59
MET_ATG	3303	3283	3142	3293	3234	3103	3261	3289	3205	3248	3237	3129	3330	3287	3271	3347	3204	3274	3270	3052	3065	3291	3264	3183	3328	2977	3209	3400	3165	3321	4139	3154	2554
