	-27	-26	-25	-24	-23	-22	-21	-20	-19	-18	-17	-16	-15	-14	-13	-12	-11	-10	-9	-8	-7	-6	-5	-4	-3	-2	-1	0	1	2	3	4	5
ARG-ARG_CGACGA	1	1	0	8	4	4	5	1	4	6	6	7	6	25	8	2	7	5	2	5	6	6	1	2	1	4	4	0	3	1	2	0	2
GLU-ARG_GAGCGG	7	2	6	4	2	4	0	3	4	4	3	5	4	11	2	4	2	0	1	2	1	5	3	3	5	1	1	0	1	6	2	5	2
PRO-GLY_CCTGGG	17	20	14	17	20	20	12	22	14	20	18	14	44	55	18	18	22	17	15	16	19	13	23	17	23	13	18	18	23	14	7	9	10
ARG-ASP_AGGGAC	10	6	5	10	6	6	7	4	13	8	9	5	7	20	7	7	9	6	6	3	4	7	7	8	5	7	6	7	10	3	10	3	8
PRO-GLY_CCCGGT	3	3	5	4	5	4	7	6	4	11	9	3	11	16	3	8	5	5	5	4	8	4	3	5	7	4	7	6	12	3	7	6	2
GLY-LEU_GGGCTA	5	13	7	2	8	4	3	7	9	6	11	12	14	20	8	13	10	8	2	7	16	7	6	8	10	10	10	6	1	3	1	4	3
GLY-PRO_GGGCCT	3	2	0	4	2	2	4	3	4	4	4	7	1	9	0	0	4	1	4	7	6	1	3	2	4	2	21	5	4	1	2	1	3
ALA-SER_GCCTCG	3	8	5	5	2	3	9	10	7	6	4	9	11	16	12	4	8	12	6	7	4	5	2	4	10	12	2	6	4	6	2	7	5
ILE-GLY_ATAGGC	6	1	1	6	1	8	6	8	7	4	9	3	5	13	2	2	6	7	11	6	4	4	7	4	4	5	5	4	1	8	6	6	8
SER-SER_TCCCTG	8	6	2	3	4	3	4	4	2	5	3	5	9	10	5	3	3	3	2	2	7	1	1	3	6	3	6	8	6	1	1	5	3
PRO-PRO_CCGCCG	2	3	2	6	1	0	3	7	3	5	6	5	8	9	1	1	5	2	2	3	4	5	2	3	2	3	5	6	3	4	6	6	4
CYS-PRO_TGCCCT	3	2	4	2	5	3	4	1	7	0	2	5	2	7	3	6	1	3	3	1	3	1	2	1	4	3	8	4	1	1	0	3	5
SER-PRO_TCCCCC	1	2	4	2	1	4	2	7	1	3	2	2	7	10	1	0	6	3	6	7	8	6	9	4	5	5	7	4	7	1	7	4	5
ARG-ARG_AGACGG	10	7	13	2	3	1	5	3	3	7	5	2	6	12	11	3	4	4	6	2	3	3	5	8	5	5	3	5	1	10	7	4	4
ARG-HIS_CGACAT	4	6	8	3	0	3	7	4	5	14	16	5	9	14	4	4	6	5	7	11	6	5	5	4	4	6	11	7	3	2	5	4	4
LEU-THR_CTAACG	3	1	4	4	4	2	5	3	5	0	2	0	3	7	1	5	4	2	7	2	3	0	1	3	4	3	4	3	5	3	0	7	1
SER-LEU_TCTCTC	5	2	2	6	3	2	4	4	3	6	1	5	3	9	4	4	5	0	3	0	4	3	4	5	8	1	4	6	4	4	2	6	8
ALA-ILE_GCGATC	1	2	3	4	2	4	4	6	2	4	4	9	6	7	3	1	3	2	1	6	1	6	3	2	2	1	0	1	4	1	2	3	2
GLY-VAL_GGCGTC	6	7	1	3	9	4	6	9	3	7	9	5	3	12	4	2	11	9	5	7	6	6	4	3	6	6	2	3	5	5	3	5	2
PRO-SER_CCCCTG	3	1	2	4	4	6	8	5	4	3	3	6	9	11	7	5	2	6	8	6	1	5	5	5	3	3	10	10	8	5	0	9	0
GLY-ARG_GGTCGG	5	3	3	4	2	5	7	6	3	2	1	0	8	7	4	8	6	3	0	3	1	5	3	1	4	2	1	0	3	1	2	4	0
TRP-GLY_TGGGGC	13	8	6	13	18	4	16	7	11	15	28	8	13	24	10	15	11	14	11	10	9	16	4	11	11	5	11	11	7	4	9	7	8
GLY-ILE_GGCATC	4	5	2	2	5	5	4	6	3	3	8	5	1	8	5	3	2	2	2	5	3	3	6	8	2	3	2	3	5	1	2	4	1
CYS-ILE_TGCATC	2	4	3	4	3	6	3	2	0	3	1	6	6	7	2	2	3	1	6	1	4	4	2	1	4	8	4	3	4	0	4	3	2
ARG-TRP_CGATGG	6	5	2	6	5	5	5	6	2	7	4	1	7	11	12	4	6	2	10	5	6	8	3	7	4	4	3	6	5	2	5	4	4
CYS-PRO_TGTCCC	1	8	10	6	6	7	7	7	6	9	6	8	6	12	3	5	2	4	4	3	3	6	4	5	3	6	6	11	6	3	4	6	5
ARG-THR_CGAACA	6	9	12	18	5	8	7	14	7	7	13	6	11	19	6	9	6	6	7	7	5	8	10	8	13	10	8	14	8	8	8	9	6
TRP-LEU_TGGCTA	8	9	9	8	4	6	9	7	3	8	6	8	7	14	7	4	9	7	12	4	6	8	8	3	3	6	8	7	2	4	5	6	6
PRO-THR_CCGACT	9	7	9	6	9	8	6	8	10	6	5	8	5	15	6	5	4	9	11	5	6	5	8	14	10	2	3	7	10	8	7	4	2
CYS-SER_TGTTCG	1	2	2	12	4	5	5	1	3	6	4	4	3	11	5	9	3	11	4	2	5	5	5	4	7	6	11	10	3	4	7	10	4
ILE-VAL_ATCGTA	4	4	5	2	4	5	4	6	7	9	5	6	7	11	2	8	3	4	9	2	8	5	8	4	4	3	6	6	6	7	8	2	6
THR-ALA_ACGGCC	9	1	2	5	6	2	4	6	8	3	6	10	5	9	5	2	3	1	0	4	0	2	6	4	8	6	3	4	9	2	3	7	3
SER-LEU_AGCTTA	12	12	13	12	17	7	13	7	7	13	6	7	11	21	15	6	8	14	12	10	7	12	8	11	8	9	12	11	11	6	10	10	8
LEU-GLY_CTCGGC	6	2	5	0	6	3	3	5	2	0	0	0	1	8	2	5	9	2	3	3	5	2	5	3	5	2	5	19	5	3	3	4	6
ILE-LEU_ATATTG	87	90	83	102	100	103	88	97	124	116	123	91	110	209	116	100	83	76	102	91	83	88	91	98	103	139	108	130	127	132	84	107	79
THR-LEU_ACTCTC	6	2	6	1	2	1	5	4	9	5	2	3	3	6	3	0	1	2	1	1	4	6	3	0	3	1	2	5	1	1	2	4	5
ILE-GLY_ATAGGG	12	12	4	15	14	6	15	16	6	9	13	14	15	22	13	13	10	9	9	6	8	9	7	7	14	15	11	15	15	11	12	3	8
THR-SER_ACTAGC	19	22	16	18	24	16	26	20	17	36	33	19	23	41	20	21	17	19	23	15	31	21	13	13	22	18	24	16	17	27	18	12	14
LEU-ALA_CTTGCG	3	11	4	3	1	2	7	3	2	4	2	4	2	7	6	8	4	5	4	2	3	2	6	1	3	1	6	3	1	1	2	2	3
TYR-VAL_TACGTA	8	5	8	3	4	8	4	3	4	4	5	3	1	9	4	4	3	5	3	9	3	7	5	8	4	4	4	3	2	8	2	3	2
THR-ALA_ACAGCG	8	4	7	8	5	5	6	2	3	6	20	1	10	13	8	7	6	4	6	3	4	11	7	10	15	3	7	3	3	6	7	2	10
LEU-ASN_CTCAAC	18	20	18	13	22	12	53	17	9	31	20	6	18	40	44	17	15	13	24	19	21	19	18	20	24	19	22	15	32	14	14	11	21
ARG-ILE_CGAATA	12	10	5	12	15	4	9	8	9	15	10	10	14	21	18	7	13	6	12	11	17	16	9	9	7	5	14	12	6	6	20	13	7
ASN-ARG_AATCGG	9	9	6	11	6	10	13	9	3	5	5	6	17	17	8	1	3	11	9	10	13	11	13	9	9	11	6	11	15	6	12	5	5
ILE-ARG_ATCAGG	7	5	8	5	6	11	6	3	6	8	5	4	10	14	10	8	23	6	8	6	5	8	8	6	7	6	12	2	5	6	8	7	4
LYS-PRO_AAGCCG	15	10	11	16	10	11	15	13	17	11	11	13	14	22	5	13	14	5	18	8	7	6	8	11	9	13	8	11	7	25	9	8	8
PRO-ILE_CCCATA	18	17	14	16	14	8	8	13	9	15	11	7	16	24	10	6	10	6	12	10	13	11	10	11	20	21	16	12	12	10	11	17	10
ASP-ALA_GACGCG	3	4	4	3	4	6	1	1	1	5	5	2	5	7	1	7	4	2	5	3	3	2	4	3	3	3	5	5	5	8	5	1	2
PRO-ARG_CCACGA	9	8	9	10	11	15	14	12	9	9	20	11	13	22	14	15	13	16	8	12	11	16	16	9	19	4	11	7	11	7	9	11	3
ALA-ARG_GCAAGG	2	5	3	4	1	4	11	12	8	5	9	4	5	12	4	9	8	4	8	8	7	7	5	10	6	4	6	6	3	14	5	5	6
