	F0	F1	F2
0	1	2	1
1	2	6	5
2	109	159	154
3	109	125	112
4	30	39	25
5	15	23	29
6	1	6	3
7	16	29	23
8	23	38	30
9	4	6	7
10	34	43	27
11	68	67	62
12	30	21	21
13	459	483	524
14	7	1	1
15	427	413	350
16	0	0	0
17	1	0	0
18	55	66	57
19	22	22	36
20	11	3	22
21	11	7	23
22	0	0	0
23	29	16	20
24	1	1	1
25	11	21	12
26	3	4	8
27	115	100	120
28	10	22	11
29	5	4	1
30	1	0	0
31	33	41	19
32	18	13	16
33	24	39	31
34	5	4	4
35	2	10	8
36	6	7	11
37	121	109	126
38	11	7	9
39	9	5	7
40	7	11	4
41	175	174	177
42	4	5	3
43	61	62	60
44	7	8	5
45	9	19	15
46	6	2	16
47	21	16	16
48	5	4	10
49	51	47	34
50	79	75	63
51	2	4	1
52	82	90	102
53	25	19	18
54	29	29	22
55	1	6	5
56	0	2	3
57	123	137	122
58	59	46	54
59	11	5	14
60	4	4	2
61	0	0	1
62	13	12	10
63	19	8	9
64	27	18	20
65	11	8	8
66	21	10	21
67	59	66	65
68	7	1	5
69	1	4	1
70	3	3	3
71	12	11	9
72	56	58	64
73	3	3	1
74	7	4	3
75	1	1	1
76	32	34	37
77	0	0	0
78	1	2	2
79	16	17	23
80	4	4	4
81	11	11	18
82	28	18	11
83	8	5	9
84	14	9	12
85	214	224	170
86	4	8	4
87	63	54	42
88	106	103	104
89	2	3	4
90	4	4	2
91	76	55	68
92	14	12	15
93	22	14	23
94	31	33	24
95	5	7	20
96	7	4	7
97	60	59	60
98	19	24	17
99	10	10	8
100	5	3	5
101	109	109	118
102	42	37	48
103	38	32	32
104	8	1	4
105	24	19	32
106	23	18	19
107	7	4	6
108	0	0	0
109	8	7	9
110	9	7	10
111	7	13	8
112	0	0	0
113	2	2	5
114	26	27	19
115	0	0	0
116	6	7	13
117	0	0	1
118	8	8	8
119	17	17	12
120	111	111	100
121	3	3	3
122	5	3	1
123	248	237	283
124	38	23	17
125	77	58	65
126	9	8	11
127	20	14	10
128	7	7	2
129	13	12	13
130	0	0	0
131	19	28	18
132	12	13	16
133	17	22	19
134	204	240	222
135	21	23	23
136	0	0	0
137	6	2	4
138	87	81	93
139	7	5	6
140	14	11	13
141	68	69	71
142	10	14	8
143	7	10	8
144	259	243	253
145	56	41	41
146	0	0	0
147	0	0	0
148	12	10	6
149	272	265	253
150	8	10	3
151	9	12	11
152	15	21	13
153	25	25	32
154	158	153	133
155	40	43	22
156	1	7	4
157	4	4	7
158	7	10	4
159	1	2	1
160	7	5	4
161	110	98	74
162	37	35	48
163	1	2	3
164	16	10	18
165	1	3	4
166	2	0	0
167	17	15	23
168	45	43	34
169	26	22	21
170	5	9	4
171	13	7	8
172	6	8	8
173	35	57	38
174	153	122	144
175	1	2	0
176	14	8	10
177	3	3	1
178	0	0	0
179	5	4	5
180	0	0	0
181	1	3	3
182	6	8	4
183	2	1	1
184	2	0	1
185	12	8	7
186	15	19	18
187	13	17	9
188	0	0	0
189	2	3	1
190	4	8	6
191	4	3	4
192	2	0	2
193	70	59	69
194	7	5	8
195	3	0	4
196	2	1	2
197	0	0	0
198	1	3	4
199	9	13	9
200	0	0	0
201	53	51	39
202	3	0	0
203	62	73	65
204	46	56	45
205	9	10	10
206	16	16	10
207	0	1	0
208	22	26	15
209	6	12	9
210	2	2	4
211	0	2	2
212	8	9	10
213	63	49	56
214	123	124	93
215	2	2	2
216	33	35	23
217	2	2	0
218	9	19	17
219	20	15	24
220	8	4	9
221	346	360	406
222	54	32	42
223	9	7	7
224	25	25	21
225	438	365	370
226	1	3	3
227	9	8	8
228	16	22	25
229	1	4	3
230	5	7	9
231	0	0	0
232	19	16	25
233	0	1	0
234	0	0	0
235	22	16	17
236	13	25	19
237	48	42	42
238	12	7	6
239	3	0	1
240	14	17	15
241	4	9	17
242	12	10	7
243	0	0	0
244	0	1	2
245	0	0	0
246	0	0	1
247	17	33	36
248	13	9	14
249	1	0	1
250	7	6	6
251	25	29	24
252	43	17	19
253	3	3	2
254	14	16	15
255	63	82	79
256	1	2	0
257	27	18	20
258	39	49	46
259	23	21	9
260	6	4	7
261	11	5	8
262	19	25	27
263	1	6	7
264	36	30	35
265	17	6	9
266	9	14	18
267	28	36	31
268	20	19	21
269	4	5	4
270	4	4	5
271	0	0	0
272	16	17	24
273	4	5	11
274	2	3	2
275	2	3	2
276	1	1	2
277	68	56	69
278	366	337	356
279	129	118	141
280	3	1	5
281	21	14	18
282	119	100	115
283	57	41	58
284	23	17	13
285	157	181	176
286	42	54	43
287	78	71	93
288	9	10	10
289	55	62	63
290	1	5	1
291	4	1	2
292	20	17	18
293	2	4	2
294	0	3	3
295	178	159	145
296	9	10	13
297	80	73	54
298	146	157	159
299	32	33	25
300	1	4	3
301	15	14	22
302	13	10	7
303	1	0	1
304	44	55	51
305	76	54	59
306	40	26	29
307	12	13	10
308	2	2	2
309	3	7	4
310	25	16	29
311	108	110	99
312	259	233	252
313	791	878	849
314	44	40	29
315	9	9	8
316	9	7	9
317	29	48	26
318	2	5	1
319	22	23	18
320	31	33	39
321	20	15	20
322	0	0	0
323	14	15	9
324	7	5	4
325	13	15	11
326	9	3	8
327	86	76	91
328	9	12	8
329	2	3	3
330	12	10	14
331	22	19	33
332	0	0	0
333	7	5	7
334	2	2	0
335	15	9	11
336	17	22	16
337	12	9	6
338	20	31	21
339	1	0	0
340	7	11	2
341	37	28	18
342	10	1	4
343	72	59	45
344	7	6	6
345	17	21	14
346	12	5	8
347	2	2	2
348	33	31	28
349	20	20	21
350	44	48	43
351	967	998	1224
352	10	11	7
353	3	5	3
354	4	7	1
355	6	11	10
356	17	17	21
357	58	50	49
358	3	4	6
359	0	0	0
360	0	0	0
361	0	1	3
362	101	102	96
363	4	4	2
364	37	38	28
365	54	51	78
366	0	0	0
367	28	25	29
368	4	5	8
369	11	12	7
370	11	11	14
371	1	1	0
372	1	0	0
373	7	5	11
374	128	141	145
375	0	0	0
376	1	4	3
377	6	2	11
378	2	4	3
379	50	30	28
380	16	16	16
381	2	0	1
382	47	58	85
383	204	177	202
384	0	0	0
385	0	0	0
386	8	15	11
387	67	69	94
388	75	92	48
389	7	2	4
390	108	101	80
391	114	139	129
392	6	1	3
393	36	30	34
394	44	33	34
395	64	63	47
396	0	0	0
397	7	4	4
398	87	73	88
399	597	540	655
400	1	0	0
401	9	2	11
402	130	125	90
403	1	3	0
404	12	3	6
405	5	18	15
406	6	6	4
407	22	14	22
408	301	339	298
409	79	70	56
410	6	13	13
411	38	35	34
412	6	3	1
413	0	0	0
414	18	23	20
415	2	2	1
416	1	1	3
417	18	23	17
418	37	29	47
419	1	4	5
420	5	2	4
421	5	6	7
422	7	5	10
423	13	11	9
424	1	0	4
425	5	3	3
426	5	5	3
427	2	4	3
428	1	1	0
429	34	24	43
430	126	110	106
431	232	204	230
432	23	16	19
433	13	12	14
434	0	0	0
435	11	10	6
436	19	16	18
437	34	34	17
438	0	0	0
439	6	4	4
440	14	6	10
441	0	2	0
442	57	44	34
443	4	4	4
444	1	0	0
445	10	12	6
446	42	42	33
447	32	37	32
448	24	29	15
449	0	0	0
450	16	10	16
451	1	3	5
452	95	68	75
453	6	2	0
454	39	30	25
455	1	0	1
456	14	16	12
457	158	154	140
458	9	9	12
459	2	0	1
460	0	1	0
461	0	0	0
462	68	52	39
463	24	22	25
464	841	850	933
465	18	19	16
466	21	21	21
467	102	89	80
468	2	3	1
469	3	4	6
470	1	4	1
471	52	59	52
472	90	75	85
473	12	7	6
474	2	2	1
475	13	12	9
476	0	2	1
477	23	18	19
478	11	10	7
479	2	1	0
480	0	0	0
481	7	2	0
482	25	23	26
483	1	2	6
484	0	3	2
485	36	21	20
486	44	26	47
487	0	1	0
488	10	23	17
489	56	75	54
490	0	0	0
491	13	11	9
492	44	56	56
493	2	7	9
494	117	94	112
495	63	55	65
496	1	2	2
497	5	2	3
498	19	19	10
499	1	0	1
500	19	18	18
501	8	5	12
502	42	22	37
503	28	30	20
504	7	7	6
505	7	9	9
506	1	0	3
507	55	46	51
508	0	1	0
509	0	0	0
510	37	29	19
511	8	9	12
512	1	1	1
513	18	14	11
514	98	79	83
515	13	15	12
516	2	1	1
517	14	8	3
518	19	15	12
519	9	9	5
520	9	4	9
521	11	14	12
522	0	0	0
523	93	103	122
524	54	49	51
525	7	10	8
526	51	51	35
527	4	1	3
528	1	4	1
529	0	0	0
530	1	0	1
531	0	0	0
532	69	70	61
533	3	4	1
534	75	77	70
535	0	0	0
536	6	8	7
537	29	28	32
538	2	1	0
539	4	3	4
540	9	6	4
541	3	4	2
542	0	0	0
543	2	0	0
544	48	50	52
545	3	5	7
546	2	2	0
547	5	10	8
548	0	0	0
549	22	24	15
550	15	11	8
551	1	0	0
552	16	7	6
553	77	71	77
554	4	2	4
555	2	9	10
556	0	0	1
557	5	9	1
558	2	2	0
559	0	0	0
560	23	15	23
561	3	7	15
562	7	8	4
563	11	11	6
564	5	2	5
565	51	48	38
566	11	13	12
567	6	5	10
568	20	9	25
569	393	337	404
570	14	13	8
571	2	0	1
572	26	27	33
573	0	0	0
574	0	0	0
575	144	151	93
576	1	1	0
577	12	8	3
578	4	4	4
579	0	0	0
580	20	30	10
581	21	13	27
582	0	0	0
583	10	13	8
584	0	1	0
585	26	26	24
586	2	0	1
587	32	27	27
588	13	9	9
589	0	0	0
590	3	0	1
591	2	2	2
592	20	18	30
593	27	32	26
594	13	11	6
595	0	0	0
596	27	19	20
597	1035	829	959
598	64	72	60
599	62	53	61
600	19	11	10
601	6	5	5
602	3	5	2
603	35	20	20
604	210	186	183
605	19	20	34
606	110	122	126
607	17	15	25
608	1	1	0
609	1440	1476	1381
610	37	42	37
611	72	62	55
612	0	1	0
613	0	0	0
614	29	31	26
615	1	1	0
616	8	8	5
617	12	15	10
618	20	15	13
619	13	15	12
620	4	11	7
621	15	16	9
622	2	4	1
623	5	4	7
624	23	20	11
625	33	31	40
626	1	0	0
627	19	26	10
628	25	14	15
629	9	8	13
630	19	10	18
631	4	12	4
632	47	46	29
633	1	1	0
634	32	27	32
635	0	0	0
636	0	0	0
637	0	0	0
638	186	189	159
639	22	14	14
640	51	45	34
641	4	4	3
642	94	75	84
643	2	4	3
644	83	80	85
645	3	3	1
646	6	8	10
647	20	30	28
648	7	12	17
649	28	23	23
650	8	6	8
651	0	0	0
652	13	18	29
653	2	4	1
654	38	31	29
655	0	2	0
656	30	33	20
657	4	7	2
658	184	170	132
659	40	23	17
660	72	65	54
661	77	84	87
662	0	2	4
663	0	1	0
664	12	14	14
665	6	5	5
666	26	23	19
667	14	23	16
668	19	33	27
669	0	0	0
670	1	1	1
671	25	29	33
672	7	3	6
673	7	16	15
674	18	17	4
675	0	1	1
676	4	4	7
677	114	97	108
678	1	0	0
679	25	25	19
680	5	13	7
681	58	43	61
682	17	12	11
683	66	52	44
684	100	91	148
685	2	4	1
686	0	0	0
687	19	18	15
688	2	4	2
689	31	20	28
690	0	0	0
691	17	13	14
692	77	69	71
693	5	7	8
694	29	24	36
695	0	0	0
696	37	41	40
697	0	2	2
698	4	4	0
699	7	5	1
700	0	0	0
701	14	10	13
702	12	8	11
703	1	1	1
704	0	0	1
705	4	4	4
706	0	2	0
707	0	0	0
708	9	4	7
709	0	0	0
710	7	11	9
711	26	17	20
712	36	25	21
713	66	59	65
714	72	75	64
715	61	61	64
716	14	15	15
717	7	8	14
718	4	2	4
719	3	4	5
720	12	7	5
721	7	2	6
722	1	1	0
723	101	112	96
724	15	13	11
725	48	55	48
726	10	1	15
727	34	34	34
728	94	89	91
729	4	4	5
730	36	25	34
731	42	39	34
732	60	58	42
733	2	3	2
734	0	0	2
735	48	65	57
736	12	6	14
737	39	47	57
738	3	6	8
739	0	0	0
740	131	122	119
741	4	1	5
742	5	10	8
743	33	37	56
744	359	354	368
745	19	15	10
746	114	79	88
747	44	46	41
748	3	1	5
749	2	1	1
750	4	0	0
751	56	69	51
752	8	9	11
753	122	122	119
754	5	8	5
755	3	2	4
756	177	176	148
757	41	46	44
758	3	0	3
759	6	8	5
760	14	8	11
761	61	47	39
762	217	199	182
763	56	44	55
764	14	9	18
765	55	43	74
766	3	3	3
767	3	1	1
768	1	2	2
769	124	181	112
770	13	20	12
771	449	413	444
772	8	11	9
773	34	42	31
774	9	5	2
775	24	26	29
776	8	9	10
777	0	1	0
778	19	14	17
779	11	7	9
780	20	21	28
781	2	2	1
782	8	5	5
783	116	103	121
784	8	7	6
785	4	1	4
786	0	0	0
787	21	14	12
788	40	59	51
789	28	34	31
790	3	2	0
791	8	6	16
792	19	17	15
793	131	109	121
794	18	15	16
795	11	17	12
796	12	11	1
797	2	7	5
798	3	1	4
799	0	2	3
800	23	19	25
801	26	18	12
802	3	4	3
803	303	281	239
804	38	36	19
805	10	12	10
806	58	39	54
807	1	2	3
808	10	5	5
809	4	1	2
810	8	12	15
811	7	4	3
812	12	18	13
813	145	147	143
814	0	0	0
815	0	0	0
816	0	0	0
817	4	3	3
818	12	9	12
819	73	83	57
820	11	10	14
821	0	0	2
822	9	5	3
823	10	5	8
824	24	25	31
825	8	3	8
826	6	3	4
827	28	41	31
828	20	22	24
829	50	53	42
830	6	9	7
831	47	40	42
832	6	6	6
833	29	22	21
834	27	21	22
835	0	1	2
836	21	14	9
837	74	86	76
838	17	24	12
839	6	6	4
840	7	5	5
841	1	0	2
842	9	10	4
843	7	5	3
844	0	0	0
845	1	0	0
846	39	36	26
847	4	8	1
848	24	17	15
849	5	5	0
850	21	24	27
851	4	4	4
852	4	4	3
853	0	0	0
854	3	0	3
855	8	12	2
856	3	3	4
857	41	33	29
858	4	2	3
859	0	0	0
860	0	0	0
861	7	3	2
862	11	18	12
863	3	5	3
864	28	31	27
865	76	43	41
866	32	23	19
867	17	7	7
868	6	13	5
869	0	0	0
870	0	0	0
871	6	14	12
872	1	4	2
873	47	48	47
874	63	66	67
875	14	6	7
876	1	0	0
877	79	102	91
878	0	0	0
879	21	20	29
880	8	3	5
881	4	1	0
882	22	32	19
883	1	0	2
884	2	2	5
885	0	0	0
886	0	0	0
887	2	2	3
888	8	4	3
889	3	2	8
890	49	80	60
891	80	91	92
892	3	5	2
893	30	30	24
894	1	1	1
895	48	41	36
896	3	3	5
897	0	0	0
898	45	37	35
899	29	21	21
900	3	8	4
901	1	1	1
902	7	5	7
903	9	10	5
904	0	0	0
905	11	11	9
906	13	15	13
907	9	13	9
908	19	26	14
909	0	0	0
910	47	49	42
911	7	2	4
912	19	18	26
913	37	33	52
914	18	15	17
915	1	0	1
916	1	0	1
917	3	2	1
918	27	19	22
919	0	0	0
920	0	0	0
921	2	6	5
922	3	3	6
923	18	14	15
924	1	5	1
925	12	11	10
926	15	6	6
927	43	29	17
928	33	24	17
929	72	67	56
930	16	14	12
931	0	0	0
932	0	0	0
933	18	9	11
934	11	8	12
935	86	75	71
936	16	10	20
937	0	2	2
938	88	85	96
939	4	4	5
940	1	0	4
941	61	60	62
942	0	0	0
943	4	3	0
944	20	11	8
945	12	12	14
946	52	47	40
947	52	30	44
948	62	43	29
949	0	0	0
950	3	4	9
951	178	173	158
952	4	9	4
953	3	4	4
954	0	0	0
955	1	1	3
956	2	0	1
957	0	1	1
958	1	5	4
959	2	2	0
960	34	50	51
961	43	31	25
962	36	33	32
963	88	103	119
964	4	6	4
965	1	0	0
966	10	13	7
967	0	0	0
968	109	93	85
969	21	38	19
970	10	7	10
971	8	15	9
972	191	156	184
973	29	36	29
974	1	1	1
975	0	0	0
976	1	0	1
977	11	8	14
978	37	42	48
979	0	0	0
980	2	1	2
981	0	0	0
982	3	3	2
983	127	119	105
984	514	501	537
985	4	5	6
986	14	19	15
987	61	48	53
988	13	24	14
989	403	403	404
990	151	136	157
991	5	0	4
992	4	5	2
993	0	0	0
994	13	18	7
995	8	6	8
996	1	4	2
997	4	8	7
998	10	8	8
999	6	4	8
1000	4	3	4
1001	162	176	195
1002	9	11	12
1003	0	0	0
1004	11	21	22
1005	4	4	2
1006	56	48	58
1007	0	0	0
1008	8	13	13
1009	105	78	95
1010	26	14	16
1011	6	10	6
1012	15	24	14
1013	0	4	2
1014	3	4	1
1015	22	23	22
1016	176	171	162
1017	22	21	15
1018	239	228	223
1019	0	0	0
1020	19	17	16
1021	182	175	171
1022	4	7	6
1023	0	0	0
1024	32	33	20
1025	18	20	13
1026	0	0	0
1027	116	114	98
1028	45	42	40
1029	11	11	4
1030	8	7	15
1031	3	3	2
1032	13	2	6
1033	18	14	23
1034	4	2	2
1035	1	2	1
1036	9	7	6
1037	10	3	11
1038	6	8	12
1039	7	8	7
1040	35	37	41
1041	19	16	7
1042	69	60	70
1043	1	1	1
1044	4	4	6
1045	5	6	4
1046	0	0	0
1047	1	1	2
1048	4	9	9
1049	0	1	0
1050	11	16	9
1051	31	39	19
1052	0	0	0
1053	10	8	11
1054	0	0	0
1055	39	29	23
1056	64	60	45
1057	18	20	14
1058	25	28	13
1059	0	0	0
1060	258	231	212
1061	4	3	1
1062	508	519	508
1063	24	25	29
1064	111	114	97
1065	52	37	58
1066	1	0	2
1067	10	7	5
1068	0	0	0
1069	5	10	8
1070	0	5	1
1071	4	7	13
1072	0	0	0
1073	68	87	88
1074	58	78	62
1075	4	4	3
1076	1	1	1
1077	1	2	0
1078	137	121	124
1079	0	3	2
1080	2	5	1
1081	0	0	0
1082	0	0	0
1083	1	8	7
1084	55	69	61
1085	12	11	21
1086	5	3	8
1087	3	4	3
1088	3	6	5
1089	0	1	1
1090	0	0	0
1091	3	3	2
1092	75	70	71
1093	14	9	12
1094	12	7	6
1095	9	10	4
1096	114	120	75
1097	2	3	2
1098	1	5	2
1099	17	11	11
1100	2	0	0
1101	76	82	90
1102	43	67	59
1103	10	14	18
1104	0	2	1
1105	43	36	30
1106	2	1	1
1107	97	115	130
1108	65	73	83
1109	3	1	3
1110	0	2	0
1111	0	0	0
1112	19	19	15
1113	4	2	3
1114	5	4	3
1115	0	0	0
1116	9	7	12
1117	8	13	7
1118	0	0	0
1119	157	163	146
1120	1	2	1
1121	2	1	2
1122	3	2	3
1123	0	0	1
1124	3	6	7
1125	0	0	2
1126	16	14	12
1127	7	8	5
1128	1	0	0
1129	1	0	2
1130	1	3	1
1131	1	1	4
1132	8	6	5
1133	5	3	1
1134	19	22	21
1135	50	35	48
1136	9	9	7
1137	205	169	178
1138	7	6	5
1139	16	23	14
1140	10	5	3
1141	0	0	0
1142	5	3	1
1143	22	24	13
1144	32	29	43
1145	25	34	34
1146	0	1	0
1147	22	17	20
1148	54	44	47
1149	10	18	18
1150	3	2	3
1151	84	84	75
1152	518	460	496
1153	0	3	1
1154	33	33	31
1155	18	16	9
1156	2	3	2
1157	134	112	123
1158	0	0	0
1159	1	0	1
1160	49	62	60
1161	27	17	25
1162	12	16	11
1163	13	12	7
1164	11	13	15
1165	41	35	33
1166	0	0	0
1167	1	2	2
1168	3	11	11
1169	0	1	1
1170	74	73	65
1171	5	9	9
1172	252	289	277
1173	3	8	0
1174	2	0	1
1175	2	1	2
1176	59	53	36
1177	28	21	18
1178	44	38	38
1179	1	0	1
1180	2	1	2
1181	17	14	14
1182	0	0	0
1183	6	6	8
1184	23	7	21
1185	2	4	2
1186	116	135	132
1187	687	643	683
1188	11	11	7
1189	12	8	3
1190	5	5	0
1191	16	8	7
1192	20	16	15
1193	16	13	16
1194	0	1	0
1195	0	0	0
1196	3	3	3
1197	0	2	0
1198	0	1	1
1199	2	5	1
1200	0	1	0
1201	2	0	0
1202	0	0	1
1203	0	0	0
1204	19	12	18
1205	112	93	87
1206	18	18	10
1207	63	56	51
1208	4	7	6
1209	92	79	75
1210	185	174	195
1211	73	89	61
1212	8	8	6
1213	1	0	0
1214	0	0	0
1215	135	130	117
1216	25	26	26
1217	42	28	31
1218	12	17	21
1219	0	0	0
1220	40	49	30
1221	0	0	1
1222	4	2	0
1223	4	4	6
1224	23	14	13
1225	3	1	1
1226	14	12	17
1227	12	9	11
1228	0	1	0
1229	11	17	22
1230	0	0	0
1231	272	270	254
1232	7	10	4
1233	12	15	12
1234	15	13	13
1235	19	17	26
1236	6	5	10
1237	34	31	32
1238	9	10	13
1239	3	5	6
1240	10	11	5
1241	1	0	2
1242	165	172	155
1243	0	0	0
1244	0	0	0
1245	0	0	0
1246	0	0	0
1247	289	285	307
1248	4	6	5
1249	10	9	5
1250	3	0	6
1251	16	19	15
1252	25	23	19
1253	8	2	4
1254	6	14	11
1255	38	38	32
1256	1	0	0
1257	8	4	1
1258	3	4	2
1259	279	285	267
1260	5	6	5
1261	10	13	8
1262	1	7	4
1263	13	9	7
1264	2	0	4
1265	236	214	219
1266	21	35	18
1267	29	15	29
1268	2	2	1
1269	223	227	215
1270	13	6	7
1271	7	7	5
1272	0	3	0
1273	17	15	7
1274	5	1	3
1275	141	151	157
1276	2	3	6
1277	1	0	0
1278	151	183	136
1279	16	17	20
1280	44	50	53
1281	13	16	13
1282	0	0	0
1283	73	67	51
1284	3	3	3
1285	20	23	22
1286	32	24	15
1287	4	8	5
1288	24	22	23
1289	29	20	21
1290	28	21	19
1291	0	0	0
1292	9	9	10
1293	31	24	12
1294	3	1	2
1295	0	1	0
1296	9	13	13
1297	0	0	0
1298	0	0	0
1299	0	3	1
1300	8	13	4
1301	12	14	14
1302	13	7	14
1303	107	89	102
1304	10	6	6
1305	8	6	5
1306	123	122	141
1307	2	4	5
1308	32	31	26
1309	133	130	128
1310	11	13	14
1311	26	41	41
1312	20	24	30
1313	0	1	0
1314	0	1	0
1315	7	5	4
1316	19	26	23
1317	39	42	46
1318	41	27	32
1319	70	51	63
1320	21	27	15
1321	583	595	615
1322	1	3	0
1323	295	314	304
1324	333	318	356
1325	16	22	24
1326	4	6	5
1327	13	6	5
1328	14	12	5
1329	168	171	149
1330	13	10	19
1331	24	28	13
1332	10	13	9
1333	8	10	7
1334	13	17	15
1335	6	5	5
1336	31	26	23
1337	2	6	5
1338	22	41	17
1339	20	22	15
1340	61	81	86
1341	57	54	53
1342	6	5	9
1343	4	4	5
1344	11	12	11
1345	126	121	124
1346	24	24	23
1347	6	5	3
1348	0	0	0
1349	0	0	0
1350	0	0	0
1351	1	0	0
1352	19	23	19
1353	32	53	49
1354	93	66	72
1355	0	0	0
1356	90	91	86
1357	348	355	375
1358	5	11	4
1359	7	10	10
1360	3	2	1
1361	2	3	1
1362	42	43	34
1363	133	150	103
1364	2	6	2
1365	5	4	5
1366	26	26	22
1367	1	1	1
1368	32	32	33
1369	12	16	14
1370	39	35	47
1371	29	37	26
1372	9	7	11
1373	0	0	0
1374	2	1	0
1375	57	45	37
1376	1	1	4
1377	7	6	1
1378	17	22	22
1379	52	85	42
1380	0	0	0
1381	0	3	1
1382	24	30	32
1383	10	16	10
1384	12	13	22
1385	26	24	35
1386	13	17	19
1387	74	85	74
1388	7	4	4
1389	24	19	32
1390	231	258	193
1391	7	5	1
1392	146	105	127
1393	5	2	2
1394	13	11	4
1395	0	0	0
1396	49	48	35
1397	2	0	0
1398	59	49	55
1399	5	5	6
1400	0	0	0
1401	7	10	9
1402	6	5	4
1403	0	0	0
1404	0	0	0
1405	28	21	22
1406	6	4	4
1407	12	11	15
1408	11	8	6
1409	3	2	0
1410	9	6	17
1411	0	2	0
1412	1	1	0
1413	21	18	19
1414	1	0	1
1415	0	0	0
1416	1	3	2
1417	54	51	57
1418	84	131	95
1419	10	14	18
1420	44	26	40
1421	10	4	6
1422	0	0	0
1423	0	0	0
1424	0	0	0
1425	1	1	1
1426	6	4	6
1427	5	5	5
1428	1	3	0
1429	7	17	11
1430	73	73	62
1431	20	19	8
1432	21	35	34
1433	0	0	0
1434	2	3	4
1435	8	11	9
1436	4	4	0
1437	0	0	0
1438	0	0	0
1439	0	0	0
1440	10	23	11
1441	0	3	1
1442	3	7	8
1443	19	12	16
1444	22	23	12
1445	54	74	48
1446	8	4	14
1447	1	2	3
1448	7	10	10
1449	0	0	1
1450	0	0	0
1451	0	2	1
1452	15	15	14
1453	6	3	4
1454	40	32	44
1455	143	161	128
1456	43	27	30
1457	0	0	0
1458	14	11	11
1459	2	3	2
1460	18	15	17
1461	0	1	0
1462	2	2	5
1463	59	70	62
1464	14	17	12
1465	32	30	21
1466	1	3	4
1467	21	14	16
1468	4	7	2
1469	6	9	4
1470	28	28	33
1471	21	15	15
1472	14	13	20
1473	21	15	17
1474	4	1	1
1475	19	21	20
1476	20	13	13
1477	35	34	26
1478	176	169	181
1479	11	3	9
1480	43	44	67
1481	40	36	36
1482	25	28	28
1483	20	13	11
1484	13	13	17
1485	1	2	0
1486	1	0	0
1487	0	0	0
1488	48	36	23
1489	233	233	248
1490	8	5	8
1491	0	0	0
1492	6	9	12
1493	1	0	1
1494	23	30	32
1495	1	1	0
1496	52	47	48
1497	26	31	30
1498	0	0	0
1499	9	7	12
1500	4	6	5
1501	32	28	26
1502	178	160	157
1503	9	11	4
1504	1	2	1
1505	74	73	77
1506	0	0	0
1507	0	0	0
1508	35	47	29
1509	29	29	32
1510	4	6	10
1511	17	19	16
1512	0	0	0
1513	2	2	1
1514	2	2	3
1515	16	17	12
1516	4	5	3
1517	2	2	3
1518	169	170	162
1519	0	0	1
1520	35	13	15
1521	14	11	8
1522	10	21	12
1523	64	67	73
1524	1	3	2
1525	2	1	0
1526	2	3	3
1527	27	31	23
1528	24	38	24
1529	3	1	1
1530	36	41	31
1531	55	45	28
1532	14	12	9
1533	17	20	12
1534	11	6	7
1535	64	79	68
1536	18	11	19
1537	0	1	0
1538	13	32	18
1539	42	60	48
1540	50	42	36
1541	58	47	53
1542	7	3	2
1543	0	0	0
1544	72	73	50
1545	262	240	237
1546	0	0	0
1547	30	13	14
1548	0	0	0
1549	0	0	0
1550	74	67	87
1551	58	48	35
1552	30	32	36
1553	7	5	0
1554	13	19	11
1555	30	33	36
1556	43	41	27
1557	1	0	0
1558	0	1	0
1559	12	10	10
1560	11	16	18
1561	29	26	28
1562	18	6	12
1563	12	10	11
1564	1	3	1
1565	27	30	31
1566	103	84	80
1567	13	12	9
1568	0	0	0
1569	56	58	75
1570	31	37	24
1571	3	2	2
1572	38	36	40
1573	45	50	62
1574	0	0	0
1575	0	4	6
1576	4	7	7
1577	85	79	83
1578	32	40	41
1579	15	7	5
1580	178	171	154
1581	23	23	34
1582	0	0	0
1583	41	47	40
1584	160	134	120
1585	22	19	17
1586	4	9	8
1587	0	0	0
1588	569	530	571
1589	1	0	1
1590	0	0	0
1591	1	3	4
1592	1	13	6
1593	0	1	1
1594	0	0	0
1595	3	6	3
1596	5	7	4
1597	7	5	10
1598	6	1	0
1599	0	0	1
1600	8	11	17
1601	14	17	21
1602	3	5	2
1603	26	18	21
1604	64	58	49
1605	12	13	28
1606	25	26	24
1607	0	0	0
1608	83	89	85
1609	86	78	82
1610	2	0	0
1611	0	0	0
1612	1	2	3
1613	5	6	5
1614	6	4	5
1615	35	41	43
1616	9	13	12
1617	0	0	0
1618	16	22	18
1619	8	9	12
1620	11	17	12
1621	20	14	13
1622	2	0	0
1623	0	0	1
1624	1	0	0
1625	57	40	55
1626	2	4	8
1627	2	1	0
1628	3	4	1
1629	170	139	164
1630	16	14	13
1631	33	36	38
1632	35	44	42
1633	14	19	21
1634	4	7	6
1635	3	4	7
1636	2	0	2
1637	15	16	27
1638	56	59	44
1639	2	3	0
1640	18	32	38
1641	8	20	17
1642	752	777	833
1643	0	0	0
1644	1	1	1
1645	5	5	3
1646	16	16	16
1647	2	2	1
1648	69	72	62
1649	0	1	1
1650	684	644	591
1651	16	11	12
1652	1	0	1
1653	15	20	20
1654	14	16	14
1655	110	111	102
1656	6	4	2
1657	4	5	2
1658	65	59	78
1659	51	49	50
1660	0	1	0
1661	9	12	13
1662	17	24	15
1663	12	8	9
1664	11	10	12
1665	10	12	11
1666	0	0	0
1667	56	62	52
1668	0	1	2
1669	143	116	123
1670	76	91	84
1671	7	5	9
1672	29	29	29
1673	12	8	10
1674	4	5	4
1675	3	1	3
1676	30	33	21
1677	33	33	22
1678	64	54	49
1679	8	6	4
1680	48	61	33
1681	28	22	16
1682	17	14	17
1683	15	23	16
1684	77	83	65
1685	57	56	56
1686	2	4	4
1687	0	0	0
1688	1	0	3
1689	0	0	1
1690	0	2	3
1691	0	0	0
1692	4	5	5
1693	0	0	0
1694	0	0	1
1695	6	5	6
1696	9	4	3
1697	0	0	0
1698	0	0	0
1699	2	1	2
1700	25	29	23
1701	22	24	13
1702	105	108	89
1703	1	0	3
1704	99	102	109
1705	218	213	156
1706	267	309	262
1707	44	42	38
1708	0	1	1
1709	7	5	4
1710	2	1	2
1711	0	1	3
1712	95	85	68
1713	16	11	9
1714	12	12	11
1715	33	32	34
1716	68	81	74
1717	27	25	25
1718	619	560	573
1719	5	3	4
1720	13	9	8
1721	72	75	72
1722	0	0	0
1723	0	1	0
1724	4	6	7
1725	28	24	19
1726	5	5	11
1727	62	66	46
1728	17	16	11
1729	1146	1072	1063
1730	0	1	0
1731	8	3	10
1732	0	4	0
1733	127	93	122
1734	34	38	31
1735	50	58	66
1736	0	0	0
1737	5	6	5
1738	13	12	7
1739	14	16	22
1740	13	8	9
1741	199	226	186
1742	7	6	4
1743	13	8	9
1744	8	5	6
1745	4	5	3
1746	32	27	38
1747	9	1	9
1748	3	2	2
1749	3	11	7
1750	4	10	8
1751	24	13	13
1752	143	154	141
1753	13	15	10
1754	9	7	8
1755	0	0	0
1756	13	21	19
1757	19	23	30
1758	8	9	4
1759	26	19	20
1760	1	0	0
1761	29	38	36
1762	3	0	8
1763	1	1	1
1764	0	0	0
1765	0	0	1
1766	1	1	0
1767	9	9	8
1768	0	0	0
1769	1	0	0
1770	119	96	93
1771	248	224	221
1772	7	3	2
1773	5	4	0
1774	5	5	6
1775	13	12	18
1776	98	122	89
1777	7	4	6
1778	280	264	299
1779	60	45	60
1780	10	11	7
1781	385	395	373
1782	320	291	356
1783	18	24	24
1784	73	66	75
1785	8	16	10
1786	0	0	0
1787	67	87	52
1788	60	55	49
1789	10	13	14
1790	3	13	6
1791	9	5	9
1792	9	5	5
1793	1	1	1
1794	3	1	0
1795	12	12	17
1796	216	214	183
1797	543	495	493
1798	10	9	7
1799	3	6	7
1800	0	1	1
1801	11	10	10
1802	3	2	4
1803	99	88	94
1804	10	18	13
1805	365	380	348
1806	2	5	4
1807	57	44	41
1808	7	5	3
1809	86	61	91
1810	2	6	5
1811	0	0	0
1812	13	11	18
1813	2	2	2
1814	16	10	18
1815	5	13	10
1816	10	5	7
1817	11	4	7
1818	9	10	8
1819	0	1	0
1820	3	1	1
1821	1	1	3
1822	115	118	113
1823	160	105	138
1824	20	15	30
1825	1	4	2
1826	11	17	16
1827	7	14	7
1828	85	63	80
1829	5	1	4
1830	0	0	0
1831	6	5	10
1832	4	18	17
1833	3	2	2
1834	20	40	21
1835	66	67	81
1836	6	2	4
1837	35	38	41
1838	45	42	52
1839	3	5	2
1840	3	5	4
1841	35	32	31
1842	29	23	13
1843	28	28	13
1844	30	22	20
1845	5	3	3
1846	1	1	1
1847	32	31	25
1848	16	6	13
1849	1	0	1
1850	3	2	2
1851	144	91	111
1852	12	8	7
1853	3	3	3
1854	140	133	142
1855	8	24	29
1856	1	1	1
1857	4	1	1
1858	30	22	7
1859	0	5	2
1860	1	1	1
1861	82	54	71
1862	9	11	16
1863	4	5	5
1864	4	10	11
1865	2	7	3
1866	87	72	77
1867	0	5	1
1868	169	157	147
1869	9	8	6
1870	83	80	82
1871	16	15	12
1872	55	39	51
1873	6	12	9
1874	25	14	15
1875	4	1	1
1876	8	14	6
1877	52	42	56
1878	15	18	18
1879	5	18	9
1880	19	11	11
1881	156	155	147
1882	37	44	48
1883	5	1	4
1884	6	11	10
1885	46	51	42
1886	66	70	60
1887	8	2	3
1888	0	0	1
1889	11	10	14
1890	17	15	21
1891	10	12	12
1892	1	0	0
1893	2	0	3
1894	55	40	42
1895	0	0	0
1896	41	46	25
1897	58	65	55
1898	1	3	9
1899	8	9	5
1900	0	2	2
1901	2	3	1
1902	2	2	1
1903	7	1	2
1904	2	1	0
1905	9	7	10
1906	23	25	24
1907	10	10	13
1908	11	5	13
1909	1	1	0
1910	0	1	3
1911	16	19	23
1912	72	85	80
1913	17	29	37
1914	32	23	39
1915	1	1	2
1916	5	5	5
1917	0	0	0
1918	90	71	92
1919	3	3	1
1920	29	33	62
1921	0	0	0
1922	49	40	33
1923	65	50	57
1924	17	15	15
1925	1	6	5
1926	31	48	38
1927	11	11	3
1928	52	53	61
1929	2	2	0
1930	1	7	0
1931	2	1	4
1932	9	7	9
1933	1	1	1
1934	19	31	30
1935	48	36	44
1936	2	4	3
1937	3	1	2
1938	0	0	0
1939	142	125	142
1940	1	2	1
1941	86	112	116
1942	38	44	29
1943	1	1	0
1944	6	4	11
1945	1	4	3
1946	10	4	8
1947	10	7	11
1948	5	11	4
1949	2	5	3
1950	1	0	1
1951	5	4	2
1952	66	61	45
1953	1	0	0
1954	2	1	1
1955	0	0	0
1956	31	24	28
1957	0	0	0
1958	3	4	2
1959	0	0	0
1960	217	207	266
1961	21	20	22
1962	21	11	11
1963	29	39	34
1964	7	13	7
1965	3	5	3
1966	3	1	4
1967	0	1	0
1968	2	3	4
1969	80	74	71
1970	56	55	54
1971	0	1	2
1972	3	0	4
1973	5	8	4
1974	14	16	11
1975	1	0	1
1976	3	4	8
1977	72	56	57
1978	34	25	12
1979	63	61	61
1980	0	0	0
1981	12	11	12
1982	58	59	43
1983	2	5	5
1984	6	2	7
1985	3	2	1
1986	11	8	6
1987	6	6	7
1988	0	0	0
1989	2	5	5
1990	7	4	6
1991	18	23	21
1992	62	71	71
1993	0	0	0
1994	0	1	1
1995	48	34	39
1996	88	58	76
1997	3	7	7
1998	16	14	11
1999	19	16	19
2000	10	4	2
2001	3	1	1
2002	4	3	1
2003	10	17	14
2004	19	20	13
2005	11	9	10
2006	5	4	6
2007	161	117	123
2008	6	1	4
2009	17	12	9
2010	20	26	15
2011	0	0	0
2012	74	67	69
2013	9	14	10
2014	21	24	13
2015	3	4	6
2016	11	4	8
2017	0	2	0
2018	0	0	0
2019	3	4	3
2020	1	1	0
2021	0	0	0
2022	17	16	18
2023	4	5	4
2024	73	75	75
2025	15	13	19
2026	69	75	85
2027	33	27	27
2028	84	76	64
2029	60	65	51
2030	8	8	6
2031	219	206	242
2032	36	48	51
2033	6	4	8
2034	6	12	5
2035	14	15	16
2036	11	6	10
2037	4	6	1
2038	14	19	12
2039	14	13	18
2040	34	39	39
2041	54	43	44
2042	22	25	41
2043	6	17	6
2044	2	1	6
2045	5	2	4
2046	0	0	0
2047	9	5	7
2048	17	24	26
2049	179	175	133
2050	0	0	1
2051	0	1	0
2052	16	19	18
2053	55	43	60
2054	46	47	57
2055	0	0	0
2056	1	1	1
2057	7	7	9
2058	16	14	17
2059	43	42	47
2060	93	78	87
2061	15	11	15
2062	5	5	6
2063	0	0	0
2064	0	0	0
2065	8	5	1
2066	19	26	30
2067	409	429	368
2068	3	1	0
2069	0	2	0
2070	0	0	0
2071	0	0	0
2072	4	1	6
2073	25	20	18
2074	3	3	5
2075	24	17	15
2076	0	0	0
2077	5	5	9
2078	0	0	0
2079	10	6	6
2080	22	15	28
2081	29	19	25
2082	1	2	2
2083	3	2	3
2084	70	64	52
2085	11	10	13
2086	12	12	11
2087	113	124	101
2088	3	3	2
2089	98	91	99
2090	198	190	181
2091	16	17	14
2092	2	0	0
2093	209	159	168
2094	0	0	0
2095	0	0	2
2096	5	4	2
2097	3	2	4
2098	0	0	0
2099	1	2	0
2100	9	7	6
2101	4	8	3
2102	4	3	8
2103	42	38	43
2104	0	0	0
2105	2	0	0
2106	0	0	0
2107	149	125	153
2108	6	10	3
2109	0	2	0
2110	0	0	0
2111	37	49	39
2112	0	0	0
2113	14	21	14
2114	5	4	12
2115	6	1	4
2116	6	9	11
2117	16	18	15
2118	0	3	0
2119	0	0	0
2120	0	0	0
2121	0	0	0
2122	504	497	499
2123	8	19	5
2124	2	0	0
2125	0	0	0
2126	0	3	2
2127	0	0	0
2128	119	122	81
2129	0	0	0
2130	4	5	6
2131	135	125	106
2132	10	22	9
2133	96	97	69
2134	2	0	0
2135	0	0	0
2136	55	35	47
2137	17	11	17
2138	43	35	38
2139	44	37	42
2140	15	23	20
2141	0	0	0
2142	355	344	360
2143	10	5	1
2144	15	22	17
2145	4	11	5
2146	149	111	122
2147	0	1	1
2148	33	31	41
2149	6	5	6
2150	27	12	13
2151	18	13	5
2152	0	0	0
2153	3	0	4
2154	22	22	16
2155	67	47	59
2156	39	37	32
2157	10	9	11
2158	0	0	0
2159	646	735	728
2160	1	0	1
2161	19	16	30
2162	27	27	21
2163	8	6	10
2164	39	43	49
2165	0	0	0
2166	5	2	5
2167	5	1	7
2168	5	1	2
2169	69	35	43
2170	14	10	10
2171	0	0	0
2172	0	0	0
2173	1	6	5
2174	3	6	8
2175	68	77	58
2176	6	7	4
2177	1	3	2
2178	0	0	0
2179	1	2	4
2180	1	1	0
2181	8	5	3
2182	10	13	12
2183	8	2	6
2184	5	4	3
2185	54	64	54
2186	3	5	2
2187	183	197	202
2188	11	3	5
2189	82	84	71
2190	3	1	3
2191	0	0	0
2192	54	45	43
2193	0	0	0
2194	0	1	2
2195	44	36	33
2196	5	6	7
2197	7	5	6
2198	12	7	9
2199	5	3	2
2200	2	2	1
2201	59	87	70
2202	2	0	1
2203	1	0	0
2204	1	1	2
2205	41	28	30
2206	0	0	0
2207	0	1	3
2208	21	17	23
2209	0	2	1
2210	369	362	370
2211	0	0	0
2212	0	0	0
2213	11	5	14
2214	25	24	21
2215	21	21	16
2216	29	25	35
2217	7	6	7
2218	13	14	9
2219	28	21	17
2220	315	300	327
2221	14	9	14
2222	12	4	8
2223	3	4	3
2224	0	0	2
2225	14	6	4
2226	51	35	35
2227	32	28	29
2228	7	13	11
2229	10	8	9
2230	10	11	6
2231	7	8	4
2232	0	0	0
2233	2	0	1
2234	8	3	8
2235	4	6	13
2236	0	0	0
2237	28	32	23
2238	86	85	106
2239	41	52	44
2240	5	3	8
2241	9	11	9
2242	22	18	19
2243	2	0	1
2244	18	16	11
2245	80	89	78
2246	13	7	7
2247	73	62	54
2248	40	33	37
2249	12	13	15
2250	7	7	8
2251	6	4	5
2252	12	6	10
2253	0	0	0
2254	0	0	3
2255	0	0	1
2256	9	1	4
2257	1	2	2
2258	0	0	0
2259	2	0	1
2260	27	11	20
2261	1	1	2
2262	6	6	3
2263	12	6	6
2264	2	0	1
2265	4	1	0
2266	42	39	37
2267	36	20	20
2268	33	23	27
2269	13	6	16
2270	18	11	9
2271	1	2	9
2272	194	185	168
2273	2	2	1
2274	8	6	11
2275	1	2	5
2276	40	57	56
2277	68	71	61
2278	1	2	2
2279	0	0	0
2280	16	16	9
2281	115	97	95
2282	19	12	18
2283	64	67	79
2284	21	8	18
2285	1	0	0
2286	5	6	6
2287	0	0	0
2288	4	2	3
2289	1	5	3
2290	0	0	0
2291	23	6	13
2292	1	0	1
2293	33	40	31
2294	21	16	16
2295	8	8	7
2296	7	2	4
2297	128	116	123
2298	10	9	8
2299	104	122	133
2300	13	20	8
2301	152	149	159
2302	1	2	2
2303	20	14	17
2304	0	0	0
2305	0	0	0
2306	6	4	3
2307	8	3	8
2308	25	25	31
2309	3	0	1
2310	19	23	16
2311	27	28	33
2312	0	1	0
2313	21	16	15
2314	4	7	9
2315	8	14	11
2316	63	58	55
2317	2	3	3
2318	277	279	296
2319	3	3	4
2320	64	60	59
2321	0	3	2
2322	10	11	11
2323	2	1	1
2324	17	15	12
2325	462	451	426
2326	3	3	3
2327	10	6	4
2328	1	0	0
2329	48	33	30
2330	24	17	12
2331	23	29	25
2332	9	9	12
2333	11	13	12
2334	180	177	161
2335	10	11	16
2336	0	0	0
2337	58	38	33
2338	27	14	25
2339	31	27	23
2340	7	5	8
2341	0	0	0
2342	9	7	5
2343	6	10	11
2344	38	31	33
2345	2	0	1
2346	5	6	5
2347	114	103	100
2348	25	23	25
2349	43	48	39
2350	0	0	0
2351	0	0	0
2352	7	7	6
2353	69	74	68
2354	361	420	378
2355	20	13	8
2356	44	64	64
2357	0	1	0
2358	192	203	157
2359	0	0	0
2360	0	0	0
2361	21	14	15
2362	7	10	6
2363	8	12	3
2364	0	0	0
2365	28	21	11
2366	0	0	0
2367	0	1	0
2368	0	0	0
2369	42	62	32
2370	156	164	159
2371	19	25	20
2372	73	69	71
2373	26	31	34
2374	33	33	40
2375	9	10	12
2376	2	0	1
2377	3	1	1
2378	42	31	40
2379	12	19	15
2380	8	6	4
2381	12	15	15
2382	59	54	95
2383	5	5	2
2384	1	0	0
2385	5	1	5
2386	0	0	0
2387	50	39	43
2388	0	2	1
2389	2	2	1
2390	115	115	110
2391	63	62	59
2392	27	24	24
2393	10	8	5
2394	18	14	25
2395	3	2	6
2396	3	4	4
2397	1	5	2
2398	10	7	4
2399	1	3	2
2400	87	91	106
2401	39	33	22
2402	149	155	188
2403	4	2	2
2404	1	2	3
2405	0	0	0
2406	2	3	2
2407	0	1	4
2408	25	15	21
2409	12	18	20
2410	0	2	1
2411	19	20	20
2412	9	8	2
2413	75	49	50
2414	27	16	22
2415	10	9	5
2416	39	47	39
2417	804	859	835
2418	32	36	31
2419	11	3	7
2420	21	21	13
2421	34	30	27
2422	7	3	2
2423	17	20	15
2424	12	10	15
2425	20	19	16
2426	12	20	13
2427	22	19	25
2428	13	7	13
2429	343	326	410
2430	13	13	14
2431	97	94	92
2432	9	10	16
2433	1	6	5
2434	22	11	17
2435	6	6	2
2436	0	0	1
2437	16	14	7
2438	5	4	2
2439	2	2	1
2440	40	35	55
2441	0	0	0
2442	509	533	587
2443	8	7	9
2444	18	10	20
2445	1	1	1
2446	0	1	0
2447	1	1	0
2448	3	6	3
2449	62	44	47
2450	11	15	3
2451	4	4	10
2452	10	1	3
2453	4	6	3
2454	2	2	4
2455	18	20	14
2456	2	3	2
2457	47	45	65
2458	46	29	28
2459	4	12	12
2460	28	33	23
2461	122	113	108
2462	7	13	11
2463	1	2	3
2464	0	0	1
2465	113	109	91
2466	5	5	8
2467	1	2	1
2468	21	17	23
2469	33	20	16
2470	3	4	0
2471	41	33	23
2472	3	1	2
2473	160	152	168
2474	11	7	21
2475	0	0	0
2476	37	23	44
2477	1	3	6
2478	12	13	10
2479	2	2	0
2480	23	19	18
2481	0	2	2
2482	52	40	46
2483	12	25	23
2484	0	2	1
2485	7	6	5
2486	251	227	277
2487	30	32	26
2488	11	15	11
2489	82	68	85
2490	47	39	42
2491	0	0	0
2492	16	10	21
2493	44	44	39
2494	3	2	4
2495	13	6	9
2496	17	8	12
2497	11	7	6
2498	57	55	71
2499	2	2	2
2500	22	19	24
2501	0	0	0
2502	6	6	5
2503	4	7	13
2504	2	3	3
2505	12	9	16
2506	35	45	34
2507	59	62	57
2508	102	89	97
2509	6	5	6
2510	0	0	0
2511	25	8	17
2512	60	55	61
2513	4	8	8
2514	0	0	3
2515	50	30	31
2516	49	43	48
2517	94	80	69
2518	2	3	5
2519	22	26	18
2520	41	26	35
2521	113	99	90
2522	1	3	1
2523	61	57	52
2524	1	4	2
2525	3	3	1
2526	0	2	0
2527	0	1	1
2528	4	15	16
2529	3	8	1
2530	0	0	0
2531	4	1	3
2532	115	116	118
2533	105	104	98
2534	1	0	0
2535	107	105	113
2536	19	20	12
2537	87	96	97
2538	0	0	0
2539	0	0	0
2540	9	2	4
2541	0	5	4
2542	5	3	2
2543	168	161	191
2544	9	9	9
2545	37	46	30
2546	3	3	6
2547	70	59	85
2548	93	111	90
2549	8	19	12
2550	30	36	33
2551	128	122	112
2552	0	0	0
2553	20	26	14
2554	12	13	13
2555	76	76	54
2556	10	10	11
2557	0	0	0
2558	49	54	70
2559	0	0	0
2560	70	68	62
2561	12	5	13
2562	2	0	0
2563	9	16	14
2564	28	25	28
2565	0	0	0
2566	1	1	0
2567	215	229	245
2568	0	0	0
2569	26	36	29
2570	26	33	20
2571	27	32	18
2572	32	34	30
2573	28	27	31
2574	3	4	2
2575	0	1	1
2576	3	3	0
2577	299	285	307
2578	15	15	27
2579	117	135	128
2580	22	20	29
2581	0	0	0
2582	0	0	2
2583	6	3	0
2584	1	2	5
2585	15	7	11
2586	0	1	1
2587	4	2	2
2588	96	85	72
2589	12	11	15
2590	2	2	4
2591	7	9	12
2592	1	2	3
2593	4	7	9
2594	0	0	0
2595	6	2	16
2596	7	15	6
2597	6	5	8
2598	35	50	34
2599	4	1	1
2600	0	1	1
2601	0	0	0
2602	63	46	32
2603	4	0	3
2604	133	162	163
2605	0	0	0
2606	0	0	0
2607	3	0	1
2608	7	3	6
2609	72	82	69
2610	11	10	10
2611	0	0	2
2612	3	6	7
2613	0	0	0
2614	1	1	2
2615	0	2	0
2616	1	3	1
2617	2	4	2
2618	25	12	8
2619	0	0	0
2620	21	16	17
2621	84	57	79
2622	75	71	86
2623	9	12	8
2624	1	0	1
2625	0	0	0
2626	0	0	0
2627	1	3	1
2628	0	0	0
2629	13	18	15
2630	43	50	43
2631	0	3	1
2632	0	0	0
2633	16	4	14
2634	6	9	3
2635	8	7	7
2636	26	28	19
2637	1	6	4
2638	0	0	0
2639	2	1	1
2640	0	0	0
2641	34	30	25
2642	4	0	2
2643	21	21	26
2644	12	10	10
2645	3	1	8
2646	1	1	0
2647	0	1	1
2648	0	1	0
2649	68	41	51
2650	75	89	69
2651	8	6	7
2652	20	25	20
2653	5	14	3
2654	13	16	13
2655	0	3	0
2656	4	5	1
2657	30	28	20
2658	26	15	15
2659	7	4	1
2660	3	1	3
2661	3	2	1
2662	6	13	10
2663	5	11	8
2664	21	20	29
2665	78	75	79
2666	4	0	4
2667	17	10	13
2668	13	11	7
2669	2	1	0
2670	9	13	0
2671	2	6	9
2672	0	0	0
2673	0	0	1
2674	21	25	23
2675	32	20	24
2676	1	0	2
2677	13	9	9
2678	4	5	3
2679	12	20	20
2680	0	0	0
2681	0	0	0
2682	28	17	24
2683	0	0	0
2684	0	0	0
2685	0	0	0
2686	0	0	0
2687	0	0	1
2688	46	41	38
2689	20	15	11
2690	20	14	17
2691	16	16	5
2692	0	1	0
2693	17	32	24
2694	1	1	0
2695	48	27	37
2696	1	3	3
2697	8	16	4
2698	3	6	7
2699	31	33	22
2700	0	1	0
2701	6	9	6
2702	38	32	40
2703	11	11	6
2704	12	11	8
2705	5	4	3
2706	19	9	16
2707	13	11	14
2708	0	0	0
2709	16	27	21
2710	14	16	13
2711	40	33	39
2712	16	16	15
2713	26	24	43
2714	3	1	1
2715	17	20	23
2716	0	0	0
2717	0	0	0
2718	0	2	1
2719	8	5	2
2720	6	12	10
2721	0	0	0
2722	36	27	33
2723	19	13	16
2724	156	136	168
2725	181	214	255
2726	0	0	0
2727	25	29	30
2728	3	6	2
2729	21	17	20
2730	64	73	66
2731	0	0	0
2732	0	2	0
2733	4	2	3
2734	0	0	0
2735	1	0	0
2736	0	0	0
2737	10	17	15
2738	13	18	13
2739	5	8	5
2740	13	11	12
2741	1	5	3
2742	45	67	34
2743	121	92	105
2744	0	0	0
2745	5	5	2
2746	0	2	1
2747	14	22	32
2748	0	0	0
2749	14	9	13
2750	35	35	27
2751	6	2	6
2752	6	5	11
2753	16	11	10
2754	16	19	14
2755	15	19	16
2756	110	124	86
2757	0	0	0
2758	0	0	0
2759	16	15	13
2760	48	49	39
2761	0	1	0
2762	13	16	14
2763	389	358	319
2764	40	17	20
2765	18	18	16
2766	4	4	3
2767	13	13	8
2768	10	10	14
2769	574	521	500
2770	0	0	0
2771	5	4	1
2772	70	53	40
2773	0	3	2
2774	3	4	5
2775	4	3	3
2776	14	10	13
2777	0	0	0
2778	0	0	0
2779	354	366	390
2780	228	158	170
2781	13	18	16
2782	8	4	7
2783	1	1	0
2784	2	5	3
2785	0	0	0
2786	7	6	2
2787	1	5	2
2788	81	63	59
2789	17	18	23
2790	6	6	8
2791	5	12	6
2792	10	3	6
2793	497	494	491
2794	86	96	109
2795	307	303	308
2796	0	0	0
2797	53	52	58
2798	0	0	0
2799	9	12	10
2800	27	23	22
2801	163	187	181
2802	7	16	9
2803	17	12	17
2804	16	14	17
2805	7	8	3
2806	27	28	31
2807	959	966	951
2808	20	20	21
2809	174	190	165
2810	12	14	22
2811	45	32	22
2812	5	8	2
2813	12	13	20
2814	10	4	11
2815	0	1	1
2816	13	8	6
2817	10	9	9
2818	0	0	0
2819	4	0	3
2820	189	189	196
2821	29	20	15
2822	18	19	18
2823	0	0	0
2824	27	29	24
2825	57	74	57
2826	123	123	154
2827	8	11	18
2828	1	0	0
2829	7	10	10
2830	1640	1587	1610
2831	191	193	175
2832	169	130	144
2833	0	1	0
2834	109	104	107
2835	12	8	8
2836	4	8	10
2837	18	26	30
2838	9	8	10
2839	3	5	1
2840	174	155	179
2841	25	16	29
2842	1	1	0
2843	0	3	1
2844	28	41	45
2845	15	10	10
2846	973	894	852
2847	6	7	4
2848	5	4	4
2849	0	0	0
2850	38	29	30
2851	10	8	10
2852	8	7	2
2853	16	10	13
2854	4	6	3
2855	12	16	15
2856	20	17	10
2857	7	7	7
2858	72	82	105
2859	9	9	6
2860	0	0	0
2861	3	4	5
2862	10	12	11
2863	4	9	4
2864	1	0	0
2865	14	8	5
2866	0	0	0
2867	16	6	5
2868	0	1	0
2869	0	0	0
2870	0	0	0
2871	178	174	197
2872	0	0	0
2873	12	12	8
2874	146	156	129
2875	26	45	43
2876	10	4	12
2877	119	108	92
2878	10	11	6
2879	0	0	0
2880	8	5	2
2881	10	6	5
2882	27	26	20
2883	1	2	3
2884	23	14	13
2885	4	7	4
2886	15	19	10
2887	0	0	0
2888	2	2	3
2889	10	13	17
2890	62	46	72
2891	34	30	33
2892	3	2	1
2893	1	4	6
2894	17	16	9
2895	20	17	10
2896	27	24	22
2897	5	4	3
2898	20	6	7
2899	36	27	31
2900	42	31	31
2901	2	2	1
2902	1	5	2
2903	28	27	30
2904	135	144	121
2905	50	51	48
2906	229	158	172
2907	0	0	0
2908	4	5	4
2909	13	14	12
2910	42	48	33
2911	14	15	11
2912	8	10	14
2913	69	67	67
2914	7	8	8
2915	26	14	19
2916	0	4	4
2917	22	12	19
2918	7	3	9
2919	3	4	4
2920	0	0	0
2921	5	4	1
2922	4	5	3
2923	37	43	52
2924	0	0	1
2925	21	13	23
2926	6	8	10
2927	90	81	81
2928	6	7	7
2929	8	8	4
2930	11	8	9
2931	11	9	8
2932	75	67	81
2933	81	75	57
2934	7	7	11
2935	71	60	65
2936	5	11	7
2937	1	4	0
2938	53	36	36
2939	33	29	28
2940	68	53	55
2941	19	13	15
2942	3	2	3
2943	5	5	4
2944	26	28	24
2945	18	25	16
2946	91	117	88
2947	1	4	4
2948	18	6	4
2949	4	4	4
2950	2	2	2
2951	144	144	165
2952	0	0	1
2953	6	0	5
2954	1	1	1
2955	2	3	1
2956	5	9	4
2957	20	9	14
2958	6	5	4
2959	3	3	2
2960	4	5	6
2961	3	4	7
2962	17	10	20
2963	26	26	17
2964	26	21	19
2965	4	1	3
2966	15	13	26
2967	0	0	0
2968	0	0	0
2969	2	2	1
2970	8	8	9
2971	24	11	19
2972	26	30	25
2973	78	75	76
2974	1	0	0
2975	27	25	39
2976	34	26	28
2977	53	55	44
2978	15	13	7
2979	0	0	0
2980	0	0	1
2981	4	5	1
2982	8	9	8
2983	29	40	41
2984	48	51	48
2985	2	2	3
2986	0	0	0
2987	208	195	203
2988	0	0	0
2989	23	35	28
2990	3	7	8
2991	16	19	16
2992	6	6	10
2993	0	0	0
2994	8	8	11
2995	26	13	24
2996	19	8	7
2997	2	4	5
2998	130	111	114
2999	8	1	4
3000	378	344	395
3001	4	9	5
3002	5	2	3
3003	6	8	3
3004	17	24	22
3005	0	1	0
3006	1	2	1
3007	35	30	29
3008	14	20	17
3009	56	46	40
3010	3	1	3
3011	16	12	15
3012	18	12	9
3013	90	82	95
3014	0	0	0
3015	46	41	45
3016	40	34	23
3017	12	7	8
3018	3	0	2
3019	13	11	16
3020	28	32	28
3021	0	0	0
3022	24	23	23
3023	106	103	90
3024	100	97	124
3025	4	4	3
3026	28	20	25
3027	36	24	25
3028	731	753	732
3029	49	45	57
3030	0	1	0
3031	0	1	0
3032	6	8	7
3033	7	6	15
3034	12	10	12
3035	9	11	10
3036	5	8	4
3037	27	21	16
3038	102	70	90
3039	62	70	58
3040	10	6	4
3041	36	17	44
3042	1	5	2
3043	74	80	70
3044	3	2	1
3045	17	19	16
3046	14	14	17
3047	59	47	38
3048	7	7	1
3049	14	13	24
3050	146	162	156
3051	1	1	2
3052	1	4	0
3053	0	0	0
3054	25	27	30
3055	50	42	38
3056	9	5	10
3057	60	56	37
3058	12	9	8
3059	24	10	11
3060	21	16	19
3061	14	18	10
3062	45	44	39
3063	5	3	5
3064	18	17	17
3065	40	31	34
3066	4	6	1
3067	65	50	54
3068	81	87	73
3069	0	0	0
3070	10	15	6
3071	47	46	54
3072	2	6	3
3073	7	16	16
3074	18	13	19
3075	4	4	7
3076	2	1	2
3077	0	0	0
3078	8	12	8
3079	13	8	8
3080	4	3	1
3081	4	6	3
3082	13	11	4
3083	20	19	14
3084	29	26	28
3085	0	0	0
3086	5	10	6
3087	126	116	141
3088	86	65	75
3089	57	100	84
3090	26	42	24
3091	33	16	22
3092	257	285	253
3093	4	5	13
3094	4	6	3
3095	54	63	57
3096	1	1	1
3097	0	0	0
3098	28	19	32
3099	2	2	2
3100	0	0	0
3101	1	0	0
3102	95	87	93
3103	13	20	20
3104	121	113	137
3105	2	3	10
3106	11	16	8
3107	0	3	1
3108	8	7	10
3109	1	2	4
3110	128	136	121
3111	7	29	3
3112	11	19	18
3113	0	0	0
3114	10	14	12
3115	433	460	461
3116	53	41	40
3117	0	0	0
3118	61	57	44
3119	51	37	30
3120	7	10	11
3121	15	24	26
3122	40	41	32
3123	10	13	14
3124	6	1	3
3125	117	91	69
3126	13	19	9
3127	24	27	25
3128	71	76	91
3129	24	22	20
3130	29	30	33
3131	2	0	0
3132	0	0	0
3133	0	0	0
3134	38	33	50
3135	66	53	41
3136	0	0	0
3137	13	11	16
3138	21	25	20
3139	206	218	205
3140	5	7	4
3141	0	0	0
3142	211	192	198
3143	4	5	4
3144	53	48	46
3145	1	5	3
3146	30	47	43
3147	39	54	36
3148	2	0	2
3149	4	2	0
3150	25	19	17
3151	0	0	1
3152	16	29	17
3153	62	56	56
3154	11	6	12
3155	2	1	3
3156	29	25	27
3157	5	4	11
3158	30	34	29
3159	0	0	0
3160	0	0	0
3161	7	5	5
3162	9	7	10
3163	9	11	4
3164	30	29	33
3165	76	63	55
3166	1	1	3
3167	13	13	12
3168	33	22	24
3169	15	9	10
3170	1	1	0
3171	18	15	10
3172	0	1	0
3173	1	0	0
3174	22	24	26
3175	165	147	153
3176	28	25	21
3177	4	6	6
3178	7	4	8
3179	8	5	1
3180	25	24	26
3181	1756	1796	2009
3182	0	0	0
3183	1	0	1
3184	1	0	3
3185	1	3	5
3186	69	71	60
3187	67	44	61
3188	280	295	335
3189	2	6	0
3190	142	124	117
3191	3	1	1
3192	4	3	3
3193	3	3	4
3194	2	3	0
3195	5	2	9
3196	34	33	33
3197	6	6	3
3198	1	1	0
3199	79	59	69
3200	35	38	32
3201	0	0	1
3202	3	3	1
3203	2	1	2
3204	7	13	9
3205	23	12	13
3206	2698	2614	2611
3207	18	14	20
3208	153	127	125
3209	112	111	108
3210	37	28	20
3211	1	2	4
3212	0	0	0
3213	8	14	12
3214	34	29	35
3215	41	29	31
3216	1	0	0
3217	5	11	7
3218	226	208	197
3219	115	87	103
3220	18	19	24
3221	26	22	20
3222	204	191	181
3223	11	9	10
3224	9	0	5
3225	235	249	219
3226	21	17	28
3227	5	9	9
3228	229	188	251
3229	62	75	77
3230	0	1	0
3231	20	13	10
3232	29	19	18
3233	93	120	100
3234	15	17	17
3235	8	9	11
3236	1	10	8
3237	20	37	24
3238	49	46	53
3239	217	209	217
3240	43	57	47
3241	5	0	1
3242	650	651	525
3243	5	5	5
3244	14	21	26
3245	20	18	18
3246	24	33	24
3247	0	0	0
3248	38	30	28
3249	3	4	5
3250	5	11	6
3251	0	0	0
3252	0	0	1
3253	35	27	34
3254	27	23	18
3255	12	11	12
3256	56	38	43
3257	15	15	13
3258	1	3	3
3259	11	10	7
3260	0	0	0
3261	13	10	15
3262	16	10	18
3263	0	2	1
3264	101	96	108
3265	1	0	0
3266	81	90	62
3267	5	5	6
3268	6	12	8
3269	6	12	6
3270	0	1	2
3271	71	72	84
3272	247	288	282
3273	6	2	3
3274	0	4	3
3275	9	6	6
3276	2	1	5
3277	3	1	3
3278	17	20	12
3279	17	14	12
3280	2	1	1
3281	2	2	1
3282	71	59	63
3283	4	2	2
3284	6	4	3
3285	0	0	1
3286	0	1	1
3287	0	0	0
3288	0	0	0
3289	0	0	0
3290	0	0	0
3291	6	10	11
3292	11	17	18
3293	428	453	461
3294	26	20	24
3295	46	33	43
3296	29	14	15
3297	66	44	39
3298	9	10	9
3299	1	3	3
3300	2	2	2
3301	3	2	1
3302	127	134	122
3303	73	91	86
3304	26	28	22
3305	23	19	17
3306	4	12	8
3307	126	120	118
3308	12	8	3
3309	10	8	5
3310	1	1	1
3311	23	15	20
3312	0	1	2
3313	55	59	68
3314	41	27	25
3315	13	13	6
3316	48	37	29
3317	56	68	48
3318	6	12	9
3319	78	72	78
3320	0	0	0
3321	6	7	6
3322	0	4	3
3323	28	17	6
3324	93	96	140
3325	3	1	1
3326	8	4	9
3327	10	14	14
3328	41	38	32
3329	1	0	0
3330	2	6	4
3331	2	2	1
3332	16	27	18
3333	10	4	8
3334	7	2	6
3335	1	2	3
3336	11	9	5
3337	0	1	2
3338	22	18	17
3339	8	7	7
3340	157	132	162
3341	240	278	264
3342	18	18	15
3343	1	0	1
3344	467	433	429
3345	10	9	4
3346	49	37	39
3347	42	37	21
3348	339	326	301
3349	18	21	21
3350	36	36	44
3351	7	12	7
3352	13	10	11
3353	0	0	0
3354	310	320	338
3355	0	2	1
3356	58	76	55
3357	136	143	156
3358	98	103	120
3359	1	0	0
3360	0	0	0
3361	36	26	45
3362	91	87	74
3363	22	21	25
3364	12	10	19
3365	24	18	27
3366	116	96	84
3367	20	20	28
3368	0	0	0
3369	138	132	119
3370	84	85	69
3371	34	39	27
3372	7	6	7
3373	53	61	49
3374	1	1	0
3375	17	22	14
3376	126	112	130
3377	3	8	7
3378	2	0	2
3379	0	0	0
3380	0	0	0
3381	87	86	85
3382	108	94	87
3383	62	38	55
3384	1	2	1
3385	0	0	0
3386	22	20	15
3387	2	8	4
3388	0	0	0
3389	3	3	4
3390	34	37	24
3391	3	3	2
3392	16	14	26
3393	44	44	30
3394	15	30	18
3395	25	25	30
3396	0	0	0
3397	335	317	338
3398	30	19	23
3399	0	0	0
3400	0	0	0
3401	0	0	0
3402	0	0	0
3403	0	0	0
3404	0	0	0
3405	1	4	0
3406	5	1	1
3407	3	7	7
3408	85	107	80
3409	72	72	40
3410	0	1	0
3411	13	21	10
3412	73	77	61
3413	5	4	7
3414	4	1	0
3415	3	1	1
3416	11	8	9
3417	1	1	0
3418	15	14	12
3419	0	0	0
3420	8	3	4
3421	10	8	14
3422	38	26	31
3423	12	13	9
3424	0	0	0
3425	81	80	77
3426	55	35	51
3427	20	12	11
3428	216	220	191
3429	9	10	5
3430	0	4	4
3431	105	90	88
3432	17	8	19
3433	37	22	26
3434	18	5	4
3435	15	6	8
3436	0	2	1
3437	57	51	36
3438	6	3	3
3439	12	15	9
3440	29	27	29
3441	211	197	237
3442	0	0	0
3443	44	65	40
3444	1	0	2
3445	19	14	9
3446	20	10	8
3447	0	0	0
3448	4	3	4
3449	0	0	0
3450	0	1	1
3451	0	0	0
3452	0	0	0
3453	11	16	17
3454	150	125	154
3455	1	3	7
3456	29	50	45
3457	9	10	14
3458	0	0	1
3459	62	74	107
3460	36	42	51
3461	17	20	19
3462	8	7	7
3463	0	0	0
3464	0	0	0
3465	6	13	14
3466	2	8	3
3467	5	2	3
3468	110	107	83
3469	4	6	3
3470	34	26	33
3471	0	0	0
3472	18	17	12
3473	19	18	21
3474	2	3	1
3475	13	9	16
3476	46	35	32
3477	73	56	55
3478	4	3	9
3479	28	27	27
3480	0	1	1
3481	41	36	35
3482	3	0	1
3483	88	90	94
3484	0	0	0
3485	42	34	38
3486	16	9	10
3487	27	21	34
3488	157	156	172
3489	9	10	11
3490	119	107	118
3491	0	0	0
3492	527	459	572
3493	33	18	37
3494	100	92	108
3495	257	285	303
3496	12	14	11
3497	7	8	6
3498	6	13	6
3499	1	1	1
3500	167	159	165
3501	11	12	12
3502	28	36	30
3503	6	6	1
3504	0	1	0
3505	1	2	3
3506	7	7	5
3507	34	30	43
3508	7	7	8
3509	193	190	213
3510	16	12	11
3511	46	37	39
3512	48	47	33
3513	15	20	15
3514	12	17	11
3515	4	5	2
3516	39	43	50
3517	0	1	0
3518	10	13	8
3519	19	22	22
3520	37	46	41
3521	15	19	28
3522	2	6	5
3523	0	0	2
3524	14	14	11
3525	70	52	56
3526	0	2	1
3527	131	96	99
3528	25	14	15
3529	14	13	15
3530	15	20	13
3531	4	1	4
3532	1	1	1
3533	11	7	8
3534	14	10	11
3535	2	1	1
3536	1	2	1
3537	19	17	9
3538	55	54	70
3539	147	155	122
3540	1	0	0
3541	16	17	14
3542	28	35	28
3543	0	2	5
3544	8	6	7
3545	42	31	25
3546	108	100	106
3547	52	46	55
3548	1	0	0
3549	12	10	18
3550	34	33	25
3551	80	65	58
3552	73	69	62
3553	18	9	5
3554	0	0	0
3555	11	8	4
3556	10	12	10
3557	48	51	48
3558	63	56	53
3559	0	0	0
3560	49	44	39
3561	2	3	2
3562	613	611	628
3563	45	45	51
3564	10	10	11
3565	5	11	6
3566	31	18	19
3567	63	74	70
3568	10	1	5
3569	10	14	6
3570	2	0	0
3571	48	56	54
3572	0	1	0
3573	47	48	37
3574	21	18	10
3575	29	27	31
3576	21	16	19
3577	25	12	8
3578	24	30	29
3579	73	57	58
3580	5	4	3
3581	75	100	99
3582	12	11	15
3583	1	3	1
3584	34	40	38
3585	0	0	1
3586	109	108	80
3587	40	34	31
3588	311	285	281
3589	0	2	0
3590	25	25	34
3591	3	11	15
3592	98	101	105
3593	36	31	32
3594	186	189	178
3595	49	46	46
3596	50	51	56
3597	7	6	7
3598	1	0	1
3599	113	122	106
3600	13	21	15
3601	56	61	43
3602	8	18	15
3603	0	0	1
3604	32	38	28
3605	0	2	0
3606	165	193	201
3607	1	3	1
3608	0	3	1
3609	1	7	4
3610	10	7	10
3611	17	17	24
3612	4	6	1
3613	0	6	2
3614	5	5	5
3615	13	9	6
3616	22	34	26
3617	0	0	0
3618	3	1	2
3619	28	25	28
3620	58	65	70
3621	1	2	4
3622	8	9	8
3623	9	8	5
3624	12	21	34
3625	52	45	58
3626	4	6	8
3627	2	5	3
3628	209	207	202
3629	8	10	10
3630	0	0	1
3631	16	8	9
3632	26	25	31
3633	95	97	77
3634	75	80	72
3635	503	471	491
3636	3	1	0
3637	1	1	0
3638	1	2	1
3639	6	16	4
3640	60	40	44
3641	0	0	0
3642	215	185	183
3643	0	2	0
3644	36	40	43
3645	12	4	6
3646	167	182	159
3647	0	0	0
3648	12	13	8
3649	2	2	1
3650	39	31	19
3651	0	0	0
3652	0	0	1
3653	44	49	40
3654	21	23	13
3655	0	0	0
3656	19	18	16
3657	0	0	0
3658	5	4	2
3659	70	70	74
3660	11	11	14
3661	187	183	142
3662	42	38	30
3663	0	2	0
3664	4	4	5
3665	3	5	1
3666	6	10	3
3667	14	4	10
3668	15	17	14
3669	192	164	175
3670	5	0	4
3671	5	5	4
3672	789	724	693
3673	1	0	0
3674	0	0	0
3675	258	303	311
3676	55	73	57
3677	34	33	31
3678	177	157	170
3679	197	166	185
3680	0	0	0
3681	0	0	0
3682	0	0	0
3683	46	53	33
3684	22	33	21
3685	2	4	1
3686	93	80	90
3687	11	13	17
3688	0	2	2
3689	221	229	237
3690	12	15	7
3691	76	58	67
3692	38	37	50
3693	6	2	5
3694	1	2	4
3695	22	12	34
3696	76	63	79
3697	33	19	18
3698	25	38	33
3699	105	105	116
3700	7	4	7
3701	80	68	70
3702	2	0	1
3703	52	46	45
3704	12	15	21
3705	4	3	2
3706	0	0	0
3707	1	1	0
3708	0	0	0
3709	17	14	8
3710	14	8	11
3711	8	6	4
3712	2	0	1
3713	0	0	0
3714	0	0	0
3715	5	5	6
3716	0	0	0
3717	2	0	0
3718	0	0	0
3719	38	16	20
3720	0	1	0
3721	7	10	7
3722	174	177	182
3723	3	5	1
3724	110	128	90
3725	16	23	22
3726	114	120	89
3727	132	136	130
3728	21	43	33
3729	75	71	58
3730	11	9	11
3731	4	7	6
3732	0	1	1
3733	4	3	1
3734	262	225	242
3735	147	141	115
3736	7	5	4
3737	16	14	15
3738	15	17	12
3739	35	56	31
3740	11	12	11
3741	1	1	0
3742	0	0	0
3743	30	37	19
3744	27	26	14
3745	54	51	37
3746	18	12	12
3747	2	15	10
3748	14	16	12
3749	18	17	23
3750	9	7	12
3751	7	7	5
3752	187	190	164
3753	1	0	0
3754	12	18	9
3755	0	0	0
3756	61	59	71
3757	8	2	5
3758	7	10	11
3759	16	15	20
3760	233	239	206
3761	526	530	494
3762	170	203	153
3763	16	19	20
3764	1	1	0
3765	7	8	3
3766	2	1	0
3767	63	77	82
3768	5	7	9
3769	7	5	9
3770	6	9	8
3771	128	117	94
3772	117	140	136
3773	7	6	6
3774	91	73	88
3775	8	7	2
3776	15	7	10
3777	8	5	11
3778	30	23	28
3779	0	1	0
3780	36	30	34
3781	21	38	15
3782	16	21	26
3783	9	13	6
3784	22	23	16
3785	12	9	9
3786	0	0	0
3787	74	69	88
3788	17	15	20
3789	43	44	35
3790	9	13	4
3791	0	0	0
3792	1	0	0
3793	2	1	5
3794	12	6	15
3795	54	53	52
3796	12	13	9
3797	103	85	114
3798	0	0	0
3799	23	22	19
3800	1	1	3
3801	26	21	15
3802	5	8	0
3803	14	16	13
3804	30	34	36
3805	15	16	7
3806	36	37	35
3807	6	4	1
3808	27	26	32
3809	0	0	0
3810	4	3	2
3811	2	1	6
3812	12	9	17
3813	14	8	3
3814	28	34	26
3815	7	8	8
3816	29	27	25
3817	10	9	13
3818	0	0	0
3819	43	39	47
3820	36	34	26
3821	7	2	3
3822	0	0	0
3823	3	3	0
3824	0	0	0
3825	12	11	9
3826	8	3	7
3827	8	12	7
3828	0	0	0
3829	5	1	3
3830	12	9	17
3831	44	39	33
3832	10	11	11
3833	14	15	18
3834	10	13	7
3835	0	0	0
3836	1	0	0
3837	0	0	0
3838	55	66	66
3839	21	21	23
3840	2	6	4
3841	84	89	59
3842	22	23	16
3843	13	17	16
3844	17	28	26
3845	5	7	2
3846	37	45	44
3847	6	4	4
3848	21	29	23
3849	2	9	5
3850	2	0	0
3851	79	53	59
3852	11	5	4
3853	9	7	6
3854	14	16	14
3855	42	21	15
3856	0	0	0
3857	6	1	2
3858	10	12	9
3859	10	5	6
3860	0	0	0
3861	3	1	0
3862	38	27	39
3863	51	55	49
3864	8	3	10
3865	0	0	0
3866	0	0	0
3867	3	4	2
3868	3	2	4
3869	20	17	11
3870	3	5	5
3871	25	29	13
3872	4	1	3
3873	1	1	0
3874	59	43	47
3875	1	0	2
3876	3	4	12
3877	10	19	15
3878	31	28	33
3879	5	5	10
3880	37	44	33
3881	38	27	23
3882	410	347	384
3883	0	1	0
3884	3	2	6
3885	0	1	0
3886	1946	1848	1879
3887	3	7	2
3888	41	55	44
3889	24	17	21
3890	2	2	0
3891	21	18	28
3892	245	202	195
3893	0	0	0
3894	7	11	8
3895	23	33	22
3896	55	60	58
3897	17	11	11
3898	28	23	31
3899	18	14	6
3900	6	8	5
3901	1	0	1
3902	32	26	31
3903	28	63	56
3904	53	52	57
3905	14	19	25
3906	28	23	28
3907	328	335	339
3908	11	10	9
3909	11	13	16
3910	36	37	20
3911	136	142	148
3912	2	1	0
3913	4	7	3
3914	0	0	1
3915	31	26	31
3916	8	6	6
3917	13	18	11
3918	25	11	16
3919	19	19	20
3920	30	30	30
3921	70	78	61
3922	31	56	45
3923	0	0	0
3924	35	32	41
3925	163	150	189
3926	21	19	18
3927	39	29	30
3928	10	6	3
3929	42	43	43
3930	1	4	1
3931	27	40	25
3932	15	7	9
3933	1	0	0
3934	49	50	63
3935	0	0	0
3936	2	8	9
3937	15	14	13
3938	1	0	0
3939	77	91	111
3940	37	51	35
3941	5	6	3
3942	0	0	0
3943	80	122	76
3944	2	1	2
3945	30	40	24
3946	1	0	0
3947	7	16	12
3948	19	16	25
3949	6	4	6
3950	17	15	4
3951	43	29	30
3952	0	0	0
3953	3	14	4
3954	3	9	4
3955	55	41	34
3956	0	0	4
3957	1	2	5
3958	18	20	18
3959	23	21	23
3960	7	4	0
3961	3	0	3
3962	1	1	0
3963	0	1	0
3964	6	6	5
3965	19	11	9
3966	1	0	1
3967	221	226	222
3968	20	21	16
3969	153	150	157
3970	29	32	30
3971	11	10	10
3972	13	10	8
3973	20	14	18
3974	1	1	1
3975	63	63	73
3976	8	11	6
3977	9	9	5
3978	63	68	41
3979	23	36	22
3980	63	51	62
3981	103	81	73
3982	129	142	153
3983	0	1	0
3984	5	7	5
3985	140	118	135
3986	36	55	39
3987	91	63	65
3988	1	0	0
3989	1	0	0
3990	12	13	15
3991	32	30	24
3992	5	2	5
3993	11	13	7
3994	9	2	8
3995	19	8	14
3996	23	18	24
3997	11	18	19
3998	21	10	5
3999	18	5	12
4000	0	0	0
4001	1	2	0
4002	5	6	10
4003	10	18	18
4004	171	149	143
4005	4	8	4
4006	66	55	71
4007	147	225	147
4008	10	15	10
4009	4	3	4
4010	14	17	17
4011	19	18	26
4012	64	40	43
4013	0	0	1
4014	45	40	38
4015	31	18	19
4016	69	51	41
4017	50	66	66
4018	116	112	114
4019	28	26	22
4020	0	1	0
4021	0	0	0
4022	459	395	391
4023	22	13	10
4024	8	18	16
4025	76	73	72
4026	7	6	5
4027	32	38	42
4028	3	2	5
4029	144	131	116
4030	202	173	146
4031	39	39	32
4032	34	37	31
4033	18	12	16
4034	4	4	0
4035	43	37	40
4036	13	6	5
4037	0	0	0
4038	118	123	122
4039	41	34	37
4040	12	13	15
4041	49	55	32
4042	4	1	2
4043	7	17	12
4044	36	27	44
4045	23	32	39
4046	1	1	2
4047	9	12	13
4048	14	13	19
4049	44	32	33
4050	14	9	13
4051	0	1	0
4052	0	1	0
4053	4	1	0
4054	5	6	3
4055	1	4	4
4056	3	1	3
4057	19	7	11
4058	1	2	0
4059	0	0	0
4060	2	2	1
4061	52	68	61
4062	108	105	101
4063	3	5	3
4064	21	15	17
4065	7	8	3
4066	3	1	1
4067	46	60	52
4068	0	1	1
4069	2	1	1
4070	3	1	1
4071	19	16	18
4072	0	0	1
4073	3	1	5
4074	16	15	23
4075	0	0	2
4076	45	47	61
4077	0	0	0
4078	0	0	0
4079	5	2	3
4080	0	0	0
4081	31	23	23
4082	0	0	0
4083	1	1	0
4084	14	11	14
4085	8	13	8
4086	0	4	0
4087	21	21	6
4088	2	6	7
4089	5	5	3
4090	29	25	30
4091	2	2	4
4092	2	2	3
4093	1	0	0
4094	0	0	0
4095	877	916	912
4096	0	0	0
4097	35	38	21
4098	17	7	14
4099	6	4	7
4100	60	46	52
4101	0	4	4
4102	4	10	8
4103	20	28	17
4104	7	14	12
4105	15	20	17
4106	0	0	0
4107	0	0	0
4108	53	37	41
4109	4	6	6
4110	27	28	29
4111	3	5	1
4112	8	7	12
4113	8	5	2
4114	7	6	7
4115	91	104	93
4116	8	2	4
4117	54	35	49
4118	1	1	0
4119	0	0	1
4120	1	2	4
4121	27	21	19
4122	3	4	2
4123	0	0	0
4124	0	0	0
4125	0	0	0
4126	0	0	0
4127	0	0	0
4128	0	0	0
4129	0	0	0
4130	55	65	79
4131	22	15	14
4132	37	31	30
4133	51	59	54
4134	15	4	3
4135	12	10	7
4136	3	1	7
4137	9	3	10
4138	9	8	7
4139	3	1	1
4140	0	0	0
4141	0	0	0
4142	0	0	0
4143	0	0	0
4144	39	45	47
4145	8	6	5
4146	6	11	8
4147	1	3	0
4148	0	0	0
4149	2	3	0
4150	0	0	0
4151	3	11	8
4152	52	44	46
4153	5	3	2
4154	20	24	21
4155	0	0	1
4156	6	8	10
4157	0	1	1
4158	79	74	62
4159	3	2	0
4160	127	107	81
4161	128	155	127
4162	7	12	7
4163	0	3	2
4164	1	1	1
4165	140	153	143
4166	3	3	7
4167	8	7	4
4168	19	14	22
4169	19	16	20
4170	0	0	0
4171	88	94	85
4172	4	3	2
4173	8	14	19
4174	105	98	80
4175	29	31	35
4176	51	48	59
4177	16	14	21
4178	57	41	40
4179	2	0	1
4180	0	0	0
4181	131	114	134
4182	16	10	7
4183	5	7	5
4184	2	1	1
4185	1	0	0
4186	1	2	4
4187	15	17	15
4188	0	1	1
4189	10	8	8
4190	34	31	25
4191	58	51	56
4192	0	0	2
4193	0	2	1
4194	9	7	7
4195	9	9	13
4196	4	4	1
4197	0	0	0
4198	61	49	59
4199	15	17	19
4200	0	2	1
4201	53	39	31
4202	3	4	2
4203	5	7	3
4204	183	193	169
4205	2	2	0
4206	7	12	7
4207	10	22	16
4208	13	23	14
4209	12	8	8
4210	18	21	16
4211	131	134	118
4212	10	13	9
4213	4	3	3
4214	3	11	12
4215	13	22	7
4216	10	6	7
4217	0	0	0
4218	0	0	0
4219	5	6	3
4220	4	3	3
4221	22	18	17
4222	79	57	49
4223	0	1	0
4224	29	24	21
4225	1	1	3
4226	66	77	73
4227	2	2	2
4228	8	11	12
4229	7	10	11
4230	13	12	25
4231	18	24	32
4232	20	20	21
4233	37	28	29
4234	23	23	22
4235	7	14	9
4236	18	30	27
4237	79	86	78
4238	5	5	6
4239	45	30	17
4240	35	41	36
4241	2	3	1
4242	30	23	25
4243	2	3	0
4244	1	0	1
4245	78	45	51
4246	25	26	13
4247	86	76	73
4248	52	115	111
4249	2	4	2
4250	0	0	0
4251	12	11	17
4252	1	0	4
4253	5	1	0
4254	11	15	13
4255	13	17	11
4256	13	15	30
4257	0	1	1
4258	202	237	242
4259	0	1	1
4260	22	20	22
4261	2	3	0
4262	192	232	178
4263	0	0	0
4264	27	28	24
4265	19	15	9
4266	11	14	10
4267	0	0	0
4268	10	6	9
4269	11	25	10
4270	41	35	44
4271	6	3	7
4272	19	23	15
4273	10	7	10
4274	54	52	50
4275	28	29	20
4276	41	52	31
4277	59	32	52
4278	22	19	31
4279	86	78	88
4280	6	2	3
4281	1754	1730	1539
4282	4	5	3
4283	13	26	14
4284	26	9	12
4285	47	29	44
4286	16	16	13
4287	63	64	57
4288	51	54	46
4289	5	10	10
4290	0	1	0
4291	78	97	99
4292	33	37	29
4293	11	11	13
4294	22	25	20
4295	1	1	0
4296	2	4	0
4297	21	9	12
4298	149	184	135
4299	28	32	21
4300	28	27	14
4301	9	10	5
4302	39	30	34
4303	17	26	24
4304	0	1	0
4305	5	6	4
4306	70	72	60
4307	17	28	44
4308	28	34	37
4309	6	6	3
4310	22	32	22
4311	14	14	18
4312	3	4	3
4313	18	13	7
4314	0	0	0
4315	161	138	154
4316	128	95	89
4317	7	8	11
4318	19	18	21
4319	66	68	51
4320	29	29	37
4321	29	12	16
4322	0	0	0
4323	16	27	24
4324	1	1	1
4325	4	2	2
4326	7	4	6
4327	0	0	0
4328	97	103	87
4329	5	6	7
4330	17	13	15
4331	3	6	5
4332	163	137	135
4333	8	4	4
4334	1	3	3
4335	1	1	1
4336	308	330	334
4337	2	1	5
4338	4	1	0
4339	1	0	1
4340	1	0	3
4341	23	21	24
4342	1	1	0
4343	1	1	0
4344	0	0	1
4345	47	48	38
4346	12	18	12
4347	18	12	11
4348	0	0	0
4349	4	3	6
4350	4	2	3
4351	12	19	13
4352	13	3	5
4353	2	1	1
4354	0	0	0
4355	0	1	1
4356	96	108	88
4357	2	2	4
4358	30	22	29
4359	1	2	0
4360	20	9	9
4361	8	3	5
4362	0	0	0
4363	24	33	24
4364	57	55	57
4365	5	4	4
4366	11	22	14
4367	0	0	0
4368	229	223	218
4369	3	2	2
4370	5	9	3
4371	69	49	46
4372	1	1	1
4373	9	9	12
4374	2	4	6
4375	13	14	14
4376	0	0	0
4377	6	10	9
4378	59	54	42
4379	4	1	1
4380	1	0	0
4381	8	18	13
4382	25	32	26
4383	5	3	0
4384	2	3	3
4385	1	0	0
4386	6	5	8
4387	2	4	1
4388	0	4	1
4389	50	42	43
4390	111	99	113
4391	403	457	505
4392	59	49	45
4393	305	274	271
4394	120	92	90
4395	27	34	31
4396	823	768	730
4397	19	17	12
4398	107	108	86
4399	51	32	33
4400	0	1	0
4401	14	10	11
4402	80	89	90
4403	39	42	39
4404	45	50	53
4405	0	0	0
4406	18	20	14
4407	5	4	8
4408	76	66	62
4409	17	15	5
4410	25	21	19
4411	8	6	5
4412	0	0	0
4413	43	28	50
4414	32	57	45
4415	17	16	27
4416	223	225	196
4417	25	35	43
4418	1	2	0
4419	3	3	2
4420	76	67	65
4421	7	14	7
4422	79	87	74
4423	26	34	36
4424	7	10	7
4425	0	2	1
4426	20	19	11
4427	6	11	5
4428	120	131	123
4429	17	14	14
4430	1	1	0
4431	0	0	0
4432	14	15	15
4433	14	24	9
4434	1	6	4
4435	110	80	73
4436	31	11	18
4437	65	82	62
4438	52	65	56
4439	29	44	32
4440	0	0	0
4441	5	4	5
4442	330	326	325
4443	1	0	0
4444	30	21	19
4445	6	6	9
4446	17	20	9
4447	12	5	8
4448	4	5	1
4449	7	1	7
4450	0	1	0
4451	0	0	2
4452	18	29	22
4453	71	46	56
4454	136	108	117
4455	2	0	1
4456	448	457	481
4457	7	4	6
4458	4	10	5
4459	99	101	98
4460	1	3	4
4461	19	14	17
4462	15	9	7
4463	19	13	18
4464	194	210	200
4465	67	60	62
4466	11	12	17
4467	58	57	46
4468	123	122	132
4469	15	13	10
4470	0	2	1
4471	453	498	397
4472	6	8	2
4473	0	0	0
4474	11	10	11
4475	61	43	29
4476	6	6	9
4477	7	7	7
4478	17	19	20
4479	0	0	0
4480	35	29	23
4481	2	5	5
4482	4	0	1
4483	0	0	0
4484	8	8	11
4485	3	4	2
4486	12	7	14
4487	3	1	4
4488	73	84	82
4489	98	92	106
4490	0	0	0
4491	53	35	34
4492	51	41	24
4493	8	9	3
4494	0	0	0
4495	10	21	5
4496	0	1	0
4497	21	26	17
4498	0	0	0
4499	7	22	11
4500	49	50	51
4501	2	1	3
4502	4	5	4
4503	1	1	2
4504	45	38	39
4505	8	16	6
4506	1	2	1
4507	1	2	2
4508	52	56	36
4509	1	0	0
4510	34	40	27
4511	4	1	2
4512	25	28	24
4513	10	15	5
4514	15	19	19
4515	1	0	2
4516	14	13	15
4517	11	22	14
4518	17	28	23
4519	109	110	124
4520	0	2	0
4521	0	0	0
4522	38	35	25
4523	11	11	10
4524	22	31	22
4525	10	7	12
4526	3	2	1
4527	50	39	32
4528	8	6	7
4529	0	0	0
4530	12	20	14
4531	0	0	0
4532	0	0	0
4533	0	0	0
4534	3	11	7
4535	0	0	0
4536	121	122	115
4537	1	1	2
4538	88	89	103
4539	3	1	3
4540	96	93	80
4541	6	8	11
4542	45	58	43
4543	6	5	4
4544	62	39	38
4545	33	32	34
4546	10	17	10
4547	21	18	16
4548	0	1	1
4549	1	1	1
4550	30	37	22
4551	8	9	5
4552	3	3	2
4553	0	0	0
4554	98	74	80
4555	11	9	9
4556	9	10	6
4557	4	1	3
4558	22	19	24
4559	8	11	7
4560	85	90	79
4561	0	3	1
4562	6	13	9
4563	115	141	103
4564	26	11	18
4565	545	477	461
4566	21	29	20
4567	8	11	4
4568	78	67	77
4569	47	28	29
4570	34	21	24
4571	103	94	91
4572	29	17	34
4573	1	2	5
4574	0	0	0
4575	0	0	0
4576	17	9	14
4577	0	0	3
4578	5	5	8
4579	54	59	71
4580	3	3	5
4581	0	0	0
4582	5	5	1
4583	1	2	1
4584	0	0	0
4585	3	1	4
4586	8	13	8
4587	5	0	3
4588	324	338	265
4589	27	17	11
4590	8	8	5
4591	10	9	6
4592	70	61	76
4593	5	6	8
4594	207	210	237
4595	10	27	19
4596	1	0	0
4597	44	45	58
4598	146	142	143
4599	7	7	3
4600	5	14	14
4601	24	34	36
4602	30	24	22
4603	19	16	11
4604	9	6	9
4605	20	15	16
4606	324	321	303
4607	0	0	0
4608	0	0	0
4609	2	0	0
4610	32	33	31
4611	126	115	108
4612	0	6	12
4613	32	27	19
4614	19	9	10
4615	65	45	74
4616	22	29	13
4617	58	66	59
4618	2	2	8
4619	18	9	9
4620	39	48	22
4621	7	3	2
4622	22	24	25
4623	0	0	1
4624	105	79	80
4625	23	16	23
4626	14	13	12
4627	111	114	102
4628	33	27	34
4629	34	43	43
4630	0	0	0
4631	414	369	361
4632	28	30	41
4633	91	104	89
4634	0	1	1
4635	14	23	20
4636	1	0	0
4637	33	33	34
4638	18	18	23
4639	11	16	11
4640	232	244	205
4641	16	17	19
4642	156	139	115
4643	80	76	82
4644	10	8	12
4645	2	1	1
4646	379	285	348
4647	10	7	7
4648	98	88	79
4649	5	7	11
4650	23	24	31
4651	25	21	25
4652	0	0	0
4653	1	0	0
4654	3	0	5
4655	0	0	1
4656	20	19	19
4657	12	18	11
4658	21	18	18
4659	14	12	14
4660	0	0	0
4661	94	100	74
4662	2	0	3
4663	402	431	431
4664	51	27	34
4665	12	16	11
4666	24	18	11
4667	255	259	241
4668	52	58	49
4669	38	40	27
4670	5	3	4
4671	2	3	2
4672	3	2	9
4673	0	1	2
4674	81	105	85
4675	54	40	53
4676	130	166	129
4677	11	13	9
4678	17	14	10
4679	120	93	79
4680	6	5	13
4681	184	183	175
4682	27	38	28
4683	0	1	2
4684	4	3	3
4685	1	2	1
4686	10	9	12
4687	2	2	0
4688	5	7	2
4689	5	4	10
4690	15	25	14
4691	9	8	13
4692	1	2	1
4693	23	16	16
4694	9	8	3
4695	10	6	7
4696	1	0	2
4697	9	5	6
4698	3	2	6
4699	50	40	31
4700	21	36	30
4701	1	2	6
4702	0	0	0
4703	2	1	0
4704	11	13	12
4705	5	2	2
4706	44	33	32
4707	32	29	39
4708	19	18	24
4709	48	55	67
4710	30	26	20
4711	3	2	5
4712	11	8	8
4713	39	49	50
4714	10	7	6
4715	30	26	27
4716	0	2	0
4717	143	93	97
4718	86	107	111
4719	13	10	12
4720	0	0	0
4721	22	15	16
4722	0	0	0
4723	22	18	18
4724	0	0	0
4725	10	11	10
4726	438	428	429
4727	4	1	1
4728	170	155	165
4729	7	9	11
4730	157	165	140
4731	2	3	0
4732	19	23	18
4733	19	25	15
4734	4	10	6
4735	160	145	163
4736	0	0	0
4737	5	3	9
4738	14	25	21
4739	2	1	1
4740	52	42	61
4741	7	10	9
4742	163	150	159
4743	126	142	139
4744	45	48	48
4745	46	56	39
4746	1	2	2
4747	0	0	0
4748	4	14	8
4749	51	68	51
4750	7	4	11
4751	11	11	11
4752	16	22	16
4753	2	4	4
4754	48	43	56
4755	24	17	12
4756	12	10	5
4757	10	3	7
4758	0	0	0
4759	13	17	15
4760	15	9	10
4761	17	8	9
4762	7	9	7
4763	8	4	9
4764	13	16	15
4765	17	14	15
4766	94	105	91
4767	16	6	6
4768	79	50	55
4769	88	79	113
4770	0	0	0
4771	0	0	0
4772	17	11	8
4773	142	137	147
4774	11	15	10
4775	1	3	3
4776	0	0	0
4777	83	67	71
4778	1	3	1
4779	0	0	0
4780	3	2	0
4781	9	10	5
4782	0	0	0
4783	19	14	24
4784	1	2	1
4785	50	52	44
4786	11	14	20
4787	7	10	11
4788	6	2	5
4789	107	100	65
4790	16	17	10
4791	0	5	5
4792	3	4	11
4793	4	0	2
4794	13	11	12
4795	45	46	50
4796	35	35	34
4797	6	8	12
4798	0	0	1
4799	8	8	11
4800	0	1	0
4801	0	1	0
4802	71	90	67
4803	150	168	183
4804	100	80	100
4805	16	22	19
4806	1	1	0
4807	132	123	132
4808	25	22	21
4809	91	83	100
4810	4	7	2
4811	3	4	4
4812	19	12	20
4813	18	19	13
4814	22	9	23
4815	0	0	0
4816	170	138	136
4817	2	0	1
4818	3	4	3
4819	130	117	119
4820	4	11	8
4821	10	10	11
4822	5	0	0
4823	16	18	8
4824	6	3	6
4825	70	67	60
4826	43	47	59
4827	34	42	32
4828	2	0	2
4829	9	5	3
4830	0	0	1
4831	4	2	2
4832	3	3	7
4833	12	18	14
4834	0	0	0
4835	13	6	5
4836	0	1	0
4837	9	5	2
4838	47	41	37
4839	376	362	386
4840	40	28	35
4841	50	64	66
4842	23	33	20
4843	8	10	9
4844	43	51	54
4845	127	123	122
4846	10	4	6
4847	7	8	8
4848	1	1	4
4849	57	60	55
4850	0	1	0
4851	22	27	21
4852	4	7	2
4853	7	8	6
4854	1	6	2
4855	4	9	8
4856	28	30	38
4857	3	2	5
4858	0	0	0
4859	0	0	0
4860	15	12	8
4861	1680	1735	1746
4862	14	16	13
4863	12	14	8
4864	27	21	23
4865	0	0	0
4866	1	1	2
4867	1	0	0
4868	38	22	31
4869	52	41	41
4870	0	0	3
4871	0	0	0
4872	0	0	0
4873	11	9	2
4874	7	11	8
4875	12	14	19
4876	2	1	2
4877	31	38	35
4878	0	0	0
4879	1	0	2
4880	0	0	0
4881	0	0	0
4882	0	0	0
4883	0	0	0
4884	0	0	0
4885	0	0	0
4886	5	6	4
4887	2	3	4
4888	52	35	40
4889	237	236	245
4890	46	45	51
4891	46	52	46
4892	0	0	0
4893	1	2	0
4894	33	27	25
4895	5	4	3
4896	0	0	0
4897	0	0	0
4898	12	8	6
4899	45	43	54
4900	3	4	5
4901	17	18	7
4902	28	16	19
4903	1	3	1
4904	222	268	171
4905	0	0	0
4906	4	3	4
4907	19	23	15
4908	2	1	4
4909	40	32	33
4910	6	9	6
4911	346	375	437
4912	78	106	114
4913	6	3	2
4914	87	77	114
4915	1	1	0
4916	2	0	2
4917	7	3	7
4918	3	5	3
4919	14	24	18
4920	47	61	38
4921	36	28	26
4922	80	74	63
4923	77	76	69
4924	9	10	7
4925	0	0	0
4926	90	68	81
4927	11	9	5
4928	102	93	85
4929	3	4	3
4930	0	0	0
4931	63	65	69
4932	225	246	228
4933	1	1	1
4934	23	25	32
4935	22	17	19
4936	31	31	12
4937	5	5	2
4938	17	22	21
4939	31	25	12
4940	19	16	13
4941	12	6	7
4942	332	281	274
4943	3	2	0
4944	0	0	2
4945	2	1	0
4946	5	5	3
4947	8	18	11
4948	47	44	38
4949	39	36	39
4950	0	1	0
4951	0	0	0
4952	63	61	55
4953	3	4	3
4954	1	1	0
4955	0	0	0
4956	16	28	18
4957	3	5	4
4958	5	3	4
4959	4	4	1
4960	7	3	9
4961	19	21	21
4962	3	3	2
4963	14	23	18
4964	768	733	691
4965	4	4	3
4966	330	356	316
4967	1	0	0
4968	3	0	1
4969	0	0	0
4970	0	0	0
4971	13	25	16
4972	49	53	58
4973	0	0	0
4974	1	1	3
4975	7	10	8
4976	10	14	22
4977	5	2	8
4978	11	13	14
4979	44	45	43
4980	25	10	12
4981	1	4	1
4982	0	1	1
4983	0	0	1
4984	0	0	0
4985	1	0	0
4986	27	28	25
4987	7	4	10
4988	4	6	4
4989	0	3	1
4990	13	13	4
4991	44	30	30
4992	0	0	0
4993	0	0	0
4994	3	0	3
4995	4	2	2
4996	5	4	1
4997	43	39	19
4998	30	42	33
4999	121	100	102
5000	4	6	1
5001	27	20	15
5002	2	5	0
5003	139	131	133
5004	107	81	76
5005	1	0	0
5006	0	3	1
5007	56	62	78
5008	2	3	6
5009	35	34	37
5010	36	55	38
5011	0	0	0
5012	10	6	7
5013	6	2	0
5014	25	20	24
5015	76	60	61
5016	77	96	77
5017	0	0	2
5018	24	7	10
5019	11	6	8
5020	518	499	492
5021	1	6	3
5022	8	5	6
5023	25	29	21
5024	161	159	207
5025	2	7	1
5026	10	14	26
5027	1	10	6
5028	54	50	60
5029	33	29	28
5030	2	2	1
5031	3	2	5
5032	12	9	12
5033	7	4	5
5034	47	69	52
5035	353	308	333
5036	15	32	19
5037	76	79	75
5038	8	21	23
5039	4	1	1
5040	0	0	0
5041	0	0	0
5042	4	4	5
5043	19	8	14
5044	3	1	2
5045	0	1	0
5046	107	146	80
5047	6	8	4
5048	12	17	21
5049	1	0	0
5050	1	0	2
5051	5	5	3
5052	73	82	111
5053	38	32	43
5054	21	24	18
5055	135	136	113
5056	16	12	29
5057	0	0	0
5058	59	64	70
5059	4	8	8
5060	7	8	3
5061	5	6	7
5062	442	520	526
5063	9	8	3
5064	0	0	0
5065	1	2	1
5066	2	1	0
5067	28	18	37
5068	7	6	7
5069	76	69	81
5070	0	2	0
5071	11	13	9
5072	155	172	126
5073	95	68	71
5074	55	51	49
5075	1	3	0
5076	113	89	89
5077	37	41	31
5078	24	27	18
5079	0	5	2
5080	7	5	9
5081	2	3	3
5082	1	1	0
5083	6	0	3
5084	3	7	3
5085	21	20	11
5086	10	12	18
5087	0	2	4
5088	1	0	2
5089	109	73	71
5090	14	14	10
5091	8	11	13
5092	60	57	60
5093	2	2	0
5094	13	22	16
5095	33	37	27
5096	0	1	0
5097	21	18	16
5098	256	239	292
5099	29	26	23
5100	1	1	3
5101	26	23	32
5102	81	63	50
5103	14	14	16
5104	0	0	1
5105	26	21	21
5106	319	289	290
5107	4	5	8
5108	2	2	3
5109	8	6	7
5110	87	75	79
5111	28	37	33
5112	8	8	11
5113	4	8	12
5114	9	6	9
5115	10	9	7
5116	141	127	148
5117	0	0	0
5118	5	5	2
5119	17	18	20
5120	35	27	27
5121	132	136	170
5122	7	10	9
5123	12	5	9
5124	0	0	0
5125	3	0	0
5126	8	7	4
5127	535	524	497
5128	0	0	0
5129	0	1	0
5130	5	5	5
5131	57	71	76
5132	7	9	3
5133	5	0	2
5134	0	3	2
5135	0	0	0
5136	2	1	1
5137	4	1	4
5138	3	1	1
5139	25	23	26
5140	85	97	82
5141	3	3	1
5142	13	14	11
5143	3	2	2
5144	0	0	0
5145	15	10	13
5146	69	81	76
5147	1	2	0
5148	0	1	0
5149	1	2	2
5150	32	28	34
5151	64	44	48
5152	0	2	2
5153	0	0	0
5154	7	5	5
5155	105	81	48
5156	6	3	3
5157	35	23	28
5158	1	0	0
5159	17	16	15
5160	21	12	20
5161	5	3	5
5162	39	33	37
5163	17	18	18
5164	2	2	1
5165	48	33	48
5166	8	11	6
5167	8	3	1
5168	55	48	67
5169	0	3	3
5170	42	41	35
5171	8	18	18
5172	9	6	6
5173	131	111	113
5174	5	2	7
5175	0	1	0
5176	0	0	0
5177	27	35	44
5178	0	0	0
5179	28	28	18
5180	24	21	25
5181	0	0	0
5182	30	23	34
5183	33	53	48
5184	38	32	43
5185	186	167	159
5186	55	38	52
5187	46	41	40
5188	49	60	55
5189	17	14	17
5190	0	0	0
5191	16	14	16
5192	1	3	0
5193	27	14	19
5194	3	7	6
5195	6	10	13
5196	6	6	6
5197	29	26	36
5198	41	57	64
5199	2	1	1
5200	0	1	2
5201	33	28	29
5202	7	13	2
5203	91	101	89
5204	74	72	70
5205	0	0	0
5206	422	386	384
5207	0	0	0
5208	45	51	48
5209	6	3	3
5210	15	7	13
5211	12	12	13
5212	29	23	25
5213	51	41	51
5214	11	14	10
5215	37	33	51
5216	88	95	77
5217	0	0	0
5218	0	0	0
5219	9	6	3
5220	12	9	9
5221	1	3	3
5222	36	34	42
5223	163	132	160
5224	24	26	20
5225	34	39	46
5226	19	11	12
5227	5	5	8
5228	39	37	42
5229	46	47	35
5230	48	61	62
5231	43	51	38
5232	3	6	2
5233	7	2	3
5234	16	8	5
5235	1	0	0
5236	132	111	107
5237	0	0	0
5238	0	0	0
5239	0	0	0
5240	1	1	0
5241	1	0	0
5242	9	8	9
5243	10	6	7
5244	22	17	17
5245	0	0	1
5246	3	1	4
5247	7	11	11
5248	14	20	14
5249	31	18	15
5250	25	42	26
5251	113	114	114
5252	6	5	5
5253	0	0	1
5254	120	113	116
5255	5	5	2
5256	36	42	30
5257	0	1	2
5258	7	9	6
5259	20	36	33
5260	45	43	33
5261	23	32	27
5262	13	20	13
5263	1	0	0
5264	43	35	31
5265	3	7	2
5266	215	191	196
5267	0	0	0
5268	0	2	2
5269	8	15	13
5270	0	4	1
5271	14	11	11
5272	0	0	0
5273	0	0	0
5274	22	21	18
5275	0	0	0
5276	0	0	0
5277	6	6	6
5278	8	4	3
5279	38	44	33
5280	3	3	3
5281	40	30	41
5282	0	0	0
5283	30	30	33
5284	121	111	122
5285	8	17	14
5286	1	0	2
5287	9	8	12
5288	0	0	0
5289	11	22	18
5290	54	41	51
5291	42	28	39
5292	217	231	252
5293	31	26	27
5294	7	6	14
5295	72	64	64
5296	1	0	0
5297	6	5	10
5298	27	33	26
5299	0	1	0
5300	67	58	55
5301	12	11	7
5302	9	7	2
5303	17	18	12
5304	20	25	19
5305	28	30	26
5306	50	61	45
5307	13	11	11
5308	13	13	9
5309	36	35	40
5310	50	49	49
5311	17	25	18
5312	0	0	0
5313	20	20	21
5314	9	3	4
5315	0	0	0
5316	15	9	13
5317	0	0	0
5318	8	6	1
5319	18	16	19
5320	33	29	14
5321	215	226	246
5322	18	15	18
5323	0	0	3
5324	34	23	20
5325	13	11	17
5326	3	1	0
5327	453	443	425
5328	0	3	0
5329	4	7	6
5330	1	2	1
5331	32	42	31
5332	571	585	660
5333	23	15	15
5334	0	3	2
5335	9	15	11
5336	12	16	15
5337	594	587	582
5338	2	3	3
5339	12	8	9
5340	152	132	144
5341	17	9	9
5342	2	1	0
5343	4	2	4
5344	81	116	83
5345	13	16	16
5346	9	3	7
5347	2	3	3
5348	0	2	2
5349	76	70	59
5350	24	23	13
5351	77	68	85
5352	4	4	6
5353	8	6	9
5354	13	12	16
5355	9	1	3
5356	55	48	63
5357	34	26	16
5358	4	4	3
5359	1	2	3
5360	1	0	1
5361	4	10	0
5362	0	0	0
5363	0	0	0
5364	11	24	15
5365	5	10	4
5366	9	14	7
5367	11	11	6
5368	17	15	15
5369	49	59	54
5370	7	9	4
5371	14	4	6
5372	5	3	4
5373	20	25	19
5374	2	0	6
5375	44	48	39
5376	3	3	5
5377	0	2	2
5378	0	1	3
5379	81	82	69
5380	2	4	2
5381	0	0	1
5382	6	3	7
5383	56	39	36
5384	0	0	0
5385	22	20	15
5386	52	58	60
5387	0	2	1
5388	9	9	10
5389	3	3	4
5390	3	3	3
5391	10	4	7
5392	1	1	4
5393	18	15	14
5394	47	39	43
5395	4	2	1
5396	0	0	0
5397	10	10	5
5398	122	109	143
5399	3	5	3
5400	0	0	0
5401	146	133	128
5402	4	3	4
5403	37	37	26
5404	0	1	1
5405	32	30	35
5406	3	1	2
5407	6	8	8
5408	4	7	1
5409	28	26	25
5410	66	75	56
5411	1	0	0
5412	2	2	1
5413	5	4	2
5414	29	21	31
5415	9	2	3
5416	149	115	150
5417	1	0	1
5418	8	3	0
5419	15	10	8
5420	2	2	6
5421	0	0	0
5422	3	4	0
5423	30	22	19
5424	22	13	19
5425	6	11	5
5426	5	4	8
5427	11	8	10
5428	2	4	4
5429	8	8	8
5430	6	6	4
5431	2	2	3
5432	189	158	195
5433	82	83	100
5434	28	34	34
5435	5	2	4
5436	8	7	12
5437	2	9	6
5438	70	84	65
5439	3	4	1
5440	12	4	0
5441	190	168	195
5442	64	70	66
5443	757	776	756
5444	146	142	126
5445	14	10	13
5446	146	180	143
5447	65	60	60
5448	3	0	0
5449	34	54	33
5450	191	171	212
5451	114	95	105
5452	4	16	10
5453	196	216	198
5454	0	2	3
5455	0	0	0
5456	12	23	24
5457	164	150	164
5458	0	0	0
5459	0	1	4
5460	0	2	1
5461	2	3	2
5462	1	1	0
5463	189	194	190
5464	0	0	4
5465	12	5	7
5466	434	346	351
5467	6	1	4
5468	32	26	46
5469	0	1	4
5470	99	116	110
5471	16	8	14
5472	0	0	0
5473	0	1	2
5474	2	3	0
5475	0	0	0
5476	66	64	75
5477	3	8	7
5478	1	0	1
5479	0	0	0
5480	1	4	2
5481	5	3	5
5482	113	135	144
5483	0	1	5
5484	10	6	5
5485	0	0	0
5486	45	52	38
5487	17	28	24
5488	46	43	40
5489	27	29	33
5490	17	15	14
5491	8	14	5
5492	0	0	0
5493	0	0	0
5494	0	0	0
5495	0	0	0
5496	3	5	7
5497	21	14	21
5498	0	0	0
5499	4	2	6
5500	97	110	80
5501	0	3	0
5502	109	106	119
5503	101	88	74
5504	1	1	0
5505	5	7	6
5506	99	77	69
5507	5	5	3
5508	6	3	1
5509	242	229	237
5510	6	5	5
5511	1	1	3
5512	45	64	37
5513	1	2	1
5514	9	17	18
5515	9	5	6
5516	15	22	21
5517	0	1	0
5518	0	0	0
5519	7	9	4
5520	9	4	7
5521	28	27	15
5522	0	6	2
5523	15	5	3
5524	1	2	1
5525	0	0	0
5526	0	0	0
5527	0	0	0
5528	13	13	13
5529	6	1	2
5530	164	141	155
5531	258	241	246
5532	4	8	4
5533	0	0	0
5534	65	66	54
5535	48	44	25
5536	12	5	7
5537	2	0	3
5538	1	0	0
5539	6	6	5
5540	0	0	2
5541	118	75	102
5542	0	0	0
5543	1	1	3
5544	4	4	6
5545	25	23	20
5546	67	45	47
5547	31	20	12
5548	15	25	11
5549	1	0	2
5550	36	47	39
5551	3	7	8
5552	2	5	3
5553	0	0	0
5554	33	26	22
5555	2	1	3
5556	5	2	5
5557	0	0	0
5558	10	5	2
5559	3	2	1
5560	1	6	4
5561	11	13	11
5562	1	1	1
5563	13	2	7
5564	12	13	8
5565	985	969	941
5566	19	22	14
5567	5	2	5
5568	59	49	48
5569	16	13	11
5570	2	1	0
5571	0	0	0
5572	8	7	4
5573	25	16	21
5574	21	17	17
5575	0	1	0
5576	28	29	19
5577	284	284	287
5578	87	82	71
5579	4	11	3
5580	5	1	7
5581	1	10	2
5582	0	1	1
5583	22	26	25
5584	33	37	33
5585	8	9	6
5586	2	0	2
5587	2	3	4
5588	1	4	0
5589	93	97	91
5590	38	52	38
5591	3	6	8
5592	7	9	7
5593	1	3	6
5594	5	2	1
5595	1	4	1
5596	69	86	75
5597	8	4	5
5598	9	9	7
5599	27	17	19
5600	0	0	1
5601	23	23	8
5602	4	3	1
5603	28	26	35
5604	33	36	25
5605	75	57	62
5606	42	21	25
5607	16	14	17
5608	5	14	8
5609	0	0	0
5610	75	46	56
5611	12	16	14
5612	5	8	6
5613	12	21	14
5614	141	130	126
5615	6	6	3
5616	0	1	2
5617	17	24	26
5618	15	15	16
5619	185	183	146
5620	34	35	47
5621	1	4	7
5622	7	7	4
5623	4	8	8
5624	7	3	5
5625	0	2	0
5626	1	0	0
5627	1	6	1
5628	0	0	0
5629	5	4	4
5630	5	8	9
5631	0	0	0
5632	8	1	4
5633	12	13	8
5634	30	31	39
5635	1	6	4
5636	11	22	16
5637	4	2	3
5638	13	10	5
5639	5	13	8
5640	0	0	0
5641	19	12	13
5642	33	29	28
5643	106	107	116
5644	1	2	1
5645	1	2	0
5646	4	3	5
5647	7	8	7
5648	5	11	9
5649	1	1	3
5650	1	4	0
5651	4	0	3
5652	0	0	0
5653	23	24	23
5654	0	1	1
5655	4	0	1
5656	4	4	4
5657	10	13	13
5658	15	12	7
5659	0	0	0
5660	123	111	110
5661	1	2	7
5662	11	11	11
5663	14	16	16
5664	84	83	89
5665	0	2	5
5666	8	10	7
5667	37	64	63
5668	67	66	72
5669	7	3	6
5670	17	26	14
5671	2	4	5
5672	51	52	38
5673	94	67	66
5674	0	2	1
5675	3	2	2
5676	25	24	22
5677	0	0	0
5678	7	15	13
5679	0	0	0
5680	3	11	5
5681	100	89	86
5682	8	6	8
5683	8	5	10
5684	1	5	10
5685	1	4	4
5686	28	23	31
5687	39	27	28
5688	4	4	3
5689	1	0	0
5690	158	158	123
5691	149	154	131
5692	7	6	7
5693	32	25	19
5694	19	19	12
5695	1307	1237	1236
5696	9	8	14
5697	11	4	14
5698	36	19	24
5699	85	66	84
5700	36	33	33
5701	0	1	1
5702	10	6	2
5703	0	0	0
5704	0	0	0
5705	12	8	17
5706	0	0	2
5707	0	2	3
5708	171	183	167
5709	63	65	39
5710	37	24	35
5711	53	38	43
5712	25	19	16
5713	259	246	319
5714	62	43	51
5715	2	2	3
5716	0	0	0
5717	0	1	0
5718	56	56	52
5719	138	144	99
5720	0	0	0
5721	9	12	10
5722	257	242	254
5723	4	6	4
5724	12	15	21
5725	28	14	19
5726	45	39	34
5727	6	9	6
5728	3	2	4
5729	53	47	60
5730	149	105	117
5731	492	505	522
5732	130	119	110
5733	39	41	26
5734	54	41	23
5735	1	1	0
5736	2	1	1
5737	11	8	7
5738	0	0	0
5739	8	4	4
5740	39	35	33
5741	26	32	29
5742	0	0	0
5743	21	19	20
5744	5	2	6
5745	16	17	22
5746	14	25	17
5747	65	71	62
5748	7	7	6
5749	521	520	480
5750	12	13	17
5751	118	131	125
5752	10	7	14
5753	16	9	7
5754	1	0	1
5755	9	17	10
5756	2	1	1
5757	57	72	71
5758	32	32	25
5759	3	4	5
5760	0	0	0
5761	228	237	238
5762	10	6	11
5763	14	9	4
5764	25	21	19
5765	39	40	49
5766	0	0	0
5767	2	2	2
5768	0	0	0
5769	1	3	1
5770	1	1	0
5771	23	32	32
5772	42	35	51
5773	6	4	3
5774	36	35	38
5775	90	53	61
5776	20	21	21
5777	0	0	0
5778	29	28	31
5779	97	69	74
5780	47	38	39
5781	5	3	1
5782	4	3	5
5783	108	84	77
5784	7	7	2
5785	15	9	9
5786	23	26	22
5787	2	1	5
5788	0	0	0
5789	1941	1987	2073
5790	434	463	420
5791	3	8	2
5792	472	424	339
5793	19	23	27
5794	600	536	613
5795	37	40	36
5796	24	26	24
5797	31	32	31
5798	0	0	0
5799	44	50	32
5800	297	352	285
5801	125	94	106
5802	7	3	3
5803	0	0	0
5804	5	10	3
5805	29	32	32
5806	38	33	37
5807	0	0	0
5808	9	8	5
5809	1	1	0
5810	63	83	60
5811	54	81	54
5812	138	109	150
5813	40	29	41
5814	0	0	0
5815	13	4	11
5816	103	101	102
5817	121	119	84
5818	38	38	40
5819	29	9	13
5820	37	23	29
5821	137	118	126
5822	4	3	3
5823	23	20	14
5824	463	462	454
5825	39	39	53
5826	1	1	1
5827	2	4	6
5828	19	14	14
5829	7	9	7
5830	22	33	36
5831	152	146	126
5832	6	2	3
5833	31	21	22
5834	9	23	11
5835	28	36	38
5836	36	39	29
5837	15	14	10
5838	48	50	70
5839	37	29	28
5840	223	187	167
5841	0	0	0
5842	39	42	27
5843	0	0	3
5844	0	1	1
5845	47	53	53
5846	3	1	2
5847	0	0	0
5848	0	0	0
5849	0	0	0
5850	9	1	3
5851	17	16	13
5852	13	20	12
5853	0	0	1
5854	28	25	22
5855	19	9	10
5856	61	71	59
5857	1	1	2
5858	96	88	92
5859	71	77	74
5860	34	40	36
5861	21	28	23
5862	18	7	9
5863	2	7	3
5864	23	19	19
5865	39	46	35
5866	0	0	0
5867	0	0	0
5868	0	0	0
5869	31	35	38
5870	1	0	2
5871	2	2	3
5872	3	4	6
5873	68	62	59
5874	5	5	6
5875	0	2	2
5876	58	86	64
5877	2	7	1
5878	1	1	1
5879	1	1	0
5880	6	2	2
5881	2	0	0
5882	0	0	0
5883	39	44	55
5884	16	20	12
5885	36	32	24
5886	4	5	2
5887	14	17	20
5888	19	22	19
5889	132	143	104
5890	81	86	72
5891	7	11	5
5892	0	0	0
5893	2	5	0
5894	400	349	302
5895	37	23	22
5896	0	0	0
5897	10	12	8
5898	0	1	0
5899	18	25	14
5900	1	0	0
5901	6	2	1
5902	60	48	53
5903	33	23	27
5904	3	0	8
5905	42	45	45
5906	69	59	53
5907	24	28	38
5908	187	177	193
5909	2	3	0
5910	3	4	6
5911	4	2	1
5912	4	3	4
5913	26	20	27
5914	67	76	49
5915	38	35	31
5916	151	177	174
5917	137	130	105
5918	276	301	312
5919	5	3	4
5920	3	1	1
5921	41	29	19
5922	1	1	0
5923	24	10	18
5924	1	2	2
5925	483	481	396
5926	39	58	50
5927	7	8	7
5928	14	14	8
5929	70	55	42
5930	1	1	0
5931	92	82	90
5932	553	586	576
5933	29	24	16
5934	11	4	6
5935	6	5	4
5936	0	0	0
5937	73	106	59
5938	162	161	129
5939	8	11	4
5940	28	17	23
5941	14	19	18
5942	9	6	9
5943	4	3	0
5944	0	0	0
5945	2396	2411	2385
5946	56	45	36
5947	22	9	14
5948	332	316	299
5949	58	58	52
5950	2	0	4
5951	38	22	31
5952	1	0	1
5953	16	9	12
5954	3	4	7
5955	49	39	40
5956	27	32	41
5957	0	0	0
5958	16	20	17
5959	2	2	3
5960	19	24	16
5961	274	236	233
5962	262	255	240
5963	10	11	7
5964	0	0	0
5965	1	4	2
5966	0	0	0
5967	0	0	0
5968	41	44	53
5969	249	241	197
5970	24	27	27
5971	9	4	5
5972	52	43	57
5973	3	2	4
5974	176	185	137
5975	55	56	50
5976	0	0	0
5977	0	0	0
5978	1	0	0
5979	103	91	90
5980	45	40	36
5981	43	45	33
5982	124	143	138
5983	0	0	0
5984	6	7	7
5985	71	72	62
5986	9	14	19
5987	16	24	15
5988	2	4	4
5989	28	23	12
5990	21	27	17
5991	184	175	184
5992	10	6	14
5993	53	55	47
5994	3	2	1
5995	28	23	23
5996	8	1	3
5997	11	14	10
5998	104	97	79
5999	107	119	112
6000	36	21	34
6001	19	21	19
6002	30	20	15
6003	27	26	21
6004	7	17	13
6005	57	64	56
6006	1	2	4
6007	6	5	3
6008	132	131	119
6009	49	41	31
6010	83	79	82
6011	450	474	460
6012	12	19	13
6013	69	55	69
6014	21	17	14
6015	9	12	12
6016	55	54	66
6017	12	13	14
6018	19	29	29
6019	4	2	2
6020	0	0	0
6021	11	10	12
6022	3	3	6
6023	46	70	47
6024	15	17	8
6025	18	18	12
6026	18	14	20
6027	5	1	6
6028	48	40	40
6029	139	176	178
