	-24	-23	-22	-21	-20	-19	-18	-17	-16	-15	-14	-13	-12	-11	-10	-9	-8	-7	-6	-5	-4	-3	-2	-1	0	1	2	3	4	5	6	7	8
TRP-LYS-THR (WKT)	4	2	3	6	9	8	11	5	10	4	2	8	6	21	0	2	3	6	8	6	5	5	6	3	4	2	4	6	3	4	4	3	5
CYS-VAL-PRO (CVP)	3	14	6	1	4	7	7	6	3	6	7	7	9	24	8	7	11	1	4	2	11	4	8	7	8	3	5	3	1	5	3	6	3
CYS-PRO-GLY (CPG)	8	9	4	6	3	4	7	7	3	7	4	3	18	24	9	6	7	4	6	8	9	6	3	7	0	5	9	9	16	5	4	4	7
ILE-VAL-TRP (IVW)	3	10	10	4	4	2	0	4	7	5	3	5	11	14	2	5	2	8	3	1	1	7	1	4	5	6	6	7	2	0	4	3	1
GLN-MET-GLU (QME)	18	14	6	10	3	13	5	6	21	9	4	4	8	28	9	7	7	8	6	12	10	6	12	5	7	7	8	9	5	8	11	13	5
THR-TRP-LEU (TWL)	6	7	5	9	7	8	12	8	6	10	16	4	9	27	7	9	10	6	9	8	8	9	6	14	12	7	15	6	6	12	10	6	10
HIS-SER-TYR (HSY)	9	4	5	7	6	5	12	7	6	27	6	8	6	22	21	10	5	5	5	10	5	5	7	7	6	13	5	6	5	4	8	5	3
CYS-TYR-VAL (CYV)	2	5	1	6	3	4	0	5	4	7	3	7	1	11	7	5	4	4	2	4	3	4	9	3	4	4	0	2	5	2	8	2	4
ARG-HIS-PHE (RHF)	4	5	13	13	8	7	11	17	12	13	7	6	12	30	24	9	11	10	16	16	8	11	7	9	17	9	12	11	10	11	13	7	4
CYS-HIS-LEU (CHL)	6	7	7	2	2	3	3	5	5	2	2	4	3	12	9	0	6	4	0	3	4	4	7	13	3	4	2	8	6	3	3	5	3
CYS-PHE-GLY (CFG)	6	10	9	7	8	0	3	10	18	9	3	7	3	24	9	8	9	6	10	10	13	13	16	12	8	7	8	14	12	9	8	6	5
PHE-GLU-MET (FEM)	4	3	3	4	6	4	2	7	5	7	4	4	4	11	3	2	7	4	10	2	2	6	1	5	5	0	4	1	5	5	3	5	3
ARG-CYS-PHE (RCF)	3	3	3	1	4	0	2	0	2	4	4	3	6	8	2	3	3	2	5	6	2	7	3	3	6	1	0	1	3	2	3	4	4
MET-GLY-TRP (MGW)	2	6	2	1	4	2	3	2	2	3	5	2	2	8	3	6	3	4	2	4	6	1	4	3	6	2	0	4	4	3	1	3	0
SER-GLY-CYS (SGC)	4	6	4	5	5	8	2	5	5	4	3	7	3	12	8	3	4	2	4	6	6	5	4	6	2	12	4	3	2	2	2	4	5
TRP-ILE-PRO (WIP)	3	6	4	7	7	3	3	1	1	6	2	6	5	10	5	6	5	3	5	3	6	0	1	5	2	3	6	4	1	1	1	3	7
CYS-ALA-GLU (CAE)	3	3	1	5	1	2	0	4	5	2	5	5	3	8	2	4	4	1	1	4	3	2	3	4	4	2	4	7	1	2	4	2	4
GLN-GLY-TRP (QGW)	11	9	3	15	5	3	7	11	7	14	10	11	12	25	10	10	27	14	16	8	8	5	10	10	13	4	12	9	4	8	7	4	7
HIS-GLY-TYR (HGY)	17	13	10	6	13	13	15	14	15	20	13	14	15	33	14	14	19	11	7	10	8	11	17	5	12	21	13	14	6	5	11	16	14
TRP-TYR-PHE (WYF)	2	4	3	3	2	1	4	1	0	6	2	1	3	9	9	7	8	5	3	6	5	4	5	5	2	4	1	2	4	4	1	1	3
ARG-PHE-MET (RFM)	5	4	2	3	1	5	8	4	3	5	7	2	7	13	7	6	2	6	3	8	9	6	3	7	3	2	2	4	2	3	20	5	7
HIS-ALA-ALA (HAA)	14	13	14	17	23	15	14	13	16	16	20	6	13	32	15	10	10	8	16	8	13	7	14	12	10	15	8	11	9	4	10	13	11
SER-THR-TRP (STW)	5	4	2	6	7	7	4	9	5	1	4	6	9	15	7	2	16	16	16	5	4	7	8	7	5	2	4	8	1	1	3	4	4
TRP-SER-VAL (WSV)	11	10	8	7	13	10	10	13	7	13	8	14	12	27	8	9	17	13	21	16	11	20	9	10	8	11	11	5	10	13	4	5	5
VAL-TYR-ARG (VYR)	9	17	11	11	14	14	14	19	11	11	13	5	14	29	7	14	15	8	14	7	12	11	14	15	18	13	7	6	6	11	14	9	6
ALA-ILE-CYS (AIC)	4	7	6	2	4	8	5	5	5	7	4	2	8	13	8	7	1	6	5	3	4	9	5	2	9	2	4	4	8	10	2	8	4
ASP-VAL-TRP (DVW)	7	9	8	7	11	7	11	10	8	15	8	9	6	20	7	10	11	5	4	8	11	10	9	7	12	6	7	10	5	8	7	1	5
ARG-ARG-CYS (RRC)	2	3	3	7	2	3	3	2	2	7	4	4	2	9	1	5	3	4	8	2	4	5	4	5	1	3	5	8	5	4	2	3	1
CYS-LYS-ARG (CKR)	5	4	3	5	4	3	4	3	1	8	2	4	3	10	2	5	4	6	3	5	1	5	10	2	4	4	2	3	8	4	5	6	3
VAL-TRP-MET (VWM)	3	2	2	1	9	4	4	3	5	1	3	5	2	7	1	2	2	2	10	4	1	0	2	3	2	1	1	2	2	4	5	3	3
GLN-ASN-ARG (QNR)	21	36	19	18	34	23	33	24	24	29	14	23	23	55	29	19	27	20	23	19	23	29	16	24	21	24	19	22	23	28	21	11	23
ALA-GLY-TRP (AGW)	5	3	5	0	4	3	2	3	3	3	2	6	2	7	6	4	2	5	4	1	3	2	2	3	4	3	1	2	0	3	4	2	3
ASN-THR-CYS (NTC)	4	2	5	2	2	7	0	2	1	3	0	4	6	7	3	3	4	0	4	3	3	3	4	2	4	6	4	2	7	4	1	0	0
CYS-ASN-ARG (CNR)	5	2	2	4	3	1	5	2	0	4	4	6	1	8	3	5	2	5	4	1	2	3	4	6	4	6	4	4	4	2	4	1	6
PHE-CYS-ILE (FCI)	5	5	3	4	0	5	6	3	6	5	4	2	5	11	2	7	10	2	3	8	4	7	3	5	3	8	6	8	3	7	2	3	7
TYR-ALA-VAL (YAV)	22	10	16	26	24	12	16	6	10	17	13	13	12	35	18	17	15	17	13	26	19	20	24	16	18	11	14	16	5	10	9	5	12
GLY-TRP-VAL (GWV)	7	5	7	8	4	5	5	3	11	4	8	8	10	15	8	5	7	9	7	2	11	12	11	4	4	7	11	3	1	5	6	5	4
TYR-PRO-VAL (YPV)	10	19	14	7	10	13	3	9	8	3	6	9	5	22	11	15	12	6	5	7	10	5	13	11	7	7	6	16	10	14	12	10	12
ASP-ALA-TRP (DAW)	4	2	3	1	4	4	5	6	4	5	3	5	3	8	3	5	0	4	6	4	5	3	7	2	5	2	1	3	1	2	3	4	2
GLN-MET-HIS (QMH)	7	0	1	5	3	1	3	6	1	2	4	1	5	8	2	4	5	7	4	2	4	3	0	4	4	2	5	5	7	3	2	6	3
GLN-HIS-MET (QHM)	13	12	17	23	12	11	21	11	8	6	13	7	6	24	5	11	6	6	4	7	10	6	7	6	10	9	8	17	19	10	18	6	11
LYS-ALA-TRP (KAW)	5	7	2	2	5	3	2	9	5	7	6	3	5	9	7	1	3	3	1	2	8	3	5	1	8	3	1	6	1	5	2	3	2
LEU-GLU-MET (LEM)	18	8	8	18	14	6	14	10	14	10	12	9	15	26	6	11	10	11	14	7	12	15	9	22	7	9	6	18	7	11	17	8	10
CYS-ILE-LEU (CIL)	14	7	16	11	10	10	11	8	11	9	14	13	15	24	7	15	12	6	12	10	7	7	12	9	11	9	9	16	8	7	13	8	11
LEU-CYS-ARG (LCR)	5	3	7	4	2	8	3	4	6	3	4	3	5	10	4	2	7	0	1	6	4	7	3	6	6	7	6	3	4	5	7	6	0
GLU-TYR-THR (EYT)	28	16	15	16	13	22	16	13	17	16	20	18	13	37	17	11	16	12	21	15	16	14	15	15	15	11	31	20	16	10	18	15	11
GLY-HIS-TYR (GHY)	4	4	2	2	3	1	3	4	2	9	7	7	4	12	10	4	8	9	6	5	6	4	3	6	4	7	8	5	8	11	6	4	6
CYS-TRP-GLU (CWE)	5	4	5	5	13	3	10	4	6	5	5	8	9	15	6	4	2	2	10	11	8	8	7	2	7	9	9	17	1	3	8	5	15
TRP-GLU-LEU (WEL)	10	13	6	6	10	12	4	8	4	6	7	6	3	16	9	11	6	9	8	5	7	7	8	14	3	8	6	3	6	8	6	11	2
ASP-PRO-PRO (DPP)	11	12	9	16	10	8	9	14	13	7	11	13	11	27	13	8	14	9	21	12	13	14	10	27	10	9	17	12	6	10	11	13	19
