	-30	-29	-28	-27	-26	-25	-24	-23	-22	-21	-20	-19	-18	-17	-16	-15	-14	-13	-12	-11	-10	-9	-8	-7	-6	-5	-4	-3	-2	-1	0	1	2
ALA	151573	137300	112551	151399	138111	111531	151160	138623	113614	152988	138884	114139	161530	141394	118716	151016	139489	111909	151442	139075	115753	164196	136450	114703	157489	130318	110703	164998	174470	97708	155579	115881	98156
ARG	118619	106856	85188	120560	108058	85819	121316	107798	86954	124856	111808	90081	151388	130702	93530	129290	116003	89490	142056	123877	88233	117204	113676	89327	124555	118028	87877	113194	116364	84906	108756	101449	77439
ASN	150803	131849	104813	151331	132809	105287	152276	132330	104128	153891	134148	104182	149539	128606	95659	152031	133548	104934	135828	121762	99710	139237	129585	100579	149317	128424	97616	145401	108759	87530	153861	161392	103334
ASP	172295	153422	124594	171865	153825	124429	171477	154427	124101	170363	151891	121791	163505	153639	129306	173963	149568	118833	167526	158999	128626	204556	176760	129498	187755	164465	123486	177888	156894	104538	159390	147162	148825
CYS	24219	21754	17410	23869	21994	17402	24417	21781	17188	23895	21845	16907	25828	24196	15970	22246	19617	15552	20649	21387	17696	23229	22467	17064	23235	23777	17185	22951	22429	21297	21592	21876	15530
GLN	117190	104744	83945	117763	104007	83779	117937	104135	83763	120621	106260	80262	98332	90025	83518	113122	98140	83657	110058	97345	83129	109519	102788	84666	113785	107532	88898	119302	97548	93222	100948	115214	87945
GLU	224676	200720	164375	227753	200866	163510	227979	199100	163398	223348	199357	164881	210899	194889	164938	214915	197045	170689	233048	201996	166912	240409	206107	166207	232778	200085	155364	213849	195417	133623	189387	169855	220978
GLY	152489	136989	111036	152676	138329	111737	153790	141132	110867	153924	141013	111755	163703	149114	112257	166995	157847	116484	150441	148169	113696	162677	152811	113888	152399	147366	111487	162644	193605	126683	101068	114974	97758
HIS	50175	44570	35347	50499	45502	35818	49895	44820	35681	53132	47176	35272	49616	41866	34308	54600	48438	34787	45922	44011	35710	47811	46359	35075	50092	48241	39252	55318	41192	42599	48697	59828	35126
ILE	158462	141868	110616	159424	142006	113338	161182	142186	112606	158260	141411	110850	145332	138438	121299	161215	137988	109005	153176	143665	108461	151947	139859	112056	158446	136472	112067	151740	127255	110506	184613	134808	110366
LEU	226054	199904	159614	229461	203875	158984	226680	202027	160887	223594	198347	165304	268922	222458	164298	244065	210089	156045	220263	189772	162351	219097	193629	159525	227456	209161	167415	225774	201699	176681	245704	223077	146757
LYS	221089	198388	158469	221558	197108	158311	224674	198622	156578	225277	197959	157293	231216	206745	153305	216595	199631	165631	249394	202089	154122	213656	197535	156644	224145	193621	147594	204761	165178	130604	208714	209484	166145
PHE	94833	84593	68030	94571	84245	67004	94504	84555	68144	94280	84399	64869	77075	73044	68269	97887	83290	68518	89577	82495	67066	95531	85074	65623	90839	93937	69649	95064	83969	80752	113495	119586	68737
PRO	108288	95778	77688	109257	96281	77868	108912	98012	79334	111251	98162	78767	120163	103965	75698	124614	112129	86145	144413	114256	82264	114254	95655	82579	113108	97659	97409	147605	112350	125736	138467	112461	75025
SER	191846	169134	135294	192353	170324	135543	193444	171599	136532	193167	171776	137136	194890	169440	129716	182713	164716	130587	187397	169948	140196	200115	171844	139984	193541	176047	147876	204891	184365	160707	225530	190485	127335
THR	139966	123231	99993	139425	123609	99967	139735	124008	101436	143511	125997	101478	129753	113708	100489	137275	121392	95659	137131	119775	99517	137621	118873	102582	144767	112089	101479	140044	115666	98457	185848	115619	92555
TRP	24931	21941	17271	24936	21774	17113	24915	22820	17660	24933	22674	18405	31571	25634	16698	25816	23558	18377	26772	23267	18957	25247	22925	18930	28505	26741	18790	25995	26035	26926	28726	14615	16399
TYR	81784	72522	57844	82640	73936	57897	81649	73906	57548	81407	73782	56081	77611	71103	53595	78119	70750	59220	82070	75557	58864	78162	69800	56938	78146	78507	56974	81000	64234	60056	83370	95695	61747
VAL	151702	135103	109505	151504	137548	111502	152401	137486	110456	151120	137184	113878	142549	131574	115197	145954	128728	112322	149163	141086	111785	157856	138018	109516	151461	131625	107732	157146	141719	102042	145237	109774	120787
TERM	4075	3549	3003	3757	3340	2913	3655	3171	2839	3313	3284	3156	21297	23893	3606	4629	3712	2874	2827	3024	2853	2898	2675	2752	2693	2611	2436	2458	2295	2276	1924	2151	2528
MET	41167	36288	28709	41953	37274	29494	42353	37242	28867	41357	36596	29829	35957	33978	29535	40976	36358	31395	40958	33332	29296	38973	35110	29951	43153	34521	29326	38947	32547	26237	52812	31685	23070
