	-27	-26	-25	-24	-23	-22	-21	-20	-19	-18	-17	-16	-15	-14	-13	-12	-11	-10	-9	-8	-7	-6	-5	-4	-3	-2	-1	0	1	2	3	4	5
MET-TERM_ATGTGA	8	10	6	0	3	1	5	2	2	1	2	1	1	26	2	2	1	1	1	1	0	0	1	2	1	3	2	3	3	3	3	16	2
LEU-ALA_CTAGCG	33	34	17	14	42	32	44	25	41	104	74	28	241	276	44	37	34	31	23	21	17	22	23	27	33	26	50	19	20	19	32	27	15
ARG-ARG_CGACGA	66	65	45	82	54	39	102	103	43	368	260	61	575	597	70	119	111	24	73	83	25	47	50	39	45	45	33	45	34	34	49	23	33
GLY-ALA_GGAGCG	20	17	15	16	15	13	30	16	17	15	21	16	167	142	30	22	18	12	32	23	12	25	8	17	30	21	13	9	10	13	31	36	13
ALA-ALA_GCCGCG	16	18	8	16	7	3	17	2	11	10	12	7	47	69	18	12	10	11	13	13	6	4	8	9	16	15	6	22	11	6	12	16	6
CYS-ALA_TGCGCG	6	7	1	6	4	4	4	4	2	6	3	2	13	18	4	4	8	1	1	2	0	2	2	2	3	0	2	2	1	2	1	5	1
PRO-ALA_CCCGCG	10	15	11	3	2	3	9	4	3	9	8	7	53	43	13	5	4	3	10	3	11	5	4	2	4	6	11	6	7	1	4	9	6
ARG-LEU_CGACTA	33	23	26	30	23	17	27	25	24	100	80	24	221	200	23	58	43	22	25	20	35	33	29	38	29	29	18	26	19	16	25	27	39
SER-ALA_AGCGCG	5	10	2	15	5	4	4	8	6	6	10	16	73	57	9	8	12	8	11	16	6	12	8	13	23	9	4	9	10	3	18	10	4
ALA-ALA_GCAGCG	128	105	43	98	90	82	96	109	66	106	107	96	459	483	134	134	86	81	131	98	68	86	72	66	123	93	28	94	64	32	91	61	60
LEU-TERM_CTTTAA	1	2	0	0	2	2	1	3	2	3	3	3	4	16	2	27	3	4	20	3	5	3	4	1	1	1	1	2	0	0	4	1	1
ARG-PRO_CGACCG	13	15	8	29	21	7	26	15	19	115	86	13	145	116	15	13	13	12	12	16	13	15	17	6	19	9	19	16	9	28	18	24	11
LEU-ARG_CTCCGA	17	21	10	10	11	13	17	8	10	20	28	13	65	76	14	31	36	13	17	6	4	17	29	9	22	7	12	22	30	16	11	8	6
LEU-ARG_CTACGA	74	74	68	99	72	68	130	80	55	251	162	76	608	442	67	131	89	74	72	51	57	53	50	63	82	63	72	79	147	88	63	78	54
ARG-ALA_CGAGCG	27	21	24	44	45	33	30	29	35	103	76	73	144	184	96	58	35	33	38	25	21	39	46	26	26	30	41	61	14	22	33	13	17
TRP-ARG_TGGCGG	12	7	2	14	8	5	9	16	5	34	31	8	26	46	5	9	9	8	9	9	5	13	8	6	8	11	7	21	4	12	9	8	4
SER-ARG_AGCCGC	7	8	12	8	8	9	7	9	3	8	4	6	46	32	4	4	8	3	8	5	2	9	5	3	6	7	5	5	8	11	5	4	2
VAL-ALA_GTAGCG	13	10	8	25	17	14	7	18	17	25	24	19	106	87	20	33	15	18	38	18	21	27	14	13	27	24	10	16	11	12	16	10	9
ARG-ARG_AGGCGT	11	9	13	13	10	20	26	18	9	23	20	16	32	58	8	9	10	9	14	31	14	13	13	9	15	11	13	15	8	9	6	14	10
ARG-PRO_AGGCCG	8	12	10	13	8	7	13	10	3	7	6	6	15	37	9	6	9	4	15	12	11	9	7	9	7	6	13	24	2	7	13	9	2
VAL-ARG_GTGCGG	17	6	10	27	16	6	6	7	8	15	15	13	51	63	13	14	25	35	25	16	3	12	14	5	21	11	13	21	12	18	40	6	3
ALA-ARG_GCCCGG	3	6	1	5	3	3	2	2	1	4	2	5	13	23	8	3	13	6	6	7	9	6	4	4	6	19	7	7	7	10	10	2	3
VAL-ARG_GTGCGA	51	31	33	33	36	29	44	18	25	44	27	24	171	146	37	64	57	30	46	37	20	45	40	25	28	36	12	36	13	32	18	32	17
ILE-ARG_ATTCGC	31	17	29	28	16	16	39	33	10	14	21	28	86	101	16	26	20	16	29	31	17	25	22	8	26	39	16	47	37	37	31	43	17
LEU-ARG_CTTCGA	136	130	92	202	126	86	160	133	106	244	165	105	763	586	103	173	161	87	126	122	78	127	144	143	219	184	138	152	307	110	120	119	80
ARG-ARG_CGACGG	4	8	8	9	9	3	5	7	5	77	70	13	48	49	15	10	5	9	15	19	4	8	9	6	9	4	8	8	6	10	8	5	6
PRO-ALA_CCGGCG	42	35	25	27	31	47	44	20	44	87	51	64	137	162	49	81	52	29	29	21	19	35	41	46	43	35	54	46	75	19	54	29	20
SER-ALA_TCGGCG	20	27	20	31	60	25	57	29	17	39	34	39	119	148	53	59	56	26	53	40	34	44	34	51	68	26	44	75	77	21	39	24	19
LYS-ARG_AAGCGC	31	12	6	14	9	11	14	11	9	34	12	16	66	61	15	32	7	10	15	16	9	16	11	18	21	12	16	13	14	39	18	15	23
GLY-ALA_GGGGCG	28	30	29	56	41	24	40	32	27	33	50	58	163	179	79	66	88	62	76	74	43	42	25	37	67	75	86	64	47	19	56	27	16
ALA-ALA_GCGGCG	24	25	14	15	16	11	24	20	18	98	94	63	132	105	24	50	16	21	21	22	15	28	21	19	27	24	12	26	46	14	12	14	17
LEU-ALA_CTCGCG	6	8	5	3	5	3	4	6	5	4	3	8	11	15	8	4	3	3	5	2	7	6	2	4	2	3	7	4	3	3	1	2	3
PHE-ARG_TTTCGA	119	99	71	101	80	69	104	97	80	89	97	94	431	359	91	186	182	72	110	109	67	98	106	60	96	129	89	95	148	73	108	92	83
VAL-ALA_GTGGCG	106	122	65	120	99	59	106	109	74	234	134	143	617	424	148	184	130	83	139	107	86	128	95	69	160	96	82	167	124	52	168	89	77
ILE-ALA_ATAGCG	123	117	89	142	122	89	119	101	79	188	185	102	384	374	101	99	84	74	121	130	88	136	103	78	101	89	68	165	94	66	120	79	63
THR-ALA_ACGGCG	45	56	26	39	36	17	74	29	30	35	30	57	124	128	29	43	37	32	44	28	22	49	30	18	20	41	27	88	68	12	41	23	27
ILE-ARG_ATACGC	21	14	8	16	15	11	14	20	19	19	9	19	49	54	22	34	17	11	16	19	10	13	19	6	17	13	8	27	16	21	10	17	12
SER-ARG_AGCCGA	22	25	18	19	44	12	24	22	20	21	13	7	87	87	49	47	31	21	39	55	37	29	23	5	11	17	24	21	57	18	14	24	22
THR-ALA_ACAGCG	111	58	69	99	71	59	93	81	56	77	105	84	313	272	85	90	81	62	81	96	65	108	60	69	111	73	28	141	90	45	105	58	45
ARG-ARG_AGGCGA	49	34	32	46	54	25	47	29	32	94	59	38	139	117	30	58	44	17	50	53	25	28	31	16	21	32	17	23	15	15	14	15	18
LEU-ARG_TTGCGA	215	193	139	202	187	140	232	213	187	336	229	185	868	644	137	287	223	128	209	184	150	195	189	163	238	234	143	204	170	125	131	139	125
ARG-ALA_AGAGCG	132	78	61	94	70	51	114	88	67	75	60	85	386	248	107	101	85	53	84	57	71	73	78	56	101	52	28	46	29	39	118	55	37
GLY-ARG_GGCCGA	36	19	35	43	47	54	67	36	38	48	48	36	138	139	51	73	49	30	56	31	41	41	44	34	66	78	43	19	52	25	32	38	32
ARG-PRO_CGACCC	16	20	21	22	14	15	16	46	21	96	49	17	69	66	28	25	7	10	11	12	6	16	10	14	15	15	17	9	9	27	33	12	7
ILE-ALA_ATCGCG	16	12	8	19	24	9	17	14	12	12	10	19	86	53	16	12	6	13	16	6	13	24	16	18	21	13	7	38	8	12	32	23	15
LEU-ARG_TTACGG	92	115	55	99	89	63	107	85	46	92	61	66	207	243	60	120	102	54	70	71	45	77	70	61	84	99	41	92	108	95	125	37	35
ARG-ARG_CGACGC	52	43	29	52	25	31	37	17	14	176	172	64	161	145	38	52	36	28	38	25	37	40	35	25	26	28	28	31	32	34	48	84	35
CYS-VAL_TGCGTG	18	23	15	23	18	32	31	24	20	61	63	26	88	91	58	18	31	24	26	28	22	26	27	39	53	38	16	36	40	22	31	9	11
SER-ALA_AGTGCG	110	59	47	84	52	57	86	79	63	88	56	50	230	204	66	75	72	45	91	79	40	111	85	56	60	66	34	55	103	41	53	28	38
PRO-GLY_CCTGGG	166	143	124	180	184	134	163	183	143	193	127	135	428	561	158	322	328	115	161	108	116	210	188	191	290	210	240	345	501	203	125	86	114
