	-27	-26	-25	-24	-23	-22	-21	-20	-19	-18	-17	-16	-15	-14	-13	-12	-11	-10	-9	-8	-7	-6	-5	-4	-3	-2	-1	0	1	2	3	4	5
MET-TERM (M*)	8	10	6	0	3	1	5	2	2	1	2	1	1	26	2	2	1	1	1	1	0	2	1	2	1	5	2	4	3	3	3	16	2
LEU-TERM (L*)	5	5	3	1	7	4	9	3	5	8	7	6	12	19	3	33	10	7	23	4	12	7	6	1	3	3	4	10	3	2	5	1	6
TYR-TERM (Y*)	0	5	9	6	3	3	4	2	2	7	7	9	14	8	7	6	1	0	0	2	0	1	3	2	4	3	4	8	3	7	3	1	3
TERM-GLU (*E)	14	35	22	8	11	13	39	14	11	13	8	14	17	17	1	9	6	4	8	6	1	4	4	8	3	1	2	0	0	3	4	6	5
PRO-GLY (PG)	5339	4871	3950	5268	4870	4024	5528	4967	4038	5621	5052	3827	8328	8530	4591	8932	7615	4250	5395	4925	4264	5971	5440	5005	7348	6012	6396	7991	9083	4388	3498	3941	3497
ASN-ARG (NR)	5766	4857	3963	5605	4889	3904	5727	5143	4067	5777	5125	3897	8931	7708	4552	5479	4931	4008	6335	5658	3772	5548	5036	3873	5600	4480	3410	5976	6649	3974	5456	5352	4043
GLU-CYS (EC)	1563	1394	1082	1623	1489	1045	1401	1354	1138	1392	1346	1198	1855	1825	1038	1363	1184	1000	1414	1333	1013	1458	1333	1026	1215	1315	779	1086	993	1754	990	1215	905
GLY-ARG (GR)	7728	7027	5889	7683	7225	5433	7593	7025	5975	8452	8160	5885	10277	10038	6705	7700	7845	6194	10013	9122	6162	7854	8329	6086	8832	10083	6373	4116	5562	4878	5917	5299	4701
GLY-CYS (GC)	1611	1543	1285	1763	1618	1329	1887	1632	1267	1834	1523	1219	2287	2181	1113	1539	1544	1158	1616	1711	1361	1833	1841	1385	1861	2452	1518	1162	1305	1324	1397	1451	1027
LEU-LYS (LK)	20329	17934	14028	20197	17671	14055	19444	17182	14267	23573	18992	14389	26330	23456	13310	17955	16110	14920	20003	15987	13049	19239	18110	13653	19362	16720	13644	16430	14926	9976	19199	21575	13027
PRO-TRP (PW)	1113	969	731	1102	882	794	1064	950	776	1132	1084	771	1719	1498	745	1337	1043	846	1229	1002	885	1238	1057	1051	1627	1366	1494	1893	1486	1180	1367	669	734
GLY-TRP (GW)	1899	1610	1328	1743	1404	1123	1662	1634	1215	1866	1587	1240	2502	2141	1190	1715	1604	1341	1857	1777	1422	1863	1732	1457	2147	2620	1496	1081	1382	1537	1790	870	924
LEU-ARG (LR)	10812	10054	7870	11274	9967	8231	11406	9824	8282	13404	11244	9003	16662	13520	8413	11825	9872	8160	11039	9668	8089	10510	10995	8388	11309	11226	8443	10291	12532	7547	10604	11082	7072
HIS-ARG (HR)	2925	2529	2052	2775	2598	2146	2887	2641	2010	2725	2310	1914	3847	3414	2084	2717	2564	2012	2906	2765	1991	2558	2737	2263	3314	2674	2609	2741	3948	1967	2670	2440	2047
GLY-GLY (GG)	15398	14207	11593	15930	14869	11323	15336	15013	11528	15847	15364	11500	19354	18556	11860	16317	17338	11869	14822	16451	11661	15110	16324	11398	16743	20971	13367	10957	15861	11549	8981	10777	9285
TYR-ARG (YR)	3406	3203	2361	3489	3147	2407	3565	3100	2394	3596	3115	2553	4689	4170	2791	3827	3645	2608	3668	3195	2486	3305	3393	2584	3400	2947	2746	3425	4725	2727	3642	3349	2509
PRO-TYR (PY)	3232	2746	2151	3289	2979	2253	3187	2855	2208	3517	3299	2140	3902	3950	2514	3945	3235	2394	3467	3040	2413	3152	2816	2887	4542	3735	3616	4012	2751	2224	3279	3693	2606
GLY-ILE (GI)	8618	8167	6429	9192	8078	6592	9307	8260	6559	9713	8928	6566	9604	10145	7673	9370	9079	6425	10130	9887	6327	8657	8261	6465	8987	10046	6693	5579	6035	5485	8716	6516	5731
ARG-TRP (RW)	1138	976	822	1192	969	831	1226	1046	760	1429	1233	800	1445	1359	840	1412	1334	854	1187	1052	850	1160	1098	897	1323	1342	946	959	1212	1138	1281	617	731
HIS-LYS (HK)	3316	3120	2363	3240	2936	2262	3659	3223	2374	3153	2729	2226	4084	3757	2245	2888	2907	2458	3820	3274	2196	3128	3227	2622	3781	2735	2563	2971	3132	1776	3314	3156	3490
PRO-ASP (PD)	5312	4556	3861	5239	4995	4029	5416	4986	3990	5951	5241	3899	7488	6848	4762	9841	7205	3889	5790	5249	4089	5988	4985	5196	8190	6349	6021	7205	6465	2780	4792	4721	4302
ARG-ARG (RR)	8261	7367	5874	8428	7721	5791	8675	7814	6425	11294	10097	6749	11139	9778	6591	10570	8863	6562	9640	9007	6419	8532	8672	6073	7978	8623	5783	6817	6709	5468	8465	6049	5007
MET-CYS (MC)	450	435	360	473	461	364	504	437	348	356	359	342	536	495	290	418	373	345	406	388	350	473	378	335	418	444	358	527	391	327	344	551	276
GLN-CYS (QC)	857	750	541	743	661	603	906	711	577	634	497	487	830	824	449	588	518	456	567	656	597	868	741	645	750	768	619	677	893	732	757	813	494
LYS-ARG (KR)	11442	10308	8052	12117	10514	8288	12235	10581	8332	12418	11010	8172	14574	12633	9299	14542	12145	8217	13754	12559	8188	11238	10774	7634	10455	9221	6515	9870	11558	8363	9953	10011	6880
ILE-ARG (IR)	7266	6612	5097	7449	6350	5105	6934	6401	5134	6771	6313	6035	9328	7815	5390	7299	7049	5171	7654	6870	5044	6885	6388	5380	7073	6555	5106	8078	7065	4877	7143	7299	4676
ALA-TRP (AW)	1058	926	705	1020	926	769	1107	1035	851	1218	1148	1009	1457	1210	818	1096	958	845	1252	925	864	1279	964	878	1476	1344	594	1015	769	1014	1272	597	682
ASN-LEU (NL)	12794	11458	9204	12926	11442	8730	13043	11359	8885	12291	10877	8184	16289	13267	9345	11831	10190	8183	11290	10431	8479	11836	10060	8181	11873	9388	7455	13307	13801	8926	15444	13524	9025
LYS-GLU (KE)	19992	18002	14511	20554	18265	14210	20729	17961	14447	20931	18965	14230	20627	20830	15301	21072	17062	14684	18842	17267	14310	21228	17429	13561	18972	14716	11769	19041	18980	11325	17790	15131	17727
GLY-LEU (GL)	12489	11293	8703	12906	11468	8858	12707	11459	8855	13007	11516	9580	15154	13345	9362	13054	12350	8887	12981	11377	9111	12306	11793	8983	13129	16072	11016	7958	8529	8311	11569	10862	7318
PRO-CYS (PC)	510	462	401	443	461	343	530	462	344	631	484	364	712	609	326	598	486	337	469	459	389	495	485	462	841	699	668	695	606	477	540	518	426
TYR-CYS (YC)	977	928	792	1024	920	693	1060	828	678	1074	969	685	1102	1100	729	1031	892	755	1032	1028	868	1003	1106	694	956	824	726	993	1205	1051	1049	960	726
HIS-CYS (HC)	679	550	494	596	592	435	681	609	400	622	565	420	585	646	426	571	535	397	497	536	400	570	561	411	635	599	506	612	713	514	570	586	409
ALA-CYS (AC)	1450	1268	1043	1510	1320	1027	1516	1275	1015	1391	1333	1013	1425	1456	988	1278	1138	925	1331	1251	1071	1336	1217	981	1554	1840	822	1296	962	1108	1178	1227	919
GLY-ASP (GD)	9340	8216	6787	9399	8829	6818	9454	8621	6766	10231	8883	6555	9545	9746	7216	9237	8479	6544	9069	8837	6790	9744	9174	7006	10503	12296	7669	6612	7003	4826	7215	7359	6556
TRP-LYS (WK)	2168	1845	1449	2263	2057	1497	2139	2002	1619	2639	2087	1581	2547	2347	1571	2392	2166	1897	2694	1990	1786	2448	2492	1740	2352	2353	1832	2273	1101	1417	2151	1766	1267
HIS-MET (HM)	601	630	458	635	612	439	783	652	400	639	557	410	606	650	459	618	609	501	586	474	379	581	570	426	757	421	526	552	606	383	851	488	424
VAL-TRP (VW)	1304	1141	1032	1337	1139	817	1375	1314	958	1271	1162	1008	1671	1394	976	1321	1419	987	1476	1188	1055	1243	1107	924	1601	1372	897	1249	1054	1474	1390	725	875
TERM-TERM (**)	7	13	12	12	16	10	10	8	9	7	6	8	12	11	19	16	12	5	22	9	9	12	15	1	7	7	12	8	5	4	4	1	1
TRP-CYS (WC)	456	408	348	407	380	354	417	399	343	618	429	251	469	463	324	443	362	294	388	400	327	480	460	360	496	497	473	457	298	334	315	357	271
GLN-ARG (QR)	5745	4963	4122	5688	4931	4136	5985	5294	4071	5111	4587	4224	6951	5888	4210	5567	5070	4118	6326	6109	4248	5435	5464	4359	5697	5103	4523	4466	5989	4135	5243	4869	3768
HIS-LEU (HL)	4638	4201	3151	4686	4064	3243	4931	4285	3201	4435	3694	3217	6049	4790	3285	4259	3889	3154	4229	3865	3276	4387	4180	3454	5189	3720	3999	4212	5199	3025	5371	4808	3366
CYS-ARG (CR)	965	842	697	986	908	736	1000	919	691	1173	1076	746	1476	1105	691	992	1112	873	1279	1077	749	963	1049	753	1044	1192	1073	968	899	661	1263	789	632
LEU-CYS (LC)	2163	1940	1497	2271	2019	1502	2203	2015	1593	2526	2123	1423	2372	2200	1413	1990	1795	1311	1601	1927	1616	2019	2155	1593	2050	1952	1617	2259	2416	1671	1964	1984	1341
MET-ASN (MN)	2432	2144	1779	2710	2304	1771	2600	2119	1850	2155	2067	1925	2894	2540	1712	2498	2001	1796	2149	2070	1704	2353	1912	1791	2417	1868	1429	2692	1559	1328	2455	5387	1782
GLY-THR (GT)	7815	6870	5499	7524	7037	5483	7685	7006	5663	8623	7693	5658	8662	7790	5928	7344	6827	5285	8232	7271	5406	7359	6824	5480	8108	8527	6053	4892	5544	4885	8414	5813	4751
TRP-ASN (WN)	1438	1312	936	1486	1425	1052	1442	1177	971	1890	1409	877	1770	1514	1019	1605	1423	1176	1381	1459	1129	1546	1544	1011	1456	1424	1298	1455	780	973	1546	1348	893
GLY-ALA (GA)	9619	8716	6959	9240	9091	7326	9472	8837	7401	9546	9348	7599	10728	9860	8027	9073	9181	7232	9610	9127	7395	9981	8883	6993	10251	11414	7977	6977	8933	5638	8091	7092	5930
LEU-LEU (LL)	19398	17218	13356	19415	17618	13660	19138	17271	14059	21925	18351	13932	24907	19889	13337	18643	15637	13096	18520	15777	13722	18187	16859	14048	19451	17685	15394	19901	19911	14386	21580	19634	12067
THR-TRP (TW)	1264	1070	866	1241	1074	963	1319	1088	910	1180	1066	1040	1703	1326	803	1321	1133	960	1339	1152	890	1287	1004	931	1363	1205	989	1735	1117	1338	1475	840	881
