	-30	-29	-28	-27	-26	-25	-24	-23	-22	-21	-20	-19	-18	-17	-16	-15	-14	-13	-12	-11	-10	-9	-8	-7	-6	-5	-4	-3	-2	-1	0	1	2
ALA_GCT	10546	10088	9885	10507	10344	9828	10395	10135	9920	10523	9822	9773	10202	9947	9919	10223	10017	9766	10247	10191	9950	11036	10094	9845	10807	9892	9464	10470	11035	7917	10183	7053	7768
ALA_GCC	3910	3868	3668	3844	3680	3524	3903	3818	3764	3916	3945	3689	3813	3768	3635	3793	3730	3630	3780	3766	3628	4144	3814	3788	4097	3690	3475	4258	4726	2956	3234	2305	2639
ALA_GCA	4630	4294	4200	4612	4396	4070	4477	4282	4114	4523	4481	4253	5122	4703	4318	4615	4529	4110	4713	4324	4217	4980	4338	3974	4588	4081	3952	4380	4626	3106	4314	2915	3916
ALA_GCG	609	617	597	654	617	542	634	584	501	577	579	584	892	807	612	593	527	570	634	636	577	610	599	623	657	567	558	628	627	449	614	438	387
ARG_CGT	2338	2212	2099	2190	2270	2021	2240	2203	2078	2244	2206	2047	2345	2238	2137	2360	2374	2084	2521	2319	2103	2382	2317	2239	2383	2376	2266	2223	2146	1967	1945	1997	1042
ARG_CGG	290	271	270	301	245	234	247	272	242	275	263	262	456	367	237	318	342	281	355	295	255	283	257	256	300	266	252	289	276	286	280	140	150
ARG_CGC	178	188	157	194	182	169	176	212	172	202	218	188	289	225	159	215	175	158	196	191	150	208	170	164	157	205	212	199	156	180	179	151	108
ARG_CGA	1156	1086	944	1189	1088	1007	1201	1128	1007	1155	1086	1053	1560	1400	1045	1406	1304	1053	1287	1239	1101	1140	1117	1070	1204	1273	1079	1245	1247	1087	1006	972	662
ARG_AGA	11050	10470	10239	11217	10580	10088	11176	10619	10329	11164	10660	10408	11147	10718	10754	11609	10702	10323	11699	11131	10234	11237	11044	10837	11429	11245	10573	10737	11227	10817	11384	13131	9187
ARG_AGG	869	832	712	831	827	747	934	790	736	863	816	791	956	820	779	939	893	756	971	878	833	876	878	810	909	820	782	818	902	806	861	572	468
ASN_AAT	12464	11973	11413	12213	11950	11325	12441	11672	10956	12532	11585	11198	12340	11434	10759	12908	12146	10872	11818	11497	11098	11915	11737	11189	12563	11711	11215	12605	11031	11627	15106	17209	12881
ASN_AAC	5726	5394	5425	5777	5506	5264	5768	5375	5504	5930	5506	5395	5890	5473	5380	6001	5689	5231	5547	5296	5252	5711	5497	5474	5742	5733	5448	6059	5402	5783	6717	7473	5735
ASP_GAT	17471	16664	16461	17305	16385	16328	17473	16840	16567	17028	16715	16386	17480	16901	16950	17311	16469	16921	17293	17407	17145	18347	17562	16957	17933	17260	16694	17379	16666	14728	17024	14797	21020
ASP_GAC	5199	5132	5342	5312	5068	5076	5236	4900	4995	5201	5076	5157	5537	5320	5002	5216	4911	5173	5198	5148	5345	5586	5237	5244	5155	5062	5044	5011	5109	4767	5157	4678	6786
CYS_TGT	2404	2232	2201	2406	2287	2186	2433	2170	2129	2419	2318	2227	2417	2260	2092	2225	2046	2137	2207	2327	2195	2373	2337	2161	2273	2378	2245	2323	2355	2461	2205	2083	1362
CYS_TGC	273	295	259	297	253	272	301	278	253	289	261	249	321	300	264	285	286	224	276	291	268	351	317	266	302	264	272	271	271	336	225	262	154
GLN_CAA	12680	12084	11501	12705	12052	11729	12612	12445	11831	12591	12385	11726	12126	11826	11788	12437	11988	11530	12398	11817	11769	12375	12303	11695	12877	12812	12117	13156	11708	11364	11547	14760	12772
GLN_CAG	1883	1919	1739	1956	1909	1704	1896	1887	1696	2021	1878	1801	2065	1936	1758	1950	1792	1720	1950	1875	1777	1954	1953	1847	2035	2038	1850	2035	1660	1790	1817	1716	1548
GLU_GAA	24798	23864	24239	25160	24476	23764	25104	24298	24386	24734	24206	24395	24826	23841	24229	23961	23510	24475	25483	24333	24319	25362	23926	24027	25227	23752	23783	23334	23614	21818	23864	21267	39103
GLU_GAG	5128	4947	4653	5083	5002	4684	5132	5028	4892	5220	4894	5017	5396	5099	4681	4913	5190	4915	5094	4896	4811	5172	5043	4751	5177	4913	4577	4756	4788	4177	4461	3769	6236
GLY_GGT	11507	10671	10490	11313	10732	10450	11117	11007	10842	11416	10864	10336	11515	11032	10340	11507	11790	10565	11190	11289	10529	11525	11246	10665	11127	11142	10420	10996	11668	9129	7554	8103	6985
GLY_GGC	1200	1146	1071	1169	1160	1055	1194	1134	1033	1202	1191	1110	1456	1278	1104	1246	1183	1079	1102	1161	1061	1272	1208	1110	1241	1177	1117	1198	1388	1097	622	884	776
GLY_GGA	4286	4360	3943	4382	4207	4006	4217	4381	3864	4342	4145	4014	4827	4531	4178	4702	4651	4099	4725	4401	4125	4545	4584	4373	4331	4412	4058	4288	4958	3633	2640	3391	3477
GLY_GGG	1965	1852	1727	2000	1884	1792	1898	1908	1674	1969	1911	1717	2142	2143	1899	2094	2054	1931	1963	1962	1862	2037	2082	1978	2094	1994	1951	2146	2412	1892	1168	922	1505
HIS_CAT	4086	3812	3558	3987	3924	3674	4031	3881	3644	4113	3982	3630	3922	3810	3584	4290	4070	3804	4143	3911	3724	3817	4108	3797	4071	4180	3668	4322	3427	3519	3619	4696	3250
HIS_CAC	1925	1762	1764	1941	1982	1833	2000	1918	1802	1982	1907	1824	2076	1958	1955	2068	1959	1847	2019	2021	2037	2021	1991	1954	2103	2240	2044	2144	1717	1941	1738	2215	1580
ILE_ATT	11690	11063	10539	11634	11147	10825	11601	11167	10640	11576	11095	10680	11337	11059	10827	11618	11090	10737	11459	11412	10517	11268	10814	10577	11688	10984	10508	11435	10567	11937	14541	12583	10178
ILE_ATC	3872	3745	3514	4159	3845	3838	4012	3906	3762	4103	3878	3771	3863	3752	3736	4223	3968	3755	3880	4034	3496	3990	3713	3764	4077	3826	3841	4283	3861	4228	4639	3559	3508
ILE_ATA	3851	3644	3483	3771	3574	3394	3832	3593	3409	3814	3670	3457	3898	3702	3733	4016	3716	3582	3896	3600	3305	3709	3556	3545	3953	3583	3406	3687	3677	3914	4772	4124	3951
LEU_TTA	11105	10721	10312	11037	10385	10385	11174	10635	10177	10942	10538	10122	10705	10635	10235	10782	10373	10374	10830	10328	10223	11193	10426	9776	10806	10979	10145	11468	11512	12346	11740	11957	9733
LEU_TTG	12143	11466	10757	12094	11214	11162	11857	11439	11213	11807	11377	11037	11485	11181	11193	12027	11244	10645	11526	11206	11296	11817	11460	10908	11872	11733	11364	11964	11750	12148	12693	10426	7057
LEU_CTT	2110	1989	1836	2115	1984	1957	2160	2036	1958	2201	1965	1909	2305	2061	1894	1988	1975	1956	2237	2073	1925	1974	2038	1908	2176	2072	2028	2363	1865	2206	1902	2189	1482
LEU_CTC	485	468	416	478	467	459	448	465	432	571	466	486	578	490	430	472	511	463	444	532	484	547	503	487	470	604	469	594	467	542	495	491	359
LEU_CTA	919	890	787	948	878	878	950	899	838	940	912	861	1205	1134	892	1103	989	813	1019	887	899	900	948	857	870	929	883	979	937	1023	924	1006	857
LYS_AAA	21100	20311	19223	21073	19865	19960	21094	19935	19256	20986	20375	19382	21219	20151	19237	21113	20307	19417	21521	19254	19324	19822	19672	18994	20690	19796	19434	20787	19349	19891	23153	27518	25867
LYS_AAG	8933	9002	8617	9042	9151	8416	9284	8835	8427	9320	8955	8704	9635	9254	8493	9509	9175	8639	9507	8767	8602	9287	9021	8849	9210	9134	8303	8823	8532	8911	10385	10547	8699
PHE_TTT	7000	6742	6461	6964	6582	6322	7004	6804	6421	7201	6713	6424	6436	6294	6537	7145	6665	6413	6733	6715	6331	6727	6752	6089	6589	6832	6328	7248	6812	7433	7439	7605	4977
PHE_TTC	4138	4062	3970	4152	4118	4054	4288	4112	3857	4216	3962	3768	3921	3881	3986	4399	3898	3961	4281	4014	3830	4178	4128	3853	4095	4153	4097	4447	4219	4887	4282	4171	3458
PRO_CCT	3263	3106	3018	3333	3054	3068	3296	3199	2902	3386	3077	3063	3393	3182	2903	3913	3616	3125	3774	3285	2926	3259	3022	2889	3290	3101	3096	3841	2851	3153	2706	3136	2319
PRO_CCC	817	758	700	764	753	682	756	745	693	772	781	717	843	831	716	836	853	742	888	818	653	818	720	701	781	817	770	1126	884	995	754	605	532
PRO_CCA	8132	7858	7506	8144	7778	7700	8217	7758	7427	8179	7756	7446	8477	8066	7266	8859	8252	7841	9109	8006	7677	8357	7621	7636	8234	7487	7976	8897	7026	7187	6419	6813	7122
PRO_CCG	658	677	588	675	655	570	658	647	622	648	666	595	720	734	607	703	707	604	702	690	563	665	620	594	673	611	693	812	554	659	685	597	384
SER_TCT	6265	5933	5928	6162	6073	6054	6281	6032	6039	6362	6250	5915	6106	6102	5773	6128	5908	5988	6239	6109	5887	6387	6011	5954	6174	6118	6019	6906	6372	6455	6068	6310	4446
SER_TCC	2397	2364	2395	2522	2478	2423	2520	2361	2420	2720	2387	2469	2440	2249	2305	2415	2399	2377	2439	2485	2343	2635	2405	2294	2348	2355	2380	2667	2703	2693	2527	2034	1675
SER_TCA	6567	6242	6049	6544	6494	6035	6636	6427	5970	6556	6468	6035	6449	6237	6120	6025	6138	6110	6654	6158	6007	7084	6446	6219	6720	6332	6415	6774	6787	6336	6175	6236	5638
SER_TCG	1564	1513	1478	1657	1527	1369	1531	1553	1385	1576	1460	1456	1551	1635	1450	1565	1537	1438	1667	1524	1517	1681	1546	1394	1541	1519	1490	1698	1536	1467	1563	1608	922
SER_AGT	4734	4444	4321	4745	4700	4233	4908	4557	4411	5002	4637	4451	4721	4556	4181	4763	4450	4160	4881	4873	4507	4607	4740	4512	4981	4647	4331	4547	4514	4332	4831	5272	2898
SER_AGC	1253	1263	1187	1196	1249	1165	1367	1220	1189	1336	1301	1147	1277	1169	1160	1199	1233	1084	1169	1195	1104	1297	1168	1134	1239	1227	1097	1144	1199	1259	1073	1437	809
SER_CTG	837	777	687	773	817	740	784	827	707	838	763	758	1021	825	748	887	763	702	811	764	765	782	880	822	836	764	761	928	709	743	924	654	442
THR_ACT	8205	7836	7848	8175	7790	7551	8127	7845	7761	8154	7916	7667	7772	7586	7565	7893	7530	7305	8187	7703	7602	8234	7716	7687	8542	7424	7432	8279	7543	7355	10052	7934	6950
THR_ACC	3671	3688	3479	3500	3557	3424	3734	3547	3561	3672	3684	3331	3332	3326	3423	3617	3458	3383	3674	3491	3333	3685	3376	3398	3743	3310	3485	3760	3732	3405	4254	2922	2895
THR_ACA	4113	3868	3640	4060	3926	3838	4109	3989	3666	4242	4212	3786	4372	4053	3757	4186	4033	3820	4453	3976	3673	4394	3995	3825	4605	3791	3898	4222	3807	3899	5199	3906	3766
THR_ACG	869	854	799	912	913	791	946	840	836	939	882	803	932	959	859	958	863	835	947	855	859	958	889	874	1002	809	851	904	816	900	1198	910	553
TRP_TGG	2811	2679	2442	2803	2599	2339	2716	2537	2607	2773	2645	2814	3179	2880	2529	2734	2493	2712	2952	2695	2737	2922	2876	2770	3010	2866	2756	2851	2919	3325	2894	1581	1859
TYR_TAT	6317	6076	5826	6485	6082	5784	6385	5990	5710	6221	6108	5552	6136	5857	5548	6279	5926	5592	6029	5949	5599	5940	5743	5558	5968	6112	5549	6277	6126	6429	6578	7703	5019
TYR_TAC	3326	3157	3239	3399	3042	3016	3178	3288	3002	3438	3193	3071	3407	3123	3032	3226	3193	3153	3203	3034	3228	3264	3170	3107	3113	3282	3211	3547	3526	3734	3217	4319	2832
VAL_GTT	10216	9873	9924	10625	10014	9748	10490	9993	9811	10126	9748	9525	9897	9747	9880	9964	9615	10110	10276	10176	9823	10623	9859	9586	10487	9418	9457	10401	9641	8980	9802	7176	10714
VAL_GTC	3008	2917	3121	3079	2991	2887	3086	2948	2949	3036	2954	2968	2928	2973	3090	3168	3016	3051	3058	3153	3014	3374	3189	2982	3223	3042	3267	3419	3339	2929	2912	1935	3513
VAL_GTA	2455	2395	2269	2323	2237	2409	2510	2322	2390	2424	2251	2291	2533	2340	2172	2426	2309	2214	2443	2390	2191	2473	2266	2227	2384	2333	2211	2336	2272	1996	2401	1688	2728
VAL_GTG	2924	2850	2526	2997	2872	2799	2939	2808	2703	3005	2935	2643	3053	2828	2757	2924	2672	2609	3012	2932	2720	2923	2920	2745	3022	2876	2674	2931	2863	2432	3199	1669	1952
TERM_TAA	197	210	184	174	165	213	166	149	180	164	139	176	586	616	166	177	155	150	120	126	158	119	122	111	117	98	123	144	134	109	89	104	138
TERM_TGA	53	63	44	45	38	43	35	49	50	46	46	40	149	195	51	56	78	50	38	52	41	38	49	42	27	37	35	29	25	12	13	31	18
TERM_TAG	65	52	70	69	52	42	63	53	62	41	89	40	191	216	77	75	82	58	43	38	52	39	45	42	42	50	40	29	33	46	40	25	78
MET_ATG	4825	4678	4378	4941	4850	4608	5180	4616	4483	5137	4498	4524	4785	4659	4558	5083	4730	4505	4945	4561	4430	4921	4579	4441	5041	4436	4594	4861	4607	4849	6873	4737	3258
