	-27	-26	-25	-24	-23	-22	-21	-20	-19	-18	-17	-16	-15	-14	-13	-12	-11	-10	-9	-8	-7	-6	-5	-4	-3	-2	-1	0	1	2	3	4	5
ARG-SER_AGGAGC	3	7	2	5	2	5	2	4	4	4	1	4	5	41	3	2	3	1	3	4	2	5	3	1	5	1	3	1	2	1	6	1	3
ARG-ALA_CGAGCG	2	3	0	2	3	0	3	1	2	4	2	0	17	32	4	3	3	5	1	1	3	5	6	5	2	3	3	0	0	1	0	1	0
ARG-ARG_CGACGA	3	3	2	2	3	3	4	3	2	9	5	5	28	25	5	7	5	2	5	4	3	6	3	2	5	2	6	4	2	2	1	3	1
ARG-PRO_CGGCCA	3	4	3	5	3	4	4	7	5	7	1	3	4	17	7	5	2	6	4	3	3	3	2	3	4	4	3	7	2	4	3	3	2
PRO-GLY_CCGGGC	6	1	0	5	3	2	7	2	3	3	5	6	6	14	2	6	9	1	3	0	1	1	7	2	3	0	3	8	4	5	1	0	1
LEU-ALA_CTAGCG	5	2	5	4	2	2	6	6	4	5	5	5	10	18	5	5	5	10	7	1	4	7	5	6	6	1	19	6	5	1	0	3	4
PRO-GLY_CCTGGG	24	26	20	23	17	30	28	32	29	30	29	29	91	98	37	39	26	24	19	21	23	33	20	23	28	25	32	45	48	28	12	5	21
GLN-ARG_CAGCGG	3	3	5	1	3	5	0	6	0	3	6	1	5	10	1	5	3	4	2	4	4	8	1	7	2	1	0	5	2	2	4	2	0
GLY-LEU_GGGCTA	10	10	9	17	5	9	9	6	10	5	6	13	10	32	20	16	13	8	12	6	16	7	10	12	19	16	13	8	5	4	7	6	5
ARG-LEU_CGACTA	4	2	4	2	1	6	5	1	0	1	1	5	10	11	2	6	5	1	4	6	2	5	3	1	2	4	1	3	4	9	3	3	5
ALA-ALA_GCAGCG	11	11	6	10	11	7	12	9	6	25	8	8	30	35	11	13	7	7	14	16	7	13	15	15	15	14	6	8	15	9	8	6	8
THR-GLY_ACCGGC	10	18	2	11	3	9	6	3	5	8	14	6	11	25	6	10	10	3	7	7	10	13	11	5	6	10	14	6	13	14	6	8	13
GLY-ARG_GGACGG	3	4	9	4	4	2	2	0	4	7	3	2	5	9	3	2	2	3	4	2	4	2	3	1	1	5	3	3	2	4	2	5	3
HIS-PRO_CACCCC	8	5	2	5	2	3	2	6	3	2	8	4	4	11	1	4	5	3	4	2	5	3	3	5	4	4	6	2	4	10	4	2	3
PRO-SER_CCGAGT	5	9	8	10	3	5	8	1	7	9	1	5	4	15	1	3	7	3	7	7	2	10	6	11	10	8	2	3	4	6	2	4	4
SER-TYR_AGCTAT	20	29	11	26	25	19	18	23	12	38	18	28	20	56	36	14	14	23	28	18	23	19	18	12	15	23	17	15	21	13	23	21	16
ARG-ILE_CGGATA	9	3	4	1	0	6	4	5	3	10	8	2	9	10	4	5	4	4	4	6	3	2	5	3	2	2	2	2	1	2	2	1	2
GLY-LEU_GGGCTC	3	2	1	3	7	3	2	2	4	2	1	7	5	9	4	3	7	2	4	2	16	4	4	6	2	2	0	3	0	0	1	4	3
THR-ALA_ACGGCG	4	9	4	2	5	10	14	3	8	8	11	10	10	17	12	2	5	4	4	8	4	9	6	6	10	10	0	10	9	1	2	6	5
ARG-THR_CGAACA	11	12	8	14	8	14	16	9	11	9	14	15	13	31	11	9	12	15	13	13	12	12	15	12	17	13	4	9	11	7	27	6	13
GLU-ARG_GAGCGG	6	4	4	4	5	5	2	1	4	3	3	5	9	10	4	2	1	5	7	5	3	6	1	4	4	1	4	1	4	4	9	3	2
PRO-SER_CCCCTG	17	8	4	3	11	3	10	8	4	9	10	12	27	23	5	11	4	14	5	6	14	11	11	17	7	6	13	10	9	8	7	4	4
ARG-TYR_CGGTAT	8	0	3	2	3	1	5	1	6	5	3	4	0	8	4	5	4	2	1	4	5	5	2	3	5	7	6	2	3	1	0	2	1
ILE-ARG_ATACGC	2	2	2	4	3	3	1	4	2	2	7	22	4	9	2	5	2	1	3	5	2	5	7	3	2	5	2	5	3	7	3	0	2
CYS-TYR_TGCTAC	5	1	5	7	1	4	1	3	0	6	9	6	6	9	4	8	4	2	2	7	2	6	4	1	3	3	4	2	5	2	3	3	4
THR-LEU_ACCCTA	8	1	2	2	3	2	5	1	0	1	7	0	2	7	2	3	2	4	3	3	1	2	4	0	8	2	3	7	3	3	4	7	2
PHE-PRO_TTTCCC	8	12	6	9	15	8	8	29	11	10	6	10	7	24	6	8	10	7	10	12	8	13	9	9	12	10	14	15	17	19	10	4	3
THR-PRO_ACGCCG	5	2	1	4	3	4	5	6	3	4	4	5	5	9	3	4	7	2	8	6	3	2	1	3	6	1	7	7	4	1	6	2	2
LEU-LEU_CTACTA	5	21	6	8	3	10	8	10	21	10	6	3	21	22	11	7	22	11	8	15	12	6	11	6	9	9	9	10	5	9	5	7	6
ALA-CYS_GCATGC	16	10	5	6	9	4	6	14	17	12	8	7	8	20	12	16	12	10	12	7	4	9	7	5	13	11	4	5	9	11	3	4	6
LEU-ALA_CTCGCT	6	10	8	7	7	9	3	7	5	13	7	18	10	17	6	9	9	4	10	2	5	8	8	6	9	6	5	6	15	6	7	7	2
GLY-ALA_GGGGCG	2	7	11	12	9	5	6	10	6	7	6	8	19	16	17	8	14	10	8	9	6	3	4	5	6	7	8	4	0	3	5	2	1
TYR-ARG_TATCGC	3	0	5	1	0	4	1	1	1	7	7	6	4	8	6	3	0	5	5	7	3	5	4	1	4	0	4	5	8	2	5	5	2
ARG-HIS_AGGCAC	1	3	3	5	5	4	1	6	2	6	1	1	6	7	6	5	6	2	1	5	1	1	1	5	5	3	2	0	5	1	1	4	2
PRO-PRO_CCGCCG	4	6	4	6	5	6	8	3	3	5	10	6	7	11	4	8	5	5	8	1	3	8	2	3	1	5	2	7	1	4	7	5	6
ARG-THR_CGCACT	1	4	0	2	3	8	5	4	6	14	4	6	4	10	8	9	8	4	1	3	4	2	5	3	7	3	5	6	2	2	6	2	3
LEU-PRO_CTACCA	27	17	28	14	28	25	21	27	23	33	29	20	37	53	14	30	22	30	30	23	25	13	24	23	24	22	18	30	32	24	16	19	17
GLY-ARG_GGAAGG	8	14	7	10	9	6	6	10	10	4	13	9	10	19	11	9	13	10	12	16	12	4	7	8	10	11	17	2	5	4	4	4	1
THR-VAL_ACCGTA	15	13	17	17	7	10	10	18	22	16	16	25	12	29	8	7	6	14	16	13	14	19	9	9	19	11	12	16	13	7	14	10	7
SER-LEU_CTGCTA	4	4	5	4	3	1	4	5	1	5	2	1	4	7	2	4	3	5	5	5	1	2	2	3	3	2	2	3	1	2	4	6	4
SER-ARG_AGCAGG	7	5	1	4	7	7	10	7	5	3	2	7	9	11	6	7	5	2	4	11	6	7	3	4	6	0	1	5	4	6	7	1	2
GLY-THR_GGGACG	7	10	9	9	9	5	12	3	5	7	7	5	17	18	4	6	8	8	10	7	20	10	15	9	7	10	9	4	5	5	10	9	8
SER-SER_TCGTCG	40	27	29	29	36	32	35	28	23	46	29	37	36	70	34	36	52	37	42	34	36	37	35	36	29	24	36	42	27	16	27	34	20
ILE-SER_ATCCTG	8	8	8	8	5	0	3	4	3	3	5	3	4	9	2	5	9	5	4	4	3	6	4	3	0	3	4	9	5	3	4	1	1
GLY-ALA_GGTGCG	8	8	14	10	16	11	8	10	7	20	14	16	21	25	17	10	11	15	14	12	6	13	13	13	12	17	12	13	12	5	15	2	6
ARG-ILE_AGGATC	5	8	1	5	3	21	3	8	5	8	3	6	4	12	6	11	5	6	5	16	2	7	3	6	3	6	5	6	5	2	4	2	3
PRO-THR_CCGACT	10	9	5	10	14	9	5	11	13	8	11	6	7	18	10	8	9	9	6	10	6	8	15	12	7	7	6	7	8	6	9	9	5
SER-ALA_AGTGCG	9	7	6	8	7	6	9	6	5	12	5	6	18	14	10	10	1	5	8	4	1	4	10	6	9	4	6	7	3	3	11	6	3
GLY-ARG_GGGAGG	6	6	3	12	2	3	3	7	8	4	5	6	6	9	6	3	6	8	6	4	6	0	3	4	3	3	2	2	3	2	4	3	0
ARG-SER_CGTTCC	16	15	16	14	22	26	23	27	18	17	13	19	20	35	14	20	9	21	18	19	13	24	20	14	13	20	11	13	13	10	19	9	15
