	-27	-26	-25	-24	-23	-22	-21	-20	-19	-18	-17	-16	-15	-14	-13	-12	-11	-10	-9	-8	-7	-6	-5	-4	-3	-2	-1	0	1	2	3	4	5
PRO-GLY (PG)	577	563	531	628	620	566	633	625	561	677	589	573	1033	996	659	808	708	575	653	627	613	673	618	614	648	608	656	589	727	538	397	375	429
GLY-TRP (GW)	176	167	186	168	161	154	160	164	141	186	159	149	202	227	177	191	190	186	180	180	205	180	158	179	198	201	137	102	123	147	169	80	97
GLY-CYS (GC)	196	163	168	183	192	189	203	191	164	230	191	200	190	239	189	192	161	180	155	182	194	220	192	174	173	195	147	137	146	145	136	138	81
TRP-CYS (WC)	51	48	51	58	46	53	56	52	56	65	55	41	63	67	58	57	48	55	56	57	51	63	49	45	50	46	45	44	36	35	34	32	30
PRO-ASP (PD)	747	670	689	715	640	620	785	663	664	759	705	649	990	903	700	928	742	632	690	704	706	801	705	712	869	771	650	528	664	481	614	605	761
HIS-TRP (HW)	41	50	45	51	38	40	39	41	50	39	47	70	66	63	52	48	40	68	54	55	67	51	45	51	66	43	50	42	69	49	43	27	40
ASN-ARG (NR)	735	708	685	726	673	664	765	703	730	731	636	692	898	941	718	780	679	700	861	765	673	748	691	692	797	724	712	874	1032	774	789	779	645
GLY-MET (GM)	292	268	245	270	293	271	343	277	312	309	250	287	261	336	262	327	317	267	334	286	270	277	279	253	271	274	204	194	169	164	349	207	148
VAL-TRP (VW)	164	138	164	157	180	147	168	174	176	167	180	178	195	201	157	176	148	151	178	145	162	180	167	174	182	182	139	141	116	219	125	80	100
GLY-GLY (GG)	1864	1711	1675	1786	1811	1633	1771	1870	1623	1860	1828	1704	2002	2058	1693	1857	2009	1613	1817	1923	1595	1785	1785	1607	1770	2033	1461	994	1522	1144	921	1070	1201
CYS-TYR (CY)	91	109	68	133	97	64	95	99	87	84	100	88	93	114	86	110	101	76	119	115	60	102	99	90	99	90	79	94	94	60	113	115	96
ALA-CYS (AC)	146	131	129	138	173	125	149	107	149	150	133	145	149	163	129	131	119	135	165	149	144	139	131	97	152	189	113	133	85	151	111	111	97
GLY-ARG (GR)	1114	985	1012	1082	984	973	1075	1028	929	1081	1028	987	1120	1163	961	1060	977	966	1210	1000	990	995	1009	1011	1029	1104	861	628	608	743	729	782	659
ALA-TRP (AW)	108	100	90	121	97	92	103	108	127	96	107	125	121	125	93	99	108	93	107	97	124	101	147	120	104	142	68	110	75	106	103	47	74
HIS-CYS (HC)	82	87	52	96	65	68	92	68	48	70	90	66	85	87	67	75	63	80	72	72	71	62	75	70	90	66	68	81	79	65	70	72	46
GLY-ILE (GI)	1051	1031	997	1207	1101	1012	1143	998	1064	1105	1100	1036	1170	1230	1083	1191	1155	1028	1144	1189	1013	1072	1151	1039	1099	1152	895	682	757	765	1025	815	773
GLY-PRO (GP)	518	533	445	538	489	486	578	504	507	530	507	485	592	595	487	639	555	525	574	557	543	543	544	480	549	567	517	366	374	392	336	419	377
PRO-PRO (PP)	732	735	731	820	758	700	823	768	697	802	749	671	884	875	693	1085	926	721	836	693	650	739	637	688	800	606	815	721	546	659	633	661	674
CYS-MET (CM)	50	32	35	55	38	38	35	24	23	41	54	35	43	44	36	40	44	37	39	38	51	39	53	29	47	24	29	27	24	19	63	37	14
PRO-CYS (PC)	71	81	82	56	74	65	74	60	72	91	76	61	78	77	60	81	60	48	60	66	66	54	53	65	85	69	50	37	46	82	56	71	56
GLY-ALA (GA)	1146	1078	985	989	1052	1086	997	975	987	1235	1124	1112	1110	1190	1033	1133	1112	1072	1190	1126	1047	1163	1176	1015	1117	1194	938	771	910	711	744	647	736
ARG-SER (RS)	969	876	882	1003	962	905	959	908	877	1039	929	969	1046	1084	897	958	979	913	972	941	924	1070	1013	1012	1007	938	946	924	1003	633	1108	754	627
TYR-TRP (YW)	90	90	72	97	73	68	81	82	71	92	90	102	99	99	83	87	78	83	88	64	97	90	89	84	96	87	105	103	101	92	102	50	64
THR-MET (TM)	248	255	232	235	279	208	281	313	192	243	267	259	247	289	259	268	255	221	253	257	255	245	238	239	256	248	254	313	205	239	360	227	180
GLY-VAL (GV)	1110	994	1022	1121	1060	1054	1175	1042	979	1223	1145	1071	1225	1184	1073	1039	997	992	1115	1142	1096	1166	1085	1101	1183	1192	1033	772	785	717	872	604	797
GLY-ASP (GD)	1127	1052	1069	1105	1172	1118	1124	1112	983	1203	1128	1010	1262	1219	1150	1152	1102	1112	1149	1132	1129	1139	1156	1218	1154	1314	1008	713	794	731	838	767	1098
MET-GLN (MQ)	190	205	197	217	196	159	176	177	162	206	169	177	196	199	182	173	175	153	167	134	135	187	141	195	156	173	140	240	162	117	142	241	183
GLY-THR (GT)	956	913	844	845	968	873	947	904	903	927	1003	832	900	974	894	962	855	905	992	943	838	948	914	781	935	918	814	594	659	582	914	651	653
GLY-SER (GS)	1267	1322	1217	1347	1327	1272	1383	1298	1306	1530	1481	1425	1448	1423	1221	1282	1417	1189	1393	1392	1266	1428	1383	1294	1317	1489	1204	858	940	998	1050	963	822
HIS-PRO (HP)	344	344	365	340	313	319	298	319	270	342	295	278	345	350	297	372	316	270	296	311	245	304	277	328	358	299	313	298	338	296	286	302	295
ASP-PRO (DP)	662	638	676	739	648	724	700	703	644	698	674	641	812	800	689	824	815	730	913	862	682	797	754	746	852	806	663	753	583	712	549	600	543
PRO-TYR (PY)	385	372	378	371	376	387	408	399	336	420	390	369	431	412	343	400	372	359	336	366	352	415	363	382	434	310	327	291	317	310	348	430	295
ASN-PRO (NP)	709	710	600	700	615	675	738	647	605	804	708	608	808	771	699	731	711	697	774	716	629	687	678	656	724	622	633	892	871	624	614	615	550
ALA-SER (AS)	1306	1378	1352	1401	1379	1343	1473	1402	1349	1466	1311	1332	1380	1475	1332	1403	1330	1313	1460	1317	1381	1499	1404	1228	1431	1630	1021	1337	894	1136	1198	1067	953
GLY-LEU (GL)	1574	1476	1446	1571	1472	1344	1599	1488	1365	1655	1577	1384	1567	1592	1545	1509	1555	1442	1573	1594	1508	1479	1493	1381	1478	1734	1277	1059	1068	1089	1249	1212	989
TYR-ALA (YA)	564	560	539	535	586	515	549	542	489	540	530	500	579	600	600	538	531	501	540	505	522	590	563	486	580	505	618	547	821	414	537	349	478
MET-VAL (MV)	289	271	289	291	343	250	283	315	270	257	297	251	264	307	260	334	252	291	325	268	309	290	243	276	297	279	287	406	264	125	284	210	168
HIS-LYS (HK)	403	407	356	419	378	385	453	408	427	432	395	431	524	485	423	446	453	435	519	472	430	369	462	390	476	363	398	382	490	330	518	520	688
VAL-CYS (VC)	173	191	169	169	177	155	166	176	161	179	163	190	161	176	193	151	155	168	171	155	133	187	179	134	168	178	130	154	97	174	118	118	83
GLU-GLY (EG)	1307	1162	1145	1219	1167	1215	1140	1222	1226	1359	1256	1146	1327	1320	1254	1334	1203	1212	1248	1278	1225	1382	1237	1209	1077	1156	1104	1067	1078	1720	795	840	808
GLN-CYS (QC)	81	98	87	90	75	76	95	87	72	74	66	77	79	87	55	83	81	61	75	67	85	102	92	83	78	77	59	67	96	95	92	81	46
LYS-GLU (KE)	2864	2707	2672	2838	2764	2580	2800	2799	2804	2881	2789	2832	3147	3133	2706	2851	2647	2668	2680	2727	2730	2892	2789	2644	2726	2555	2748	3174	3364	2630	3221	2946	4095
TRP-ILE (WI)	162	120	142	140	131	117	139	134	166	190	146	143	128	161	139	190	148	139	173	158	147	155	162	141	173	167	178	177	85	121	185	127	78
ILE-GLY (IG)	1079	986	880	1071	968	873	983	920	895	1002	972	903	1115	1055	922	1171	1174	911	994	945	917	985	938	852	1038	914	990	1198	1167	797	664	931	703
ASN-TRP (NW)	191	171	170	204	171	136	198	166	161	210	161	147	220	196	167	154	124	184	211	172	188	197	180	150	195	185	189	219	233	250	182	105	150
PHE-PRO (FP)	412	439	360	405	444	415	443	403	378	355	404	433	450	476	361	477	463	400	521	491	417	431	432	439	423	411	587	626	435	470	422	412	394
GLY-HIS (GH)	316	321	283	308	249	294	309	318	279	397	349	286	387	349	339	399	358	318	362	346	358	351	372	310	357	473	324	232	222	206	260	310	242
ASN-CYS (NC)	154	122	142	139	147	178	162	137	125	145	164	146	155	158	138	128	154	114	125	142	133	122	140	132	134	136	174	169	240	159	143	135	104
HIS-ARG (HR)	364	354	342	349	341	281	352	329	328	389	364	323	404	397	370	432	369	405	396	421	352	406	439	369	414	325	387	350	413	285	333	384	305
PRO-THR (PT)	937	838	732	827	808	826	849	812	822	940	911	790	914	894	768	879	773	784	855	775	713	848	834	825	1036	744	816	731	682	706	1086	719	767
