	-27	-26	-25	-24	-23	-22	-21	-20	-19	-18	-17	-16	-15	-14	-13	-12	-11	-10	-9	-8	-7	-6	-5	-4	-3	-2	-1	0	1	2	3	4	5
HIS-MET (HM)	30	62	45	63	49	37	40	50	37	32	47	34	40	66	50	51	50	30	59	38	31	38	58	47	47	37	53	32	64	36	54	38	29
MET-TRP (MW)	25	21	19	25	18	17	17	17	21	25	25	28	29	30	12	19	30	17	14	22	24	20	23	18	25	23	23	27	23	23	15	20	19
PRO-GLY (PG)	345	264	303	333	312	336	301	304	277	339	277	300	492	444	341	414	393	297	417	337	296	317	341	339	378	320	319	305	380	214	210	248	228
ASN-MET (NM)	125	128	125	147	131	115	126	140	128	169	136	91	125	183	158	144	122	137	135	121	124	125	122	125	150	114	131	158	180	142	192	129	99
GLY-TRP (GW)	99	95	102	81	75	74	80	76	70	95	89	81	100	102	92	72	94	90	111	86	87	73	70	85	74	95	72	34	67	74	66	32	56
GLY-ARG (GR)	524	536	516	494	507	502	549	530	487	585	532	486	560	599	475	495	479	452	520	525	458	416	471	389	508	501	407	265	370	358	370	354	362
GLY-CYS (GC)	107	90	81	114	80	99	96	99	98	103	93	100	99	113	101	80	108	82	101	83	103	97	90	64	96	86	64	65	75	62	92	65	56
ALA-CYS (AC)	81	66	63	78	78	62	73	83	59	77	94	78	73	92	77	65	61	61	91	64	94	76	88	60	84	103	69	86	44	68	63	62	53
CYS-MET (CM)	16	17	20	25	17	17	19	24	24	22	19	19	16	25	15	30	26	22	23	22	15	19	31	25	16	20	19	10	15	15	32	15	10
GLY-GLY (GG)	963	809	784	864	913	739	822	874	803	886	908	854	982	988	803	860	999	737	770	860	766	787	801	685	749	943	669	514	754	650	494	589	680
CYS-GLY (CG)	98	83	112	109	109	90	110	107	97	93	84	95	86	119	85	97	120	91	107	100	106	97	107	81	88	99	114	76	105	65	119	59	75
TYR-CYS (YC)	59	56	51	48	57	62	55	50	54	49	43	48	55	67	45	48	47	68	56	62	75	61	42	64	47	59	41	45	66	70	56	60	32
THR-TRP (TW)	85	51	64	77	63	70	73	67	92	73	62	94	74	92	64	71	87	95	73	72	76	78	73	66	85	79	72	94	91	75	62	52	80
THR-MET (TM)	145	143	134	129	176	96	132	161	117	126	146	142	145	164	136	155	135	121	145	134	149	136	141	110	127	158	144	147	102	128	186	92	83
MET-ASN (MN)	150	145	148	134	155	130	127	125	131	147	130	191	194	194	117	148	166	142	138	148	116	139	128	151	177	142	135	186	144	119	146	649	136
GLY-GLN (GQ)	349	315	297	333	350	297	345	343	323	384	372	279	333	389	325	324	342	359	331	328	292	298	338	331	315	371	322	266	324	250	298	342	276
VAL-TRP (VW)	102	93	98	58	79	63	95	79	101	98	78	96	89	98	98	76	84	68	82	70	84	88	71	97	95	87	81	86	53	118	53	39	50
TRP-TYR (WY)	49	40	56	60	51	71	50	48	42	61	67	42	46	60	64	70	49	63	49	61	35	59	53	46	47	62	37	52	35	28	38	49	34
ASN-ARG (NR)	412	359	383	345	375	362	372	354	393	440	335	353	511	456	347	378	307	349	432	374	348	385	366	396	449	367	361	413	552	360	392	445	276
ASP-PRO (DP)	328	296	296	375	326	348	363	376	351	341	348	341	424	423	334	398	393	336	466	427	333	354	365	343	389	387	318	449	283	476	314	309	245
ASN-TRP (NW)	95	100	109	78	113	91	84	105	100	104	90	78	121	115	117	104	79	92	100	111	127	94	98	68	81	101	90	99	110	83	121	63	105
PHE-PHE (FF)	224	197	221	205	188	194	211	211	183	209	198	186	230	238	180	228	208	162	188	197	164	203	240	167	192	220	261	207	266	172	230	198	148
GLY-ILE (GI)	550	542	479	608	531	441	522	478	509	533	557	551	617	606	627	587	551	562	546	574	593	535	542	469	490	545	477	383	405	410	527	388	447
HIS-TRP (HW)	17	18	17	24	21	24	21	35	23	26	26	49	31	32	26	28	33	29	40	23	41	21	37	27	51	32	24	30	20	27	21	15	24
PRO-TRP (PW)	52	45	65	46	45	67	56	42	46	69	65	48	61	65	51	83	55	62	65	63	61	85	64	51	69	55	48	50	50	50	50	50	27
MET-GLN (MQ)	112	81	92	120	112	91	110	94	99	108	101	101	90	120	116	113	103	85	90	96	100	111	104	120	89	112	94	126	151	79	79	148	94
ARG-ARG (RR)	538	572	525	607	584	548	565	545	506	665	610	551	625	642	583	681	618	495	561	614	519	584	599	460	503	519	504	473	501	428	822	487	407
HIS-PHE (HF)	105	112	113	121	122	104	126	106	122	118	110	128	138	135	149	127	116	119	96	114	112	115	137	111	138	98	139	93	120	111	94	122	119
MET-GLU (ME)	187	153	165	205	184	188	215	176	192	191	183	209	185	218	178	180	174	183	178	175	206	221	183	199	185	165	188	228	196	94	200	328	172
ARG-ASP (RD)	449	452	401	432	477	458	514	491	481	521	457	451	518	541	430	509	396	464	422	494	467	518	520	399	442	451	451	461	536	333	749	379	540
GLN-ARG (QR)	476	429	417	462	444	447	423	440	479	462	433	448	521	516	471	505	461	466	469	484	417	433	485	476	447	471	434	372	463	419	484	444	375
LEU-LYS (LK)	1209	1201	1150	1221	1199	1197	1245	1243	1244	1279	1284	1285	1430	1430	1204	1249	1209	1206	1244	1171	1143	1379	1201	1207	1301	1301	1361	1155	1129	851	1235	2194	1163
SER-TRP (SW)	95	103	72	89	96	92	108	79	112	93	86	92	100	103	83	101	96	96	99	92	81	86	92	105	86	106	98	89	94	69	83	51	64
ILE-GLN (IQ)	318	328	315	346	317	336	422	355	359	395	369	417	416	410	353	373	345	376	357	355	343	358	358	338	393	383	404	460	308	274	336	378	325
MET-ILE (MI)	177	144	132	152	163	117	149	142	152	173	142	124	168	172	122	182	128	148	145	152	158	153	158	127	148	121	122	227	144	116	160	303	100
PHE-TRP (FW)	55	74	41	48	50	52	59	47	41	50	42	43	59	58	45	48	46	41	53	49	29	46	59	54	62	59	65	46	71	45	52	44	63
THR-TYR (TY)	227	245	227	261	239	253	263	278	246	256	284	253	283	286	227	252	286	263	237	255	240	246	198	249	248	228	241	320	259	261	241	291	223
LEU-ILE (LI)	893	867	870	871	834	859	899	811	775	857	836	887	902	962	920	851	862	816	828	809	779	859	818	875	938	882	939	826	818	686	1041	967	674
GLN-ASP (QD)	435	412	392	448	418	425	423	406	405	386	438	388	409	469	415	398	366	404	405	447	396	474	428	404	426	366	427	363	415	345	490	362	642
HIS-TYR (HY)	97	100	93	101	94	93	100	106	104	118	100	90	101	115	109	112	120	98	98	89	113	104	111	97	125	118	82	96	121	77	102	117	101
PRO-PRO (PP)	527	542	503	536	528	526	528	561	482	540	554	488	696	589	411	787	596	463	599	494	491	552	445	493	645	411	539	582	451	491	500	434	444
HIS-LEU (HL)	254	256	265	286	257	241	283	250	253	248	273	255	275	291	296	257	237	255	268	250	294	232	287	261	358	248	237	240	309	190	282	212	239
GLY-THR (GT)	436	466	449	473	482	457	488	458	454	495	519	447	488	505	448	481	481	453	551	472	458	467	461	385	506	478	431	385	390	354	498	331	355
ILE-LEU (IL)	737	731	716	726	783	752	783	774	770	890	779	761	825	852	704	808	809	754	725	732	729	685	742	731	774	760	878	996	784	814	756	789	474
PRO-MET (PM)	97	90	96	121	114	105	130	123	116	114	121	128	110	120	107	115	133	121	115	102	110	121	94	106	129	113	97	79	92	60	123	77	97
ALA-LYS (AK)	993	1012	969	1111	998	979	959	920	957	1085	1002	1005	1056	1078	968	1047	1012	919	1149	974	955	971	874	1005	1089	1080	928	1024	613	677	915	877	988
GLY-SER (GS)	699	752	695	786	747	683	787	697	720	760	737	682	741	744	663	689	691	682	780	646	623	689	681	558	634	815	612	524	611	576	572	546	433
VAL-HIS (VH)	180	164	136	181	173	188	178	151	169	169	172	162	175	178	146	170	170	142	193	166	134	185	159	164	155	171	147	205	92	169	107	155	129
PRO-SER (PS)	622	533	571	625	590	592	631	588	646	656	578	522	681	658	587	645	613	547	609	569	576	625	577	592	759	635	722	608	562	471	589	536	445
HIS-LYS (HK)	274	212	218	208	207	175	226	237	268	208	210	219	261	258	218	266	237	227	294	266	164	240	236	251	258	224	249	194	244	161	241	244	356
