	ID	Name	position_from_start	position_from_term	actual_count	downsampled_count
0	rna-XM_713957.1	XM_713957.1	0	1203	34.0	19.0
1	rna-XM_713957.1	XM_713957.1	47	1156	24.0	19.0
2	rna-XM_713954.1	XM_713954.1	91	512	190.0	19.0
3	rna-XM_713954.1	XM_713954.1	127	476	31.0	19.0
4	rna-XM_713954.1	XM_713954.1	369	234	20.0	19.0
5	rna-XM_019475060.1	XM_019475060.1	2611	1625	74.0	19.0
6	rna-XM_713024.2	XM_713024.2	4	452	20.0	19.0
7	rna-XM_019475064.1	XM_019475064.1	14	250	22.0	19.0
8	rna-XM_019475064.1	XM_019475064.1	166	98	25.0	19.0
9	rna-XM_019475067.1	XM_019475067.1	339	450	27.0	19.0
10	rna-XM_019475067.1	XM_019475067.1	364	425	37.0	19.0
11	rna-XM_707863.2	XM_707863.2	308	3517	54.0	19.0
12	rna-XM_716341.2	XM_716341.2	36	627	38.0	19.0
13	rna-XM_716341.2	XM_716341.2	147	516	199.0	19.0
14	rna-XM_716371.1	XM_716371.1	216	837	36.0	19.0
15	rna-XM_716397.1	XM_716397.1	141	180	31.0	19.0
16	rna-XM_716397.1	XM_716397.1	163	158	27.0	19.0
17	rna-XM_716399.1	XM_716399.1	428	181	79.0	19.0
18	rna-XM_716399.1	XM_716399.1	517	92	23.0	19.0
19	rna-XM_716399.1	XM_716399.1	522	87	89.0	19.0
20	rna-XM_716399.1	XM_716399.1	539	70	23.0	19.0
21	rna-XM_716405.2	XM_716405.2	464	1954	21.0	19.0
22	rna-XM_716407.2	XM_716407.2	668	103	22.0	19.0
23	rna-XM_716442.2	XM_716442.2	529	1361	22.0	19.0
24	rna-XM_716442.2	XM_716442.2	626	1264	26.0	19.0
25	rna-XM_716442.2	XM_716442.2	1615	275	23.0	19.0
26	rna-XM_716442.2	XM_716442.2	1833	57	31.0	19.0
27	rna-XM_716447.2	XM_716447.2	619	206	91.0	19.0
28	rna-XM_708542.1	XM_708542.1	134	1147	22.0	19.0
29	rna-XM_708542.1	XM_708542.1	178	1103	659.0	19.0
30	rna-XM_708542.1	XM_708542.1	196	1085	20.0	19.0
31	rna-XM_708542.1	XM_708542.1	230	1051	36.0	19.0
32	rna-XM_708542.1	XM_708542.1	245	1036	24.0	19.0
33	rna-XM_708542.1	XM_708542.1	257	1024	23.0	19.0
34	rna-XM_708542.1	XM_708542.1	332	949	42.0	19.0
35	rna-XM_708542.1	XM_708542.1	335	946	22.0	19.0
36	rna-XM_708542.1	XM_708542.1	338	943	24.0	19.0
37	rna-XM_708542.1	XM_708542.1	344	937	22.0	19.0
38	rna-XM_708542.1	XM_708542.1	347	934	21.0	19.0
39	rna-XM_708542.1	XM_708542.1	470	811	21.0	19.0
40	rna-XM_708542.1	XM_708542.1	473	808	20.0	19.0
41	rna-XM_708542.1	XM_708542.1	527	754	79.0	19.0
42	rna-XM_708542.1	XM_708542.1	534	747	46.0	19.0
43	rna-XM_708542.1	XM_708542.1	566	715	51.0	19.0
44	rna-XM_708553.2	XM_708553.2	798	690	33.0	19.0
45	rna-XM_708570.1	XM_708570.1	164	154	22.0	19.0
46	rna-XM_708576.2	XM_708576.2	239	1699	35.0	19.0
47	rna-XM_708576.2	XM_708576.2	367	1571	22.0	19.0
48	rna-XM_708576.2	XM_708576.2	629	1309	43.0	19.0
49	rna-XM_705314.2	XM_705314.2	1950	276	21.0	19.0
50	rna-XM_707150.2	XM_707150.2	212	1519	35.0	19.0
51	rna-XM_707150.2	XM_707150.2	341	1390	22.0	19.0
52	rna-XM_705770.2	XM_705770.2	2114	1978	27.0	19.0
53	rna-XM_705773.2	XM_705773.2	1364	601	35.0	19.0
54	rna-XM_019475109.1	XM_019475109.1	708	18	24.0	19.0
55	rna-XM_019475113.1	XM_019475113.1	80	319	33.0	19.0
56	rna-XM_019475113.1	XM_019475113.1	128	271	39.0	19.0
57	rna-XM_019475113.1	XM_019475113.1	206	193	27.0	19.0
58	rna-XM_713748.2	XM_713748.2	4	434	26.0	19.0
59	rna-XM_713748.2	XM_713748.2	57	381	47.0	19.0
60	rna-XM_713748.2	XM_713748.2	79	359	31.0	19.0
61	rna-XM_713748.2	XM_713748.2	133	305	26.0	19.0
62	rna-XM_713748.2	XM_713748.2	156	282	23.0	19.0
63	rna-XM_713748.2	XM_713748.2	161	277	23.0	19.0
64	rna-XM_713748.2	XM_713748.2	179	259	20.0	19.0
65	rna-XM_713748.2	XM_713748.2	221	217	34.0	19.0
66	rna-XM_713748.2	XM_713748.2	232	206	21.0	19.0
67	rna-XM_713748.2	XM_713748.2	238	200	34.0	19.0
68	rna-XM_713748.2	XM_713748.2	280	158	70.0	19.0
69	rna-XM_713748.2	XM_713748.2	299	139	67.0	19.0
70	rna-XM_713748.2	XM_713748.2	437	1	22.0	19.0
71	rna-XM_712555.2	XM_712555.2	1877	157	87.0	19.0
72	rna-XM_712560.1	XM_712560.1	634	827	33.0	19.0
73	rna-XM_706795.1	XM_706795.1	584	154	21.0	19.0
74	rna-XM_718326.2	XM_718326.2	2559	228	21.0	19.0
75	rna-XM_718333.2	XM_718333.2	1648	359	20.0	19.0
76	rna-XM_718339.2	XM_718339.2	1217	412	30.0	19.0
77	rna-XM_718495.2	XM_718495.2	125	2182	21.0	19.0
78	rna-XM_019475144.1	XM_019475144.1	206	115	33.0	19.0
79	rna-XM_706117.2	XM_706117.2	623	904	20.0	19.0
80	rna-XM_706117.2	XM_706117.2	753	774	184.0	19.0
81	rna-XM_705625.1	XM_705625.1	862	578	54.0	19.0
82	rna-XM_705625.1	XM_705625.1	1039	401	22.0	19.0
83	rna-XM_705625.1	XM_705625.1	1130	310	21.0	19.0
84	rna-XM_019475147.1	XM_019475147.1	263	151	250.0	19.0
85	rna-XM_708831.2	XM_708831.2	1134	885	23.0	19.0
86	rna-XM_708702.2	XM_708702.2	687	390	20.0	19.0
87	rna-XM_708702.2	XM_708702.2	776	301	98.0	19.0
88	rna-XM_019475158.1	XM_019475158.1	1637	2254	24.0	19.0
89	rna-XM_019475165.1	XM_019475165.1	323	88	106.0	19.0
90	rna-XM_705694.2	XM_705694.2	153	1770	21.0	19.0
91	rna-XM_706488.2	XM_706488.2	3464	937	26.0	19.0
92	rna-XM_706488.2	XM_706488.2	3485	916	42.0	19.0
93	rna-XM_706471.2	XM_706471.2	1748	1045	42.0	19.0
94	rna-XM_706471.2	XM_706471.2	2310	483	58.0	19.0
95	rna-XM_717055.2	XM_717055.2	3480	162	24.0	19.0
96	rna-XM_019475180.1	XM_019475180.1	2170	806	22.0	19.0
97	rna-XM_019475180.1	XM_019475180.1	2350	626	24.0	19.0
98	rna-XM_019475180.1	XM_019475180.1	2351	625	24.0	19.0
99	rna-XM_019475180.1	XM_019475180.1	2352	624	28.0	19.0
100	rna-XM_019475180.1	XM_019475180.1	2429	547	35.0	19.0
101	rna-XM_019475180.1	XM_019475180.1	2450	526	35.0	19.0
102	rna-XM_019475180.1	XM_019475180.1	2537	439	77.0	19.0
103	rna-XM_717124.1	XM_717124.1	1536	99	22.0	19.0
104	rna-XM_709943.1	XM_709943.1	32	808	27.0	19.0
105	rna-XM_709943.1	XM_709943.1	44	796	42.0	19.0
106	rna-XM_709943.1	XM_709943.1	51	789	906.0	19.0
107	rna-XM_709943.1	XM_709943.1	65	775	23.0	19.0
108	rna-XM_019475187.1	XM_019475187.1	1625	358	27.0	19.0
109	rna-XM_709968.1	XM_709968.1	68	871	26.0	19.0
110	rna-XM_705396.2	XM_705396.2	1182	489	57.0	19.0
111	rna-XM_705388.2	XM_705388.2	47	1657	20.0	19.0
112	rna-XM_717410.1	XM_717410.1	458	2413	24.0	19.0
113	rna-XM_717427.1	XM_717427.1	13	347	332.0	19.0
114	rna-XM_717427.1	XM_717427.1	73	287	150.0	19.0
115	rna-XM_717427.1	XM_717427.1	108	252	36.0	19.0
116	rna-XM_717527.2	XM_717527.2	104	5065	94.0	19.0
117	rna-XM_717527.2	XM_717527.2	221	4948	85.0	19.0
118	rna-XM_717527.2	XM_717527.2	239	4930	179.0	19.0
119	rna-XM_717527.2	XM_717527.2	3887	1282	23.0	19.0
120	rna-XM_019475213.1	XM_019475213.1	126	2403	23.0	19.0
121	rna-XM_019475213.1	XM_019475213.1	168	2361	27.0	19.0
122	rna-XM_019475213.1	XM_019475213.1	185	2344	24.0	19.0
123	rna-XM_019475213.1	XM_019475213.1	587	1942	27.0	19.0
124	rna-XM_710225.2	XM_710225.2	6542	3319	58.0	19.0
125	rna-XM_715896.2	XM_715896.2	796	1127	29.0	19.0
126	rna-XM_715872.2	XM_715872.2	59	2032	96.0	19.0
127	rna-XM_019475216.1	XM_019475216.1	94	389	78.0	19.0
128	rna-XM_019475216.1	XM_019475216.1	237	246	24.0	19.0
129	rna-XM_019475220.1	XM_019475220.1	72	228	21.0	19.0
130	rna-XM_019475220.1	XM_019475220.1	126	174	22.0	19.0
131	rna-XM_019475220.1	XM_019475220.1	162	138	37.0	19.0
132	rna-XM_715844.1	XM_715844.1	212	1867	71.0	19.0
133	rna-XM_715844.1	XM_715844.1	996	1083	40.0	19.0
134	rna-XM_715844.1	XM_715844.1	1081	998	44.0	19.0
135	rna-XM_715844.1	XM_715844.1	1082	997	23.0	19.0
136	rna-XM_715844.1	XM_715844.1	1083	996	36.0	19.0
137	rna-XM_715844.1	XM_715844.1	1134	945	44.0	19.0
138	rna-XM_715844.1	XM_715844.1	1151	928	22.0	19.0
139	rna-XM_715844.1	XM_715844.1	1170	909	39.0	19.0
140	rna-XM_715844.1	XM_715844.1	1211	868	23.0	19.0
141	rna-XM_715844.1	XM_715844.1	1290	789	33.0	19.0
142	rna-XM_715840.2	XM_715840.2	965	403	28.0	19.0
143	rna-XM_019475226.1	XM_019475226.1	236	52	24.0	19.0
144	rna-XM_707823.1	XM_707823.1	42	516	47.0	19.0
145	rna-XM_707823.1	XM_707823.1	157	401	27.0	19.0
146	rna-XM_707823.1	XM_707823.1	499	59	35.0	19.0
147	rna-XM_707822.2	XM_707822.2	845	2071	47.0	19.0
148	rna-XM_707822.2	XM_707822.2	947	1969	23.0	19.0
149	rna-XM_709806.2	XM_709806.2	2057	292	58.0	19.0
150	rna-XM_019475231.1	XM_019475231.1	36	303	33.0	19.0
151	rna-XM_709841.1	XM_709841.1	403	1112	21.0	19.0
152	rna-XM_709841.1	XM_709841.1	913	602	20.0	19.0
153	rna-XM_709845.1	XM_709845.1	567	135	27.0	19.0
154	rna-XM_707710.1	XM_707710.1	373	248	45.0	19.0
155	rna-XM_709187.2	XM_709187.2	1208	1060	27.0	19.0
156	rna-XM_710962.1	XM_710962.1	302	1201	45.0	19.0
157	rna-XM_019475256.1	XM_019475256.1	18	339	41.0	19.0
158	rna-XM_019475260.1	XM_019475260.1	347	1024	24.0	19.0
159	rna-XM_705056.2	XM_705056.2	17	1360	20.0	19.0
160	rna-XM_705056.2	XM_705056.2	174	1203	56.0	19.0
161	rna-XM_705056.2	XM_705056.2	324	1053	30.0	19.0
162	rna-XM_709350.1	XM_709350.1	523	2732	29.0	19.0
163	rna-XM_707506.1	XM_707506.1	712	1037	97.0	19.0
164	rna-XM_707492.2	XM_707492.2	107	475	42.0	19.0
165	rna-XM_709171.2	XM_709171.2	1109	655	25.0	19.0
166	rna-XM_709171.2	XM_709171.2	1139	625	25.0	19.0
167	rna-XM_705590.2	XM_705590.2	107	1063	29.0	19.0
168	rna-XM_712051.1	XM_712051.1	261	528	31.0	19.0
169	rna-XM_712051.1	XM_712051.1	290	499	47.0	19.0
170	rna-XM_712051.1	XM_712051.1	465	324	49.0	19.0
171	rna-XM_712051.1	XM_712051.1	757	32	89.0	19.0
172	rna-XM_712744.1	XM_712744.1	128	280	21.0	19.0
173	rna-XM_712709.1	XM_712709.1	32	628	24.0	19.0
174	rna-XM_712685.1	XM_712685.1	4	1322	21.0	19.0
175	rna-XM_712666.2	XM_712666.2	1087	1601	21.0	19.0
176	rna-XM_712666.2	XM_712666.2	1145	1543	30.0	19.0
177	rna-XM_712666.2	XM_712666.2	1236	1452	20.0	19.0
178	rna-XM_712666.2	XM_712666.2	1996	692	34.0	19.0
179	rna-XM_713429.2	XM_713429.2	203	3430	161.0	19.0
180	rna-XM_716626.1	XM_716626.1	314	307	141.0	19.0
181	rna-XM_716619.1	XM_716619.1	332	166	49.0	19.0
182	rna-XM_716595.2	XM_716595.2	452	1552	31.0	19.0
183	rna-XM_714842.1	XM_714842.1	542	34	35.0	19.0
184	rna-XM_714845.2	XM_714845.2	2943	966	27.0	19.0
185	rna-XM_714941.1	XM_714941.1	578	1147	40.0	19.0
186	rna-XM_707632.2	XM_707632.2	380	19	164.0	19.0
187	rna-XM_019475320.1	XM_019475320.1	3	570	42.0	19.0
188	rna-XM_019475320.1	XM_019475320.1	213	360	28.0	19.0
189	rna-XM_019475320.1	XM_019475320.1	229	344	28.0	19.0
190	rna-XM_019475320.1	XM_019475320.1	356	217	21.0	19.0
191	rna-XM_718026.1	XM_718026.1	45	258	41.0	19.0
192	rna-XM_718032.1	XM_718032.1	147	3054	25.0	19.0
193	rna-XM_718047.1	XM_718047.1	156	180	37.0	19.0
194	rna-XM_718047.1	XM_718047.1	163	173	22.0	19.0
195	rna-XM_019475323.1	XM_019475323.1	44	760	107.0	19.0
196	rna-XM_019475323.1	XM_019475323.1	598	206	20.0	19.0
197	rna-XM_718068.2	XM_718068.2	197	5458	25.0	19.0
198	rna-XM_019475325.1	XM_019475325.1	30	333	29.0	19.0
199	rna-XM_019475325.1	XM_019475325.1	44	319	74.0	19.0
200	rna-XM_019475325.1	XM_019475325.1	62	301	21.0	19.0
201	rna-XM_019475325.1	XM_019475325.1	73	290	21.0	19.0
202	rna-XM_019475325.1	XM_019475325.1	98	265	249.0	19.0
203	rna-XM_019475325.1	XM_019475325.1	109	254	20.0	19.0
204	rna-XM_019475325.1	XM_019475325.1	127	236	48.0	19.0
205	rna-XM_718085.1	XM_718085.1	208	1025	49.0	19.0
206	rna-XM_019475328.1	XM_019475328.1	104	334	111.0	19.0
207	rna-XM_019475328.1	XM_019475328.1	154	284	20.0	19.0
208	rna-XM_019475328.1	XM_019475328.1	169	269	22.0	19.0
209	rna-XM_019475328.1	XM_019475328.1	171	267	22.0	19.0
210	rna-XM_019475328.1	XM_019475328.1	180	258	25.0	19.0
211	rna-XM_019475328.1	XM_019475328.1	187	251	33.0	19.0
212	rna-XM_019475328.1	XM_019475328.1	188	250	29.0	19.0
213	rna-XM_019475328.1	XM_019475328.1	189	249	34.0	19.0
214	rna-XM_019475328.1	XM_019475328.1	202	236	25.0	19.0
215	rna-XM_019475328.1	XM_019475328.1	208	230	21.0	19.0
216	rna-XM_019475328.1	XM_019475328.1	233	205	24.0	19.0
217	rna-XM_019475328.1	XM_019475328.1	245	193	30.0	19.0
218	rna-XM_019475328.1	XM_019475328.1	258	180	22.0	19.0
219	rna-XM_019475328.1	XM_019475328.1	281	157	20.0	19.0
220	rna-XM_019475328.1	XM_019475328.1	318	120	69.0	19.0
221	rna-XM_019475328.1	XM_019475328.1	330	108	29.0	19.0
222	rna-XM_019475328.1	XM_019475328.1	398	40	24.0	19.0
223	rna-XM_718118.1	XM_718118.1	561	228	35.0	19.0
224	rna-XM_019475329.1	XM_019475329.1	439	347	25.0	19.0
225	rna-XM_019475329.1	XM_019475329.1	571	215	72.0	19.0
226	rna-XM_019475329.1	XM_019475329.1	683	103	22.0	19.0
227	rna-XM_019475329.1	XM_019475329.1	689	97	37.0	19.0
228	rna-XM_709613.1	XM_709613.1	911	577	46.0	19.0
229	rna-XM_711006.1	XM_711006.1	2694	372	22.0	19.0
230	rna-XM_019475338.1	XM_019475338.1	174	33	23.0	19.0
231	rna-XM_714801.1	XM_714801.1	2186	1057	32.0	19.0
232	rna-XM_714801.1	XM_714801.1	2711	532	21.0	19.0
233	rna-XM_714755.1	XM_714755.1	66	816	22.0	19.0
234	rna-XM_714740.2	XM_714740.2	1333	914	45.0	19.0
235	rna-XM_705238.2	XM_705238.2	31	647	57.0	19.0
236	rna-XM_019475352.1	XM_019475352.1	1289	226	26.0	19.0
237	rna-XM_717669.2	XM_717669.2	12217	2891	23.0	19.0
238	rna-XM_717669.2	XM_717669.2	12416	2692	20.0	19.0
239	rna-XM_717669.2	XM_717669.2	12818	2290	20.0	19.0
240	rna-XM_717669.2	XM_717669.2	13118	1990	21.0	19.0
241	rna-XM_717669.2	XM_717669.2	13232	1876	36.0	19.0
242	rna-XM_717669.2	XM_717669.2	13250	1858	24.0	19.0
243	rna-XM_019475360.1	XM_019475360.1	173	538	73.0	19.0
244	rna-XM_019475360.1	XM_019475360.1	264	447	20.0	19.0
245	rna-XM_019475360.1	XM_019475360.1	274	437	24.0	19.0
246	rna-XM_019475360.1	XM_019475360.1	276	435	27.0	19.0
247	rna-XM_019475360.1	XM_019475360.1	277	434	29.0	19.0
248	rna-XM_019475360.1	XM_019475360.1	278	433	22.0	19.0
249	rna-XM_019475360.1	XM_019475360.1	279	432	28.0	19.0
250	rna-XM_019475360.1	XM_019475360.1	280	431	25.0	19.0
251	rna-XM_019475360.1	XM_019475360.1	282	429	25.0	19.0
252	rna-XM_019475360.1	XM_019475360.1	283	428	28.0	19.0
253	rna-XM_019475360.1	XM_019475360.1	284	427	21.0	19.0
254	rna-XM_019475360.1	XM_019475360.1	285	426	22.0	19.0
255	rna-XM_019475360.1	XM_019475360.1	320	391	45.0	19.0
256	rna-XM_019475360.1	XM_019475360.1	330	381	22.0	19.0
257	rna-XM_019475360.1	XM_019475360.1	344	367	26.0	19.0
258	rna-XM_019475360.1	XM_019475360.1	348	363	83.0	19.0
259	rna-XM_019475360.1	XM_019475360.1	359	352	45.0	19.0
260	rna-XM_019475360.1	XM_019475360.1	372	339	24.0	19.0
261	rna-XM_019475360.1	XM_019475360.1	390	321	20.0	19.0
262	rna-XM_019475360.1	XM_019475360.1	393	318	25.0	19.0
263	rna-XM_019475360.1	XM_019475360.1	396	315	88.0	19.0
264	rna-XM_019475360.1	XM_019475360.1	399	312	29.0	19.0
265	rna-XM_019475360.1	XM_019475360.1	411	300	20.0	19.0
266	rna-XM_019475360.1	XM_019475360.1	425	286	22.0	19.0
267	rna-XM_019475360.1	XM_019475360.1	426	285	50.0	19.0
268	rna-XM_019475360.1	XM_019475360.1	428	283	20.0	19.0
269	rna-XM_019475360.1	XM_019475360.1	430	281	20.0	19.0
270	rna-XM_019475360.1	XM_019475360.1	445	266	21.0	19.0
271	rna-XM_019475360.1	XM_019475360.1	452	259	50.0	19.0
272	rna-XM_019475360.1	XM_019475360.1	455	256	38.0	19.0
273	rna-XM_019475360.1	XM_019475360.1	462	249	20.0	19.0
274	rna-XM_019475360.1	XM_019475360.1	464	247	27.0	19.0
275	rna-XM_019475360.1	XM_019475360.1	473	238	21.0	19.0
276	rna-XM_019475360.1	XM_019475360.1	480	231	28.0	19.0
277	rna-XM_019475360.1	XM_019475360.1	482	229	125.0	19.0
278	rna-XM_019475360.1	XM_019475360.1	483	228	21.0	19.0
279	rna-XM_019475360.1	XM_019475360.1	484	227	25.0	19.0
280	rna-XM_019475360.1	XM_019475360.1	487	224	21.0	19.0
281	rna-XM_019475360.1	XM_019475360.1	501	210	23.0	19.0
282	rna-XM_019475360.1	XM_019475360.1	503	208	35.0	19.0
283	rna-XM_019475360.1	XM_019475360.1	504	207	25.0	19.0
284	rna-XM_019475360.1	XM_019475360.1	513	198	213.0	19.0
285	rna-XM_019475360.1	XM_019475360.1	534	177	54.0	19.0
286	rna-XM_019475360.1	XM_019475360.1	537	174	21.0	19.0
287	rna-XM_019475360.1	XM_019475360.1	546	165	98.0	19.0
288	rna-XM_019475360.1	XM_019475360.1	556	155	24.0	19.0
289	rna-XM_019475360.1	XM_019475360.1	558	153	20.0	19.0
290	rna-XM_019475360.1	XM_019475360.1	571	140	20.0	19.0
291	rna-XM_019475360.1	XM_019475360.1	578	133	21.0	19.0
292	rna-XM_019475360.1	XM_019475360.1	584	127	20.0	19.0
293	rna-XM_019475360.1	XM_019475360.1	586	125	23.0	19.0
294	rna-XM_019475360.1	XM_019475360.1	588	123	20.0	19.0
295	rna-XM_019475360.1	XM_019475360.1	620	91	27.0	19.0
296	rna-XM_019475360.1	XM_019475360.1	653	58	55.0	19.0
297	rna-XM_717597.2	XM_717597.2	821	259	22.0	19.0
298	rna-XM_717597.2	XM_717597.2	866	214	23.0	19.0
299	rna-XM_717566.1	XM_717566.1	398	691	20.0	19.0
300	rna-XM_717564.2	XM_717564.2	638	1189	59.0	19.0
301	rna-XM_717540.1	XM_717540.1	215	1174	32.0	19.0
302	rna-XM_717540.1	XM_717540.1	457	932	20.0	19.0
303	rna-XM_715396.1	XM_715396.1	56	1663	96.0	19.0
304	rna-XM_715367.2	XM_715367.2	140	1144	65.0	19.0
305	rna-XM_712010.2	XM_712010.2	272	322	30.0	19.0
306	rna-XM_019475383.1	XM_019475383.1	290	352	23.0	19.0
307	rna-XM_712142.1	XM_712142.1	149	682	24.0	19.0
308	rna-XM_712101.2	XM_712101.2	282	186	23.0	19.0
309	rna-XM_705028.2	XM_705028.2	5330	1099	949.0	19.0
310	rna-XM_711482.2	XM_711482.2	149	1237	31.0	19.0
311	rna-XM_710444.2	XM_710444.2	416	2575	33.0	19.0
312	rna-XM_710444.2	XM_710444.2	618	2373	245.0	19.0
313	rna-XM_710444.2	XM_710444.2	646	2345	25.0	19.0
314	rna-XM_710440.1	XM_710440.1	152	1552	59.0	19.0
315	rna-XM_710440.1	XM_710440.1	767	937	34.0	19.0
316	rna-XM_710440.1	XM_710440.1	1499	205	63.0	19.0
317	rna-XM_019475397.1	XM_019475397.1	239	517	75.0	19.0
318	rna-XM_710354.1	XM_710354.1	449	502	26.0	19.0
319	rna-XM_710308.2	XM_710308.2	3888	417	26.0	19.0
320	rna-XM_710304.1	XM_710304.1	69	513	37.0	19.0
321	rna-XM_710304.1	XM_710304.1	81	501	35.0	19.0
322	rna-XM_710304.1	XM_710304.1	85	497	113.0	19.0
323	rna-XM_710304.1	XM_710304.1	86	496	22.0	19.0
324	rna-XM_710304.1	XM_710304.1	200	382	46.0	19.0
325	rna-XM_711724.1	XM_711724.1	1849	4265	22.0	19.0
326	rna-XM_711723.2	XM_711723.2	1268	862	45.0	19.0
327	rna-XM_711723.2	XM_711723.2	1340	790	32.0	19.0
328	rna-XM_711723.2	XM_711723.2	1349	781	23.0	19.0
329	rna-XM_711723.2	XM_711723.2	1360	770	42.0	19.0
330	rna-XM_711723.2	XM_711723.2	1388	742	20.0	19.0
331	rna-XM_711709.1	XM_711709.1	3239	868	20.0	19.0
332	rna-XM_711687.1	XM_711687.1	749	157	47.0	19.0
333	rna-XM_706248.2	XM_706248.2	2919	873	22.0	19.0
334	rna-XM_019475412.1	XM_019475412.1	29	439	21.0	19.0
335	rna-XM_019475412.1	XM_019475412.1	113	355	39.0	19.0
336	rna-XM_706264.2	XM_706264.2	2515	638	34.0	19.0
337	rna-XM_706264.2	XM_706264.2	2636	517	43.0	19.0
338	rna-XM_706264.2	XM_706264.2	2757	396	21.0	19.0
339	rna-XM_706264.2	XM_706264.2	2802	351	21.0	19.0
340	rna-XM_706264.2	XM_706264.2	2812	341	40.0	19.0
341	rna-XM_706264.2	XM_706264.2	2826	327	64.0	19.0
342	rna-XM_706264.2	XM_706264.2	2833	320	20.0	19.0
343	rna-XM_706264.2	XM_706264.2	2852	301	921.0	19.0
344	rna-XM_706264.2	XM_706264.2	2853	300	44.0	19.0
345	rna-XM_706264.2	XM_706264.2	2855	298	29.0	19.0
346	rna-XM_706264.2	XM_706264.2	2862	291	23.0	19.0
347	rna-XM_706264.2	XM_706264.2	2874	279	23.0	19.0
348	rna-XM_706264.2	XM_706264.2	2876	277	20.0	19.0
349	rna-XM_706264.2	XM_706264.2	2897	256	110.0	19.0
350	rna-XM_706264.2	XM_706264.2	2900	253	56.0	19.0
351	rna-XM_706264.2	XM_706264.2	2903	250	24.0	19.0
352	rna-XM_706264.2	XM_706264.2	2929	224	74.0	19.0
353	rna-XM_706264.2	XM_706264.2	2937	216	44.0	19.0
354	rna-XM_706264.2	XM_706264.2	2955	198	89.0	19.0
355	rna-XM_706264.2	XM_706264.2	2976	177	31.0	19.0
356	rna-XM_706264.2	XM_706264.2	2981	172	78.0	19.0
357	rna-XM_706264.2	XM_706264.2	2986	167	53.0	19.0
358	rna-XM_706264.2	XM_706264.2	3008	145	108.0	19.0
359	rna-XM_706264.2	XM_706264.2	3025	128	20.0	19.0
360	rna-XM_706264.2	XM_706264.2	3030	123	31.0	19.0
361	rna-XM_706264.2	XM_706264.2	3056	97	31.0	19.0
362	rna-XM_706059.2	XM_706059.2	3265	2582	25.0	19.0
363	rna-XM_019475419.1	XM_019475419.1	3098	2032	96.0	19.0
364	rna-XM_715498.2	XM_715498.2	109	899	31.0	19.0
365	rna-XM_715526.2	XM_715526.2	70	2243	20.0	19.0
366	rna-XM_715548.1	XM_715548.1	261	417	36.0	19.0
367	rna-XM_715548.1	XM_715548.1	360	318	20.0	19.0
368	rna-XM_715548.1	XM_715548.1	377	301	23.0	19.0
369	rna-XM_715548.1	XM_715548.1	471	207	52.0	19.0
370	rna-XM_715548.1	XM_715548.1	575	103	57.0	19.0
371	rna-XM_019475428.1	XM_019475428.1	140	115	22.0	19.0
372	rna-XM_019475428.1	XM_019475428.1	254	1	27.0	19.0
373	rna-XM_716812.2	XM_716812.2	779	274	57.0	19.0
374	rna-XM_707223.1	XM_707223.1	1048	503	22.0	19.0
375	rna-XM_707223.1	XM_707223.1	1114	437	24.0	19.0
376	rna-XM_707223.1	XM_707223.1	1124	427	22.0	19.0
377	rna-XM_707223.1	XM_707223.1	1159	392	85.0	19.0
378	rna-XM_707223.1	XM_707223.1	1194	357	27.0	19.0
379	rna-XM_707223.1	XM_707223.1	1214	337	22.0	19.0
380	rna-XM_707223.1	XM_707223.1	1263	288	58.0	19.0
381	rna-XM_019475443.1	XM_019475443.1	297	159	43.0	19.0
382	rna-XM_019475444.1	XM_019475444.1	323	88	22.0	19.0
383	rna-XM_709204.2	XM_709204.2	1083	120	28.0	19.0
384	rna-XM_711642.1	XM_711642.1	336	1146	25.0	19.0
385	rna-XM_019475454.1	XM_019475454.1	330	147	31.0	19.0
386	rna-XM_711638.2	XM_711638.2	965	403	33.0	19.0
387	rna-XM_711618.2	XM_711618.2	280	377	21.0	19.0
388	rna-XM_019475462.1	XM_019475462.1	121	293	35.0	19.0
389	rna-XM_705744.2	XM_705744.2	980	4000	23.0	19.0
390	rna-XM_707412.1	XM_707412.1	51	603	36.0	19.0
391	rna-XM_707422.1	XM_707422.1	621	681	48.0	19.0
392	rna-XM_707422.1	XM_707422.1	860	442	20.0	19.0
393	rna-XM_714063.2	XM_714063.2	674	886	28.0	19.0
394	rna-XM_714096.1	XM_714096.1	84	300	22.0	19.0
395	rna-XM_714096.1	XM_714096.1	290	94	41.0	19.0
396	rna-XM_712956.2	XM_712956.2	1097	2389	61.0	19.0
397	rna-XM_019475468.1	XM_019475468.1	1087	515	24.0	19.0
398	rna-XM_713013.2	XM_713013.2	140	1450	27.0	19.0
399	rna-XM_705132.2	XM_705132.2	1150	1388	24.0	19.0
400	rna-XM_707011.2	XM_707011.2	1293	774	30.0	19.0
401	rna-XM_707011.2	XM_707011.2	1397	670	72.0	19.0
402	rna-XM_707011.2	XM_707011.2	1680	387	28.0	19.0
403	rna-XM_707320.2	XM_707320.2	62	3205	21.0	19.0
404	rna-XM_707320.2	XM_707320.2	3009	258	21.0	19.0
405	rna-XM_715316.1	XM_715316.1	597	1701	23.0	19.0
406	rna-XM_715313.1	XM_715313.1	126	828	43.0	19.0
407	rna-XM_715266.1	XM_715266.1	1142	2134	34.0	19.0
408	rna-XM_715266.1	XM_715266.1	2963	313	35.0	19.0
409	rna-XM_019475476.1	XM_019475476.1	56	148	28.0	19.0
410	rna-XM_019475476.1	XM_019475476.1	172	32	31.0	19.0
411	rna-XM_715247.2	XM_715247.2	179	1528	40.0	19.0
412	rna-XM_716286.1	XM_716286.1	245	652	28.0	19.0
413	rna-XM_716286.1	XM_716286.1	625	272	51.0	19.0
414	rna-XM_716260.1	XM_716260.1	272	1852	23.0	19.0
415	rna-XM_716260.1	XM_716260.1	434	1690	87.0	19.0
416	rna-XM_716260.1	XM_716260.1	482	1642	38.0	19.0
417	rna-XM_716260.1	XM_716260.1	581	1543	25.0	19.0
418	rna-XM_716260.1	XM_716260.1	584	1540	51.0	19.0
419	rna-XM_716260.1	XM_716260.1	605	1519	49.0	19.0
420	rna-XM_716260.1	XM_716260.1	967	1157	27.0	19.0
421	rna-XM_019475491.1	XM_019475491.1	370	23	64.0	19.0
422	rna-XM_705023.2	XM_705023.2	2555	2146	55.0	19.0
423	rna-XM_711899.2	XM_711899.2	1835	1081	20.0	19.0
424	rna-XM_711860.2	XM_711860.2	1385	295	40.0	19.0
425	rna-XM_711858.2	XM_711858.2	415	779	29.0	19.0
426	rna-XM_711858.2	XM_711858.2	417	777	39.0	19.0
427	rna-XM_711858.2	XM_711858.2	427	767	20.0	19.0
428	rna-XM_711858.2	XM_711858.2	442	752	23.0	19.0
429	rna-XM_711858.2	XM_711858.2	444	750	20.0	19.0
430	rna-XM_711858.2	XM_711858.2	487	707	26.0	19.0
431	rna-XM_711858.2	XM_711858.2	491	703	21.0	19.0
432	rna-XM_711858.2	XM_711858.2	492	702	27.0	19.0
433	rna-XM_711858.2	XM_711858.2	493	701	24.0	19.0
434	rna-XM_711858.2	XM_711858.2	498	696	21.0	19.0
435	rna-XM_711858.2	XM_711858.2	501	693	23.0	19.0
436	rna-XM_711858.2	XM_711858.2	502	692	20.0	19.0
437	rna-XM_711858.2	XM_711858.2	513	681	21.0	19.0
438	rna-XM_711858.2	XM_711858.2	514	680	34.0	19.0
439	rna-XM_711858.2	XM_711858.2	516	678	20.0	19.0
440	rna-XM_711858.2	XM_711858.2	658	536	20.0	19.0
441	rna-XM_707061.1	XM_707061.1	1383	276	109.0	19.0
442	rna-XM_710152.1	XM_710152.1	179	2059	44.0	19.0
443	rna-XM_710152.1	XM_710152.1	1018	1220	54.0	19.0
444	rna-XM_710148.1	XM_710148.1	1250	781	93.0	19.0
445	rna-XM_710134.1	XM_710134.1	138	714	20.0	19.0
446	rna-XM_710134.1	XM_710134.1	619	233	76.0	19.0
447	rna-XM_710117.1	XM_710117.1	4	842	22.0	19.0
448	rna-XM_710106.1	XM_710106.1	109	824	41.0	19.0
449	rna-XM_710094.1	XM_710094.1	49	4157	22.0	19.0
450	rna-XM_710094.1	XM_710094.1	53	4153	26.0	19.0
451	rna-XM_710094.1	XM_710094.1	55	4151	38.0	19.0
452	rna-XM_710094.1	XM_710094.1	58	4148	25.0	19.0
453	rna-XM_710094.1	XM_710094.1	3056	1150	20.0	19.0
454	rna-XM_713565.1	XM_713565.1	207	1101	21.0	19.0
455	rna-XM_713565.1	XM_713565.1	357	951	26.0	19.0
456	rna-XM_713565.1	XM_713565.1	812	496	44.0	19.0
457	rna-XM_713563.1	XM_713563.1	1010	196	30.0	19.0
458	rna-XM_713553.1	XM_713553.1	4	4403	27.0	19.0
459	rna-XM_713541.1	XM_713541.1	14	625	21.0	19.0
460	rna-XM_713531.1	XM_713531.1	627	6189	23.0	19.0
461	rna-XM_019475507.1	XM_019475507.1	246	276	47.0	19.0
462	rna-XM_713113.2	XM_713113.2	1127	625	24.0	19.0
463	rna-XM_713113.2	XM_713113.2	1148	604	75.0	19.0
464	rna-XM_713178.1	XM_713178.1	2308	194	54.0	19.0
465	rna-XM_708346.2	XM_708346.2	2300	685	30.0	19.0
466	rna-XM_708320.2	XM_708320.2	482	328	124.0	19.0
467	rna-XM_019475520.1	XM_019475520.1	1064	625	31.0	19.0
468	rna-XM_710681.1	XM_710681.1	219	378	28.0	19.0
469	rna-XM_710681.1	XM_710681.1	309	288	20.0	19.0
470	rna-XM_710681.1	XM_710681.1	478	119	21.0	19.0
471	rna-XM_710688.2	XM_710688.2	2723	3034	84.0	19.0
472	rna-XM_710688.2	XM_710688.2	2771	2986	33.0	19.0
473	rna-XM_710697.1	XM_710697.1	467	820	54.0	19.0
474	rna-XM_710697.1	XM_710697.1	597	690	23.0	19.0
475	rna-XM_710697.1	XM_710697.1	599	688	32.0	19.0
476	rna-XM_710697.1	XM_710697.1	603	684	20.0	19.0
477	rna-XM_019475522.1	XM_019475522.1	44	406	20.0	19.0
478	rna-XM_019475522.1	XM_019475522.1	80	370	22.0	19.0
479	rna-XM_019475522.1	XM_019475522.1	215	235	118.0	19.0
480	rna-XM_019475522.1	XM_019475522.1	230	220	28.0	19.0
481	rna-XM_019475522.1	XM_019475522.1	307	143	37.0	19.0
482	rna-XM_019475522.1	XM_019475522.1	384	66	204.0	19.0
483	rna-XM_710038.2	XM_710038.2	221	2491	23.0	19.0
484	rna-XM_712251.1	XM_712251.1	998	445	44.0	19.0
485	rna-XM_712263.2	XM_712263.2	81	534	25.0	19.0
486	rna-XM_712263.2	XM_712263.2	100	515	31.0	19.0
487	rna-XM_712263.2	XM_712263.2	104	511	28.0	19.0
488	rna-XM_712263.2	XM_712263.2	262	353	86.0	19.0
489	rna-XM_712263.2	XM_712263.2	277	338	36.0	19.0
490	rna-XM_712263.2	XM_712263.2	295	320	34.0	19.0
491	rna-XM_712263.2	XM_712263.2	308	307	135.0	19.0
492	rna-XM_712264.2	XM_712264.2	846	900	22.0	19.0
493	rna-XM_712267.2	XM_712267.2	655	683	143.0	19.0
494	rna-XM_712267.2	XM_712267.2	671	667	24.0	19.0
495	rna-XM_712292.1	XM_712292.1	1040	2197	59.0	19.0
496	rna-XM_712292.1	XM_712292.1	2187	1050	47.0	19.0
497	rna-XM_706899.2	XM_706899.2	847	275	21.0	19.0
498	rna-XM_705713.1	XM_705713.1	1660	485	21.0	19.0
499	rna-XM_705713.1	XM_705713.1	1672	473	35.0	19.0
500	rna-XM_705713.1	XM_705713.1	1677	468	31.0	19.0
501	rna-XM_705713.1	XM_705713.1	1795	350	20.0	19.0
502	rna-XM_705713.1	XM_705713.1	1877	268	32.0	19.0
503	rna-XM_706599.2	XM_706599.2	73	755	29.0	19.0
504	rna-XM_707557.2	XM_707557.2	6340	311	50.0	19.0
505	rna-XM_707557.2	XM_707557.2	6350	301	119.0	19.0
506	rna-XM_707557.2	XM_707557.2	6359	292	20.0	19.0
507	rna-XM_707557.2	XM_707557.2	6389	262	87.0	19.0
508	rna-XM_707557.2	XM_707557.2	6399	252	20.0	19.0
509	rna-XM_707557.2	XM_707557.2	6431	220	23.0	19.0
510	rna-XM_707557.2	XM_707557.2	6475	176	20.0	19.0
511	rna-XM_707557.2	XM_707557.2	6487	164	35.0	19.0
512	rna-XM_707557.2	XM_707557.2	6539	112	49.0	19.0
513	rna-XM_707997.2	XM_707997.2	740	658	45.0	19.0
514	rna-XM_707240.2	XM_707240.2	203	1123	25.0	19.0
515	rna-XM_019475555.1	XM_019475555.1	44	205	20.0	19.0
516	rna-XM_711115.2	XM_711115.2	62	1780	21.0	19.0
517	rna-XM_711115.2	XM_711115.2	86	1756	31.0	19.0
518	rna-XM_711115.2	XM_711115.2	110	1732	31.0	19.0
519	rna-XM_711115.2	XM_711115.2	388	1454	39.0	19.0
520	rna-XM_711115.2	XM_711115.2	751	1091	41.0	19.0
521	rna-XM_711122.1	XM_711122.1	162	198	27.0	19.0
522	rna-XM_711122.1	XM_711122.1	323	37	21.0	19.0
523	rna-XM_019475562.1	XM_019475562.1	357	129	23.0	19.0
524	rna-XM_019475562.1	XM_019475562.1	395	91	55.0	19.0
525	rna-XM_019475568.1	XM_019475568.1	1209	138	43.0	19.0
526	rna-XM_706199.2	XM_706199.2	447	900	22.0	19.0
527	rna-XM_706199.2	XM_706199.2	457	890	65.0	19.0
528	rna-XM_706199.2	XM_706199.2	546	801	57.0	19.0
529	rna-XM_714221.1	XM_714221.1	1013	1606	24.0	19.0
530	rna-XM_714238.1	XM_714238.1	893	658	36.0	19.0
531	rna-XM_714238.1	XM_714238.1	981	570	25.0	19.0
532	rna-XM_714238.1	XM_714238.1	1092	459	27.0	19.0
533	rna-XM_714238.1	XM_714238.1	1166	385	30.0	19.0
534	rna-XM_714238.1	XM_714238.1	1215	336	21.0	19.0
535	rna-XM_714238.1	XM_714238.1	1216	335	22.0	19.0
536	rna-XM_714238.1	XM_714238.1	1218	333	43.0	19.0
537	rna-XM_714238.1	XM_714238.1	1235	316	20.0	19.0
538	rna-XM_714238.1	XM_714238.1	1236	315	22.0	19.0
539	rna-XM_714238.1	XM_714238.1	1237	314	20.0	19.0
540	rna-XM_714238.1	XM_714238.1	1267	284	80.0	19.0
541	rna-XM_714241.1	XM_714241.1	1480	2444	37.0	19.0
542	rna-XM_713957.1	XM_713957.1	-14	1217	79.0	19.0
543	rna-XM_713957.1	XM_713957.1	-12	1215	24.0	19.0
544	rna-XM_713957.1	XM_713957.1	-8	1211	34.0	19.0
545	rna-XM_713957.1	XM_713957.1	-5	1208	37.0	19.0
546	rna-XM_713957.1	XM_713957.1	-4	1207	45.0	19.0
547	rna-XM_713957.1	XM_713957.1	-1	1204	21.0	19.0
548	rna-XM_713954.1	XM_713954.1	-8	611	25.0	19.0
549	rna-XM_713064.2	XM_713064.2	-89	839	105.0	19.0
550	rna-XM_713064.2	XM_713064.2	-82	832	36.0	19.0
551	rna-XM_713064.2	XM_713064.2	-81	831	126.0	19.0
552	rna-XM_713064.2	XM_713064.2	-80	830	525.0	19.0
553	rna-XM_713064.2	XM_713064.2	-78	828	59.0	19.0
554	rna-XM_713064.2	XM_713064.2	-60	810	23.0	19.0
555	rna-XM_713064.2	XM_713064.2	-59	809	35.0	19.0
556	rna-XM_713064.2	XM_713064.2	-44	794	21.0	19.0
557	rna-XM_713064.2	XM_713064.2	-32	782	27.0	19.0
558	rna-XM_713064.2	XM_713064.2	-24	774	22.0	19.0
559	rna-XM_713064.2	XM_713064.2	-23	773	27.0	19.0
560	rna-XM_713064.2	XM_713064.2	-22	772	65.0	19.0
561	rna-XM_713064.2	XM_713064.2	-9	759	21.0	19.0
562	rna-XM_716399.1	XM_716399.1	-24	633	21.0	19.0
563	rna-XM_708542.1	XM_708542.1	-27	1308	47.0	19.0
564	rna-XM_707148.2	XM_707148.2	-28	1066	28.0	19.0
565	rna-XM_019475113.1	XM_019475113.1	-13	412	35.0	19.0
566	rna-XM_713748.2	XM_713748.2	-35	473	29.0	19.0
567	rna-XM_713748.2	XM_713748.2	-20	458	21.0	19.0
568	rna-XM_713748.2	XM_713748.2	-18	456	25.0	19.0
569	rna-XM_713748.2	XM_713748.2	-13	451	129.0	19.0
570	rna-XM_713748.2	XM_713748.2	-10	448	57.0	19.0
571	rna-XM_713748.2	XM_713748.2	-7	445	20.0	19.0
572	rna-XM_712526.2	XM_712526.2	-41	3095	20.0	19.0
573	rna-XM_019475144.1	XM_019475144.1	-28	349	75.0	19.0
574	rna-XM_019475147.1	XM_019475147.1	-20	434	62.0	19.0
575	rna-XM_019475147.1	XM_019475147.1	-10	424	30.0	19.0
576	rna-XM_019475147.1	XM_019475147.1	428	-14	727.0	19.0
577	rna-XM_019475156.1	XM_019475156.1	285	-12	21.0	19.0
578	rna-XM_711255.1	XM_711255.1	-52	475	25.0	19.0
579	rna-XM_019475165.1	XM_019475165.1	463	-52	25.0	19.0
580	rna-XM_019475184.1	XM_019475184.1	-33	1521	25.0	19.0
581	rna-XM_709943.1	XM_709943.1	-43	883	34.0	19.0
582	rna-XM_709943.1	XM_709943.1	-35	875	52.0	19.0
583	rna-XM_709943.1	XM_709943.1	-27	867	21.0	19.0
584	rna-XM_709945.1	XM_709945.1	-30	891	23.0	19.0
585	rna-XM_709945.1	XM_709945.1	-21	882	42.0	19.0
586	rna-XM_709945.1	XM_709945.1	-18	879	25.0	19.0
587	rna-XM_709954.1	XM_709954.1	-94	2080	21.0	19.0
588	rna-XM_709954.1	XM_709954.1	-83	2069	34.0	19.0
589	rna-XM_705396.2	XM_705396.2	-6	1677	41.0	19.0
590	rna-XM_705387.2	XM_705387.2	1427	-83	20.0	19.0
591	rna-XM_717410.1	XM_717410.1	-33	2904	23.0	19.0
592	rna-XM_717410.1	XM_717410.1	-28	2899	23.0	19.0
593	rna-XM_717410.1	XM_717410.1	-19	2890	20.0	19.0
594	rna-XM_717410.1	XM_717410.1	-16	2887	64.0	19.0
595	rna-XM_717427.1	XM_717427.1	-12	372	27.0	19.0
596	rna-XM_717427.1	XM_717427.1	-11	371	30.0	19.0
597	rna-XM_717427.1	XM_717427.1	-8	368	30.0	19.0
598	rna-XM_717427.1	XM_717427.1	-7	367	69.0	19.0
599	rna-XM_717427.1	XM_717427.1	-6	366	43.0	19.0
600	rna-XM_717427.1	XM_717427.1	-5	365	30.0	19.0
601	rna-XM_717427.1	XM_717427.1	-3	363	21.0	19.0
602	rna-XM_717427.1	XM_717427.1	360	0	25.0	19.0
603	rna-XM_019475216.1	XM_019475216.1	-24	507	27.0	19.0
604	rna-XM_019475216.1	XM_019475216.1	-19	502	106.0	19.0
605	rna-XM_019475217.1	XM_019475217.1	-23	593	56.0	19.0
606	rna-XM_019475220.1	XM_019475220.1	-31	331	23.0	19.0
607	rna-XM_715844.1	XM_715844.1	-48	2127	27.0	19.0
608	rna-XM_707825.2	XM_707825.2	-52	1336	29.0	19.0
609	rna-XM_707825.2	XM_707825.2	-45	1329	21.0	19.0
610	rna-XM_707825.2	XM_707825.2	-37	1321	49.0	19.0
611	rna-XM_707825.2	XM_707825.2	-32	1316	28.0	19.0
612	rna-XM_707825.2	XM_707825.2	-29	1313	30.0	19.0
613	rna-XM_709806.2	XM_709806.2	-46	2395	43.0	19.0
614	rna-XM_019475231.1	XM_019475231.1	-31	370	140.0	19.0
615	rna-XM_709849.2	XM_709849.2	-97	1255	22.0	19.0
616	rna-XM_708036.1	XM_708036.1	-30	666	22.0	19.0
617	rna-XM_019475256.1	XM_019475256.1	-22	379	93.0	19.0
618	rna-XM_705056.2	XM_705056.2	-23	1400	56.0	19.0
619	rna-XM_709379.2	XM_709379.2	-67	1354	21.0	19.0
620	rna-XM_709379.2	XM_709379.2	-62	1349	28.0	19.0
621	rna-XM_709379.2	XM_709379.2	-57	1344	31.0	19.0
622	rna-XM_707492.2	XM_707492.2	-56	638	33.0	19.0
623	rna-XM_707492.2	XM_707492.2	-47	629	34.0	19.0
624	rna-XM_707492.2	XM_707492.2	-44	626	22.0	19.0
625	rna-XM_707492.2	XM_707492.2	-28	610	31.0	19.0
626	rna-XM_705590.2	XM_705590.2	-27	1197	31.0	19.0
627	rna-XM_712051.1	XM_712051.1	-23	812	37.0	19.0
628	rna-XM_712744.1	XM_712744.1	-16	424	27.0	19.0
629	rna-XM_712744.1	XM_712744.1	-14	422	25.0	19.0
630	rna-XM_712744.1	XM_712744.1	-10	418	20.0	19.0
631	rna-XM_712744.1	XM_712744.1	-9	417	55.0	19.0
632	rna-XM_712744.1	XM_712744.1	-5	413	28.0	19.0
633	rna-XM_712709.1	XM_712709.1	-29	689	137.0	19.0
634	rna-XM_712708.1	XM_712708.1	2121	-93	137.0	19.0
635	rna-XM_712666.2	XM_712666.2	-7	2695	38.0	19.0
636	rna-XM_716679.2	XM_716679.2	-46	607	37.0	19.0
637	rna-XM_716679.2	XM_716679.2	-42	603	59.0	19.0
638	rna-XM_716679.2	XM_716679.2	-38	599	63.0	19.0
639	rna-XM_716676.2	XM_716676.2	-45	1107	31.0	19.0
640	rna-XM_716619.1	XM_716619.1	-26	524	32.0	19.0
641	rna-XM_714842.1	XM_714842.1	-31	607	59.0	19.0
642	rna-XM_714842.1	XM_714842.1	606	-30	28.0	19.0
643	rna-XM_718032.1	XM_718032.1	-33	3234	21.0	19.0
644	rna-XM_019475322.1	XM_019475322.1	-10	439	81.0	19.0
645	rna-XM_718047.1	XM_718047.1	-68	404	58.0	19.0
646	rna-XM_019475325.1	XM_019475325.1	-23	386	52.0	19.0
647	rna-XM_019475325.1	XM_019475325.1	-20	383	37.0	19.0
648	rna-XM_019475325.1	XM_019475325.1	-9	372	47.0	19.0
649	rna-XM_019475328.1	XM_019475328.1	-26	464	251.0	19.0
650	rna-XM_019475328.1	XM_019475328.1	-16	454	20.0	19.0
651	rna-XM_711507.1	XM_711507.1	2237	-41	27.0	19.0
652	rna-XM_711514.1	XM_711514.1	-90	1152	21.0	19.0
653	rna-XM_711514.1	XM_711514.1	-86	1148	29.0	19.0
654	rna-XM_710995.1	XM_710995.1	-43	829	30.0	19.0
655	rna-XM_710995.1	XM_710995.1	-34	820	35.0	19.0
656	rna-XM_714816.1	XM_714816.1	-22	1030	23.0	19.0
657	rna-XM_714719.1	XM_714719.1	2075	-98	20.0	19.0
658	rna-XM_714717.1	XM_714717.1	-21	1359	20.0	19.0
659	rna-XM_714717.1	XM_714717.1	-18	1356	35.0	19.0
660	rna-XM_019475360.1	XM_019475360.1	-22	733	45.0	19.0
661	rna-XM_717611.1	XM_717611.1	601	-82	52.0	19.0
662	rna-XM_715424.2	XM_715424.2	-51	393	73.0	19.0
663	rna-XM_715424.2	XM_715424.2	-45	387	40.0	19.0
664	rna-XM_715374.2	XM_715374.2	-31	1726	21.0	19.0
665	rna-XM_715367.2	XM_715367.2	-42	1326	49.0	19.0
666	rna-XM_712010.2	XM_712010.2	-45	639	35.0	19.0
667	rna-XM_710478.2	XM_710478.2	-68	1649	21.0	19.0
668	rna-XM_710478.2	XM_710478.2	-43	1624	21.0	19.0
669	rna-XM_710293.2	XM_710293.2	-4	403	33.0	19.0
670	rna-XM_710290.2	XM_710290.2	-83	440	31.0	19.0
671	rna-XM_711707.1	XM_711707.1	-58	592	47.0	19.0
672	rna-XM_019475412.1	XM_019475412.1	-25	493	41.0	19.0
673	rna-XM_019475412.1	XM_019475412.1	-24	492	48.0	19.0
674	rna-XM_019475412.1	XM_019475412.1	-20	488	106.0	19.0
675	rna-XM_019475412.1	XM_019475412.1	-18	486	93.0	19.0
676	rna-XM_019475412.1	XM_019475412.1	-6	474	41.0	19.0
677	rna-XM_706264.2	XM_706264.2	-19	3172	26.0	19.0
678	rna-XM_019475428.1	XM_019475428.1	-58	313	92.0	19.0
679	rna-XM_019475428.1	XM_019475428.1	-32	287	23.0	19.0
680	rna-XM_019475443.1	XM_019475443.1	-31	487	39.0	19.0
681	rna-XM_711644.1	XM_711644.1	-54	1089	56.0	19.0
682	rna-XM_705472.2	XM_705472.2	-43	1384	28.0	19.0
683	rna-XM_715321.2	XM_715321.2	-8	803	20.0	19.0
684	rna-XM_019475476.1	XM_019475476.1	-29	233	47.0	19.0
685	rna-XM_019475476.1	XM_019475476.1	-21	225	31.0	19.0
686	rna-XM_710117.1	XM_710117.1	-44	890	34.0	19.0
687	rna-XM_710117.1	XM_710117.1	-40	886	25.0	19.0
688	rna-XM_710095.1	XM_710095.1	467	-68	22.0	19.0
689	rna-XM_710095.1	XM_710095.1	471	-72	26.0	19.0
690	rna-XM_710095.1	XM_710095.1	473	-74	38.0	19.0
691	rna-XM_710095.1	XM_710095.1	476	-77	25.0	19.0
692	rna-XM_712865.1	XM_712865.1	-27	531	28.0	19.0
693	rna-XM_019475512.1	XM_019475512.1	-30	318	36.0	19.0
694	rna-XM_710681.1	XM_710681.1	615	-18	38.0	19.0
695	rna-XM_019475522.1	XM_019475522.1	-22	472	33.0	19.0
696	rna-XM_019475530.1	XM_019475530.1	-26	218	20.0	19.0
697	rna-XM_019475530.1	XM_019475530.1	-25	217	48.0	19.0
698	rna-XM_712263.2	XM_712263.2	-26	641	69.0	19.0
699	rna-XM_705713.1	XM_705713.1	-23	2168	23.0	19.0
700	rna-XM_706599.2	XM_706599.2	-56	884	25.0	19.0
701	rna-XM_019475555.1	XM_019475555.1	-26	275	54.0	19.0
702	rna-XM_019475555.1	XM_019475555.1	-17	266	112.0	19.0
703	rna-XM_019475555.1	XM_019475555.1	322	-73	33.0	19.0
704	rna-XM_705951.2	XM_705951.2	-37	1858	32.0	19.0
705	rna-XM_711115.2	XM_711115.2	-33	1875	34.0	19.0
706	rna-XM_711115.2	XM_711115.2	-29	1871	46.0	19.0
707	rna-XM_711115.2	XM_711115.2	-26	1868	26.0	19.0
708	rna-XM_711122.1	XM_711122.1	-28	388	130.0	19.0
709	rna-XM_019475562.1	XM_019475562.1	-65	551	22.0	19.0
