	-24	-23	-22	-21	-20	-19	-18	-17	-16	-15	-14	-13	-12	-11	-10	-9	-8	-7	-6	-5	-4	-3	-2	-1	0	1	2	3	4	5	6	7	8
CYS-PRO-GLY (CPG)	5	3	3	2	2	4	5	5	2	1	0	0	9	23	4	5	5	0	9	5	5	4	4	4	9	5	4	7	13	1	2	2	2
CYS-GLN-LEU (CQL)	1	5	4	2	4	3	1	2	4	5	1	5	1	15	2	1	3	5	2	3	4	2	6	0	4	6	0	3	5	2	0	6	3
GLN-MET-GLU (QME)	6	4	2	5	4	7	5	7	4	6	4	3	7	27	5	3	4	3	11	5	8	12	10	0	5	6	6	13	5	2	2	8	10
TRP-SER-VAL (WSV)	6	5	2	7	1	3	7	9	3	6	5	10	6	24	6	8	4	6	10	6	3	9	8	7	4	3	7	3	2	2	4	3	4
TRP-LEU-GLY (WLG)	5	9	5	3	4	5	10	1	5	3	1	6	6	22	5	6	6	5	9	4	7	5	6	7	5	2	5	5	4	2	4	5	4
CYS-PHE-GLY (CFG)	5	4	3	2	7	8	1	3	9	4	2	5	4	23	8	7	4	7	5	4	8	9	11	9	5	4	5	11	7	6	2	6	10
TRP-VAL-HIS (WVH)	5	4	2	6	3	5	6	3	5	1	6	3	3	11	4	2	5	5	2	4	3	1	2	4	2	3	0	1	1	2	1	0	0
VAL-MET-ASN (VMN)	7	5	8	1	5	7	5	3	3	7	5	0	5	25	8	5	1	11	7	6	5	5	2	8	10	2	21	3	5	4	6	39	5
THR-TRP-LEU (TWL)	8	7	4	6	5	8	2	4	9	10	10	3	5	21	7	6	4	7	5	9	7	5	4	9	7	4	1	3	4	2	7	4	4
ILE-PHE-PRO (IFP)	13	12	9	8	11	8	6	6	10	13	7	13	8	31	4	5	5	5	15	6	10	5	2	7	10	11	5	18	9	10	6	5	6
VAL-PRO-MET (VPM)	3	4	2	8	5	5	4	7	8	5	13	6	4	23	3	4	9	14	8	8	5	16	5	10	8	5	4	4	7	5	6	8	7
VAL-SER-TRP (VSW)	2	10	4	3	4	0	5	6	7	1	3	6	8	12	5	3	2	1	4	2	4	4	3	3	2	1	1	5	3	1	2	4	3
GLN-HIS-MET (QHM)	6	21	6	18	9	10	8	12	2	4	17	3	4	21	5	9	3	2	3	2	3	2	2	4	3	7	6	3	7	8	7	1	2
HIS-SER-TYR (HSY)	2	4	9	4	4	5	3	10	10	22	8	7	5	21	21	8	4	1	5	6	2	4	9	8	5	7	3	2	6	3	8	9	6
VAL-TYR-ARG (VYR)	7	11	2	12	3	11	12	6	7	7	10	4	5	28	5	7	17	11	8	8	2	12	6	18	9	14	9	8	13	8	10	10	8
MET-GLN-ASP (MQD)	1	2	3	5	15	3	7	3	3	2	3	1	3	12	7	2	2	3	3	4	5	5	4	1	5	3	3	4	5	3	2	2	6
MET-ARG-GLY (MRG)	4	7	4	7	4	8	6	7	7	7	8	6	6	19	6	6	7	6	3	6	4	3	5	6	9	4	4	8	18	1	4	5	5
CYS-VAL-PRO (CVP)	5	5	13	3	6	7	8	8	6	2	6	4	4	19	7	2	9	3	9	3	5	3	5	6	15	13	3	10	5	4	1	3	10
ALA-ASN-MET (ANM)	7	9	10	9	8	9	9	11	6	3	5	0	12	23	8	9	7	10	6	6	8	5	7	6	11	5	6	9	3	9	7	10	6
SER-CYS-GLN (SCQ)	6	2	2	6	6	2	4	2	5	2	2	1	3	10	5	1	2	6	3	2	2	4	3	2	5	2	2	2	0	4	7	10	3
TYR-PHE-MET (YFM)	9	2	3	2	5	0	4	6	2	0	6	2	5	11	1	4	2	1	2	5	2	6	2	9	1	4	6	5	4	5	7	2	7
TRP-GLY-LEU (WGL)	10	8	18	9	3	13	12	14	15	10	9	15	13	30	11	16	7	9	11	12	10	6	17	9	12	4	6	22	6	5	9	4	6
ARG-LYS-PRO (RKP)	34	22	20	19	12	9	16	14	22	17	15	19	15	51	20	24	14	14	26	27	10	18	15	17	13	12	11	27	15	22	15	18	11
TYR-ALA-VAL (YAV)	13	8	8	12	14	8	12	13	13	7	15	8	9	28	8	4	12	4	9	11	11	9	13	10	12	21	7	6	10	6	3	7	7
SER-GLY-CYS (SGC)	7	5	5	3	2	0	3	3	1	3	3	3	9	10	6	2	1	3	8	3	3	6	5	2	1	5	0	3	4	5	3	3	1
TYR-HIS-LEU (YHL)	15	10	5	6	2	3	8	7	6	5	6	5	6	20	6	9	6	5	8	8	9	6	11	5	9	6	5	12	9	6	8	3	8
ALA-PHE-PHE (AFF)	5	7	9	4	6	2	4	7	7	7	6	4	6	17	4	16	5	7	9	5	6	4	5	5	5	5	4	4	9	7	6	9	2
CYS-TRP-GLU (CWE)	1	1	10	1	6	1	4	3	0	6	2	5	3	11	4	2	3	1	4	1	3	3	3	4	5	3	2	20	2	1	5	1	14
ASP-PHE-TRP (DFW)	2	3	2	2	3	2	2	4	2	3	2	5	4	8	1	2	2	2	6	2	2	5	3	5	2	1	7	4	4	4	2	1	1
ASP-PRO-PRO (DPP)	10	14	12	13	8	15	7	12	5	14	13	9	19	32	8	9	16	8	11	14	6	13	18	25	12	7	18	11	9	13	7	6	12
TYR-PRO-VAL (YPV)	7	9	2	13	8	12	7	10	7	6	4	10	8	22	3	5	9	12	6	9	7	13	8	6	5	9	7	6	7	10	15	7	11
ALA-TRP-TYR (AWY)	3	2	0	1	5	20	2	3	0	2	5	4	4	9	3	5	1	0	5	13	1	2	5	1	4	1	0	4	2	1	3	2	3
PHE-ASN-PHE (FNF)	12	15	9	11	8	8	16	15	9	15	18	13	11	37	19	12	14	14	13	10	17	14	19	18	14	15	11	25	16	8	17	14	14
ALA-ASN-TRP (ANW)	4	4	4	2	4	4	3	7	5	2	2	1	2	10	8	7	2	3	6	3	1	2	3	4	4	6	3	5	6	3	3	2	6
GLY-CYS-GLY (GCG)	6	7	8	9	7	7	3	7	11	2	4	7	3	17	5	8	3	3	10	8	8	11	8	3	5	11	4	7	5	9	8	3	6
ALA-TRP-ASN (AWN)	2	3	8	5	2	1	4	3	2	2	4	2	0	8	3	1	5	2	5	4	6	4	6	1	4	2	1	1	0	4	3	4	3
ASP-ASN-PRO (DNP)	17	15	14	15	17	16	8	13	10	10	11	10	22	32	14	14	14	16	14	11	11	7	8	13	8	11	18	13	10	6	14	3	8
LEU-VAL-MET (LVM)	9	6	5	7	5	9	15	20	7	7	8	7	7	20	3	12	8	11	1	4	5	13	6	9	7	6	3	10	10	6	11	3	5
HIS-PRO-HIS (HPH)	3	6	6	2	5	1	1	2	3	11	1	4	3	11	4	7	3	5	3	5	3	3	3	8	6	10	6	7	0	4	2	4	4
GLY-TRP-GLY (GWG)	4	8	4	5	11	0	3	8	5	14	8	8	8	16	4	15	6	2	8	7	5	1	6	10	4	4	8	6	4	5	5	7	5
THR-VAL-MET (TVM)	5	3	6	4	2	7	7	3	5	1	0	7	7	11	3	1	7	2	7	3	3	7	7	2	8	6	6	2	2	3	7	2	2
HIS-GLY-TYR (HGY)	10	11	14	23	9	9	6	14	16	15	10	19	13	28	15	12	9	9	10	14	10	8	15	7	8	9	6	9	11	6	7	10	5
THR-TYR-ASN (TYN)	8	16	8	17	10	14	10	12	15	15	23	13	13	37	14	11	21	17	11	9	13	14	10	4	21	21	18	12	15	12	31	16	19
THR-ASN-ARG (TNR)	12	12	9	14	7	16	12	13	15	12	8	11	37	30	19	13	12	10	10	9	7	8	11	7	18	12	11	7	8	5	12	15	6
ARG-HIS-PRO (RHP)	4	7	2	2	3	6	5	7	3	4	1	2	5	11	3	7	4	5	2	5	5	3	1	6	11	4	3	10	4	3	4	6	2
VAL-ALA-CYS (VAC)	3	1	1	4	9	4	5	3	0	8	4	4	10	9	5	2	1	6	4	2	3	3	5	2	7	3	3	3	2	1	2	5	1
VAL-TRP-LYS (VWK)	0	4	5	7	5	8	2	2	5	5	13	0	3	10	6	5	6	6	5	5	4	1	3	2	2	2	5	0	4	2	4	5	3
ARG-LEU-LYS (RLK)	87	77	73	77	72	63	78	89	100	88	70	92	230	202	69	86	79	98	63	62	59	104	76	77	71	73	49	94	58	27	74	130	65
ARG-HIS-PHE (RHF)	9	13	13	11	11	9	7	10	13	11	4	6	13	25	29	14	2	6	10	8	10	8	8	6	5	8	5	10	10	12	11	24	8
PHE-CYS-LYS (FCK)	4	2	3	2	3	3	2	4	9	3	3	2	3	8	1	4	1	1	8	3	5	3	3	3	2	2	2	3	3	1	9	3	4
