	-30	-29	-28	-27	-26	-25	-24	-23	-22	-21	-20	-19	-18	-17	-16	-15	-14	-13	-12	-11	-10	-9	-8	-7	-6	-5	-4	-3	-2	-1	0	1	2
ALA_GCT	12176	11638	11230	12332	11933	11028	12148	11489	11033	11735	11210	10936	11832	11491	11228	12018	11862	11414	12318	11816	11345	12782	11717	11372	12400	11317	11219	11884	12070	9580	11700	8300	7588
ALA_GCC	4362	4346	4158	4333	4256	4091	4360	4193	3984	4405	4162	3965	4225	4167	4131	4213	4406	4158	4360	4299	3991	4677	4269	4339	4568	4252	4157	4668	5130	3846	4018	3052	2861
ALA_GCA	5041	4907	4634	4735	4845	4483	5034	4818	4462	5197	4896	4528	5499	5183	4663	5123	4955	4870	5464	5061	4692	5494	4818	4600	5460	4665	4663	5145	5048	4152	4985	3743	3847
ALA_GCG	660	556	560	608	630	550	560	561	598	615	640	602	917	801	636	647	573	595	714	645	600	672	622	626	730	575	581	614	619	551	639	475	456
ARG_CGT	2285	2197	1952	2253	2239	2030	2323	2189	2182	2266	2241	2096	2398	2283	2008	2501	2376	2148	2497	2335	2254	2258	2296	2208	2275	2319	2076	2279	2179	1873	2037	2151	1259
ARG_CGG	294	304	248	298	250	220	287	298	256	292	285	239	448	378	245	364	328	304	317	302	252	295	293	279	324	289	272	327	287	276	325	188	176
ARG_CGC	224	207	214	205	207	183	205	220	208	220	221	185	302	254	178	242	218	173	219	232	209	197	198	182	209	237	225	234	218	229	186	182	131
ARG_CGA	1161	1098	976	1181	1057	1088	1153	1149	1015	1184	1112	1007	1592	1447	1056	1287	1375	999	1310	1258	1081	1221	1170	1100	1311	1254	1133	1209	1348	1005	1135	1119	718
ARG_AGA	11801	11362	10820	11695	11469	10701	11954	11340	10853	12095	11646	10860	11986	11487	11146	12179	11626	11028	12635	12165	11097	12404	12500	11617	12443	11971	10858	11588	12009	10959	12681	17137	11333
ARG_AGG	822	832	738	890	808	773	883	842	733	876	807	838	976	908	813	1008	904	790	985	861	852	904	930	909	951	876	795	837	882	816	909	742	622
ASN_AAT	13228	12565	12056	13266	12860	12040	13361	12671	11740	13305	12792	11890	13408	12290	11448	13362	12649	11684	12561	12285	12001	12779	12587	11766	13244	12782	11792	13551	12020	12391	14036	15357	11888
ASN_AAC	6678	6171	6023	6698	6338	6039	6555	6194	6221	6794	6443	6072	6751	6410	5965	6725	6368	6127	6535	6103	6059	6743	6366	6301	6893	6726	6326	7121	6409	6642	7475	7769	6564
ASP_GAT	18644	17837	17358	18641	17527	17533	18676	17720	17525	18406	17630	17029	18864	17883	18090	18700	17569	17616	18391	17885	17758	19887	18567	18036	18850	17506	16927	17949	17128	16691	20514	15262	20193
ASP_GAC	5890	5614	5631	6029	5719	5429	5971	5601	5740	6074	5850	5737	5991	5784	5671	5922	5576	5669	6161	5673	5817	6399	5939	5605	5885	5657	5571	5749	5747	5562	6519	5336	7144
CYS_TGT	2464	2300	2259	2459	2353	2259	2352	2358	2167	2410	2282	2242	2585	2415	2144	2385	2207	2171	2373	2481	2319	2314	2412	2188	2385	2322	2196	2338	2226	2233	2085	2120	1438
CYS_TGC	271	272	293	291	283	257	308	275	266	319	295	245	336	320	307	268	323	284	300	301	276	354	277	268	298	345	253	331	298	357	252	288	165
GLN_CAA	14698	14406	13147	14763	14269	13265	14729	14227	13317	14712	14744	13132	13997	13805	13649	14572	14007	13114	14741	14160	13159	14223	14564	13391	15094	15162	13890	15844	14707	13143	14035	17633	13505
GLN_CAG	2303	2226	1983	2181	2136	1984	2291	2206	1974	2198	2142	2098	2301	2324	1938	2243	2003	1899	2142	2099	1893	2223	2200	2116	2263	2303	2020	2381	2170	1919	2222	2424	2339
GLU_GAA	28022	26584	25905	27939	26679	26068	28110	27018	26318	27920	26650	26984	27929	26224	26641	27228	26218	26798	28594	26944	26966	28670	26992	26987	28102	26325	26484	26086	25698	25452	30501	24237	39517
GLU_GAG	5465	5282	5195	5662	5199	5065	5497	5272	5177	5638	5342	5194	5692	5493	5151	5368	5434	5238	5567	5317	5329	5680	5518	5441	5839	5133	4922	5038	4936	4923	5555	4568	7686
GLY_GGT	12093	11516	11144	12383	11653	11069	12024	11877	10985	12277	11513	11262	12364	11906	11075	12170	12566	11454	11888	12127	11088	12278	12132	11029	11815	11770	10809	11650	12351	10911	10858	10178	7949
GLY_GGC	1286	1245	1113	1239	1188	1140	1194	1154	1114	1235	1266	1127	1507	1339	1200	1312	1258	1112	1239	1206	1153	1284	1256	1182	1272	1161	1092	1268	1336	1135	993	1048	908
GLY_GGA	4453	4178	3869	4358	4222	4141	4539	4266	3929	4495	4303	4020	4778	4489	4084	4881	4486	4033	4521	4418	4058	4695	4520	4146	4458	4326	3890	4064	4494	3728	3744	4080	3852
GLY_GGG	1955	2000	1775	1992	1857	1805	1891	1802	1708	1920	1905	1812	2184	2005	1806	1989	2006	1838	1930	1973	1783	2075	2029	1910	2034	1920	1950	2023	2244	1808	1335	1182	1731
HIS_CAT	4270	4060	3675	4210	4044	3884	4176	4029	3755	4351	4026	3674	4152	4055	3666	4467	4346	3833	4133	4058	3578	4115	4109	3781	4322	4263	3844	4516	3885	3783	4365	5174	3161
HIS_CAC	2262	2194	2073	2311	2267	2051	2375	2211	2118	2363	2279	2145	2209	2115	2199	2372	2227	2148	2368	2296	2138	2330	2287	2087	2364	2554	2397	2708	2298	2310	2310	2752	1901
ILE_ATT	12072	11659	11062	11921	11521	11174	12140	11531	11173	12120	11495	10831	11810	11558	11355	12440	11578	11171	12150	11754	10996	11897	11250	10901	12300	11801	10922	12107	11614	11989	13424	10690	10984
ILE_ATC	4233	4062	3877	4345	4168	4013	4356	4111	3999	4143	4152	4060	4212	4096	4136	4425	4143	4003	4293	4204	3782	4311	4148	4007	4426	4056	4080	4390	4175	4478	4758	3553	4846
ILE_ATA	3912	3722	3379	3930	3634	3358	3755	3724	3454	3935	3709	3441	3871	3763	3614	4107	3903	3488	3740	3692	3376	3701	3558	3506	3930	3647	3652	3934	3870	3709	4325	3731	3672
LEU_TTA	11612	11135	10609	11524	11283	10607	11613	11185	10747	11681	10834	10505	11446	11070	10656	11428	11001	10622	11197	10831	10590	11383	10857	10164	11219	11473	10257	11989	12061	11665	10585	11128	9145
LEU_TTG	12855	12178	11851	12964	11976	11629	12881	12323	11899	12889	11877	11799	12379	11784	11692	12994	12372	11663	12518	11958	12215	12895	12248	11458	12628	12302	12122	13032	12151	11795	12057	10916	8689
LEU_CTT	2091	2113	1911	2212	2125	2031	2219	2215	2095	2357	2227	2013	2318	2248	1956	2103	2076	1982	2307	2186	1922	2220	2111	2047	2350	2277	2091	2518	2038	2161	2151	2458	1426
LEU_CTC	522	458	449	507	494	422	521	448	497	530	522	421	490	520	489	482	486	428	547	605	498	552	510	479	482	601	531	668	544	550	531	627	387
LEU_CTA	931	974	808	993	968	932	982	924	886	953	926	914	1165	1034	908	1091	993	826	1033	1036	955	932	988	821	953	994	960	1044	973	995	994	1046	780
LYS_AAA	22827	21804	20942	22963	21995	21153	22894	21799	21034	22627	22218	21202	23668	22420	21519	22632	22088	20898	23737	21909	20790	22160	21966	21117	23169	22399	21813	23240	21886	21511	23597	26442	24436
LYS_AAG	10189	10114	9700	10124	9976	9606	10454	9966	9722	10601	10105	9538	10853	10482	9558	10785	10046	9539	11029	9932	9592	10682	10296	10137	10791	10378	9426	10072	9733	9803	10787	11647	11589
PHE_TTT	7298	6812	6400	7256	6995	6375	7177	6930	6521	7320	7102	6515	6578	6547	6490	7323	7021	6405	7043	6793	6291	6867	6853	6091	6868	7147	6340	7517	6911	7036	6847	7350	4416
PHE_TTC	4528	4441	4274	4651	4372	4258	4542	4548	4379	4709	4416	4136	4303	4177	4174	4817	4352	4243	4563	4546	4166	4585	4430	4014	4289	4583	4337	4770	4663	4917	4404	4690	3328
PRO_CCT	3672	3448	3072	3673	3563	3191	3730	3442	3249	3562	3602	3253	3629	3616	3125	4011	3814	3249	4012	3500	3213	3394	3354	3050	3499	3523	3191	4350	3446	3562	3371	4296	2333
PRO_CCC	912	865	767	770	859	706	861	847	713	822	758	764	950	866	760	844	852	807	931	867	711	864	822	734	799	813	811	1097	939	947	928	1004	551
PRO_CCA	9323	9184	8704	9400	9087	8672	9158	9044	8505	9170	8848	8582	9422	9293	8362	10097	9520	9022	10592	9354	8554	9477	8806	8494	9437	8795	8808	10296	8765	8441	8562	11296	7153
PRO_CCG	692	754	651	692	679	657	702	673	604	740	631	648	825	780	677	781	720	594	751	714	570	707	616	607	726	647	741	849	663	732	754	837	438
SER_TCT	7263	6989	6670	7325	6841	6853	7322	6942	6656	7292	7136	6778	7057	6788	6596	6791	6665	6575	6817	6812	6641	7320	6763	6623	6982	6796	6811	7838	7142	6963	6822	7270	4465
SER_TCC	2869	2639	2727	2815	2766	2641	2886	2777	2635	2819	2717	2764	2776	2637	2781	2673	2736	2609	2790	2748	2673	2838	2666	2592	2745	2785	2727	2993	2970	2945	2909	2557	1933
SER_TCA	7172	6899	6619	7229	7059	6567	7146	6948	6609	7303	7101	6591	7129	6953	6456	6933	6741	6428	7028	6684	6471	7463	6794	6583	7342	7000	6509	7339	7318	6506	6782	7004	5197
SER_TCG	1624	1621	1632	1742	1674	1431	1639	1631	1562	1731	1634	1483	1789	1746	1523	1727	1621	1603	1598	1606	1547	1761	1542	1514	1744	1615	1608	1728	1713	1586	1571	1550	1018
SER_AGT	5252	4856	4643	5173	4995	4749	5169	4954	4636	5210	5101	4597	5214	5072	4539	5067	4750	4411	5076	5153	4792	5054	5300	4820	5185	5043	4662	5031	4903	4466	4856	6013	3666
SER_AGC	1395	1398	1312	1394	1376	1344	1485	1432	1276	1475	1328	1235	1461	1359	1253	1361	1361	1304	1301	1351	1286	1446	1360	1206	1334	1331	1202	1342	1382	1417	1295	1686	1224
SER_CTG	883	823	782	894	878	793	905	862	785	889	867	837	1008	899	762	911	831	781	906	898	862	894	935	859	934	840	837	990	786	744	967	818	593
THR_ACT	9284	8787	8859	9090	8910	8597	9318	8859	8598	9278	9112	8558	8845	8734	8277	9147	8737	8137	9169	8591	8552	9228	8752	8737	9740	8605	8537	9407	8627	8383	10349	8409	10638
THR_ACC	4266	3994	3876	4058	3875	3922	4196	4185	4059	4303	4195	4159	4043	3859	3964	4277	4026	3913	4082	4009	3957	4371	3931	3861	4152	3920	4098	4411	4328	4165	4830	3409	7100
THR_ACA	4555	4318	3897	4465	4410	4073	4515	4498	4089	4590	4413	4221	4776	4575	4103	4503	4356	4049	4704	4477	4225	4625	4264	4192	4785	4357	4320	4696	4618	4445	5380	4428	6083
THR_ACG	997	891	953	894	869	816	928	923	846	1014	968	914	1001	944	867	989	870	869	960	973	920	978	920	916	1057	858	934	984	845	982	1207	892	883
TRP_TGG	2947	2708	2537	2865	2644	2424	2867	2806	2628	2903	2689	2657	3125	2870	2550	2833	2780	2708	2951	2763	2701	2823	2946	2743	3151	3008	2737	2927	2966	2954	2790	2059	2308
TYR_TAT	6280	6186	5723	6585	6194	5674	6627	6429	5656	6329	6217	5735	6263	6168	5596	6386	6023	5715	6166	6197	5699	6170	5919	5457	6234	6298	5801	6653	6141	6084	6073	6878	4890
TYR_TAC	3735	3595	3379	3746	3397	3398	3619	3497	3503	3754	3594	3260	3622	3479	3196	3712	3723	3557	3607	3547	3442	3582	3492	3382	3673	3842	3462	4011	3895	3752	3313	4282	2988
VAL_GTT	11178	10703	10336	11338	10725	10557	11226	10575	10225	11078	10525	10231	10799	10426	10134	10771	10319	10326	11072	10862	10232	11235	10519	10123	11046	10384	10039	10801	10440	9783	10929	7753	10095
VAL_GTC	3267	3271	3344	3453	3388	3320	3510	3376	3216	3649	3474	3356	3374	3320	3318	3709	3408	3415	3395	3411	3370	3665	3425	3240	3618	3322	3469	3654	3557	3193	3522	2365	3538
VAL_GTA	2545	2512	2305	2527	2420	2451	2594	2454	2332	2436	2324	2385	2532	2405	2268	2444	2421	2261	2534	2439	2370	2600	2391	2187	2503	2376	2266	2414	2330	2294	2686	1723	2657
VAL_GTG	2952	2813	2660	2972	2936	2586	3083	2910	2687	3151	2875	2706	3232	2946	2801	3044	2763	2718	3076	2942	2866	3171	2854	2839	3077	2743	2717	2945	2922	2487	3205	2074	2172
TERM_TAA	356	359	303	281	297	273	243	272	257	256	226	256	457	417	203	237	198	207	234	193	219	200	184	181	195	175	167	194	176	147	146	165	190
TERM_TGA	64	62	52	50	42	37	44	40	42	48	68	36	86	107	51	59	41	48	56	41	33	30	41	31	30	34	48	31	37	34	19	32	29
TERM_TAG	126	82	94	103	88	80	90	81	90	106	98	84	127	139	109	84	67	64	70	80	67	57	44	65	54	48	60	53	64	49	40	47	103
MET_ATG	5191	5107	4648	5310	4920	4779	5317	5007	4571	5201	4870	4886	5160	4971	4749	5660	5167	4964	5372	4908	4682	5037	4892	4734	5317	4912	4930	5217	4818	4751	6081	4891	4276
