	-27	-26	-25	-24	-23	-22	-21	-20	-19	-18	-17	-16	-15	-14	-13	-12	-11	-10	-9	-8	-7	-6	-5	-4	-3	-2	-1	0	1	2	3	4	5
PRO-GLY (PG)	583	613	574	670	596	609	596	571	557	642	635	563	935	879	642	829	711	570	632	636	572	638	676	609	774	643	639	605	874	468	608	641	470
TRP-CYS (WC)	55	49	33	43	37	48	51	53	42	45	28	35	66	60	50	55	53	45	48	47	43	57	52	38	41	58	55	41	40	32	37	19	23
TYR-CYS (YC)	144	89	98	101	89	97	99	113	99	95	83	79	98	131	115	97	104	81	110	124	129	86	112	108	116	102	114	92	92	99	103	102	61
ALA-CYS (AC)	139	152	121	185	191	144	148	153	143	145	169	136	191	194	160	190	182	150	187	185	139	153	142	127	166	212	114	149	113	101	114	118	91
GLY-TRP (GW)	199	198	180	202	162	140	177	185	203	197	191	194	225	231	182	175	211	170	173	203	190	201	186	175	205	216	170	131	152	175	149	107	120
GLY-GLY (GG)	1780	1728	1545	1869	1824	1578	1777	1891	1577	1818	1831	1665	2154	2156	1734	1961	2186	1734	1894	2012	1670	1878	1830	1541	1765	2023	1571	1382	1578	1333	1110	1300	1456
PHE-GLN (FQ)	465	448	363	436	393	410	478	416	375	429	396	451	459	539	435	462	405	393	458	435	370	384	478	419	539	569	567	512	460	287	339	439	409
MET-HIS (MH)	111	118	65	95	77	74	101	96	88	68	66	56	96	110	111	123	112	101	110	89	59	87	66	109	95	94	75	122	74	70	58	106	74
ALA-TRP (AW)	101	99	99	125	105	99	101	120	128	131	136	118	173	139	96	127	97	125	116	128	107	160	171	126	159	133	98	125	66	91	77	70	77
GLY-ARG (GR)	1160	1042	974	1078	1120	950	1193	1058	1026	1213	1158	979	1182	1244	993	1094	1110	1014	1132	1043	980	1088	1163	1016	1108	1095	911	831	820	763	809	1032	896
TRP-ALA (WA)	184	160	148	194	178	157	157	151	137	174	165	149	166	205	178	187	172	175	186	185	189	202	168	195	205	181	198	200	135	155	192	150	135
PRO-PRO (PP)	1065	1044	916	1020	1092	936	1022	984	910	1075	1063	920	1221	1208	856	1446	1196	948	1105	1032	885	984	914	890	1122	821	939	1000	1156	823	792	1426	867
HIS-TRP (HW)	43	41	45	51	40	44	49	40	59	61	42	64	58	64	44	66	68	51	98	49	69	69	56	42	64	50	51	61	67	48	63	38	31
GLY-ALA (GA)	1358	1184	1175	1231	1205	1157	1232	1169	1153	1304	1271	1220	1318	1405	1152	1219	1253	1202	1384	1317	1166	1375	1285	1134	1313	1413	1385	1204	1149	921	916	869	769
CYS-PHE (CF)	138	108	115	118	118	116	146	128	136	160	123	114	98	143	121	124	130	117	134	123	117	133	168	108	129	107	133	120	116	89	157	99	81
GLY-MET (GM)	304	317	289	274	259	267	295	276	254	328	286	269	298	307	273	282	274	209	257	262	285	271	243	245	282	252	256	235	240	197	232	209	209
CYS-ILE (CI)	179	196	185	213	199	170	234	157	174	203	198	151	195	217	166	193	181	211	226	194	176	193	173	162	202	173	199	156	166	133	305	149	150
MET-PHE (MF)	167	171	163	170	151	151	153	161	191	190	176	134	160	190	162	147	169	147	162	161	154	162	173	147	162	178	139	218	159	146	124	298	95
HIS-CYS (HC)	75	80	74	66	81	78	74	87	78	75	80	61	76	85	63	84	88	69	83	83	45	51	71	62	119	67	62	96	87	50	76	59	50
PHE-VAL (FV)	908	775	786	758	746	772	842	791	762	776	719	779	808	880	756	848	782	804	774	779	770	782	812	734	818	720	785	788	785	509	788	462	635
THR-TYR (TY)	500	452	403	501	454	472	542	571	447	495	566	524	522	561	461	508	534	462	506	489	421	450	402	439	501	468	452	590	447	690	449	525	404
PRO-ASP (PD)	709	688	674	699	701	677	768	659	669	686	722	608	901	800	738	891	754	700	632	654	640	714	694	652	841	716	678	602	776	470	800	652	747
TYR-SER (YS)	599	579	576	604	563	528	553	534	522	564	594	498	607	646	539	562	595	558	588	508	509	559	589	514	639	611	582	565	756	495	693	590	451
VAL-CYS (VC)	178	137	183	180	178	151	173	157	173	151	161	173	201	175	155	158	151	143	156	169	158	183	174	142	156	169	125	151	104	150	107	118	82
LEU-CYS (LC)	205	218	297	298	292	247	223	234	203	283	231	229	295	269	263	210	245	203	232	278	247	245	256	230	239	222	227	216	220	212	167	253	193
ASN-ARG (NR)	769	700	682	692	644	643	682	747	701	769	788	621	901	853	700	757	708	729	811	772	666	784	769	736	831	727	739	849	973	737	988	1023	601
HIS-GLU (HE)	503	477	453	451	440	400	429	415	367	473	437	424	496	532	453	429	443	398	420	468	476	509	540	509	552	456	423	485	517	399	495	369	1037
ALA-MET (AM)	388	390	349	404	325	310	363	333	354	418	352	335	354	392	348	372	372	371	393	285	352	385	333	328	387	412	305	396	267	231	357	272	320
TYR-HIS (YH)	240	245	220	225	261	207	244	230	207	228	239	205	265	259	259	249	266	202	233	222	163	216	239	197	248	254	270	246	244	172	277	258	151
TYR-TRP (YW)	75	103	99	99	95	93	111	91	92	90	86	96	101	106	100	84	82	123	85	92	94	89	81	107	91	106	132	96	126	90	83	49	82
TRP-ILE (WI)	168	130	136	160	132	93	146	144	136	157	146	123	138	158	110	153	135	133	157	137	120	175	143	124	138	146	129	146	146	174	179	141	113
PHE-MET (FM)	177	183	165	207	192	157	202	181	168	175	166	177	190	200	179	215	184	171	169	184	169	183	195	159	230	149	176	192	180	126	204	167	139
ALA-VAL (AV)	1174	1079	990	1184	1143	1187	1165	1150	1057	1230	1080	997	1162	1202	1086	1274	1100	1123	1301	1084	1090	1217	1043	1105	1151	1081	882	1110	861	733	979	721	881
HIS-GLN (HQ)	388	378	377	377	429	409	392	413	304	392	418	357	408	439	347	381	453	360	409	411	372	414	450	356	400	400	385	430	445	265	576	356	383
GLY-ASP (GD)	1261	1136	1166	1282	1214	1155	1215	1139	1125	1275	1202	1076	1279	1281	1233	1281	1144	1212	1303	1200	1191	1209	1195	1189	1207	1306	1073	948	913	866	978	878	1120
GLY-PRO (GP)	575	502	488	560	528	460	565	533	487	612	513	527	556	568	545	577	559	475	622	495	463	508	496	478	444	536	557	618	493	373	406	539	329
TYR-MET (YM)	163	154	133	165	148	140	139	159	149	157	136	148	130	165	138	170	132	181	162	166	98	121	174	127	183	135	145	162	147	100	202	154	154
HIS-MET (HM)	61	84	82	81	80	91	79	84	50	90	77	63	91	89	73	89	81	78	85	82	68	90	81	74	89	83	73	75	119	72	119	69	64
TRP-ARG (WR)	137	131	100	119	118	130	130	98	135	143	145	124	138	143	96	154	135	142	114	136	123	182	159	132	139	152	123	121	107	90	141	149	100
PRO-GLU (PE)	1247	1138	1215	1217	1204	1131	1141	1197	1090	1184	1112	1115	1247	1293	1193	1263	1112	1078	1203	1087	1061	1211	1195	1198	1337	1132	1083	1081	1348	783	1231	1068	1588
ASP-TRP (DW)	255	202	188	228	198	204	219	241	195	223	213	233	249	241	203	218	218	219	257	243	210	219	238	211	239	223	208	231	210	242	240	128	187
GLY-CYS (GC)	201	191	198	200	145	223	209	196	157	215	163	148	199	194	173	182	151	168	209	189	181	180	212	145	191	186	170	165	140	139	146	160	98
ALA-ARG (AR)	1067	1068	1008	1099	1019	905	1065	1068	969	1085	1074	1046	1130	1151	1113	1226	1119	1002	1335	1138	1124	1201	1124	1128	1165	1083	865	1004	683	686	868	1103	849
PRO-SER (PS)	1207	1103	1066	1213	1104	1076	1165	1055	1076	1239	1125	1023	1275	1235	1046	1176	1154	1031	1134	1090	1090	1214	1152	1056	1315	1111	1145	1176	1430	915	993	1108	858
TRP-LEU (WL)	232	208	202	207	249	183	232	226	210	279	232	207	212	238	260	256	227	167	225	244	228	265	255	208	240	245	201	200	140	186	171	186	147
GLY-LEU (GL)	1551	1476	1495	1563	1516	1431	1573	1484	1367	1739	1505	1406	1502	1587	1393	1433	1570	1388	1522	1545	1448	1517	1582	1395	1423	1632	1409	1349	1307	1145	1271	1213	1100
THR-TRP (TW)	190	143	140	163	155	113	154	159	191	153	150	131	191	171	146	157	157	179	143	159	156	157	152	140	160	142	153	183	133	222	166	125	133
GLY-TYR (GY)	615	635	651	638	642	586	670	581	634	722	686	609	631	658	520	663	645	542	594	632	617	595	574	555	570	679	546	606	605	443	497	547	519
TRP-PRO (WP)	58	51	66	74	65	64	59	75	58	79	83	53	71	74	66	74	87	104	98	69	70	80	79	64	89	67	81	69	55	26	47	52	33
LEU-HIS (LH)	487	512	466	486	480	514	527	452	511	627	523	494	511	556	517	547	525	501	545	534	494	477	514	509	595	584	529	520	467	435	441	586	373
