	F0	F1	F2
0	65	52	58
1	0	0	0
2	101	102	101
3	171	169	188
4	55	41	44
5	26	30	32
6	5	3	1
7	10	22	17
8	33	34	26
9	5	7	8
10	62	48	35
11	87	92	87
12	36	40	43
13	1119	1148	1125
14	7	7	8
15	501	556	475
16	0	0	0
17	1	1	0
18	109	86	100
19	41	37	29
20	25	19	20
21	6	7	7
22	0	0	0
23	9	7	6
24	5	0	2
25	19	17	17
26	10	5	4
27	228	176	211
28	12	12	16
29	11	2	6
30	2	0	0
31	20	24	26
32	52	42	43
33	41	42	40
34	6	1	3
35	9	7	8
36	12	15	20
37	166	139	200
38	15	10	18
39	10	11	9
40	3	4	8
41	261	275	253
42	4	3	2
43	59	68	53
44	10	8	9
45	23	15	21
46	8	9	10
47	39	28	22
48	1	11	13
49	120	122	109
50	87	70	59
51	1	0	1
52	158	150	155
53	35	26	50
54	36	33	22
55	9	9	6
56	7	4	1
57	208	209	206
58	128	132	144
59	10	23	11
60	4	3	2
61	2	1	2
62	16	8	10
63	33	16	22
64	23	28	32
65	20	20	25
66	12	16	13
67	198	197	185
68	5	8	12
69	2	0	0
70	0	3	1
71	23	18	10
72	53	59	50
73	3	7	5
74	6	6	6
75	5	4	1
76	89	70	78
77	1	1	0
78	4	4	6
79	61	48	43
80	3	3	4
81	10	9	9
82	54	41	61
83	13	17	16
84	30	18	21
85	282	255	309
86	11	12	6
87	63	52	40
88	196	177	165
89	1	2	2
90	5	5	3
91	100	88	80
92	30	19	21
93	47	43	44
94	88	53	59
95	10	12	11
96	14	6	2
97	91	95	75
98	69	78	57
99	18	14	16
100	4	3	9
101	198	191	173
102	91	61	72
103	56	65	60
104	8	5	4
105	16	29	18
106	50	44	32
107	17	8	18
108	0	0	0
109	9	6	11
110	3	5	3
111	23	28	18
112	0	0	0
113	1	5	3
114	21	31	28
115	2	1	0
116	18	6	13
117	1	0	3
118	9	11	6
119	34	26	33
120	256	218	225
121	18	13	12
122	1	5	4
123	384	430	402
124	100	74	74
125	155	130	125
126	15	16	19
127	38	26	20
128	7	11	8
129	35	29	18
130	0	0	0
131	38	41	22
132	21	20	17
133	45	37	24
134	278	337	272
135	71	66	44
136	2	2	3
137	8	5	6
138	169	163	122
139	7	11	8
140	22	35	22
141	203	140	135
142	25	26	20
143	29	24	16
144	334	370	333
145	75	80	55
146	0	0	0
147	2	1	0
148	7	12	8
149	381	370	334
150	12	12	19
151	32	38	23
152	31	34	19
153	39	51	46
154	224	235	212
155	49	53	26
156	2	7	5
157	3	6	5
158	10	13	10
159	1	2	0
160	6	5	8
161	199	239	216
162	53	67	80
163	2	3	5
164	18	16	28
165	2	0	1
166	9	3	6
167	31	47	36
168	59	51	69
169	21	31	43
170	7	5	7
171	17	20	15
172	11	16	3
173	75	57	53
174	312	308	305
175	1	0	2
176	34	24	34
177	2	2	1
178	0	0	0
179	8	6	9
180	0	0	0
181	3	2	5
182	8	11	14
183	0	1	2
184	2	2	2
185	20	22	22
186	28	34	25
187	26	39	16
188	1	0	0
189	11	4	7
190	22	16	14
191	8	1	2
192	0	2	1
193	131	138	156
194	6	5	5
195	7	3	5
196	0	1	0
197	0	1	0
198	8	7	5
199	26	19	27
200	1	1	1
201	128	117	98
202	0	2	0
203	161	150	121
204	92	85	84
205	6	11	6
206	22	34	17
207	1	1	0
208	33	19	23
209	14	17	14
210	6	5	3
211	4	0	5
212	13	14	12
213	106	71	103
214	170	156	115
215	2	4	0
216	46	46	46
217	0	2	1
218	29	28	22
219	47	39	27
220	10	21	12
221	442	423	396
222	66	68	69
223	11	12	11
224	56	49	58
225	778	719	579
226	8	8	8
227	48	43	35
228	29	33	17
229	16	8	11
230	19	10	17
231	0	0	0
232	35	29	22
233	2	1	0
234	0	0	0
235	33	44	59
236	33	43	24
237	45	50	51
238	20	22	21
239	1	2	3
240	24	27	28
241	19	14	20
242	11	17	14
243	0	0	1
244	1	1	1
245	0	0	0
246	1	0	3
247	66	77	69
248	9	20	11
249	0	1	0
250	13	16	7
251	39	51	46
252	49	18	12
253	8	16	13
254	17	8	11
255	80	109	94
256	1	1	1
257	48	37	31
258	82	74	57
259	26	31	21
260	8	8	3
261	25	14	23
262	24	39	38
263	9	10	7
264	45	51	53
265	8	8	10
266	28	26	26
267	31	42	24
268	34	30	40
269	11	4	7
270	13	6	4
271	1	0	2
272	32	30	22
273	13	12	10
274	8	6	11
275	2	2	0
276	1	4	1
277	200	202	190
278	759	636	687
279	267	280	207
280	9	2	5
281	23	28	24
282	190	167	153
283	91	79	91
284	41	46	42
285	353	328	376
286	107	100	106
287	67	74	79
288	41	46	41
289	115	85	76
290	1	2	2
291	3	3	2
292	27	33	20
293	3	4	1
294	5	1	2
295	246	225	200
296	16	11	5
297	171	157	149
298	149	171	190
299	53	52	50
300	10	4	3
301	25	21	26
302	12	9	9
303	1	2	2
304	95	137	88
305	107	102	86
306	40	49	33
307	23	17	19
308	3	4	1
309	8	7	4
310	59	68	53
311	172	168	134
312	365	347	334
313	1231	1248	1201
314	37	40	43
315	13	16	10
316	12	14	9
317	30	49	24
318	3	6	1
319	16	18	11
320	40	42	45
321	30	24	15
322	0	0	0
323	18	25	16
324	10	7	14
325	27	22	26
326	12	13	4
327	150	96	90
328	13	9	16
329	8	10	4
330	14	13	14
331	24	30	31
332	0	0	0
333	7	8	3
334	3	2	0
335	60	49	39
336	35	18	15
337	23	9	17
338	54	59	53
339	1	0	0
340	13	8	15
341	66	56	52
342	17	9	17
343	115	119	96
344	6	12	13
345	17	22	23
346	17	11	11
347	2	3	0
348	30	26	30
349	68	34	40
350	40	45	30
351	2303	2082	2472
352	24	25	13
353	5	4	3
354	5	4	9
355	24	15	13
356	20	16	15
357	116	108	82
358	1	1	0
359	0	0	0
360	0	0	0
361	2	1	1
362	176	194	115
363	7	4	1
364	38	36	38
365	76	58	59
366	2	0	0
367	72	62	51
368	7	9	5
369	10	18	6
370	18	12	20
371	2	0	1
372	4	0	7
373	4	5	3
374	288	283	302
375	0	0	0
376	0	1	1
377	4	0	8
378	3	4	2
379	77	42	34
380	47	42	61
381	0	0	3
382	183	216	202
383	342	313	284
384	2	1	1
385	1	0	1
386	17	14	13
387	102	123	119
388	91	109	75
389	17	9	8
390	220	165	156
391	240	209	260
392	4	3	4
393	59	70	62
394	87	76	85
395	141	147	115
396	0	0	0
397	3	9	7
398	212	161	164
399	805	747	835
400	7	1	5
401	10	6	9
402	105	130	98
403	0	1	0
404	16	17	14
405	24	28	39
406	13	10	6
407	11	13	16
408	747	705	642
409	121	118	140
410	16	11	14
411	106	98	99
412	1	2	3
413	0	0	0
414	14	13	9
415	0	2	0
416	1	1	2
417	26	21	23
418	63	49	68
419	6	3	8
420	7	3	1
421	11	17	22
422	25	20	17
423	17	9	12
424	1	1	2
425	6	4	6
426	9	9	6
427	9	11	10
428	0	2	0
429	71	65	71
430	206	167	179
431	515	493	468
432	28	23	20
433	24	21	17
434	0	2	0
435	15	14	15
436	32	40	37
437	42	37	62
438	0	0	0
439	3	6	6
440	20	18	9
441	1	1	1
442	70	60	61
443	2	0	3
444	2	1	0
445	13	18	9
446	22	29	25
447	94	68	53
448	29	33	25
449	0	0	0
450	29	15	20
451	7	9	7
452	79	78	68
453	5	1	3
454	36	37	31
455	1	2	0
456	4	6	9
457	193	221	187
458	8	6	5
459	3	4	6
460	0	0	0
461	0	0	0
462	114	102	70
463	67	70	47
464	1285	1287	1175
465	27	21	12
466	65	79	88
467	250	201	179
468	1	3	1
469	7	7	5
470	7	5	6
471	128	144	107
472	338	319	321
473	15	20	18
474	0	0	0
475	19	25	30
476	1	1	0
477	28	31	37
478	13	15	12
479	6	4	4
480	0	0	0
481	2	4	3
482	51	44	45
483	5	4	3
484	4	8	3
485	27	26	20
486	84	59	76
487	3	1	0
488	16	28	17
489	65	56	65
490	0	1	1
491	16	12	13
492	86	91	84
493	6	4	4
494	111	127	128
495	54	63	66
496	1	3	1
497	8	4	4
498	18	17	13
499	1	2	3
500	45	24	33
501	8	9	15
502	47	33	37
503	36	36	29
504	14	10	10
505	19	16	17
506	4	1	4
507	135	111	95
508	0	0	0
509	0	0	0
510	30	36	18
511	6	5	4
512	4	1	1
513	26	21	22
514	158	154	140
515	9	13	5
516	6	2	4
517	28	20	17
518	17	16	15
519	7	10	5
520	9	4	4
521	18	18	14
522	0	0	0
523	102	89	128
524	85	91	65
525	8	7	6
526	51	42	49
527	12	4	8
528	3	5	10
529	0	0	0
530	1	1	1
531	0	0	1
532	107	146	106
533	4	11	5
534	108	97	109
535	1	2	0
536	7	3	5
537	29	36	32
538	4	4	5
539	7	5	3
540	8	7	3
541	7	6	6
542	0	1	0
543	2	1	0
544	80	63	66
545	4	1	7
546	2	4	4
547	20	33	29
548	0	0	0
549	32	43	32
550	20	24	20
551	6	9	4
552	36	36	36
553	200	174	155
554	8	8	10
555	10	7	11
556	0	1	0
557	12	10	14
558	7	9	6
559	0	0	0
560	24	22	13
561	11	8	11
562	9	9	5
563	10	7	7
564	15	7	13
565	66	45	78
566	23	16	25
567	14	16	8
568	40	28	21
569	516	467	479
570	19	13	5
571	1	0	1
572	124	123	123
573	0	0	0
574	0	0	0
575	94	120	83
576	1	0	0
577	12	8	8
578	5	5	4
579	0	0	0
580	30	26	23
581	39	25	29
582	0	0	0
583	14	9	15
584	11	5	3
585	91	94	64
586	3	2	4
587	61	57	44
588	11	16	10
589	0	0	0
590	0	3	3
591	4	2	4
592	34	36	40
593	47	45	35
594	37	42	34
595	0	0	0
596	23	32	31
597	995	884	897
598	176	97	174
599	130	127	102
600	25	25	19
601	10	3	8
602	5	5	9
603	30	31	30
604	460	420	327
605	41	34	29
606	215	225	224
607	18	19	24
608	2	2	2
609	1787	1706	1715
610	44	43	64
611	135	145	127
612	0	0	0
613	0	0	0
614	26	49	34
615	6	5	4
616	7	13	8
617	10	16	16
618	35	29	32
619	17	18	16
620	22	10	18
621	25	13	22
622	9	2	2
623	8	8	11
624	14	17	13
625	99	141	130
626	2	2	2
627	45	59	47
628	14	17	9
629	10	12	7
630	31	24	26
631	13	19	16
632	54	33	46
633	3	1	1
634	47	43	29
635	0	0	0
636	2	1	4
637	0	0	1
638	428	423	421
639	74	64	51
640	58	57	44
641	1	3	5
642	143	134	128
643	7	6	4
644	320	268	266
645	7	6	8
646	9	5	4
647	51	51	44
648	28	37	19
649	53	42	25
650	7	4	6
651	0	0	0
652	21	25	20
653	3	4	0
654	81	84	53
655	1	1	1
656	54	40	40
657	15	11	5
658	324	307	264
659	71	58	64
660	126	105	109
661	134	111	131
662	0	3	5
663	0	0	0
664	18	10	13
665	7	12	8
666	33	26	22
667	20	25	31
668	32	25	32
669	1	2	2
670	7	3	7
671	17	38	20
672	4	3	4
673	36	37	22
674	12	16	15
675	3	0	1
676	1	0	1
677	151	157	146
678	2	1	2
679	51	43	33
680	11	17	14
681	68	55	60
682	14	12	12
683	140	120	127
684	15	16	23
685	4	4	5
686	0	0	0
687	58	50	54
688	3	0	6
689	31	39	37
690	0	1	0
691	15	14	16
692	499	404	427
693	12	8	14
694	33	26	35
695	0	0	0
696	64	62	68
697	2	3	2
698	4	6	5
699	10	11	9
700	0	0	0
701	18	37	27
702	23	18	24
703	7	6	5
704	0	0	1
705	17	14	9
706	10	9	10
707	0	0	0
708	9	12	13
709	0	0	0
710	24	30	17
711	31	15	27
712	16	13	10
713	158	144	149
714	114	112	86
715	117	96	78
716	20	11	13
717	18	12	12
718	5	3	6
719	5	7	7
720	6	8	11
721	15	14	3
722	3	2	0
723	202	192	162
724	22	22	24
725	74	86	65
726	7	1	6
727	35	28	25
728	88	82	65
729	8	6	5
730	71	85	59
731	65	57	60
732	127	113	92
733	4	1	2
734	0	1	0
735	112	105	91
736	31	32	28
737	69	49	65
738	16	12	12
739	0	0	0
740	196	208	183
741	10	5	5
742	8	4	10
743	53	42	44
744	715	725	683
745	23	28	38
746	188	131	183
747	82	78	69
748	8	5	11
749	1	2	7
750	3	0	0
751	97	81	75
752	21	24	20
753	162	164	146
754	13	7	5
755	3	6	2
756	248	303	244
757	54	74	59
758	2	3	3
759	6	8	1
760	6	9	10
761	88	82	81
762	401	411	311
763	96	60	68
764	15	16	18
765	95	111	117
766	4	2	4
767	3	1	1
768	1	2	1
769	169	172	146
770	22	18	21
771	677	669	672
772	17	14	12
773	40	34	36
774	22	16	20
775	60	80	60
776	12	17	12
777	1	1	2
778	24	38	30
779	12	12	10
780	25	27	23
781	4	5	7
782	21	11	11
783	229	248	251
784	5	6	19
785	10	12	9
786	0	1	0
787	30	19	19
788	97	91	106
789	44	50	41
790	5	2	4
791	26	23	26
792	20	24	22
793	262	208	206
794	35	34	33
795	15	8	14
796	14	17	17
797	6	7	9
798	7	5	3
799	9	6	4
800	21	34	26
801	24	16	29
802	5	5	4
803	645	597	483
804	55	63	38
805	13	10	20
806	49	51	64
807	2	5	2
808	36	17	16
809	1	1	1
810	16	15	19
811	6	3	4
812	16	26	27
813	143	167	124
814	6	2	3
815	0	0	0
816	0	1	2
817	4	2	5
818	17	15	13
819	266	199	228
820	13	9	16
821	3	0	2
822	8	4	5
823	10	9	5
824	101	131	125
825	16	15	14
826	14	16	17
827	84	71	59
828	42	26	38
829	79	64	65
830	10	16	10
831	98	107	73
832	20	15	15
833	57	53	58
834	67	64	69
835	1	0	2
836	22	9	18
837	168	187	152
838	86	87	60
839	23	22	9
840	9	15	8
841	6	7	3
842	17	8	9
843	10	6	4
844	1	0	0
845	2	0	1
846	93	86	71
847	9	7	10
848	35	25	34
849	4	3	3
850	21	23	18
851	8	3	6
852	4	3	4
853	1	0	0
854	12	12	9
855	8	8	12
856	2	1	5
857	73	50	65
858	14	19	7
859	0	0	0
860	0	0	2
861	1	6	8
862	10	17	20
863	3	4	2
864	65	62	52
865	61	56	35
866	80	60	59
867	6	18	8
868	23	11	8
869	0	2	0
870	0	0	0
871	27	25	28
872	3	1	4
873	64	60	45
874	68	70	82
875	20	14	18
876	1	0	0
877	143	166	178
878	0	0	0
879	38	32	65
880	13	8	14
881	2	2	1
882	48	41	30
883	2	3	5
884	9	5	6
885	0	0	0
886	0	0	0
887	0	5	1
888	7	10	10
889	7	5	6
890	159	144	105
891	143	135	172
892	9	4	4
893	26	30	25
894	3	3	4
895	68	64	60
896	5	10	10
897	0	0	0
898	100	109	85
899	29	31	23
900	7	20	14
901	1	1	0
902	13	9	9
903	6	8	8
904	0	2	4
905	7	10	8
906	32	27	26
907	10	18	12
908	28	30	35
909	0	0	0
910	75	70	64
911	4	4	5
912	34	29	28
913	61	58	59
914	24	20	23
915	3	9	3
916	0	0	0
917	5	5	6
918	18	26	30
919	1	0	1
920	0	0	0
921	3	7	3
922	17	7	16
923	42	30	30
924	1	10	3
925	22	23	19
926	13	15	23
927	56	66	50
928	94	86	57
929	104	96	84
930	30	20	27
931	0	1	0
932	0	0	0
933	25	23	21
934	32	23	40
935	89	101	86
936	24	33	35
937	4	2	1
938	98	91	89
939	4	5	1
940	0	1	0
941	89	92	86
942	0	0	0
943	4	7	2
944	30	20	19
945	22	26	23
946	270	207	170
947	33	44	30
948	100	72	88
949	0	1	0
950	11	7	9
951	411	464	416
952	14	12	15
953	10	5	17
954	1	0	0
955	33	24	11
956	0	1	2
957	2	1	2
958	3	3	2
959	1	2	3
960	87	105	124
961	58	61	43
962	87	95	78
963	309	262	334
964	11	10	14
965	3	2	6
966	9	14	9
967	0	1	0
968	151	149	135
969	79	92	67
970	6	5	7
971	22	24	30
972	269	244	240
973	31	31	26
974	6	4	1
975	0	0	0
976	5	2	1
977	9	12	17
978	95	98	101
979	1	0	0
980	2	5	4
981	0	0	0
982	6	8	8
983	69	45	39
984	1144	992	977
985	17	28	19
986	38	32	40
987	102	88	67
988	19	24	18
989	657	726	716
990	279	255	273
991	4	9	11
992	14	13	14
993	0	1	2
994	26	22	26
995	4	6	6
996	3	4	4
997	9	12	7
998	20	5	14
999	6	5	4
1000	8	8	20
1001	166	181	197
1002	19	20	13
1003	0	0	0
1004	21	25	23
1005	1	3	3
1006	89	74	79
1007	0	0	0
1008	19	11	25
1009	161	162	187
1010	30	25	26
1011	11	7	11
1012	48	50	36
1013	6	3	9
1014	9	4	9
1015	32	23	28
1016	533	479	404
1017	32	19	13
1018	553	485	488
1019	0	0	0
1020	16	19	17
1021	243	228	246
1022	10	7	9
1023	0	0	0
1024	47	68	48
1025	57	56	54
1026	1	3	2
1027	231	234	198
1028	32	31	28
1029	14	10	8
1030	26	16	17
1031	1	3	2
1032	18	17	39
1033	36	37	44
1034	5	4	2
1035	7	9	7
1036	4	5	6
1037	6	6	12
1038	14	12	13
1039	10	12	14
1040	153	145	135
1041	44	38	37
1042	108	102	94
1043	0	1	4
1044	18	17	9
1045	11	6	7
1046	0	0	0
1047	3	0	3
1048	11	19	16
1049	0	1	0
1050	13	9	7
1051	41	45	35
1052	2	1	0
1053	41	27	23
1054	0	0	1
1055	91	81	80
1056	126	78	74
1057	13	22	21
1058	36	28	32
1059	0	1	0
1060	640	563	528
1061	12	11	8
1062	1412	1374	1234
1063	47	18	33
1064	267	281	254
1065	116	120	115
1066	0	2	3
1067	13	17	12
1068	0	0	0
1069	17	17	13
1070	10	11	8
1071	18	15	14
1072	1	0	1
1073	87	74	87
1074	104	117	85
1075	8	3	2
1076	5	3	4
1077	2	1	4
1078	214	215	190
1079	1	4	2
1080	1	3	4
1081	0	0	1
1082	0	0	0
1083	6	17	9
1084	95	93	114
1085	21	18	15
1086	20	11	7
1087	11	7	5
1088	18	19	20
1089	2	3	0
1090	0	0	0
1091	5	10	6
1092	183	194	173
1093	17	21	15
1094	7	3	1
1095	22	15	26
1096	294	299	231
1097	1	4	3
1098	7	3	0
1099	16	16	15
1100	5	3	0
1101	165	139	176
1102	133	107	124
1103	15	16	20
1104	2	3	4
1105	127	109	88
1106	4	4	1
1107	136	134	115
1108	83	74	84
1109	9	6	5
1110	0	0	0
1111	2	1	0
1112	35	27	27
1113	9	4	4
1114	5	4	3
1115	1	0	0
1116	23	33	21
1117	14	12	10
1118	0	0	0
1119	267	214	179
1120	2	0	1
1121	8	2	1
1122	2	3	2
1123	1	0	0
1124	7	1	4
1125	1	1	1
1126	24	30	23
1127	6	8	9
1128	0	1	0
1129	1	2	1
1130	2	15	15
1131	2	11	4
1132	13	8	9
1133	6	2	3
1134	22	31	21
1135	59	55	54
1136	16	15	11
1137	386	379	270
1138	5	11	5
1139	24	15	15
1140	17	17	16
1141	1	1	0
1142	2	3	4
1143	22	18	16
1144	75	84	67
1145	42	47	47
1146	0	0	0
1147	42	35	38
1148	79	50	59
1149	29	43	27
1150	2	0	1
1151	76	96	75
1152	474	459	413
1153	9	6	4
1154	80	65	53
1155	17	18	20
1156	5	6	8
1157	295	290	264
1158	3	0	1
1159	2	2	2
1160	100	89	88
1161	32	29	36
1162	31	30	31
1163	32	21	20
1164	27	17	17
1165	66	54	68
1166	0	0	0
1167	3	1	5
1168	11	4	14
1169	10	5	3
1170	174	147	161
1171	12	6	10
1172	652	604	606
1173	4	9	11
1174	3	2	4
1175	3	3	2
1176	139	93	112
1177	25	21	30
1178	114	88	72
1179	0	0	0
1180	0	2	1
1181	25	18	19
1182	0	0	0
1183	17	26	16
1184	22	12	15
1185	9	17	8
1186	234	193	204
1187	1274	1205	1183
1188	18	21	12
1189	16	8	6
1190	2	5	0
1191	12	3	2
1192	23	29	12
1193	28	31	27
1194	0	1	3
1195	0	0	0
1196	5	2	2
1197	0	1	0
1198	0	0	1
1199	2	9	2
1200	1	0	0
1201	1	1	0
1202	0	1	0
1203	0	0	0
1204	17	20	31
1205	195	168	138
1206	28	20	19
1207	88	76	74
1208	5	14	8
1209	154	161	149
1210	222	218	216
1211	91	91	76
1212	35	19	23
1213	0	0	0
1214	0	0	0
1215	245	195	153
1216	40	31	23
1217	62	54	44
1218	80	127	109
1219	1	1	1
1220	72	56	48
1221	0	0	0
1222	6	7	5
1223	18	11	6
1224	14	23	14
1225	4	6	4
1226	21	14	30
1227	44	28	32
1228	1	3	3
1229	23	20	20
1230	0	1	0
1231	359	321	343
1232	13	10	9
1233	33	43	29
1234	23	18	22
1235	50	46	33
1236	31	24	25
1237	90	66	82
1238	10	17	26
1239	13	10	4
1240	23	17	20
1241	4	1	2
1242	246	269	196
1243	0	1	0
1244	0	0	0
1245	0	0	0
1246	1	0	2
1247	124	136	122
1248	6	7	0
1249	4	7	7
1250	7	16	9
1251	27	27	22
1252	35	27	26
1253	11	12	8
1254	13	13	9
1255	56	47	55
1256	0	0	0
1257	1	1	0
1258	7	3	5
1259	1208	1207	980
1260	10	13	11
1261	14	16	12
1262	5	10	7
1263	16	9	9
1264	4	6	10
1265	349	263	312
1266	41	33	22
1267	30	51	48
1268	1	1	0
1269	698	666	572
1270	12	8	19
1271	12	18	14
1272	11	6	8
1273	38	18	24
1274	8	8	7
1275	285	269	240
1276	5	4	5
1277	2	1	1
1278	247	216	226
1279	42	38	31
1280	65	78	62
1281	26	30	25
1282	0	0	0
1283	118	101	99
1284	14	7	19
1285	39	44	44
1286	18	11	17
1287	9	13	15
1288	59	49	45
1289	69	40	31
1290	10	7	12
1291	0	2	1
1292	9	6	13
1293	47	41	33
1294	6	6	8
1295	1	0	0
1296	11	9	17
1297	0	0	0
1298	0	0	0
1299	1	0	2
1300	10	16	8
1301	31	32	24
1302	20	22	26
1303	147	118	122
1304	10	13	15
1305	19	16	9
1306	188	224	187
1307	11	13	18
1308	49	44	58
1309	316	264	270
1310	19	12	22
1311	52	52	40
1312	48	25	34
1313	2	0	0
1314	0	1	2
1315	7	5	3
1316	33	37	33
1317	37	37	44
1318	44	46	66
1319	98	114	135
1320	46	36	31
1321	955	927	944
1322	1	2	4
1323	569	548	530
1324	644	592	717
1325	22	16	21
1326	6	6	7
1327	13	15	9
1328	7	5	7
1329	429	496	409
1330	33	48	26
1331	42	45	56
1332	11	12	10
1333	22	13	9
1334	32	24	18
1335	22	22	17
1336	18	13	19
1337	20	15	17
1338	47	36	44
1339	31	35	26
1340	68	37	86
1341	46	32	39
1342	9	12	7
1343	6	7	7
1344	26	23	15
1345	230	209	168
1346	18	18	30
1347	6	7	4
1348	0	2	2
1349	0	0	0
1350	0	0	0
1351	4	3	9
1352	12	15	12
1353	22	30	12
1354	119	86	73
1355	0	0	0
1356	76	77	69
1357	695	656	550
1358	6	6	6
1359	12	18	6
1360	7	9	4
1361	9	7	6
1362	56	56	33
1363	297	291	203
1364	7	7	16
1365	9	11	7
1366	45	36	31
1367	2	0	2
1368	95	74	90
1369	12	15	20
1370	74	76	62
1371	67	45	53
1372	7	7	9
1373	0	0	0
1374	1	1	2
1375	134	126	110
1376	4	3	5
1377	3	5	1
1378	50	43	26
1379	98	120	109
1380	0	0	0
1381	7	11	5
1382	29	23	28
1383	28	16	23
1384	21	18	13
1385	44	48	44
1386	12	19	9
1387	93	90	89
1388	3	8	9
1389	64	48	63
1390	395	378	361
1391	7	6	5
1392	251	216	208
1393	2	2	4
1394	15	17	13
1395	0	0	0
1396	90	77	85
1397	1	1	2
1398	67	71	50
1399	9	10	7
1400	0	0	0
1401	11	7	10
1402	10	15	12
1403	0	0	0
1404	0	1	1
1405	24	17	17
1406	9	4	3
1407	12	14	13
1408	15	12	13
1409	13	9	8
1410	7	2	6
1411	3	4	2
1412	0	1	2
1413	35	34	19
1414	1	0	1
1415	2	1	3
1416	4	3	3
1417	53	52	48
1418	238	257	237
1419	16	19	8
1420	70	50	59
1421	7	5	7
1422	0	0	0
1423	0	2	0
1424	1	0	0
1425	0	2	1
1426	5	6	5
1427	12	11	18
1428	1	3	1
1429	16	11	14
1430	108	123	108
1431	18	27	15
1432	37	51	27
1433	0	0	0
1434	5	3	0
1435	19	14	18
1436	0	1	1
1437	0	0	0
1438	0	0	0
1439	0	0	0
1440	23	27	16
1441	0	0	1
1442	4	2	7
1443	22	25	16
1444	30	16	24
1445	119	74	93
1446	31	17	17
1447	5	4	6
1448	14	18	25
1449	1	0	0
1450	0	0	0
1451	2	1	1
1452	21	29	35
1453	7	7	9
1454	36	30	41
1455	265	286	281
1456	53	43	37
1457	0	0	0
1458	31	27	33
1459	5	7	2
1460	15	23	20
1461	0	2	2
1462	3	5	2
1463	91	109	88
1464	16	11	12
1465	46	45	61
1466	1	0	5
1467	42	29	33
1468	1	7	2
1469	10	8	5
1470	10	6	8
1471	41	23	27
1472	45	46	38
1473	15	16	14
1474	9	5	3
1475	40	23	26
1476	25	24	20
1477	59	55	49
1478	514	425	481
1479	17	21	19
1480	62	52	65
1481	72	71	57
1482	56	43	34
1483	43	38	30
1484	32	19	21
1485	6	2	3
1486	3	3	2
1487	0	2	0
1488	54	38	24
1489	454	384	493
1490	12	9	5
1491	0	0	0
1492	13	11	14
1493	2	0	4
1494	29	18	21
1495	2	2	1
1496	57	82	42
1497	27	18	16
1498	0	2	0
1499	16	13	17
1500	6	9	16
1501	42	37	44
1502	450	416	407
1503	20	28	8
1504	5	5	3
1505	170	165	157
1506	0	0	0
1507	0	0	0
1508	67	51	64
1509	65	82	69
1510	20	16	33
1511	39	39	31
1512	1	0	0
1513	25	24	21
1514	2	4	5
1515	21	22	19
1516	12	9	3
1517	3	10	6
1518	424	413	415
1519	0	0	0
1520	44	31	27
1521	25	21	24
1522	15	14	11
1523	126	96	119
1524	3	5	1
1525	1	3	0
1526	3	0	1
1527	126	140	128
1528	57	67	46
1529	4	2	3
1530	57	57	28
1531	55	69	35
1532	29	21	31
1533	29	21	24
1534	8	10	5
1535	111	98	62
1536	17	22	20
1537	1	1	2
1538	17	20	20
1539	85	121	83
1540	82	96	66
1541	120	108	92
1542	1	2	0
1543	0	0	0
1544	74	84	47
1545	498	533	414
1546	0	0	0
1547	30	41	30
1548	0	0	0
1549	0	0	0
1550	154	144	136
1551	177	130	149
1552	91	78	61
1553	5	4	13
1554	22	26	17
1555	47	40	38
1556	112	84	78
1557	0	0	0
1558	1	0	0
1559	10	13	11
1560	29	25	26
1561	54	65	47
1562	23	30	25
1563	17	13	20
1564	0	2	4
1565	48	48	36
1566	120	73	92
1567	20	30	26
1568	0	0	0
1569	65	51	46
1570	53	44	30
1571	0	3	0
1572	82	83	81
1573	103	88	91
1574	1	4	2
1575	7	17	10
1576	5	8	8
1577	66	69	100
1578	53	58	68
1579	15	11	10
1580	350	339	333
1581	24	20	20
1582	0	0	0
1583	44	33	44
1584	190	156	121
1585	38	21	30
1586	8	7	5
1587	0	0	0
1588	1130	1182	1232
1589	0	0	0
1590	0	0	0
1591	1	2	3
1592	9	17	12
1593	3	4	2
1594	0	1	0
1595	9	4	9
1596	8	7	7
1597	9	9	11
1598	4	6	9
1599	0	2	0
1600	13	17	13
1601	17	18	22
1602	2	6	7
1603	52	48	54
1604	93	97	88
1605	24	37	24
1606	36	53	34
1607	0	0	1
1608	183	182	156
1609	115	92	101
1610	0	1	3
1611	0	0	0
1612	1	0	2
1613	5	15	8
1614	6	12	5
1615	73	55	83
1616	10	4	10
1617	0	0	0
1618	20	37	18
1619	19	15	13
1620	10	4	11
1621	14	28	20
1622	0	2	2
1623	0	0	0
1624	0	1	2
1625	122	117	82
1626	16	13	11
1627	1	0	1
1628	4	5	2
1629	792	711	683
1630	15	25	19
1631	36	34	39
1632	120	110	83
1633	19	23	15
1634	7	15	9
1635	8	3	10
1636	4	3	4
1637	36	17	23
1638	58	37	52
1639	2	4	3
1640	61	53	66
1641	45	46	43
1642	954	994	992
1643	0	1	2
1644	2	2	0
1645	10	10	14
1646	30	32	32
1647	8	3	4
1648	74	104	71
1649	0	1	2
1650	1141	1138	1030
1651	27	26	25
1652	2	2	4
1653	36	66	57
1654	21	29	28
1655	169	205	159
1656	6	3	1
1657	3	5	5
1658	128	118	140
1659	103	70	94
1660	1	0	1
1661	15	10	9
1662	34	30	26
1663	21	3	7
1664	22	15	24
1665	3	5	3
1666	0	0	0
1667	111	115	109
1668	3	3	1
1669	171	164	114
1670	86	74	80
1671	9	3	11
1672	35	32	39
1673	13	15	10
1674	8	8	8
1675	3	4	3
1676	22	26	21
1677	85	70	64
1678	85	81	70
1679	4	5	4
1680	60	79	64
1681	33	30	24
1682	31	24	19
1683	79	99	62
1684	93	86	66
1685	59	65	82
1686	3	4	5
1687	2	2	3
1688	4	4	5
1689	2	1	0
1690	4	4	4
1691	0	0	0
1692	6	3	2
1693	1	0	1
1694	1	1	0
1695	6	2	5
1696	4	5	6
1697	0	0	0
1698	0	0	0
1699	8	4	8
1700	63	58	41
1701	24	24	16
1702	131	171	140
1703	1	1	2
1704	171	200	193
1705	243	223	197
1706	355	398	350
1707	52	47	53
1708	0	3	3
1709	11	18	17
1710	2	9	4
1711	2	1	1
1712	84	79	73
1713	10	14	12
1714	24	33	24
1715	65	49	30
1716	134	125	119
1717	50	57	33
1718	809	802	748
1719	10	5	4
1720	12	13	5
1721	111	142	119
1722	0	0	0
1723	0	0	0
1724	6	9	10
1725	33	50	37
1726	5	5	7
1727	100	81	97
1728	34	41	26
1729	2754	2444	2558
1730	0	0	0
1731	17	16	17
1732	5	0	5
1733	312	270	261
1734	50	45	48
1735	106	83	121
1736	2	2	3
1737	12	13	13
1738	30	33	30
1739	23	26	42
1740	20	15	25
1741	818	772	636
1742	0	0	0
1743	9	12	11
1744	12	9	12
1745	7	6	7
1746	22	22	15
1747	2	12	7
1748	3	2	2
1749	6	10	8
1750	5	4	5
1751	44	19	48
1752	131	121	140
1753	24	29	30
1754	2	8	2
1755	0	1	1
1756	21	25	14
1757	48	36	26
1758	17	16	19
1759	23	41	45
1760	1	0	1
1761	73	87	74
1762	7	9	7
1763	0	1	1
1764	0	0	0
1765	0	0	0
1766	0	0	0
1767	33	29	17
1768	0	0	0
1769	0	0	1
1770	252	199	242
1771	426	433	366
1772	12	16	10
1773	19	19	17
1774	26	16	25
1775	15	10	11
1776	163	165	145
1777	3	9	6
1778	675	678	711
1779	88	71	94
1780	42	33	76
1781	437	389	324
1782	710	610	733
1783	31	18	15
1784	105	82	87
1785	20	21	21
1786	0	0	0
1787	138	143	90
1788	111	107	85
1789	40	46	24
1790	7	5	5
1791	3	4	3
1792	5	7	7
1793	1	1	1
1794	2	3	1
1795	19	34	11
1796	382	367	323
1797	1389	1434	1168
1798	23	23	26
1799	9	2	6
1800	1	6	6
1801	18	21	15
1802	1	5	4
1803	116	84	98
1804	18	17	17
1805	874	842	828
1806	5	8	7
1807	99	86	60
1808	17	17	11
1809	134	112	123
1810	17	18	10
1811	1	1	1
1812	27	20	21
1813	2	2	3
1814	18	23	22
1815	20	12	15
1816	9	13	12
1817	21	24	20
1818	14	13	15
1819	0	1	0
1820	7	4	4
1821	12	3	4
1822	495	528	470
1823	260	224	241
1824	48	42	48
1825	2	1	1
1826	14	13	18
1827	17	6	7
1828	131	151	128
1829	4	7	16
1830	6	2	4
1831	9	7	6
1832	22	19	16
1833	3	3	5
1834	40	27	36
1835	209	138	144
1836	8	12	3
1837	83	69	68
1838	76	102	83
1839	1	4	5
1840	5	5	10
1841	61	53	46
1842	51	51	35
1843	75	59	47
1844	26	30	30
1845	3	5	3
1846	3	5	4
1847	113	135	107
1848	25	16	17
1849	0	1	1
1850	3	0	3
1851	347	333	305
1852	18	15	28
1853	2	8	6
1854	433	419	356
1855	22	13	22
1856	4	3	4
1857	2	5	4
1858	62	46	47
1859	11	6	6
1860	7	1	10
1861	98	81	98
1862	17	14	21
1863	9	7	10
1864	7	10	2
1865	5	8	9
1866	172	167	130
1867	5	4	4
1868	419	359	302
1869	3	9	1
1870	183	189	147
1871	17	12	20
1872	56	76	72
1873	18	21	21
1874	39	38	40
1875	4	6	16
1876	15	9	17
1877	155	131	169
1878	37	32	38
1879	18	26	17
1880	22	18	21
1881	352	352	312
1882	118	101	117
1883	5	5	8
1884	10	9	10
1885	106	64	64
1886	116	114	112
1887	4	3	3
1888	1	0	0
1889	14	16	15
1890	20	21	18
1891	11	11	12
1892	3	0	0
1893	3	1	1
1894	80	67	76
1895	0	0	0
1896	79	71	59
1897	43	68	50
1898	7	5	4
1899	1	6	8
1900	0	2	4
1901	7	2	3
1902	5	2	6
1903	7	5	5
1904	0	0	0
1905	12	10	21
1906	38	47	38
1907	27	7	15
1908	10	12	9
1909	2	2	0
1910	4	4	1
1911	19	25	25
1912	107	92	65
1913	73	72	71
1914	27	24	39
1915	1	1	1
1916	10	16	8
1917	0	0	0
1918	142	124	125
1919	7	4	0
1920	84	73	73
1921	0	0	0
1922	33	42	43
1923	83	66	71
1924	21	20	13
1925	6	8	6
1926	59	55	63
1927	5	7	6
1928	57	66	48
1929	3	11	4
1930	1	1	0
1931	5	4	9
1932	33	31	28
1933	6	4	4
1934	75	67	45
1935	121	108	80
1936	7	1	3
1937	1	0	0
1938	0	0	0
1939	535	476	475
1940	1	2	1
1941	194	217	212
1942	65	47	47
1943	1	2	2
1944	7	2	19
1945	8	9	9
1946	10	6	5
1947	22	13	20
1948	4	5	6
1949	10	8	4
1950	1	3	2
1951	9	8	6
1952	81	73	81
1953	0	0	0
1954	0	2	0
1955	0	0	0
1956	60	49	49
1957	0	0	0
1958	11	4	5
1959	0	0	0
1960	283	268	280
1961	31	29	24
1962	47	36	25
1963	30	30	33
1964	18	20	10
1965	15	12	9
1966	5	3	5
1967	0	1	1
1968	1	1	1
1969	141	166	165
1970	162	168	109
1971	0	0	1
1972	0	0	0
1973	20	6	12
1974	19	15	19
1975	2	2	2
1976	18	9	21
1977	126	128	121
1978	61	51	42
1979	187	162	146
1980	0	0	0
1981	42	40	24
1982	98	104	71
1983	12	9	10
1984	5	6	2
1985	6	6	7
1986	11	5	11
1987	5	13	11
1988	1	0	1
1989	3	2	3
1990	6	7	10
1991	21	17	22
1992	167	123	116
1993	0	0	0
1994	1	0	1
1995	86	62	74
1996	73	80	69
1997	13	13	18
1998	31	28	23
1999	22	17	16
2000	10	6	8
2001	3	4	4
2002	6	5	9
2003	14	14	14
2004	18	27	26
2005	24	24	21
2006	10	14	7
2007	198	219	160
2008	14	15	10
2009	24	14	16
2010	34	28	22
2011	0	3	3
2012	67	61	53
2013	11	14	11
2014	32	27	17
2015	8	5	5
2016	11	12	12
2017	1	0	1
2018	0	0	0
2019	11	8	8
2020	4	7	4
2021	0	1	0
2022	36	30	23
2023	3	12	19
2024	85	73	97
2025	20	23	13
2026	154	147	98
2027	51	37	29
2028	146	161	128
2029	135	131	98
2030	10	12	17
2031	330	292	355
2032	56	48	57
2033	6	4	7
2034	9	9	7
2035	16	19	10
2036	6	16	11
2037	2	6	3
2038	34	23	27
2039	47	53	34
2040	43	41	51
2041	88	82	72
2042	52	52	58
2043	18	15	18
2044	3	2	2
2045	4	5	7
2046	0	0	0
2047	15	13	14
2048	62	65	59
2049	352	349	277
2050	0	1	0
2051	0	1	0
2052	50	39	51
2053	36	55	44
2054	79	89	103
2055	0	0	0
2056	1	2	2
2057	14	10	7
2058	14	14	17
2059	42	34	23
2060	149	131	106
2061	26	28	22
2062	6	8	6
2063	0	0	0
2064	0	0	0
2065	11	12	9
2066	34	24	32
2067	991	939	798
2068	5	3	3
2069	0	2	1
2070	0	0	0
2071	0	0	1
2072	11	1	6
2073	41	37	30
2074	9	4	5
2075	32	28	25
2076	0	0	0
2077	13	9	3
2078	0	0	0
2079	8	10	12
2080	48	40	42
2081	66	70	58
2082	12	9	7
2083	4	3	3
2084	113	114	83
2085	9	9	11
2086	17	12	10
2087	266	249	236
2088	4	2	2
2089	172	187	170
2090	296	258	279
2091	44	45	42
2092	1	1	1
2093	365	251	267
2094	3	4	1
2095	1	3	2
2096	12	9	3
2097	4	0	2
2098	0	0	0
2099	8	4	3
2100	7	8	12
2101	8	7	1
2102	5	4	11
2103	72	57	76
2104	0	0	0
2105	5	8	5
2106	0	0	0
2107	266	249	279
2108	7	10	9
2109	1	5	0
2110	0	0	0
2111	78	74	90
2112	0	0	0
2113	24	19	21
2114	8	16	13
2115	2	3	0
2116	14	14	5
2117	32	28	19
2118	4	1	3
2119	0	0	0
2120	0	0	0
2121	0	0	0
2122	616	551	606
2123	18	14	18
2124	1	5	1
2125	0	0	0
2126	4	0	2
2127	0	0	0
2128	426	380	303
2129	0	0	1
2130	9	4	5
2131	288	279	224
2132	11	17	19
2133	146	115	122
2134	2	1	1
2135	0	0	0
2136	65	55	51
2137	33	25	36
2138	59	57	53
2139	56	62	56
2140	9	17	16
2141	0	0	0
2142	438	376	358
2143	7	4	17
2144	47	25	24
2145	37	31	23
2146	378	310	289
2147	2	1	2
2148	47	54	65
2149	2	4	2
2150	26	28	17
2151	10	18	17
2152	0	0	0
2153	13	9	5
2154	54	53	38
2155	153	118	129
2156	131	132	130
2157	5	4	8
2158	0	0	1
2159	1648	1722	1590
2160	0	1	3
2161	32	33	36
2162	46	50	36
2163	12	15	21
2164	83	73	86
2165	0	0	0
2166	2	2	2
2167	3	4	7
2168	6	8	8
2169	91	96	54
2170	11	9	17
2171	0	0	0
2172	0	1	0
2173	6	5	3
2174	2	5	6
2175	81	106	66
2176	12	10	8
2177	4	1	2
2178	0	0	0
2179	4	4	4
2180	2	0	1
2181	12	11	10
2182	11	17	12
2183	0	5	0
2184	1	6	2
2185	68	51	66
2186	0	1	0
2187	303	328	317
2188	9	11	7
2189	107	120	107
2190	5	4	5
2191	0	0	0
2192	42	36	29
2193	0	0	2
2194	0	1	1
2195	76	59	85
2196	4	4	8
2197	12	16	11
2198	15	15	16
2199	8	5	6
2200	0	1	0
2201	179	231	170
2202	4	2	5
2203	6	7	5
2204	0	0	3
2205	61	52	54
2206	0	2	0
2207	0	1	2
2208	36	28	30
2209	0	1	0
2210	938	887	919
2211	0	0	0
2212	0	0	0
2213	10	8	15
2214	29	17	38
2215	18	35	19
2216	53	54	62
2217	13	12	17
2218	17	21	8
2219	36	40	26
2220	676	609	618
2221	27	24	19
2222	12	13	13
2223	8	3	3
2224	7	7	4
2225	13	10	14
2226	40	33	44
2227	34	33	26
2228	5	6	5
2229	7	9	9
2230	16	20	15
2231	21	16	17
2232	1	0	0
2233	2	2	6
2234	3	9	7
2235	16	16	16
2236	0	2	0
2237	38	22	24
2238	174	133	147
2239	92	98	82
2240	6	4	9
2241	21	23	12
2242	32	35	27
2243	0	3	3
2244	13	15	22
2245	201	219	193
2246	8	9	4
2247	75	67	59
2248	75	53	74
2249	17	15	26
2250	12	10	6
2251	10	9	15
2252	11	25	14
2253	0	0	0
2254	2	2	0
2255	5	0	1
2256	12	11	15
2257	7	6	2
2258	0	0	0
2259	1	1	1
2260	28	24	31
2261	0	0	0
2262	3	5	3
2263	30	14	14
2264	3	5	4
2265	2	2	3
2266	110	101	102
2267	44	42	36
2268	45	44	40
2269	23	10	11
2270	17	13	15
2271	9	5	8
2272	267	293	257
2273	1	1	0
2274	15	20	19
2275	0	0	6
2276	48	50	60
2277	145	127	123
2278	4	5	1
2279	0	0	0
2280	11	18	14
2281	186	180	167
2282	52	29	33
2283	67	62	79
2284	15	16	11
2285	1	4	8
2286	20	14	13
2287	0	0	0
2288	1	6	4
2289	7	6	9
2290	0	0	0
2291	34	35	28
2292	15	11	13
2293	57	99	59
2294	24	24	15
2295	21	23	18
2296	5	9	4
2297	103	88	78
2298	16	17	26
2299	200	213	190
2300	23	30	25
2301	150	124	134
2302	2	0	1
2303	22	18	17
2304	0	0	0
2305	0	1	1
2306	5	6	6
2307	18	15	18
2308	41	33	32
2309	2	2	1
2310	40	33	31
2311	50	47	41
2312	1	1	0
2313	20	20	16
2314	16	23	11
2315	6	9	10
2316	72	58	56
2317	5	9	5
2318	436	448	419
2319	6	5	0
2320	84	95	72
2321	1	1	2
2322	32	23	30
2323	0	2	1
2324	26	10	15
2325	1024	900	825
2326	5	1	4
2327	15	12	15
2328	0	1	0
2329	108	94	64
2330	23	30	26
2331	42	40	40
2332	10	8	11
2333	20	22	20
2334	334	305	289
2335	11	7	14
2336	0	0	0
2337	55	45	45
2338	26	31	26
2339	25	23	31
2340	7	10	7
2341	0	0	0
2342	11	5	9
2343	15	12	8
2344	47	41	50
2345	2	2	0
2346	3	9	3
2347	234	228	205
2348	51	31	34
2349	44	60	39
2350	76	93	83
2351	172	155	173
2352	1	2	3
2353	3	7	2
2354	898	933	866
2355	38	30	45
2356	82	72	80
2357	0	0	0
2358	234	202	197
2359	0	0	0
2360	0	0	0
2361	18	22	19
2362	11	15	11
2363	6	6	8
2364	0	0	0
2365	22	25	29
2366	0	1	0
2367	0	0	0
2368	0	0	0
2369	109	83	85
2370	248	213	201
2371	29	34	30
2372	86	86	81
2373	46	39	29
2374	88	77	65
2375	13	16	8
2376	0	0	0
2377	6	3	3
2378	51	35	50
2379	47	49	35
2380	40	26	33
2381	23	12	13
2382	141	158	166
2383	9	7	5
2384	1	1	1
2385	4	2	3
2386	0	0	0
2387	70	72	63
2388	0	0	3
2389	0	0	0
2390	182	157	116
2391	67	78	66
2392	42	51	25
2393	7	6	10
2394	18	30	23
2395	0	3	5
2396	5	4	0
2397	2	3	1
2398	7	21	8
2399	6	11	7
2400	114	144	138
2401	52	43	44
2402	264	266	299
2403	7	12	8
2404	4	5	2
2405	0	0	0
2406	3	0	1
2407	1	4	1
2408	30	18	26
2409	15	19	18
2410	6	6	2
2411	22	21	19
2412	3	8	5
2413	129	117	78
2414	40	51	48
2415	12	7	8
2416	82	61	60
2417	984	1020	1009
2418	40	50	39
2419	6	4	7
2420	29	34	20
2421	34	27	23
2422	4	4	3
2423	12	22	28
2424	33	35	38
2425	14	15	26
2426	29	40	23
2427	31	20	24
2428	15	13	11
2429	504	574	532
2430	27	32	20
2431	137	131	128
2432	16	15	12
2433	8	8	5
2434	18	13	15
2435	7	11	2
2436	4	5	1
2437	20	14	8
2438	5	5	5
2439	3	7	8
2440	43	41	45
2441	0	0	0
2442	1520	1312	1354
2443	24	28	23
2444	14	24	36
2445	3	1	4
2446	1	0	2
2447	1	0	0
2448	6	8	5
2449	86	55	61
2450	16	14	12
2451	2	7	6
2452	19	27	12
2453	2	2	6
2454	0	1	2
2455	50	48	38
2456	1	8	4
2457	76	100	101
2458	39	40	54
2459	37	31	26
2460	49	38	27
2461	221	227	210
2462	17	29	27
2463	2	0	0
2464	0	0	0
2465	89	97	66
2466	10	14	3
2467	2	6	1
2468	19	13	16
2469	35	34	36
2470	14	5	6
2471	70	87	54
2472	3	1	0
2473	95	75	98
2474	11	9	28
2475	0	0	0
2476	78	71	71
2477	7	8	3
2478	10	7	17
2479	3	7	5
2480	62	61	45
2481	6	1	4
2482	184	181	163
2483	25	26	9
2484	3	2	0
2485	13	15	14
2486	208	211	243
2487	71	72	57
2488	34	35	13
2489	158	139	133
2490	58	60	67
2491	0	0	0
2492	25	28	33
2493	84	73	81
2494	3	6	3
2495	14	15	13
2496	36	25	21
2497	14	21	12
2498	93	113	121
2499	2	0	5
2500	33	30	41
2501	0	0	0
2502	2	3	6
2503	14	19	12
2504	6	4	10
2505	32	28	25
2506	30	50	54
2507	76	67	54
2508	113	86	84
2509	6	13	10
2510	0	0	0
2511	22	18	20
2512	69	66	78
2513	7	12	11
2514	3	2	1
2515	80	73	77
2516	115	95	88
2517	132	116	95
2518	8	7	11
2519	42	32	43
2520	63	45	53
2521	118	100	119
2522	1	6	2
2523	108	103	64
2524	10	15	11
2525	4	3	6
2526	0	1	0
2527	2	5	2
2528	16	16	8
2529	7	7	12
2530	0	0	0
2531	9	19	12
2532	280	246	247
2533	147	169	138
2534	0	0	1
2535	212	186	207
2536	17	12	8
2537	394	378	361
2538	0	0	0
2539	0	0	0
2540	5	6	4
2541	3	4	8
2542	7	8	9
2543	320	314	321
2544	8	12	11
2545	71	77	89
2546	5	3	0
2547	76	71	83
2548	268	290	241
2549	11	7	6
2550	60	68	46
2551	189	154	141
2552	0	0	0
2553	11	21	16
2554	21	22	13
2555	122	139	130
2556	18	24	17
2557	0	0	0
2558	87	83	70
2559	1	0	0
2560	133	110	92
2561	14	9	15
2562	0	1	0
2563	9	3	3
2564	40	69	37
2565	0	0	1
2566	2	1	3
2567	770	606	605
2568	0	1	0
2569	41	43	33
2570	28	47	35
2571	39	46	33
2572	52	64	57
2573	41	34	27
2574	10	4	5
2575	1	1	2
2576	0	1	3
2577	480	456	468
2578	37	33	36
2579	299	254	239
2580	30	40	29
2581	1	0	0
2582	2	1	5
2583	8	8	8
2584	2	2	2
2585	18	18	13
2586	0	0	0
2587	2	3	3
2588	131	136	123
2589	12	14	15
2590	16	10	7
2591	9	11	5
2592	21	12	6
2593	80	99	77
2594	0	0	0
2595	27	25	32
2596	14	10	9
2597	7	3	1
2598	42	46	44
2599	21	11	4
2600	2	4	2
2601	0	0	0
2602	102	94	66
2603	3	0	1
2604	308	277	284
2605	0	0	0
2606	0	0	0
2607	8	4	6
2608	5	10	3
2609	131	115	123
2610	24	21	11
2611	2	0	1
2612	2	2	2
2613	0	0	0
2614	1	1	2
2615	0	0	0
2616	7	3	3
2617	3	1	4
2618	33	9	9
2619	0	0	0
2620	39	40	25
2621	38	51	49
2622	177	147	155
2623	13	8	6
2624	1	1	3
2625	0	0	0
2626	0	0	0
2627	5	3	2
2628	0	0	0
2629	10	15	10
2630	48	31	58
2631	3	3	0
2632	1	2	1
2633	25	30	13
2634	2	12	2
2635	13	17	13
2636	61	53	57
2637	3	9	12
2638	1	0	0
2639	2	7	2
2640	0	0	0
2641	36	47	52
2642	5	2	2
2643	43	37	44
2644	17	9	7
2645	6	3	5
2646	2	2	5
2647	2	2	3
2648	3	2	2
2649	87	76	57
2650	158	110	105
2651	14	17	10
2652	14	28	35
2653	17	22	8
2654	35	47	32
2655	12	2	5
2656	4	8	15
2657	42	37	22
2658	37	32	26
2659	7	12	9
2660	3	3	5
2661	4	2	0
2662	31	16	27
2663	9	8	12
2664	64	71	57
2665	111	85	125
2666	3	2	2
2667	18	18	10
2668	1	1	1
2669	5	1	0
2670	8	4	3
2671	3	4	8
2672	2	0	0
2673	0	1	0
2674	26	26	33
2675	32	27	20
2676	0	0	0
2677	6	5	10
2678	8	8	6
2679	25	25	25
2680	0	0	0
2681	0	1	1
2682	24	29	33
2683	0	0	0
2684	0	0	0
2685	0	0	0
2686	0	0	0
2687	1	0	0
2688	173	146	125
2689	44	34	23
2690	20	22	9
2691	21	16	19
2692	0	1	0
2693	33	31	35
2694	8	8	4
2695	50	48	60
2696	5	3	5
2697	11	16	12
2698	6	14	11
2699	51	49	34
2700	0	0	0
2701	13	12	17
2702	40	43	48
2703	16	8	9
2704	17	9	13
2705	4	4	7
2706	18	19	14
2707	20	32	25
2708	2	1	0
2709	30	43	35
2710	11	18	19
2711	76	56	52
2712	24	38	41
2713	62	59	70
2714	5	10	7
2715	40	25	47
2716	0	0	0
2717	0	0	0
2718	0	1	1
2719	3	8	7
2720	9	7	9
2721	0	0	0
2722	93	78	75
2723	18	12	23
2724	325	280	328
2725	89	109	150
2726	0	0	2
2727	52	60	40
2728	5	5	11
2729	31	42	32
2730	138	135	128
2731	0	0	0
2732	2	0	1
2733	10	6	6
2734	1	0	0
2735	0	1	0
2736	0	0	0
2737	28	19	20
2738	20	25	29
2739	4	10	8
2740	24	9	13
2741	3	8	9
2742	61	87	54
2743	148	104	109
2744	0	0	0
2745	6	6	10
2746	2	4	1
2747	14	16	23
2748	0	1	0
2749	14	12	12
2750	71	55	43
2751	6	16	19
2752	9	4	8
2753	16	13	10
2754	17	22	16
2755	20	13	20
2756	315	314	268
2757	0	0	0
2758	0	0	0
2759	19	17	16
2760	46	59	36
2761	0	0	0
2762	27	39	31
2763	677	613	538
2764	52	39	28
2765	32	25	22
2766	13	8	9
2767	8	9	11
2768	17	28	19
2769	1274	1144	1187
2770	0	0	0
2771	9	6	6
2772	87	95	82
2773	4	4	4
2774	7	9	11
2775	4	12	17
2776	37	23	29
2777	0	1	0
2778	1	1	1
2779	579	533	543
2780	467	396	405
2781	11	12	21
2782	9	7	10
2783	0	0	1
2784	5	3	4
2785	0	0	0
2786	6	6	8
2787	4	6	4
2788	129	129	89
2789	13	16	14
2790	21	14	9
2791	7	19	10
2792	8	6	4
2793	1047	1080	1047
2794	124	136	141
2795	558	623	629
2796	0	0	0
2797	105	92	92
2798	0	0	0
2799	22	31	28
2800	18	31	17
2801	369	360	372
2802	30	29	43
2803	10	7	4
2804	29	25	16
2805	7	4	5
2806	74	67	62
2807	749	685	662
2808	33	33	29
2809	301	333	282
2810	18	21	28
2811	45	37	33
2812	6	6	7
2813	11	6	11
2814	14	14	11
2815	0	1	0
2816	10	4	5
2817	9	13	4
2818	0	0	0
2819	5	3	2
2820	317	318	324
2821	19	25	15
2822	51	41	44
2823	0	0	0
2824	44	29	29
2825	99	115	85
2826	315	270	275
2827	26	25	18
2828	1	1	2
2829	6	9	11
2830	1295	1297	1255
2831	343	314	306
2832	288	267	287
2833	0	0	0
2834	245	203	196
2835	49	40	27
2836	6	15	15
2837	22	32	34
2838	22	15	16
2839	3	4	7
2840	436	377	474
2841	26	21	26
2842	0	1	2
2843	0	1	0
2844	173	165	135
2845	17	18	13
2846	1433	1177	1149
2847	12	9	14
2848	8	6	1
2849	0	0	0
2850	80	82	65
2851	24	22	10
2852	8	16	6
2853	36	31	30
2854	36	21	15
2855	23	21	14
2856	46	36	22
2857	12	16	8
2858	166	178	155
2859	8	10	10
2860	3	3	0
2861	8	10	4
2862	25	19	21
2863	13	12	6
2864	0	0	0
2865	9	6	12
2866	0	0	0
2867	27	28	19
2868	0	0	1
2869	0	0	0
2870	0	0	0
2871	512	553	433
2872	0	0	0
2873	27	42	40
2874	301	276	212
2875	77	150	76
2876	17	17	13
2877	209	180	160
2878	13	13	11
2879	0	0	0
2880	7	7	3
2881	8	10	8
2882	24	30	12
2883	8	7	7
2884	34	40	16
2885	25	19	17
2886	15	20	13
2887	0	0	0
2888	8	6	4
2889	13	23	13
2890	105	86	116
2891	50	46	45
2892	3	4	6
2893	7	5	6
2894	21	19	19
2895	16	9	13
2896	27	27	22
2897	7	5	8
2898	15	22	8
2899	43	37	32
2900	55	50	47
2901	1	1	1
2902	18	22	16
2903	52	46	32
2904	233	228	206
2905	67	68	67
2906	380	350	342
2907	0	0	0
2908	8	3	7
2909	26	28	22
2910	76	78	42
2911	16	14	20
2912	9	11	9
2913	112	110	92
2914	15	11	10
2915	44	39	34
2916	5	7	7
2917	22	18	17
2918	25	11	9
2919	9	3	2
2920	0	0	0
2921	5	7	6
2922	2	6	7
2923	87	80	70
2924	2	1	0
2925	25	25	23
2926	15	11	9
2927	89	103	79
2928	9	10	7
2929	8	5	4
2930	14	13	6
2931	19	25	14
2932	117	134	96
2933	130	102	82
2934	6	12	8
2935	115	104	121
2936	10	6	10
2937	1	3	2
2938	46	31	43
2939	56	52	39
2940	144	147	108
2941	39	43	38
2942	7	10	9
2943	2	3	2
2944	30	29	36
2945	31	30	21
2946	113	126	94
2947	6	3	4
2948	26	22	18
2949	9	4	7
2950	0	0	1
2951	231	188	239
2952	0	0	0
2953	10	8	4
2954	4	2	4
2955	0	4	3
2956	13	14	14
2957	19	23	16
2958	8	7	0
2959	0	1	0
2960	13	7	3
2961	8	5	7
2962	60	55	53
2963	33	49	31
2964	55	52	41
2965	2	0	0
2966	28	36	29
2967	0	0	0
2968	4	1	2
2969	6	3	4
2970	6	13	9
2971	38	34	32
2972	47	37	32
2973	107	91	78
2974	0	3	0
2975	66	52	62
2976	39	21	24
2977	50	37	70
2978	12	17	10
2979	0	0	0
2980	0	0	0
2981	2	2	4
2982	5	4	7
2983	79	53	62
2984	71	89	65
2985	5	7	4
2986	1	0	1
2987	375	351	393
2988	0	0	0
2989	53	56	45
2990	9	8	9
2991	58	40	39
2992	10	5	19
2993	0	0	0
2994	15	20	13
2995	23	24	25
2996	9	9	9
2997	7	6	4
2998	180	161	136
2999	10	11	11
3000	1069	1024	992
3001	11	7	6
3002	1	3	3
3003	11	7	10
3004	35	52	43
3005	2	1	2
3006	4	2	1
3007	26	31	23
3008	24	16	20
3009	67	92	73
3010	3	4	3
3011	5	7	7
3012	29	24	29
3013	112	89	99
3014	1	2	2
3015	60	45	36
3016	92	68	72
3017	6	5	4
3018	7	8	5
3019	30	26	24
3020	60	38	43
3021	0	0	0
3022	52	36	27
3023	82	87	87
3024	138	81	111
3025	10	8	8
3026	35	35	50
3027	83	71	69
3028	1525	1544	1443
3029	66	72	54
3030	0	1	1
3031	1	2	1
3032	6	2	4
3033	5	2	3
3034	22	13	13
3035	14	18	20
3036	16	6	12
3037	47	24	18
3038	178	165	192
3039	154	173	175
3040	11	12	11
3041	79	114	81
3042	3	9	2
3043	137	144	147
3044	3	4	3
3045	20	15	23
3046	21	16	23
3047	101	89	85
3048	8	8	7
3049	17	25	21
3050	481	530	375
3051	7	6	5
3052	10	7	4
3053	0	0	0
3054	72	76	76
3055	34	43	31
3056	8	12	7
3057	108	104	84
3058	26	14	17
3059	32	26	18
3060	35	27	22
3061	31	31	19
3062	74	74	67
3063	4	4	4
3064	22	20	22
3065	31	43	24
3066	7	11	11
3067	96	97	101
3068	115	128	106
3069	0	0	0
3070	8	7	15
3071	91	70	83
3072	8	8	5
3073	18	11	11
3074	33	28	25
3075	17	7	13
3076	6	4	4
3077	0	0	0
3078	1	9	6
3079	12	12	12
3080	3	3	6
3081	9	6	12
3082	14	13	9
3083	13	21	17
3084	30	37	41
3085	0	0	0
3086	4	12	6
3087	153	153	161
3088	33	60	45
3089	115	88	85
3090	23	18	20
3091	15	12	17
3092	351	269	284
3093	6	2	10
3094	4	4	2
3095	54	59	55
3096	0	0	0
3097	0	0	0
3098	10	11	7
3099	2	1	2
3100	0	0	0
3101	0	0	1
3102	85	84	89
3103	27	20	32
3104	157	143	161
3105	8	8	11
3106	6	3	5
3107	0	1	0
3108	17	10	7
3109	4	8	5
3110	99	89	120
3111	4	29	11
3112	11	16	10
3113	0	0	0
3114	9	14	11
3115	464	483	423
3116	40	37	26
3117	0	0	1
3118	58	69	48
3119	53	46	44
3120	5	6	11
3121	33	26	26
3122	29	19	29
3123	11	12	5
3124	4	6	3
3125	119	115	71
3126	14	15	8
3127	38	68	38
3128	109	98	93
3129	22	23	19
3130	53	40	39
3131	0	0	0
3132	0	2	1
3133	0	0	0
3134	44	39	29
3135	64	54	66
3136	0	0	0
3137	10	11	19
3138	14	16	17
3139	404	420	367
3140	9	9	2
3141	0	0	0
3142	170	175	164
3143	4	2	7
3144	48	47	52
3145	4	3	4
3146	47	56	54
3147	53	57	34
3148	1	1	0
3149	0	3	2
3150	19	17	20
3151	0	0	0
3152	22	30	13
3153	58	55	53
3154	10	8	10
3155	2	1	0
3156	32	26	28
3157	6	11	8
3158	25	20	22
3159	0	0	0
3160	1	0	2
3161	8	12	7
3162	6	6	4
3163	10	9	7
3164	33	27	28
3165	84	61	52
3166	4	3	3
3167	11	7	5
3168	36	24	32
3169	12	12	4
3170	0	2	1
3171	18	17	16
3172	0	0	1
3173	1	0	0
3174	24	16	18
3175	160	175	213
3176	29	23	24
3177	6	14	12
3178	7	9	6
3179	5	4	0
3180	28	31	20
3181	3366	3610	3704
3182	0	0	0
3183	0	0	0
3184	1	2	2
3185	6	1	6
3186	77	67	59
3187	33	29	47
3188	434	465	415
3189	0	0	3
3190	179	158	119
3191	2	0	0
3192	12	8	10
3193	4	3	4
3194	1	3	3
3195	5	10	17
3196	36	39	32
3197	12	10	5
3198	0	0	0
3199	192	172	142
3200	38	37	36
3201	2	0	0
3202	1	4	1
3203	4	9	5
3204	4	7	8
3205	33	51	34
3206	3051	2997	3046
3207	26	31	21
3208	263	248	251
3209	179	204	181
3210	39	33	21
3211	2	2	0
3212	0	0	0
3213	22	44	43
3214	27	31	15
3215	47	46	43
3216	5	2	2
3217	5	7	5
3218	167	139	112
3219	246	250	200
3220	48	41	56
3221	18	7	7
3222	289	263	255
3223	5	5	3
3224	2	3	1
3225	344	366	268
3226	45	30	38
3227	9	9	16
3228	157	138	156
3229	34	40	30
3230	1	1	0
3231	14	15	12
3232	31	17	11
3233	124	96	108
3234	32	18	21
3235	3	2	5
3236	3	5	7
3237	23	47	29
3238	158	120	99
3239	494	540	517
3240	73	66	66
3241	2	4	2
3242	1187	1121	899
3243	3	6	5
3244	15	13	13
3245	24	20	24
3246	44	40	33
3247	0	0	0
3248	18	15	13
3249	2	2	2
3250	11	9	12
3251	0	0	0
3252	1	2	1
3253	35	36	39
3254	14	13	14
3255	28	35	19
3256	43	47	50
3257	34	21	24
3258	18	6	10
3259	16	17	12
3260	0	0	1
3261	19	13	13
3262	22	24	21
3263	1	1	2
3264	117	101	101
3265	0	1	0
3266	135	115	82
3267	4	6	3
3268	8	4	6
3269	18	18	13
3270	2	2	6
3271	44	37	57
3272	250	305	346
3273	2	1	8
3274	0	1	1
3275	8	4	3
3276	2	5	2
3277	3	2	5
3278	20	20	18
3279	24	22	18
3280	3	1	9
3281	0	0	1
3282	59	45	59
3283	8	6	5
3284	1	1	1
3285	0	0	0
3286	1	2	1
3287	0	0	0
3288	1	2	2
3289	0	1	0
3290	0	0	0
3291	10	5	7
3292	45	36	41
3293	675	673	667
3294	17	16	10
3295	36	51	38
3296	20	19	15
3297	59	70	73
3298	14	18	10
3299	2	0	2
3300	4	6	8
3301	6	4	6
3302	249	226	292
3303	205	245	297
3304	23	22	16
3305	29	19	24
3306	6	11	3
3307	139	130	136
3308	17	20	17
3309	4	12	11
3310	4	4	8
3311	27	18	30
3312	2	1	2
3313	96	96	88
3314	17	24	17
3315	27	36	8
3316	60	52	42
3317	93	75	77
3318	15	13	13
3319	40	69	54
3320	0	0	0
3321	5	8	7
3322	0	1	1
3323	21	16	12
3324	104	126	152
3325	2	4	1
3326	7	9	9
3327	9	10	6
3328	30	38	26
3329	1	0	1
3330	10	6	7
3331	4	5	5
3332	26	23	12
3333	5	3	6
3334	5	17	6
3335	2	3	2
3336	19	9	15
3337	1	1	2
3338	29	15	22
3339	7	5	15
3340	93	80	72
3341	399	347	344
3342	33	43	35
3343	0	0	0
3344	672	653	555
3345	4	6	7
3346	36	35	33
3347	26	29	29
3348	437	346	385
3349	20	31	31
3350	63	60	48
3351	10	9	11
3352	19	12	21
3353	0	0	0
3354	445	468	458
3355	1	3	0
3356	61	50	43
3357	199	157	163
3358	135	116	128
3359	1	1	0
3360	0	1	0
3361	26	29	24
3362	57	46	59
3363	10	15	8
3364	7	6	10
3365	30	43	43
3366	181	151	131
3367	28	45	27
3368	1	0	1
3369	175	152	136
3370	81	83	81
3371	12	20	10
3372	5	7	7
3373	60	70	63
3374	0	1	1
3375	18	21	17
3376	101	99	88
3377	5	16	7
3378	2	0	0
3379	274	294	355
3380	24	41	33
3381	170	157	134
3382	85	77	73
3383	47	46	25
3384	0	2	0
3385	0	0	0
3386	31	31	24
3387	9	12	3
3388	0	0	0
3389	16	10	6
3390	26	17	19
3391	0	1	1
3392	16	23	12
3393	107	108	100
3394	18	18	12
3395	48	58	57
3396	0	1	0
3397	432	436	423
3398	36	29	26
3399	0	0	0
3400	0	0	0
3401	0	0	0
3402	0	0	0
3403	0	0	0
3404	1	1	1
3405	9	6	9
3406	3	3	2
3407	4	0	3
3408	105	99	88
3409	99	79	77
3410	0	0	1
3411	46	29	23
3412	172	172	153
3413	6	4	3
3414	7	3	2
3415	0	0	0
3416	5	8	8
3417	1	1	3
3418	7	12	5
3419	0	0	1
3420	12	12	21
3421	9	16	10
3422	26	25	27
3423	18	12	13
3424	0	1	0
3425	49	65	62
3426	27	30	35
3427	29	8	18
3428	155	155	114
3429	5	6	2
3430	1	2	0
3431	172	182	162
3432	4	4	4
3433	28	25	14
3434	28	25	18
3435	9	7	11
3436	3	3	3
3437	85	71	63
3438	2	0	1
3439	4	9	6
3440	37	28	25
3441	207	185	211
3442	0	0	0
3443	12	27	7
3444	1	1	0
3445	20	12	9
3446	18	25	22
3447	0	1	0
3448	3	2	2
3449	0	0	0
3450	2	2	1
3451	0	0	0
3452	0	0	0
3453	16	12	9
3454	321	340	402
3455	6	3	6
3456	13	28	19
3457	4	9	8
3458	0	1	1
3459	145	163	158
3460	15	15	8
3461	30	27	19
3462	12	12	8
3463	0	0	0
3464	0	0	0
3465	23	23	10
3466	3	1	5
3467	2	2	1
3468	137	134	106
3469	1	1	1
3470	19	22	20
3471	0	1	2
3472	14	11	7
3473	22	22	14
3474	6	3	1
3475	6	11	7
3476	47	41	48
3477	82	78	65
3478	4	6	9
3479	29	36	34
3480	0	0	0
3481	57	44	44
3482	1	12	4
3483	117	80	84
3484	0	0	0
3485	57	51	56
3486	14	11	7
3487	34	19	21
3488	353	381	360
3489	2	3	2
3490	111	122	95
3491	2	0	1
3492	706	631	734
3493	28	37	62
3494	109	137	97
3495	412	430	420
3496	40	44	43
3497	4	4	4
3498	8	3	4
3499	4	6	4
3500	333	270	264
3501	7	12	10
3502	12	11	10
3503	3	3	4
3504	0	0	2
3505	0	2	2
3506	13	14	5
3507	42	36	51
3508	3	6	3
3509	251	231	256
3510	6	5	4
3511	27	21	33
3512	143	116	105
3513	24	11	10
3514	12	7	7
3515	4	6	2
3516	26	18	29
3517	2	0	0
3518	13	12	18
3519	27	34	37
3520	76	59	50
3521	48	45	21
3522	7	8	4
3523	5	3	7
3524	16	26	15
3525	85	80	71
3526	1	1	0
3527	302	211	230
3528	80	78	47
3529	21	24	25
3530	15	13	20
3531	3	5	3
3532	1	1	0
3533	8	4	7
3534	8	6	6
3535	4	3	2
3536	3	4	0
3537	9	20	14
3538	20	18	27
3539	132	124	89
3540	1	0	0
3541	11	11	7
3542	36	35	28
3543	4	0	0
3544	11	14	8
3545	28	26	24
3546	152	142	141
3547	151	169	148
3548	1	1	0
3549	20	18	26
3550	33	43	27
3551	67	99	75
3552	66	61	68
3553	21	11	15
3554	0	0	0
3555	8	10	8
3556	8	15	8
3557	64	65	40
3558	40	40	31
3559	0	1	0
3560	57	45	59
3561	2	5	7
3562	782	701	722
3563	68	58	49
3564	16	10	11
3565	7	6	7
3566	22	7	16
3567	127	90	101
3568	11	12	9
3569	6	8	4
3570	0	2	0
3571	58	65	66
3572	2	1	0
3573	19	14	12
3574	28	21	21
3575	21	24	17
3576	17	30	18
3577	15	14	17
3578	24	27	18
3579	136	131	115
3580	0	4	3
3581	97	81	100
3582	12	14	13
3583	0	0	1
3584	56	53	36
3585	0	0	0
3586	78	87	57
3587	38	40	32
3588	281	237	228
3589	2	2	2
3590	25	28	30
3591	14	12	11
3592	157	146	147
3593	34	40	57
3594	122	117	85
3595	71	62	61
3596	48	49	38
3597	2	6	6
3598	5	3	5
3599	114	108	102
3600	7	18	16
3601	40	40	32
3602	10	6	10
3603	1	6	6
3604	25	19	23
3605	1	1	1
3606	187	182	175
3607	1	1	3
3608	0	3	0
3609	3	1	2
3610	5	13	8
3611	21	22	26
3612	3	2	2
3613	3	3	3
3614	10	19	9
3615	6	3	3
3616	39	31	29
3617	0	0	0
3618	1	1	2
3619	20	22	33
3620	34	34	29
3621	4	3	0
3622	11	4	9
3623	5	3	4
3624	15	24	14
3625	42	36	36
3626	2	5	0
3627	5	7	9
3628	182	158	141
3629	10	10	13
3630	0	0	0
3631	15	13	15
3632	27	39	19
3633	109	81	85
3634	29	21	16
3635	591	683	630
3636	6	4	5
3637	0	1	0
3638	1	1	1
3639	17	21	13
3640	51	52	38
3641	0	0	0
3642	289	291	276
3643	0	0	0
3644	27	26	28
3645	8	10	4
3646	149	140	136
3647	1	2	1
3648	14	19	12
3649	1	6	0
3650	22	13	16
3651	0	0	0
3652	0	2	0
3653	24	18	16
3654	21	23	18
3655	0	0	0
3656	10	8	10
3657	0	0	0
3658	9	12	6
3659	61	42	37
3660	16	27	20
3661	158	148	116
3662	60	50	39
3663	3	3	2
3664	6	7	5
3665	3	4	10
3666	14	12	8
3667	13	12	11
3668	14	10	11
3669	233	198	220
3670	9	7	3
3671	1	5	1
3672	819	733	743
3673	0	0	0
3674	0	0	0
3675	743	720	755
3676	70	98	90
3677	48	46	39
3678	199	192	177
3679	170	172	163
3680	0	0	0
3681	0	0	0
3682	0	0	0
3683	46	55	38
3684	18	28	21
3685	2	2	0
3686	92	74	75
3687	22	23	24
3688	0	3	4
3689	246	261	227
3690	8	11	8
3691	84	53	62
3692	53	46	42
3693	9	10	4
3694	0	2	0
3695	20	13	46
3696	85	79	88
3697	21	31	32
3698	30	48	42
3699	115	104	87
3700	2	1	8
3701	49	39	49
3702	1	1	2
3703	41	45	39
3704	20	8	31
3705	2	1	0
3706	0	0	0
3707	0	0	0
3708	0	0	0
3709	4	10	6
3710	6	10	4
3711	6	1	6
3712	7	2	0
3713	0	0	0
3714	0	0	0
3715	6	5	4
3716	0	0	0
3717	3	2	4
3718	0	0	0
3719	8	9	6
3720	0	0	0
3721	11	16	4
3722	174	200	171
3723	3	2	2
3724	183	152	150
3725	22	20	29
3726	133	116	117
3727	274	211	212
3728	41	24	29
3729	95	81	59
3730	16	19	12
3731	5	4	10
3732	1	3	2
3733	5	5	1
3734	599	546	539
3735	76	106	94
3736	8	5	3
3737	12	15	17
3738	14	11	11
3739	135	104	79
3740	29	23	25
3741	10	10	10
3742	22	19	21
3743	8	19	7
3744	45	35	39
3745	52	36	21
3746	16	10	9
3747	10	14	18
3748	64	41	41
3749	16	15	14
3750	19	16	20
3751	2	6	3
3752	277	300	268
3753	2	2	1
3754	24	23	23
3755	1	3	3
3756	72	68	64
3757	12	17	9
3758	14	15	13
3759	21	17	17
3760	502	535	523
3761	1390	1217	1131
3762	193	243	197
3763	20	27	18
3764	0	1	0
3765	7	11	7
3766	3	3	1
3767	110	121	118
3768	7	6	7
3769	3	7	14
3770	10	3	5
3771	238	253	259
3772	650	648	584
3773	12	18	29
3774	137	108	127
3775	4	1	8
3776	15	13	21
3777	13	23	29
3778	160	156	95
3779	1	1	0
3780	43	48	33
3781	39	54	36
3782	42	60	61
3783	12	17	13
3784	13	6	10
3785	13	12	8
3786	0	0	1
3787	217	198	218
3788	30	18	32
3789	76	61	56
3790	5	7	9
3791	0	0	0
3792	0	0	0
3793	7	3	4
3794	26	21	19
3795	74	71	81
3796	9	9	6
3797	159	180	207
3798	0	0	0
3799	77	57	57
3800	2	0	5
3801	28	20	21
3802	11	6	4
3803	21	19	11
3804	41	37	40
3805	16	24	14
3806	88	81	96
3807	5	2	10
3808	15	14	14
3809	0	0	0
3810	1	2	1
3811	3	8	6
3812	18	5	11
3813	24	21	22
3814	34	21	24
3815	10	22	16
3816	64	37	38
3817	24	9	19
3818	0	0	0
3819	64	63	48
3820	44	57	51
3821	2	2	1
3822	0	1	0
3823	3	3	1
3824	0	0	0
3825	19	33	19
3826	6	11	8
3827	7	12	6
3828	0	0	0
3829	9	13	8
3830	22	26	27
3831	56	74	76
3832	19	7	14
3833	31	22	22
3834	11	8	12
3835	0	0	0
3836	1	0	1
3837	0	0	1
3838	118	103	74
3839	57	49	47
3840	7	14	6
3841	213	183	182
3842	53	41	49
3843	14	14	5
3844	34	27	29
3845	8	7	3
3846	58	50	66
3847	1	4	7
3848	43	40	29
3849	8	6	9
3850	3	1	3
3851	67	59	78
3852	23	14	14
3853	6	4	6
3854	35	27	20
3855	26	22	13
3856	0	1	0
3857	9	9	4
3858	21	19	24
3859	9	13	14
3860	0	0	0
3861	2	2	2
3862	52	34	36
3863	69	68	77
3864	18	9	10
3865	0	1	0
3866	0	0	0
3867	6	8	7
3868	11	9	6
3869	13	12	9
3870	1	3	0
3871	43	46	35
3872	5	7	4
3873	0	0	1
3874	86	54	57
3875	1	0	1
3876	19	15	35
3877	13	17	14
3878	38	43	29
3879	11	11	6
3880	47	52	40
3881	62	46	70
3882	387	407	424
3883	0	0	0
3884	11	8	8
3885	0	2	0
3886	3322	3270	3241
3887	3	4	2
3888	82	86	75
3889	23	36	16
3890	2	2	4
3891	27	22	33
3892	596	616	538
3893	0	0	0
3894	17	17	16
3895	44	50	42
3896	110	136	118
3897	37	30	21
3898	46	23	31
3899	8	11	8
3900	11	3	4
3901	0	0	0
3902	23	21	16
3903	34	19	26
3904	31	35	33
3905	12	11	13
3906	63	66	61
3907	357	340	346
3908	21	22	15
3909	5	8	11
3910	27	31	31
3911	139	138	156
3912	4	1	0
3913	8	5	3
3914	0	1	0
3915	14	12	24
3916	4	3	4
3917	15	16	12
3918	12	14	11
3919	12	17	21
3920	51	38	33
3921	72	73	64
3922	63	70	69
3923	0	0	0
3924	28	26	35
3925	284	248	264
3926	37	25	40
3927	48	38	46
3928	11	9	9
3929	41	53	45
3930	5	6	6
3931	54	72	47
3932	69	29	41
3933	1	3	0
3934	66	59	69
3935	0	0	0
3936	4	7	4
3937	21	20	12
3938	1	1	0
3939	129	148	175
3940	167	138	115
3941	8	9	1
3942	0	0	0
3943	63	79	61
3944	5	2	0
3945	25	29	32
3946	6	5	8
3947	14	16	9
3948	29	31	23
3949	14	14	16
3950	19	26	24
3951	86	53	89
3952	0	0	0
3953	3	11	6
3954	7	9	7
3955	101	88	79
3956	0	0	1
3957	3	3	3
3958	33	29	26
3959	50	57	40
3960	11	6	15
3961	7	4	10
3962	3	1	1
3963	0	0	1
3964	14	14	17
3965	18	11	20
3966	0	2	0
3967	492	425	389
3968	40	37	38
3969	269	156	200
3970	40	42	44
3971	25	19	18
3972	17	16	22
3973	25	18	22
3974	2	0	3
3975	176	138	114
3976	12	8	14
3977	2	6	5
3978	258	244	204
3979	59	76	58
3980	46	54	53
3981	175	155	125
3982	189	204	199
3983	0	0	0
3984	7	5	4
3985	357	339	356
3986	48	64	35
3987	176	155	113
3988	2	1	0
3989	0	0	0
3990	30	15	18
3991	35	34	39
3992	10	3	10
3993	13	6	4
3994	12	12	12
3995	35	18	17
3996	44	71	59
3997	11	14	20
3998	25	33	30
3999	28	17	19
4000	0	0	0
4001	0	3	0
4002	4	11	8
4003	14	24	21
4004	183	183	147
4005	11	12	11
4006	118	74	92
4007	305	476	311
4008	15	15	14
4009	7	3	3
4010	14	11	4
4011	70	76	61
4012	47	47	43
4013	1	0	1
4014	75	96	92
4015	53	51	42
4016	138	137	113
4017	72	80	66
4018	131	114	159
4019	10	19	15
4020	1	1	1
4021	1	0	0
4022	1475	1210	1169
4023	33	21	20
4024	20	17	18
4025	138	103	126
4026	10	18	16
4027	45	41	52
4028	17	12	16
4029	276	286	229
4030	315	283	243
4031	63	67	60
4032	84	70	55
4033	37	35	27
4034	4	4	1
4035	100	87	103
4036	34	23	19
4037	0	1	0
4038	226	255	225
4039	50	42	39
4040	25	35	21
4041	154	149	89
4042	3	3	1
4043	17	12	10
4044	26	30	38
4045	96	71	80
4046	3	2	2
4047	8	7	14
4048	7	11	23
4049	70	77	49
4050	14	16	6
4051	1	0	0
4052	2	1	2
4053	1	0	1
4054	12	14	9
4055	8	7	4
4056	4	4	4
4057	56	45	36
4058	4	5	2
4059	0	0	0
4060	2	12	5
4061	116	147	118
4062	256	224	242
4063	13	7	7
4064	18	19	11
4065	6	4	2
4066	2	3	4
4067	71	67	55
4068	1	3	1
4069	0	1	0
4070	3	4	2
4071	6	8	11
4072	0	0	0
4073	1	3	6
4074	15	11	14
4075	3	0	0
4076	106	110	113
4077	0	1	0
4078	0	0	0
4079	1	4	7
4080	0	0	1
4081	23	17	23
4082	0	0	3
4083	2	0	2
4084	33	24	39
4085	22	37	17
4086	1	2	3
4087	14	15	18
4088	12	5	10
4089	1	8	3
4090	52	65	66
4091	8	14	8
4092	1	4	1
4093	6	3	1
4094	0	0	0
4095	461	519	477
4096	1	0	1
4097	9	12	11
4098	20	20	50
4099	9	11	4
4100	38	47	43
4101	5	4	6
4102	2	5	1
4103	36	31	28
4104	18	11	9
4105	38	26	25
4106	0	0	0
4107	0	0	0
4108	77	71	67
4109	25	27	24
4110	49	41	39
4111	6	7	8
4112	19	21	16
4113	12	10	10
4114	6	8	9
4115	289	265	273
4116	6	4	6
4117	251	257	258
4118	1	0	1
4119	1	5	4
4120	3	11	8
4121	28	22	27
4122	2	5	0
4123	0	1	1
4124	0	0	1
4125	0	0	0
4126	0	0	0
4127	0	0	0
4128	0	0	0
4129	1	0	0
4130	93	89	86
4131	22	17	18
4132	68	61	56
4133	58	60	42
4134	15	10	15
4135	15	14	9
4136	2	0	2
4137	21	19	17
4138	10	17	11
4139	3	3	2
4140	0	0	0
4141	0	0	0
4142	0	0	0
4143	0	0	0
4144	61	59	52
4145	7	8	9
4146	24	24	15
4147	1	2	3
4148	0	0	0
4149	4	5	4
4150	0	0	0
4151	22	14	10
4152	65	48	58
4153	5	8	3
4154	16	22	28
4155	1	3	2
4156	14	15	9
4157	0	0	2
4158	136	137	134
4159	2	6	3
4160	169	177	165
4161	292	261	240
4162	11	12	23
4163	4	3	2
4164	2	1	5
4165	249	228	232
4166	5	1	2
4167	7	6	2
4168	21	23	17
4169	50	39	23
4170	0	0	0
4171	116	70	94
4172	8	9	8
4173	16	18	14
4174	112	104	114
4175	27	22	26
4176	94	76	90
4177	49	35	26
4178	115	103	108
4179	1	3	1
4180	1	0	0
4181	154	131	104
4182	47	48	48
4183	16	24	19
4184	0	0	1
4185	1	3	0
4186	5	5	9
4187	17	19	21
4188	5	6	10
4189	17	20	19
4190	122	129	86
4191	59	70	76
4192	0	1	0
4193	1	0	1
4194	20	13	15
4195	19	24	35
4196	13	9	8
4197	0	0	0
4198	93	89	78
4199	19	14	14
4200	4	2	2
4201	24	22	25
4202	3	3	8
4203	11	8	9
4204	419	419	394
4205	2	2	0
4206	25	27	15
4207	65	59	56
4208	9	16	8
4209	15	26	26
4210	13	16	12
4211	222	210	217
4212	13	15	12
4213	2	5	6
4214	9	4	8
4215	5	19	8
4216	8	8	11
4217	0	0	0
4218	0	0	0
4219	5	7	4
4220	7	2	7
4221	2	0	0
4222	139	98	152
4223	0	0	1
4224	40	44	45
4225	1	4	4
4226	107	94	79
4227	1	6	1
4228	13	20	9
4229	9	10	14
4230	33	39	42
4231	62	36	35
4232	34	31	31
4233	38	47	47
4234	31	37	30
4235	9	14	8
4236	37	34	35
4237	96	88	70
4238	10	6	6
4239	92	80	73
4240	65	62	72
4241	2	0	1
4242	55	46	43
4243	9	9	7
4244	3	2	4
4245	86	67	58
4246	25	21	21
4247	150	131	136
4248	112	132	152
4249	0	2	0
4250	0	0	0
4251	12	5	8
4252	1	1	3
4253	2	2	1
4254	14	15	21
4255	28	31	38
4256	28	12	30
4257	2	3	1
4258	221	219	234
4259	1	1	2
4260	41	36	33
4261	1	2	0
4262	258	246	203
4263	0	0	0
4264	23	23	23
4265	27	47	18
4266	7	9	7
4267	2	1	1
4268	8	8	7
4269	22	27	33
4270	49	71	38
4271	4	4	7
4272	33	35	34
4273	23	18	16
4274	39	42	43
4275	20	35	26
4276	33	31	37
4277	35	47	33
4278	12	26	28
4279	101	107	83
4280	6	7	3
4281	2246	2166	2001
4282	4	4	8
4283	17	20	16
4284	12	24	13
4285	30	24	30
4286	28	23	14
4287	37	46	41
4288	78	71	60
4289	3	1	3
4290	1	1	0
4291	56	53	59
4292	23	26	16
4293	5	12	5
4294	24	16	21
4295	0	0	0
4296	3	1	4
4297	15	20	13
4298	208	248	192
4299	28	30	33
4300	18	17	19
4301	11	15	12
4302	35	49	39
4303	36	36	33
4304	3	1	1
4305	3	4	2
4306	185	90	96
4307	7	6	23
4308	21	26	43
4309	6	6	10
4310	27	22	25
4311	8	14	12
4312	4	5	2
4313	10	8	11
4314	0	0	0
4315	222	230	168
4316	155	122	165
4317	5	11	9
4318	17	20	17
4319	56	45	44
4320	60	55	47
4321	33	19	18
4322	0	0	0
4323	22	17	21
4324	7	3	1
4325	5	3	5
4326	3	7	7
4327	2	1	1
4328	160	118	127
4329	8	9	5
4330	16	12	13
4331	8	2	7
4332	174	153	173
4333	17	15	9
4334	4	5	3
4335	4	4	7
4336	344	341	297
4337	2	0	0
4338	4	5	2
4339	2	0	2
4340	1	1	1
4341	9	2	5
4342	0	1	1
4343	1	3	0
4344	12	10	14
4345	38	42	35
4346	20	15	15
4347	3	3	2
4348	0	0	0
4349	11	6	5
4350	8	3	4
4351	16	16	22
4352	12	12	9
4353	4	1	0
4354	0	0	2
4355	1	0	3
4356	62	50	38
4357	8	8	8
4358	40	48	46
4359	0	1	0
4360	23	19	12
4361	2	4	2
4362	1	4	1
4363	31	25	34
4364	83	65	71
4365	2	4	2
4366	10	10	14
4367	0	0	0
4368	337	387	333
4369	1	0	0
4370	5	3	2
4371	66	64	44
4372	2	3	6
4373	12	14	12
4374	1	6	4
4375	12	15	13
4376	0	1	0
4377	10	11	6
4378	27	30	19
4379	5	1	4
4380	0	0	0
4381	15	14	10
4382	41	27	32
4383	2	1	2
4384	3	7	7
4385	0	1	0
4386	4	2	3
4387	4	3	2
4388	0	0	0
4389	23	43	28
4390	149	130	132
4391	334	314	426
4392	74	62	50
4393	305	341	269
4394	171	129	178
4395	46	36	33
4396	1195	1159	1136
4397	20	24	25
4398	128	108	123
4399	39	37	34
4400	2	0	1
4401	9	7	16
4402	67	91	90
4403	48	48	40
4404	46	50	49
4405	0	0	0
4406	19	14	13
4407	6	2	3
4408	32	43	35
4409	13	17	6
4410	32	39	27
4411	6	2	2
4412	0	1	0
4413	26	26	34
4414	24	48	19
4415	15	6	15
4416	340	307	298
4417	28	25	24
4418	3	1	3
4419	4	4	2
4420	75	55	76
4421	6	10	7
4422	66	73	67
4423	31	29	27
4424	4	8	2
4425	1	1	0
4426	35	20	27
4427	5	6	8
4428	148	136	151
4429	25	32	25
4430	0	0	0
4431	3	1	2
4432	16	13	15
4433	15	12	8
4434	1	3	4
4435	76	63	52
4436	15	22	10
4437	67	64	63
4438	144	150	117
4439	57	43	36
4440	0	0	0
4441	7	10	5
4442	334	323	415
4443	1	0	0
4444	24	20	25
4445	10	7	2
4446	21	21	14
4447	6	6	4
4448	5	5	9
4449	4	7	5
4450	1	0	1
4451	0	0	0
4452	9	9	10
4453	114	91	102
4454	115	90	97
4455	2	1	4
4456	629	518	534
4457	16	8	14
4458	10	17	6
4459	114	129	104
4460	4	3	4
4461	19	13	8
4462	28	39	31
4463	27	30	41
4464	501	500	527
4465	56	50	44
4466	25	23	29
4467	35	35	23
4468	69	75	62
4469	32	26	25
4470	1	0	0
4471	722	698	640
4472	15	15	17
4473	0	1	0
4474	18	8	11
4475	58	74	55
4476	4	12	2
4477	11	9	8
4478	17	15	12
4479	0	0	0
4480	23	26	25
4481	9	6	5
4482	1	3	0
4483	0	0	0
4484	12	2	1
4485	3	5	1
4486	14	9	9
4487	5	2	3
4488	77	87	106
4489	68	84	108
4490	0	0	0
4491	60	38	31
4492	45	38	44
4493	14	8	6
4494	0	0	0
4495	37	48	34
4496	1	1	4
4497	25	33	34
4498	0	0	0
4499	9	8	6
4500	41	44	45
4501	3	3	5
4502	0	2	5
4503	2	2	1
4504	35	43	46
4505	8	17	8
4506	3	4	1
4507	3	2	4
4508	70	51	49
4509	0	0	0
4510	94	111	92
4511	3	2	3
4512	24	25	17
4513	11	12	9
4514	23	18	32
4515	1	0	0
4516	26	5	7
4517	24	28	17
4518	15	18	25
4519	143	132	104
4520	4	3	5
4521	0	1	0
4522	23	21	11
4523	9	20	10
4524	13	10	15
4525	10	7	8
4526	2	6	0
4527	60	53	42
4528	1	2	6
4529	0	0	0
4530	27	16	9
4531	2	5	2
4532	0	0	0
4533	1	1	0
4534	9	7	7
4535	0	0	0
4536	106	107	104
4537	2	2	1
4538	118	134	118
4539	3	6	4
4540	75	88	81
4541	7	7	6
4542	45	42	31
4543	0	2	3
4544	43	39	37
4545	25	33	24
4546	5	9	9
4547	20	33	25
4548	2	0	0
4549	0	0	0
4550	93	78	65
4551	6	10	16
4552	6	7	6
4553	0	0	0
4554	120	104	119
4555	8	5	7
4556	9	4	5
4557	0	0	2
4558	30	21	21
4559	10	9	7
4560	39	35	51
4561	1	1	1
4562	35	32	37
4563	195	155	149
4564	24	29	25
4565	505	469	402
4566	34	40	20
4567	7	9	12
4568	104	103	88
4569	44	43	34
4570	23	26	21
4571	100	85	105
4572	45	40	41
4573	5	6	1
4574	0	1	1
4575	0	0	0
4576	8	11	12
4577	1	0	0
4578	1	0	1
4579	503	487	379
4580	6	6	6
4581	0	0	0
4582	2	7	4
4583	2	5	1
4584	0	0	0
4585	1	0	1
4586	5	7	6
4587	5	3	2
4588	524	508	393
4589	11	12	8
4590	12	9	5
4591	19	18	10
4592	355	356	395
4593	4	10	11
4594	270	236	269
4595	25	7	13
4596	0	1	0
4597	41	44	50
4598	122	120	84
4599	7	6	4
4600	11	20	13
4601	34	33	32
4602	14	21	12
4603	33	31	25
4604	4	7	3
4605	12	5	11
4606	175	194	186
4607	2	0	3
4608	0	2	1
4609	1	1	2
4610	33	24	23
4611	130	99	93
4612	6	5	9
4613	29	13	22
4614	13	11	14
4615	60	47	76
4616	20	24	24
4617	43	44	30
4618	1	3	6
4619	19	10	11
4620	34	30	39
4621	4	5	8
4622	20	27	21
4623	0	0	0
4624	153	102	141
4625	20	17	18
4626	5	3	5
4627	153	132	147
4628	31	24	41
4629	57	56	50
4630	0	0	0
4631	605	567	462
4632	25	31	25
4633	71	68	75
4634	2	2	2
4635	38	26	20
4636	0	0	0
4637	24	15	23
4638	18	21	13
4639	10	14	11
4640	315	277	241
4641	13	8	11
4642	198	243	209
4643	96	87	58
4644	4	3	3
4645	1	0	0
4646	504	426	435
4647	8	5	5
4648	160	153	127
4649	2	3	4
4650	25	18	9
4651	19	40	33
4652	0	0	0
4653	3	0	0
4654	4	2	2
4655	0	1	0
4656	15	23	5
4657	21	11	15
4658	30	24	16
4659	17	15	16
4660	0	0	0
4661	77	80	79
4662	2	1	1
4663	430	378	380
4664	39	48	31
4665	13	15	12
4666	9	11	8
4667	131	126	142
4668	35	47	55
4669	14	14	12
4670	3	5	4
4671	5	3	3
4672	5	3	3
4673	0	1	0
4674	42	39	35
4675	53	48	38
4676	215	192	197
4677	22	24	29
4678	29	12	17
4679	84	59	40
4680	12	11	10
4681	254	235	254
4682	39	35	22
4683	3	8	2
4684	3	4	5
4685	3	4	3
4686	24	20	17
4687	2	5	2
4688	13	12	11
4689	16	9	25
4690	50	43	46
4691	8	6	2
4692	0	0	0
4693	24	17	18
4694	12	18	9
4695	6	9	2
4696	6	7	7
4697	10	7	4
4698	5	5	8
4699	68	60	48
4700	54	55	39
4701	2	7	6
4702	0	0	0
4703	2	0	0
4704	9	14	14
4705	3	10	10
4706	61	51	39
4707	51	59	40
4708	22	21	25
4709	30	29	26
4710	64	46	79
4711	5	1	1
4712	10	6	6
4713	54	61	56
4714	9	10	12
4715	51	36	31
4716	4	10	2
4717	195	163	139
4718	104	91	86
4719	11	9	8
4720	0	0	0
4721	39	33	27
4722	0	0	0
4723	24	30	31
4724	0	0	0
4725	22	15	11
4726	1169	1091	976
4727	3	3	3
4728	191	175	178
4729	25	16	20
4730	239	244	206
4731	2	2	1
4732	28	20	16
4733	14	19	27
4734	13	9	10
4735	214	198	193
4736	0	0	1
4737	12	10	12
4738	32	29	28
4739	6	6	4
4740	114	111	91
4741	13	16	13
4742	260	196	254
4743	459	478	521
4744	54	85	95
4745	134	94	93
4746	1	1	2
4747	1	2	1
4748	17	6	27
4749	99	105	87
4750	7	14	6
4751	15	22	20
4752	17	28	23
4753	5	5	3
4754	153	145	151
4755	19	18	11
4756	6	6	4
4757	18	19	21
4758	0	0	0
4759	45	55	32
4760	13	22	16
4761	9	15	5
4762	9	2	8
4763	19	17	24
4764	22	31	25
4765	13	16	12
4766	227	226	230
4767	47	33	27
4768	149	119	135
4769	227	199	229
4770	0	0	0
4771	1	1	1
4772	20	16	12
4773	378	373	375
4774	10	8	13
4775	3	2	3
4776	0	0	0
4777	171	141	128
4778	3	7	2
4779	0	0	0
4780	0	1	0
4781	18	17	23
4782	1	0	0
4783	23	21	33
4784	3	2	8
4785	82	82	61
4786	28	23	29
4787	15	12	12
4788	10	2	7
4789	135	125	115
4790	35	24	27
4791	8	8	10
4792	13	9	5
4793	3	2	3
4794	13	10	13
4795	59	62	57
4796	68	52	56
4797	24	22	22
4798	1	1	0
4799	7	11	14
4800	0	0	0
4801	0	1	0
4802	234	198	147
4803	278	231	260
4804	163	114	134
4805	48	46	50
4806	2	4	0
4807	235	220	221
4808	55	46	51
4809	123	90	113
4810	11	17	8
4811	7	11	5
4812	16	7	22
4813	28	18	17
4814	22	25	19
4815	0	0	1
4816	260	260	222
4817	0	2	1
4818	2	0	2
4819	194	183	136
4820	3	5	9
4821	20	19	16
4822	7	9	7
4823	22	23	12
4824	6	5	4
4825	155	156	154
4826	74	73	71
4827	40	40	30
4828	0	3	2
4829	16	15	13
4830	0	1	0
4831	2	5	2
4832	7	8	5
4833	42	36	39
4834	0	0	1
4835	24	14	14
4836	1	1	2
4837	5	9	8
4838	63	86	72
4839	682	729	753
4840	81	73	76
4841	101	93	100
4842	10	7	9
4843	17	12	11
4844	69	50	42
4845	165	155	136
4846	9	7	13
4847	4	1	0
4848	4	12	8
4849	75	57	84
4850	2	0	4
4851	27	23	25
4852	22	20	19
4853	9	8	20
4854	12	7	12
4855	19	10	10
4856	32	30	27
4857	4	4	1
4858	0	0	0
4859	0	0	0
4860	16	14	14
4861	2152	2162	2205
4862	27	29	13
4863	20	22	20
4864	46	40	27
4865	0	0	0
4866	1	1	3
4867	3	1	0
4868	57	67	67
4869	62	87	74
4870	3	3	3
4871	0	0	0
4872	1	1	1
4873	6	4	2
4874	14	14	13
4875	21	28	25
4876	5	3	2
4877	55	93	62
4878	0	0	0
4879	0	2	2
4880	0	1	0
4881	0	0	0
4882	0	0	0
4883	0	0	0
4884	0	0	0
4885	1	1	2
4886	9	9	5
4887	3	3	3
4888	49	51	52
4889	428	429	441
4890	79	80	63
4891	125	165	84
4892	0	0	0
4893	4	3	0
4894	92	62	85
4895	4	10	5
4896	33	33	34
4897	8	9	4
4898	2	7	4
4899	73	57	76
4900	3	3	5
4901	18	36	21
4902	31	31	34
4903	1	1	2
4904	257	321	172
4905	0	0	0
4906	6	7	0
4907	25	22	24
4908	3	2	2
4909	76	48	33
4910	21	13	9
4911	122	115	123
4912	22	30	20
4913	1	9	3
4914	211	216	218
4915	0	0	0
4916	4	6	5
4917	10	8	4
4918	15	12	17
4919	18	44	19
4920	70	54	65
4921	41	34	44
4922	86	79	74
4923	56	79	59
4924	8	10	2
4925	1	0	0
4926	131	100	104
4927	6	7	5
4928	110	139	120
4929	63	57	53
4930	0	0	0
4931	107	110	123
4932	329	339	326
4933	0	2	1
4934	48	85	67
4935	34	30	32
4936	40	49	30
4937	7	5	5
4938	27	17	25
4939	57	41	32
4940	37	32	29
4941	14	7	17
4942	637	518	546
4943	3	2	3
4944	2	1	2
4945	1	1	2
4946	3	3	2
4947	9	19	13
4948	54	69	49
4949	46	67	30
4950	0	0	1
4951	0	0	0
4952	57	76	63
4953	2	2	3
4954	0	0	0
4955	1	1	1
4956	12	22	16
4957	11	10	4
4958	7	8	8
4959	9	6	6
4960	18	14	13
4961	26	30	18
4962	3	7	5
4963	25	26	19
4964	1519	1382	1452
4965	9	10	5
4966	1471	1583	1371
4967	2	0	0
4968	2	1	4
4969	0	0	0
4970	0	0	0
4971	29	30	33
4972	85	74	65
4973	1	1	0
4974	4	2	1
4975	15	8	10
4976	25	26	21
4977	16	8	15
4978	22	19	24
4979	73	52	54
4980	39	26	24
4981	18	14	12
4982	16	9	13
4983	3	1	4
4984	1	0	0
4985	0	0	0
4986	33	33	27
4987	27	22	19
4988	5	5	2
4989	8	5	4
4990	26	28	19
4991	68	62	49
4992	1	0	0
4993	0	1	1
4994	11	7	3
4995	1	2	1
4996	9	7	10
4997	83	66	71
4998	31	51	41
4999	204	182	187
5000	7	13	3
5001	8	8	16
5002	2	2	3
5003	485	466	441
5004	159	161	160
5005	1	4	2
5006	0	0	0
5007	143	124	143
5008	5	6	4
5009	71	73	73
5010	23	28	27
5011	4	3	1
5012	14	8	7
5013	3	1	3
5014	31	39	40
5015	30	29	27
5016	207	198	194
5017	3	0	2
5018	21	20	18
5019	24	21	41
5020	898	902	743
5021	13	0	2
5022	13	13	20
5023	95	87	55
5024	477	484	453
5025	7	7	6
5026	56	28	54
5027	15	11	9
5028	34	47	49
5029	49	58	32
5030	3	3	5
5031	3	2	2
5032	5	8	9
5033	9	8	8
5034	78	66	80
5035	377	375	372
5036	36	39	27
5037	102	118	125
5038	21	21	20
5039	6	7	10
5040	0	0	0
5041	0	0	0
5042	4	5	4
5043	13	10	5
5044	0	3	4
5045	1	0	0
5046	187	226	167
5047	17	16	23
5048	30	30	30
5049	1	1	1
5050	2	0	2
5051	1	4	6
5052	106	86	103
5053	53	60	44
5054	19	25	32
5055	335	334	287
5056	26	19	19
5057	1	0	0
5058	74	70	65
5059	7	6	6
5060	12	4	4
5061	8	7	13
5062	554	684	618
5063	10	11	10
5064	1	1	0
5065	4	2	4
5066	7	4	5
5067	5	6	7
5068	1	0	0
5069	45	38	51
5070	3	4	1
5071	43	35	18
5072	154	133	134
5073	128	127	93
5074	95	92	95
5075	1	4	1
5076	150	146	148
5077	64	65	50
5078	30	49	24
5079	5	8	4
5080	7	10	7
5081	5	3	3
5082	3	4	7
5083	4	2	2
5084	3	4	6
5085	20	27	13
5086	55	62	65
5087	4	1	5
5088	3	1	1
5089	83	83	82
5090	28	37	28
5091	19	17	26
5092	113	110	102
5093	2	4	3
5094	20	21	25
5095	34	40	29
5096	0	0	0
5097	62	69	49
5098	479	456	418
5099	24	28	18
5100	3	4	2
5101	21	27	24
5102	135	110	109
5103	14	15	21
5104	1	2	0
5105	42	37	42
5106	1061	968	953
5107	3	6	4
5108	3	2	2
5109	9	11	26
5110	146	163	113
5111	86	83	62
5112	1	0	0
5113	13	8	23
5114	15	19	14
5115	28	30	30
5116	220	196	202
5117	0	0	0
5118	6	6	4
5119	24	15	25
5120	49	45	32
5121	265	226	188
5122	13	10	13
5123	14	11	11
5124	0	0	1
5125	2	1	2
5126	10	9	7
5127	711	740	636
5128	0	0	0
5129	2	1	1
5130	9	10	12
5131	137	131	122
5132	6	12	17
5133	1	3	2
5134	1	2	2
5135	0	0	0
5136	1	4	3
5137	7	7	2
5138	2	2	2
5139	60	48	66
5140	115	108	107
5141	8	2	3
5142	10	10	13
5143	4	8	4
5144	0	0	0
5145	15	12	20
5146	138	183	130
5147	0	3	1
5148	1	3	1
5149	1	5	2
5150	53	56	32
5151	59	48	49
5152	3	4	3
5153	1	0	2
5154	0	0	0
5155	152	116	122
5156	2	4	10
5157	68	67	52
5158	0	1	0
5159	26	32	27
5160	24	37	29
5161	51	29	49
5162	56	61	54
5163	13	23	17
5164	9	6	5
5165	63	49	61
5166	15	12	12
5167	15	12	11
5168	103	113	108
5169	3	1	6
5170	41	40	38
5171	37	70	52
5172	20	14	14
5173	84	130	101
5174	7	10	8
5175	1	0	3
5176	0	2	0
5177	44	49	50
5178	0	0	0
5179	43	37	28
5180	39	33	27
5181	0	0	0
5182	94	93	70
5183	64	64	66
5184	67	46	69
5185	312	346	320
5186	88	65	68
5187	45	46	53
5188	57	45	41
5189	25	18	25
5190	0	0	0
5191	11	12	16
5192	2	3	4
5193	48	32	38
5194	14	16	4
5195	15	12	15
5196	25	31	26
5197	51	59	45
5198	93	87	72
5199	1	2	4
5200	8	9	8
5201	137	120	109
5202	11	15	9
5203	157	156	157
5204	193	159	121
5205	1	0	0
5206	446	418	455
5207	0	0	0
5208	139	127	108
5209	4	4	5
5210	12	13	12
5211	15	12	18
5212	42	39	44
5213	107	73	76
5214	19	25	28
5215	111	108	97
5216	100	82	103
5217	0	0	0
5218	0	0	0
5219	14	10	12
5220	21	21	20
5221	6	6	6
5222	43	48	49
5223	184	180	184
5224	26	19	30
5225	125	97	91
5226	22	14	23
5227	8	7	4
5228	68	60	68
5229	96	93	121
5230	92	81	89
5231	66	55	62
5232	7	9	6
5233	6	5	4
5234	25	16	14
5235	1	0	0
5236	139	130	115
5237	0	0	0
5238	0	0	0
5239	0	0	0
5240	0	0	0
5241	0	0	0
5242	19	20	18
5243	20	14	11
5244	25	36	32
5245	1	4	5
5246	2	3	2
5247	14	15	11
5248	9	12	14
5249	30	31	19
5250	45	45	38
5251	285	310	219
5252	1	7	7
5253	1	4	0
5254	124	115	119
5255	8	10	9
5256	42	53	40
5257	1	5	1
5258	10	6	11
5259	70	72	65
5260	48	55	41
5261	49	54	51
5262	20	17	18
5263	0	0	0
5264	38	40	29
5265	7	8	7
5266	557	494	441
5267	1	1	1
5268	0	1	0
5269	22	16	6
5270	0	3	2
5271	20	14	19
5272	0	0	0
5273	0	0	0
5274	21	26	27
5275	0	0	0
5276	0	0	0
5277	7	8	3
5278	10	5	6
5279	29	33	25
5280	5	9	6
5281	53	55	41
5282	0	0	0
5283	62	60	46
5284	284	362	259
5285	16	20	17
5286	0	1	0
5287	13	17	7
5288	0	0	0
5289	43	41	43
5290	140	122	103
5291	45	38	51
5292	458	434	497
5293	39	34	35
5294	17	23	11
5295	91	90	76
5296	0	0	0
5297	11	12	9
5298	45	31	27
5299	1	0	0
5300	73	71	35
5301	17	13	8
5302	1	3	5
5303	62	48	34
5304	127	113	110
5305	80	65	73
5306	134	137	107
5307	11	24	19
5308	10	17	8
5309	50	63	44
5310	92	120	92
5311	22	20	16
5312	0	0	0
5313	51	44	41
5314	4	4	8
5315	0	0	0
5316	12	6	14
5317	2	2	0
5318	4	4	2
5319	20	15	31
5320	59	70	68
5321	722	632	599
5322	15	19	18
5323	0	4	10
5324	41	30	27
5325	26	18	15
5326	0	1	1
5327	1181	1224	1238
5328	0	1	0
5329	14	20	17
5330	5	0	4
5331	55	40	54
5332	1517	1461	1460
5333	46	28	23
5334	5	3	5
5335	24	22	36
5336	27	27	26
5337	1019	856	977
5338	4	2	2
5339	20	22	22
5340	345	298	325
5341	27	24	16
5342	2	2	3
5343	10	4	9
5344	123	123	94
5345	12	9	16
5346	10	4	8
5347	2	2	2
5348	2	3	2
5349	147	137	128
5350	60	62	78
5351	111	118	132
5352	9	6	9
5353	27	21	19
5354	22	25	33
5355	6	5	2
5356	97	90	81
5357	45	38	33
5358	6	10	7
5359	1	2	5
5360	1	0	1
5361	14	7	11
5362	0	0	0
5363	0	0	0
5364	38	37	45
5365	13	7	12
5366	22	15	23
5367	16	20	8
5368	23	16	13
5369	183	183	159
5370	18	10	23
5371	16	14	10
5372	11	8	7
5373	22	23	15
5374	4	4	4
5375	103	67	91
5376	6	6	7
5377	0	1	2
5378	2	0	1
5379	114	103	81
5380	1	2	7
5381	0	0	0
5382	5	7	2
5383	64	70	55
5384	0	0	0
5385	17	21	15
5386	68	94	80
5387	4	3	2
5388	17	24	21
5389	7	8	4
5390	8	3	4
5391	13	19	10
5392	1	5	3
5393	31	32	35
5394	52	47	70
5395	3	5	2
5396	0	1	0
5397	12	9	11
5398	190	229	224
5399	9	4	5
5400	0	0	1
5401	248	209	222
5402	5	2	6
5403	78	89	74
5404	2	3	1
5405	58	55	33
5406	5	2	3
5407	9	10	10
5408	4	8	4
5409	56	40	59
5410	85	97	98
5411	1	2	0
5412	9	9	12
5413	3	5	2
5414	18	16	23
5415	5	5	6
5416	212	178	240
5417	3	0	1
5418	1	7	4
5419	28	14	18
5420	4	4	2
5421	0	0	0
5422	12	12	11
5423	47	36	29
5424	41	37	28
5425	10	10	7
5426	8	7	5
5427	17	27	14
5428	3	3	4
5429	5	11	8
5430	7	11	7
5431	8	2	2
5432	221	176	241
5433	86	95	83
5434	64	61	64
5435	9	12	8
5436	12	5	12
5437	13	3	6
5438	135	124	109
5439	2	3	1
5440	10	8	8
5441	225	218	205
5442	133	116	96
5443	1115	1180	1028
5444	368	413	343
5445	25	33	37
5446	464	480	523
5447	95	111	94
5448	2	4	2
5449	74	78	77
5450	310	298	308
5451	210	223	157
5452	16	14	19
5453	255	238	229
5454	2	3	1
5455	0	0	0
5456	32	20	12
5457	402	332	389
5458	0	0	0
5459	4	8	4
5460	3	1	4
5461	5	1	5
5462	4	6	5
5463	319	327	274
5464	8	7	20
5465	21	19	27
5466	800	675	698
5467	5	7	8
5468	97	73	81
5469	2	2	2
5470	192	197	214
5471	32	32	24
5472	0	0	1
5473	1	5	1
5474	5	1	1
5475	0	0	0
5476	100	115	80
5477	13	8	10
5478	1	2	2
5479	0	0	1
5480	3	4	0
5481	11	10	15
5482	279	256	228
5483	6	8	1
5484	8	9	17
5485	1	0	0
5486	80	73	104
5487	25	33	30
5488	94	100	94
5489	55	96	58
5490	15	16	18
5491	22	21	26
5492	0	0	0
5493	0	0	0
5494	1	0	0
5495	0	0	0
5496	4	0	6
5497	16	16	18
5498	3	2	0
5499	19	19	26
5500	230	213	177
5501	2	1	1
5502	142	165	137
5503	175	168	151
5504	3	1	3
5505	16	16	13
5506	230	163	164
5507	24	22	25
5508	0	8	6
5509	457	442	460
5510	6	2	7
5511	6	7	2
5512	121	155	99
5513	3	0	3
5514	15	13	7
5515	26	17	19
5516	20	16	11
5517	1	1	0
5518	0	0	0
5519	25	26	15
5520	14	18	10
5521	100	74	85
5522	4	5	5
5523	8	6	10
5524	2	2	0
5525	0	1	0
5526	0	0	0
5527	0	0	0
5528	47	35	33
5529	0	2	2
5530	426	390	354
5531	606	605	543
5532	13	8	6
5533	0	0	0
5534	189	133	123
5535	84	65	59
5536	31	19	19
5537	2	6	4
5538	1	4	4
5539	7	8	3
5540	0	1	0
5541	269	244	196
5542	0	0	0
5543	11	6	8
5544	15	4	17
5545	201	155	134
5546	37	38	45
5547	8	6	5
5548	22	31	23
5549	2	1	3
5550	54	60	53
5551	8	11	12
5552	11	13	7
5553	2	2	2
5554	54	55	46
5555	3	3	8
5556	8	16	16
5557	0	1	1
5558	21	16	10
5559	2	1	2
5560	6	1	4
5561	19	13	20
5562	0	0	3
5563	12	8	8
5564	20	17	11
5565	1976	1960	1765
5566	15	14	15
5567	7	7	4
5568	65	67	56
5569	32	31	20
5570	0	4	8
5571	0	0	0
5572	4	1	1
5573	19	21	22
5574	24	31	34
5575	1	3	0
5576	54	44	45
5577	709	616	593
5578	158	179	143
5579	6	18	6
5580	5	7	8
5581	10	6	7
5582	0	0	1
5583	20	16	14
5584	63	64	33
5585	8	7	10
5586	0	3	0
5587	11	9	7
5588	3	3	2
5589	193	184	176
5590	75	74	66
5591	9	9	7
5592	4	8	2
5593	13	9	8
5594	8	3	5
5595	4	5	4
5596	257	211	203
5597	7	10	10
5598	21	7	13
5599	34	29	17
5600	0	0	0
5601	29	34	36
5602	5	4	3
5603	30	35	37
5604	40	42	35
5605	121	105	113
5606	60	55	51
5607	30	30	25
5608	6	12	6
5609	0	0	0
5610	104	131	99
5611	20	29	21
5612	15	19	7
5613	21	14	17
5614	179	208	195
5615	16	13	13
5616	0	0	0
5617	107	99	99
5618	64	38	40
5619	378	327	216
5620	38	40	48
5621	11	3	13
5622	7	6	6
5623	9	13	10
5624	8	11	10
5625	1	1	1
5626	1	0	0
5627	1	0	2
5628	0	0	0
5629	8	14	10
5630	30	28	24
5631	0	0	0
5632	8	9	10
5633	35	33	19
5634	67	83	79
5635	2	3	4
5636	32	38	22
5637	27	20	20
5638	63	51	35
5639	18	16	10
5640	0	0	0
5641	26	26	20
5642	73	60	60
5643	188	155	153
5644	1	0	0
5645	1	3	1
5646	7	3	6
5647	9	7	7
5648	9	5	9
5649	1	0	2
5650	4	4	2
5651	3	2	3
5652	0	0	0
5653	45	44	36
5654	1	0	0
5655	6	6	9
5656	13	10	11
5657	3	2	3
5658	16	18	18
5659	0	0	0
5660	197	205	169
5661	6	4	13
5662	10	15	13
5663	14	18	27
5664	198	179	180
5665	1	1	3
5666	13	4	6
5667	63	78	69
5668	192	146	159
5669	9	15	5
5670	35	31	32
5671	6	2	3
5672	122	103	83
5673	132	133	110
5674	3	1	2
5675	3	7	1
5676	28	32	22
5677	2	2	0
5678	14	13	10
5679	0	0	0
5680	7	3	6
5681	94	128	94
5682	10	10	4
5683	9	5	5
5684	9	11	6
5685	1	4	10
5686	16	24	19
5687	59	57	45
5688	2	1	3
5689	0	0	0
5690	187	153	156
5691	96	101	100
5692	11	5	10
5693	45	42	35
5694	30	27	17
5695	1075	1211	1125
5696	7	4	1
5697	25	23	20
5698	45	21	20
5699	62	64	56
5700	16	17	16
5701	2	3	3
5702	15	13	8
5703	0	0	0
5704	0	0	0
5705	21	17	9
5706	0	0	1
5707	1	0	0
5708	185	162	181
5709	97	99	84
5710	29	24	24
5711	45	59	49
5712	5	8	9
5713	433	451	514
5714	27	57	40
5715	2	1	2
5716	0	0	0
5717	0	1	2
5718	56	41	45
5719	270	238	186
5720	0	0	0
5721	10	8	8
5722	242	188	230
5723	9	5	6
5724	9	15	7
5725	12	16	9
5726	38	45	42
5727	13	8	6
5728	7	4	5
5729	57	62	51
5730	125	138	127
5731	389	415	496
5732	314	304	220
5733	72	57	52
5734	42	44	31
5735	8	5	5
5736	0	3	0
5737	5	1	1
5738	0	0	0
5739	9	9	8
5740	27	19	25
5741	47	39	35
5742	0	0	0
5743	20	14	19
5744	2	2	2
5745	5	8	4
5746	18	11	16
5747	124	108	100
5748	11	15	15
5749	601	598	524
5750	16	17	19
5751	129	163	157
5752	48	40	41
5753	15	12	5
5754	2	1	1
5755	9	9	7
5756	1	1	1
5757	117	135	121
5758	38	53	26
5759	2	3	3
5760	0	0	0
5761	227	272	249
5762	11	16	18
5763	14	9	7
5764	19	40	14
5765	24	18	23
5766	0	0	0
5767	1	1	5
5768	1	0	0
5769	3	1	3
5770	1	2	1
5771	68	59	45
5772	52	51	64
5773	1	4	8
5774	102	118	86
5775	69	64	65
5776	26	25	28
5777	0	0	0
5778	24	35	32
5779	116	92	78
5780	44	49	46
5781	7	8	7
5782	7	9	5
5783	75	77	60
5784	3	7	7
5785	8	9	13
5786	29	24	18
5787	10	11	15
5788	0	0	0
5789	1562	1645	1746
5790	772	742	765
5791	3	6	5
5792	518	491	349
5793	21	16	20
5794	359	304	415
5795	32	25	36
5796	15	17	22
5797	33	47	38
5798	2	2	2
5799	20	34	16
5800	319	309	303
5801	99	96	104
5802	9	4	1
5803	0	0	0
5804	5	2	6
5805	32	38	18
5806	37	29	29
5807	0	0	0
5808	13	9	8
5809	7	0	3
5810	139	144	138
5811	74	90	70
5812	237	235	270
5813	38	25	29
5814	0	0	0
5815	8	17	10
5816	160	165	144
5817	61	52	67
5818	19	29	16
5819	27	41	21
5820	25	31	30
5821	212	158	182
5822	0	1	0
5823	31	26	20
5824	601	588	446
5825	51	42	44
5826	0	1	0
5827	9	2	7
5828	22	26	11
5829	6	3	6
5830	36	51	47
5831	136	141	93
5832	3	1	4
5833	26	26	21
5834	22	19	17
5835	81	79	65
5836	26	20	18
5837	11	15	10
5838	52	56	53
5839	29	29	19
5840	247	251	195
5841	0	0	1
5842	40	31	21
5843	4	5	5
5844	4	1	4
5845	89	59	48
5846	0	0	1
5847	0	0	0
5848	0	2	2
5849	0	0	0
5850	6	5	6
5851	9	6	7
5852	14	14	9
5853	0	0	0
5854	23	19	22
5855	13	13	14
5856	47	44	50
5857	2	0	1
5858	139	98	103
5859	66	58	68
5860	26	37	35
5861	17	25	18
5862	13	8	6
5863	18	7	10
5864	21	7	17
5865	34	45	34
5866	0	0	0
5867	15	10	12
5868	1	0	0
5869	73	81	64
5870	0	2	0
5871	0	0	1
5872	3	5	6
5873	52	40	36
5874	12	6	7
5875	0	2	2
5876	67	78	61
5877	1	2	1
5878	2	3	2
5879	0	3	1
5880	6	6	5
5881	1	3	2
5882	0	0	0
5883	35	47	50
5884	20	19	19
5885	19	15	19
5886	0	3	2
5887	9	19	17
5888	18	22	19
5889	63	86	77
5890	43	60	51
5891	7	10	7
5892	0	0	0
5893	0	0	1
5894	461	381	396
5895	29	16	28
5896	0	0	0
5897	11	9	9
5898	0	0	0
5899	13	18	14
5900	2	1	0
5901	3	10	5
5902	36	42	46
5903	20	8	17
5904	11	14	7
5905	39	29	33
5906	56	59	34
5907	16	14	16
5908	24	17	22
5909	4	3	1
5910	7	8	7
5911	0	2	1
5912	3	2	1
5913	14	14	15
5914	70	84	77
5915	33	27	29
5916	101	135	104
5917	224	251	183
5918	204	224	241
5919	9	5	10
5920	0	2	0
5921	34	27	21
5922	1	0	2
5923	20	16	16
5924	1	2	1
5925	663	615	498
5926	55	61	38
5927	4	5	10
5928	8	8	11
5929	57	35	42
5930	0	0	0
5931	49	64	45
5932	719	680	655
5933	39	31	22
5934	6	4	6
5935	1	1	2
5936	0	0	0
5937	44	63	37
5938	323	237	227
5939	2	8	6
5940	8	16	12
5941	12	7	11
5942	10	11	12
5943	2	1	2
5944	0	0	0
5945	3112	2994	3009
5946	38	29	40
5947	23	13	20
5948	385	371	330
5949	50	52	47
5950	0	0	6
5951	11	22	35
5952	1	2	4
5953	9	10	6
5954	0	3	5
5955	53	36	35
5956	8	17	7
5957	1	1	0
5958	19	16	17
5959	1	3	3
5960	16	24	19
5961	210	197	193
5962	215	194	174
5963	3	4	6
5964	0	0	1
5965	1	3	3
5966	1	0	0
5967	0	0	0
5968	48	36	31
5969	247	241	225
5970	44	65	47
5971	7	3	5
5972	27	21	21
5973	9	5	7
5974	76	78	65
5975	46	43	50
5976	0	0	0
5977	0	0	0
5978	1	0	0
5979	155	170	128
5980	26	25	44
5981	20	17	22
5982	217	204	173
5983	0	0	0
5984	4	5	2
5985	82	79	70
5986	24	23	21
5987	16	11	12
5988	8	8	4
5989	16	19	14
5990	15	23	10
5991	137	141	146
5992	7	13	6
5993	37	31	47
5994	3	3	2
5995	15	12	16
5996	2	2	1
5997	1	3	1
5998	82	52	50
5999	121	80	94
6000	16	18	17
6001	16	22	6
6002	18	13	11
6003	17	18	21
6004	3	8	6
6005	41	31	55
6006	0	0	0
6007	3	1	0
6008	157	133	129
6009	23	27	25
6010	35	39	33
6011	377	355	395
6012	8	8	10
6013	33	34	44
6014	11	4	6
6015	5	5	4
6016	52	41	46
6017	27	9	23
6018	48	34	36
6019	2	6	4
6020	0	0	0
6021	12	10	5
6022	5	6	1
6023	37	36	40
6024	9	5	12
6025	20	23	22
6026	29	28	24
6027	3	1	10
6028	43	47	44
6029	61	66	48
