	-24	-23	-22	-21	-20	-19	-18	-17	-16	-15	-14	-13	-12	-11	-10	-9	-8	-7	-6	-5	-4	-3	-2	-1	0	1	2	3	4	5	6	7	8
GLY-ARG-TRP (GRW)	5	7	5	3	2	5	2	1	2	13	4	3	3	12	3	7	3	1	2	5	3	3	2	4	3	2	3	2	4	2	3	1	4
HIS-ALA-CYS (HAC)	8	5	4	5	5	4	2	3	4	1	3	1	7	13	9	3	7	2	4	4	3	5	0	5	2	6	1	4	4	4	3	1	3
ARG-TRP-CYS (RWC)	5	3	2	4	2	3	0	2	2	3	2	1	9	11	3	5	6	3	4	3	2	2	2	4	3	11	8	1	2	2	1	2	2
CYS-PRO-GLY (CPG)	5	9	6	11	11	9	10	4	5	6	7	6	17	28	11	13	9	9	7	4	9	11	3	11	4	4	8	15	25	9	3	3	4
ALA-ARG-MET (ARM)	13	17	11	18	16	7	18	15	10	17	15	22	25	45	11	15	13	12	13	8	11	13	14	13	11	7	6	9	10	11	18	12	21
ALA-VAL-CYS (AVC)	12	6	6	7	6	8	11	7	10	6	4	26	8	23	12	10	5	6	6	9	1	7	3	7	9	7	4	4	3	8	4	4	3
GLY-ARG-CYS (GRC)	3	4	3	5	4	2	5	5	6	4	3	7	10	18	5	26	7	11	5	5	4	6	5	7	2	6	1	4	2	6	5	6	6
PHE-ALA-TRP (FAW)	5	2	3	3	6	9	7	6	4	3	8	6	10	16	7	7	2	4	2	6	3	7	12	6	7	7	5	5	1	1	2	1	5
CYS-GLN-LEU (CQL)	6	6	6	9	3	10	8	9	4	4	4	8	8	20	5	11	6	7	2	5	4	8	9	10	9	5	4	9	5	4	9	9	6
SER-GLY-CYS (SGC)	11	5	7	5	4	4	13	3	12	6	6	3	10	18	1	7	8	6	11	2	4	2	3	7	1	8	7	8	4	3	3	8	9
HIS-TRP-ALA (HWA)	4	10	3	15	3	9	5	7	4	16	6	10	10	18	8	7	4	5	7	5	1	5	3	6	6	5	4	8	2	2	4	6	3
TRP-MET-ARG (WMR)	3	2	2	3	4	2	7	3	4	7	1	3	2	13	3	0	4	4	9	3	0	4	6	3	6	3	4	5	7	4	8	18	6
ALA-TRP-ALA (AWA)	2	8	3	2	2	1	2	1	1	2	4	2	4	9	2	3	2	4	4	3	4	8	2	7	1	2	4	1	4	3	9	0	1
THR-MET-THR (TMT)	13	8	9	5	8	13	12	6	10	11	13	4	8	30	18	9	9	10	15	7	9	6	8	9	10	9	12	16	8	14	12	17	10
MET-PRO-ARG (MPR)	3	6	5	2	6	3	1	4	5	4	8	11	6	13	4	3	4	4	3	5	9	5	0	1	9	2	13	5	3	1	4	4	0
PRO-ARG-CYS (PRC)	7	3	4	9	2	1	1	4	4	4	7	2	2	9	4	3	2	4	5	3	4	0	2	3	2	2	2	2	3	4	2	2	1
PHE-TRP-LYS (FWK)	9	4	13	10	2	6	10	6	1	6	10	6	5	23	9	7	14	12	8	18	11	6	11	10	5	9	3	7	3	9	7	10	17
TRP-GLY-ILE (WGI)	11	6	8	6	3	3	7	5	10	8	5	6	8	16	10	7	10	2	4	7	3	4	5	2	9	4	4	8	5	4	3	3	6
GLN-MET-HIS (QMH)	8	14	5	14	9	6	12	16	9	5	4	4	11	23	6	11	11	5	11	7	3	9	4	10	16	8	5	15	3	10	2	9	7
PHE-CYS-THR (FCT)	15	14	5	6	4	3	8	5	9	13	3	8	7	19	4	5	9	7	3	7	8	0	9	8	7	8	5	9	6	4	17	3	7
GLN-CYS-LYS (QCK)	6	3	2	5	5	8	8	1	3	4	4	4	3	12	5	5	7	4	6	2	10	2	8	2	3	4	5	1	6	4	7	2	4
GLU-ALA-CYS (EAC)	2	6	3	6	12	7	3	6	8	5	6	4	12	18	1	8	7	7	12	10	2	4	3	8	17	10	13	4	6	6	6	8	3
THR-ASN-ARG (TNR)	18	19	29	18	18	15	13	19	19	18	23	28	37	57	21	21	22	18	28	21	16	15	16	28	23	20	34	13	22	17	26	32	23
VAL-MET-ASN (VMN)	7	7	7	12	5	18	14	5	10	12	14	16	13	31	7	16	11	9	7	14	6	7	8	12	21	5	25	14	6	12	9	38	9
TRP-LEU-GLY (WLG)	11	7	10	12	19	16	28	8	12	13	12	15	15	30	3	19	9	6	9	9	15	12	10	7	14	7	14	6	12	5	11	11	9
CYS-VAL-ILE (CVI)	8	6	6	5	5	3	9	5	5	5	5	4	7	16	6	5	7	8	4	5	13	5	11	8	7	5	5	5	6	7	3	4	9
CYS-VAL-PRO (CVP)	10	11	17	11	6	20	10	8	6	8	9	14	9	25	17	11	12	4	11	8	12	6	6	10	19	10	3	3	7	8	8	2	11
GLN-TYR-TRP (QYW)	6	2	8	5	7	4	4	6	1	4	4	9	4	13	7	5	3	6	10	2	3	8	3	5	3	5	4	10	4	8	7	3	1
TYR-CYS-ALA (YCA)	4	2	2	3	5	1	5	1	4	1	10	6	5	9	0	5	8	3	4	6	1	3	3	2	1	5	3	3	4	5	5	0	4
TRP-MET-HIS (WMH)	5	8	0	3	2	2	4	6	0	1	6	5	4	10	6	11	7	5	7	3	1	2	4	4	4	2	2	8	4	1	2	4	5
GLN-ASN-CYS (QNC)	6	3	5	1	2	7	5	0	2	5	2	3	2	9	3	3	6	5	2	2	3	7	3	3	6	4	4	2	4	2	7	4	3
TRP-ARG-GLN (WRQ)	3	5	9	4	2	2	4	6	2	5	6	5	9	13	4	6	5	10	7	2	3	8	8	9	5	5	2	4	2	4	6	13	4
ARG-MET-LYS (RMK)	34	32	31	38	25	18	27	51	27	27	22	33	38	64	21	20	22	20	21	28	14	18	25	13	22	19	18	30	13	23	28	55	23
TYR-ALA-VAL (YAV)	29	13	10	21	27	20	18	18	15	18	22	19	12	43	12	18	24	12	19	22	16	23	19	24	14	26	13	15	14	15	10	17	12
PHE-ILE-MET (FIM)	1	4	5	9	7	6	12	3	6	5	7	6	7	12	2	7	3	4	6	2	9	4	3	4	6	5	1	6	3	3	7	4	2
MET-VAL-MET (MVM)	6	3	2	2	3	2	5	4	6	8	2	13	10	13	10	6	7	0	3	8	3	5	2	6	10	4	6	4	7	8	4	7	7
CYS-LYS-ASN (CKN)	2	2	5	2	3	5	5	5	5	5	7	9	11	19	8	14	9	6	13	11	7	9	8	9	8	10	4	26	5	11	11	12	6
GLU-PHE-TRP (EFW)	1	6	5	4	3	4	0	1	4	2	6	2	2	9	2	6	9	3	3	5	2	2	8	6	9	5	6	4	3	4	0	1	2
CYS-ALA-GLU (CAE)	6	9	6	6	2	1	1	7	9	5	5	4	2	11	2	7	8	3	5	5	3	2	6	5	6	3	4	9	2	1	5	3	6
VAL-TYR-ARG (VYR)	19	20	13	19	15	14	13	14	14	14	9	17	17	42	31	36	32	12	17	16	18	21	18	20	22	11	15	11	9	8	25	25	21
ILE-ASP-TRP (IDW)	18	13	5	14	14	11	9	22	13	4	16	28	23	31	14	8	8	9	13	20	11	12	13	11	10	7	8	9	27	5	23	11	11
TRP-ILE-TYR (WIY)	4	6	2	8	1	1	1	8	5	5	3	4	0	7	3	3	5	1	2	1	2	1	2	2	4	5	2	5	3	2	1	2	1
MET-MET-ILE (MMI)	2	5	4	2	1	3	5	2	3	4	2	3	1	7	4	3	1	3	3	5	5	4	2	1	3	4	3	3	5	3	1	3	2
THR-TRP-LEU (TWL)	13	10	6	9	14	10	8	12	9	23	19	12	16	27	7	10	10	7	12	14	9	9	10	9	18	10	30	7	4	15	9	10	6
PHE-HIS-TYR (FHY)	5	5	5	6	2	5	4	4	4	3	7	9	2	9	5	2	3	2	2	4	2	3	5	3	4	7	1	4	5	2	2	5	1
ILE-GLY-CYS (IGC)	12	14	16	18	6	20	13	17	20	11	13	9	14	30	17	13	10	7	13	12	9	13	23	9	7	20	13	5	15	12	9	21	5
ALA-MET-PHE (AMF)	10	9	5	8	15	6	8	10	9	12	12	10	8	24	14	11	9	12	14	10	6	16	15	11	13	9	7	11	8	18	8	15	4
GLY-LYS-CYS (GKC)	18	11	12	15	15	19	11	18	8	13	8	6	17	25	7	14	9	11	14	9	14	14	10	12	4	6	6	9	11	5	12	5	4
CYS-ASP-ILE (CDI)	8	4	5	6	4	5	9	5	2	7	8	3	6	15	6	12	7	11	7	11	5	12	7	8	7	4	5	8	2	6	7	4	8
HIS-SER-TYR (HSY)	16	12	7	10	4	15	11	8	19	29	13	21	12	30	24	9	11	13	9	16	20	10	12	15	12	31	8	17	3	9	5	12	5
