	-30	-29	-28	-27	-26	-25	-24	-23	-22	-21	-20	-19	-18	-17	-16	-15	-14	-13	-12	-11	-10	-9	-8	-7	-6	-5	-4	-3	-2	-1	0	1	2
ALA_GCT	11692	11196	10856	11752	11559	10736	11808	11172	10627	11692	11408	10869	11522	11304	10863	11932	11484	11030	11844	11684	11196	12748	11368	11099	12430	11202	10922	12422	13035	9892	13101	8435	8105
ALA_GCC	4297	4273	4066	4080	4144	3877	4228	4166	4040	4241	4137	3999	4234	4114	4085	4194	4234	3966	4369	4382	4168	4765	4316	4158	4567	4285	4214	4863	5555	3880	4435	2921	2991
ALA_GCA	5010	4883	4590	5008	4929	4420	5054	5008	4478	5124	4995	4592	5905	5463	4786	5200	5202	4665	5913	5190	4805	5870	5054	4676	5644	4873	4692	5355	5665	3969	5480	3420	4006
ALA_GCG	667	650	584	702	581	585	629	585	618	623	642	598	1005	916	651	684	620	592	661	652	564	643	667	608	794	607	621	662	737	518	686	501	437
ARG_CGT	2324	2281	1994	2315	2227	1972	2377	2286	2103	2424	2349	2177	2576	2489	2175	2547	2494	2171	2648	2506	2153	2387	2403	2235	2464	2465	2091	2341	2163	1920	2090	1906	1129
ARG_CGG	282	292	247	258	275	228	271	282	259	295	311	248	473	441	244	380	349	266	306	314	275	283	285	267	319	311	249	305	256	292	316	130	122
ARG_CGC	215	240	191	225	236	187	205	229	164	224	238	226	343	298	183	239	201	204	241	204	189	249	216	176	223	261	249	247	225	264	212	181	122
ARG_CGA	1181	1123	994	1256	1197	936	1221	1195	1008	1188	1239	1048	1789	1660	1091	1507	1447	1071	1272	1322	1028	1147	1213	1061	1238	1256	1060	1195	1290	1105	1102	997	763
ARG_AGA	11919	11324	10631	11838	11319	10782	12311	11457	10856	12121	11735	10761	12040	11515	11132	12741	11620	10931	12594	12101	10922	12242	12257	11527	12230	11865	10720	10986	11520	10395	11817	14067	10065
ARG_AGG	834	819	705	898	817	784	893	803	717	863	849	823	1024	890	819	923	891	759	1004	857	774	909	911	899	900	836	700	795	838	765	955	597	504
ASN_AAT	13490	12950	11740	13566	13159	11934	13289	12798	11552	13467	12671	11507	13428	12397	11111	13660	13212	11543	12763	12652	11541	12891	12791	11663	13784	12764	11618	13525	11737	11854	15208	17365	11818
ASN_AAC	6598	6342	5783	6709	6210	5893	6693	6321	6234	6608	6497	6064	6578	6339	5842	6814	6546	6102	6481	6193	6048	6679	6625	6096	6600	6735	6165	6887	6089	6379	7574	8624	6855
ASP_GAT	18564	17928	16766	18181	17782	16855	18610	17777	17063	18112	17736	17128	18748	17763	17467	18168	17075	16809	17831	17861	17338	19414	18541	17271	18622	17852	16625	17628	16882	15383	18375	15630	22776
ASP_GAC	5851	5584	5528	5798	5616	5295	5660	5519	5446	5800	5603	5605	6142	5812	5637	5721	5596	5392	5806	5711	5768	6345	5969	5432	5728	5648	5364	5476	5730	5341	5738	5361	7941
CYS_TGT	2489	2479	2254	2316	2403	2294	2513	2401	2188	2598	2425	2256	2562	2310	2174	2289	2135	2163	2255	2449	2240	2316	2505	2193	2371	2390	2283	2319	2370	2375	2282	2145	1439
CYS_TGC	313	296	287	333	300	269	297	286	255	303	255	262	404	329	292	271	315	267	300	323	288	380	353	288	327	361	271	303	312	350	208	324	187
GLN_CAA	15024	14513	13459	15145	14447	13219	14936	14517	13616	15102	14840	13221	14111	13881	13643	15041	14262	13647	15050	14270	13649	14170	14742	13715	15159	15440	14190	16082	14459	13226	14001	16834	13733
GLN_CAG	2458	2373	2242	2487	2322	1951	2442	2343	2062	2477	2431	2150	2552	2515	2253	2583	2409	2163	2555	2550	2234	2500	2472	2282	2587	2667	2342	2886	2381	2274	2401	2243	1919
GLU_GAA	27446	26170	25642	27529	26340	25534	27890	26600	25632	27263	26412	25931	26800	25948	25697	26120	25323	25916	27656	26157	25517	27731	26258	25780	27206	25696	25064	25230	25506	23268	25967	23476	43015
GLU_GAG	5426	5229	4967	5385	5263	4798	5296	5245	4969	5502	5206	4908	5557	5317	4805	5287	5527	4939	5334	5195	5039	5459	5348	5016	5459	4856	4487	4787	4754	4278	4891	4263	7073
GLY_GGT	11939	11382	10860	11774	11488	10795	11742	11436	10997	11806	11415	10867	12035	11789	10748	12164	12358	11065	11648	11722	10563	11861	11958	10489	11414	11544	10279	11320	12518	10021	8664	9089	7889
GLY_GGC	1230	1270	1042	1221	1281	1111	1194	1161	1094	1244	1225	1123	1586	1394	1128	1264	1285	1106	1204	1318	1118	1421	1209	1145	1252	1280	1096	1326	1550	1351	800	1136	876
GLY_GGA	4456	4141	3827	4431	4347	3907	4505	4459	3872	4563	4263	3971	4820	4658	3934	4592	4503	3904	4531	4363	3924	4590	4343	3941	4337	4105	3673	4033	4659	3208	2894	3608	3927
GLY_GGG	1885	1902	1586	1858	1774	1661	1986	1855	1628	1943	1822	1712	2069	1878	1692	1933	2001	1678	1826	1810	1714	1969	2017	1752	1876	1769	1697	1883	2302	1752	1236	1010	1671
HIS_CAT	4607	4176	3836	4367	4078	3927	4189	4091	3899	4419	4091	3738	4153	4055	3764	4491	4413	3944	4211	4280	3644	4264	4166	3871	4393	4459	3722	4970	3634	3687	4162	5194	3220
HIS_CAC	2082	2100	1956	2170	2093	2041	2208	2105	2054	2311	2119	1979	2188	2146	2105	2193	2220	2080	2251	2216	2171	2306	2101	1997	2141	2394	2245	2577	2147	2222	2030	2457	1963
ILE_ATT	12243	11707	10875	12027	11717	11023	12041	11754	10898	12198	11473	10878	11787	11501	11000	11743	11439	10915	11900	11733	10629	11747	11476	10814	12444	11550	11058	12127	11087	11975	14756	11689	10134
ILE_ATC	4076	4000	3784	4352	4287	3835	4451	4146	3950	4378	4128	4126	4095	4056	4033	4357	4209	3940	4081	4256	3777	4397	3965	4047	4200	4107	4089	4299	4168	4593	4887	3816	3991
ILE_ATA	4059	3762	3338	3850	3841	3422	3915	3754	3378	3958	3737	3462	4125	3889	3719	4270	3775	3469	4087	3717	3392	3831	3775	3551	4020	3708	3414	3902	3909	3637	4859	3872	3813
LEU_TTA	11578	10927	10439	11703	11333	10396	11719	11217	10416	11477	11117	10461	11522	10827	10632	11635	10901	10437	11362	10669	10382	11693	10868	10208	11506	11582	10457	11504	12279	11959	11192	11992	9750
LEU_TTG	12486	12161	11109	12739	12016	11462	12708	12208	11447	12536	11728	11169	12025	11686	11567	12767	11975	11007	12214	11329	11828	12237	11662	11190	12461	12024	11458	12239	12169	12135	12744	11056	7442
LEU_CTT	2177	2110	1849	2299	2079	2033	2132	2153	2028	2256	2117	2019	2398	2134	1984	2125	1893	2054	2350	2259	1899	2181	2208	1976	2333	2265	2081	2528	2037	2191	2180	2457	1532
LEU_CTC	536	451	478	522	527	444	515	465	480	557	509	454	532	486	508	538	496	413	520	550	469	572	487	499	492	531	501	628	480	613	557	546	342
LEU_CTA	1073	1011	859	1074	1010	954	1013	1021	878	1000	939	921	1276	1194	870	1226	1085	957	1140	1076	945	976	1068	883	968	1092	993	1082	984	1029	1016	1079	844
LYS_AAA	22607	21911	20654	22849	21639	20646	22771	21579	20448	22625	21713	20343	23079	21737	20376	22430	22244	20559	23609	21757	20485	21992	21654	20741	22662	21813	20931	22642	20715	20051	23122	27389	24422
LYS_AAG	9763	9851	9315	10154	9770	9306	10294	9818	9219	10315	9898	9293	10766	10348	9261	10381	10193	9470	10545	9884	9368	10116	10197	9670	10297	10117	9123	9734	9085	8838	10555	11573	8926
PHE_TTT	7359	6877	6377	7210	7035	6392	7239	7068	6529	7323	7060	6440	6660	6571	6401	7464	6958	6277	6880	6688	6392	6891	6822	6224	6780	7488	6311	7427	7123	7305	6990	7987	5024
PHE_TTC	4454	4408	4327	4733	4377	4273	4637	4392	4151	4508	4331	4043	4221	4235	4117	4709	4423	4306	4542	4423	4279	4683	4435	4191	4378	4501	4481	4816	4727	5225	4538	4878	3913
PRO_CCT	3797	3579	3312	3740	3572	3356	3895	3642	3288	3792	3700	3426	3958	3670	3187	4434	4199	3368	4411	3793	3254	3631	3565	3190	3902	3696	3586	4672	3665	3955	3642	3861	2551
PRO_CCC	919	893	824	834	830	765	860	872	743	927	887	796	984	958	793	981	900	780	1024	960	777	899	844	754	917	984	859	1305	1097	1140	1026	856	607
PRO_CCA	9702	9497	8757	9658	9237	8909	9835	9269	8952	9781	9351	8511	10093	9932	8506	10733	9870	9396	11155	9843	9255	10209	9137	8997	10078	9293	9489	11503	9680	9459	8922	9061	7354
PRO_CCG	717	769	609	752	699	632	719	760	653	755	664	662	924	875	653	821	775	638	849	799	689	804	635	684	881	676	733	958	699	796	853	778	418
SER_TCT	7456	7075	6756	7463	7132	6883	7183	6954	6603	7220	7030	6558	7122	6865	6626	6973	6746	6627	7055	6885	6600	7248	6763	6208	7193	6934	6728	7875	7249	7274	7088	7780	4746
SER_TCC	2811	2732	2721	2821	2858	2626	2876	2780	2606	3044	2742	2686	2878	2625	2630	2714	2745	2672	2764	2787	2685	3081	2692	2621	2825	2858	2779	3182	3108	3166	3124	2606	1977
SER_TCA	7548	7120	6624	7655	7283	6648	7638	7197	6639	7610	7405	6752	7300	7255	6530	6931	6921	6391	7581	7195	6541	8088	7250	6709	7508	7230	6847	7870	7935	6791	7451	7596	5585
SER_TCG	1690	1617	1596	1756	1693	1530	1755	1681	1645	1793	1733	1485	1685	1709	1612	1813	1664	1575	1833	1679	1558	1814	1638	1480	1814	1671	1602	1796	1708	1452	1723	1869	901
SER_AGT	5213	4976	4451	5383	5091	4583	5371	5127	4672	5375	5170	4707	5261	5170	4629	5225	4996	4548	5263	5287	4692	5253	5447	4894	5289	5380	4806	5002	4879	4565	5169	5710	3162
SER_AGC	1474	1449	1250	1413	1278	1282	1528	1395	1357	1475	1423	1269	1479	1446	1300	1506	1451	1318	1558	1502	1448	1559	1546	1289	1414	1507	1334	1428	1446	1503	1280	1862	1056
SER_CTG	895	925	782	909	861	813	969	918	819	954	900	810	1081	1005	820	994	825	785	987	874	875	956	898	833	999	919	890	1042	856	789	1180	808	497
THR_ACT	9307	8801	8737	9190	8872	8435	9253	8929	8431	9569	8882	8384	8703	8501	8185	9019	8583	8020	9125	8599	8253	9064	8621	8381	9765	8510	8215	9556	8493	8191	11471	9555	7367
THR_ACC	4225	4265	3765	4204	3987	3844	4135	4036	4085	4229	4077	3899	3814	3760	3926	4118	4121	3819	4281	4101	3732	4381	4038	3902	4519	3908	3986	4519	4532	4151	5271	3692	3556
THR_ACA	4789	4456	4063	4619	4323	4243	4664	4526	4239	4953	4827	4254	5065	4719	4135	4750	4580	4044	5033	4608	4301	4851	4578	4241	5187	4346	4509	5006	4642	4302	6135	4687	4228
THR_ACG	1012	897	876	949	920	834	952	915	855	1008	921	880	1116	949	890	1086	913	871	1015	968	889	991	889	890	1047	877	838	988	874	875	1307	1011	611
TRP_TGG	2871	2786	2483	2726	2518	2391	2780	2739	2588	2812	2711	2553	3027	2886	2442	2729	2697	2581	2888	2711	2499	2847	2803	2712	3005	2904	2545	2792	2796	3053	2904	1732	2132
TYR_TAT	6423	6116	5765	6726	6420	5948	6601	6357	5559	6610	6310	5607	6564	6288	5547	6530	6015	5688	6289	6213	5636	6121	6126	5485	6213	6429	5668	6752	6044	6278	6569	7913	4953
TYR_TAC	3496	3494	3425	3600	3492	3322	3503	3537	3201	3695	3552	3309	3574	3475	3098	3543	3523	3205	3493	3475	3270	3515	3389	3254	3429	3731	3381	3814	3889	3885	3361	4774	3062
VAL_GTT	11122	10709	10407	11304	10867	10293	11061	10788	9912	10822	10455	10143	10661	10496	10256	10767	10388	10349	10814	10881	10003	11320	10517	10054	11113	10276	9865	11161	10202	9860	10845	7622	11947
VAL_GTC	3403	3263	3399	3459	3276	3307	3419	3308	3208	3442	3440	3342	3229	3344	3247	3485	3349	3481	3379	3451	3342	3635	3591	3178	3501	3310	3392	3682	3609	3423	3185	2298	4130
VAL_GTA	2647	2551	2278	2693	2488	2366	2640	2571	2357	2591	2479	2456	2611	2506	2429	2699	2598	2354	2621	2546	2331	2734	2511	2273	2641	2445	2429	2492	2498	2214	2511	1723	2854
VAL_GTG	3133	2841	2570	3052	2976	2657	3043	2892	2575	3043	3024	2756	3275	3069	2792	3268	2806	2690	3034	2933	2693	3153	2878	2584	3150	2738	2636	2967	2839	2267	3081	1826	2149
TERM_TAA	305	266	253	239	249	262	211	205	242	227	196	235	577	507	228	224	192	179	172	127	199	157	179	168	156	144	143	164	151	155	129	149	155
TERM_TGA	42	43	30	36	51	44	48	39	31	45	59	50	123	153	51	46	49	29	43	30	34	42	37	28	23	29	37	25	28	29	16	21	17
TERM_TAG	102	85	67	94	75	72	77	82	69	72	82	68	160	167	86	75	55	51	48	54	62	40	40	50	57	42	35	38	56	59	39	54	84
MET_ATG	5353	5035	4492	5274	4980	4611	5222	5039	4649	5328	4986	4678	5214	4888	4710	5453	5103	4790	5366	4756	4523	5046	4814	4665	5424	4940	4644	5070	4749	4713	6975	5051	3448
