	-27	-26	-25	-24	-23	-22	-21	-20	-19	-18	-17	-16	-15	-14	-13	-12	-11	-10	-9	-8	-7	-6	-5	-4	-3	-2	-1	0	1	2	3	4	5
PRO-GLY (PG)	625	617	577	692	623	630	591	572	551	660	659	554	1032	1019	662	852	780	649	737	622	552	693	707	655	778	655	679	691	802	463	454	453	506
TRP-CYS (WC)	44	51	57	46	49	54	50	39	54	52	46	37	50	64	51	35	43	44	47	49	35	53	58	37	47	54	48	45	20	31	38	30	25
GLY-TRP (GW)	188	212	146	176	161	146	167	157	162	181	175	178	186	221	142	167	202	168	171	184	165	206	159	162	177	173	139	96	128	165	187	99	120
VAL-CYS (VC)	169	197	170	158	193	174	161	161	165	176	171	199	194	206	180	157	163	144	167	158	150	151	148	117	144	166	141	159	99	169	134	132	80
GLY-GLY (GG)	1835	1725	1528	1837	1858	1635	1742	1816	1646	1870	1928	1653	2052	2157	1683	1853	2099	1666	1807	1978	1548	1814	1801	1395	1784	2150	1463	1101	1650	1300	1027	1166	1397
HIS-TRP (HW)	47	51	37	59	40	37	55	43	30	56	50	61	54	64	56	37	54	44	79	42	61	43	61	52	76	47	63	59	57	51	45	27	48
PRO-ASP (PD)	714	760	730	727	716	675	714	720	658	763	759	688	1076	928	756	991	787	710	687	739	682	833	683	735	968	817	765	681	691	415	670	630	817
GLY-ARG (GR)	1163	1036	996	1099	1012	1019	1152	1085	1028	1224	1207	952	1255	1241	963	1161	1033	989	1167	1065	973	1104	1160	931	1222	1216	972	651	591	709	797	773	731
ASN-ARG (NR)	719	728	693	728	672	714	748	706	714	855	768	616	946	921	789	769	705	687	814	817	632	753	748	741	820	724	703	877	1015	751	860	883	633
MET-HIS (MH)	97	112	68	84	71	72	105	104	72	78	65	67	67	100	79	97	91	115	83	77	73	75	67	64	94	75	92	120	83	65	60	104	79
TRP-TRP (WW)	39	65	54	58	62	45	58	53	44	68	49	52	70	62	48	56	44	50	62	56	35	70	48	46	58	63	82	53	35	36	53	23	30
LEU-TRP (LW)	154	144	139	169	188	141	148	151	166	181	172	154	197	189	151	146	161	177	172	152	162	152	136	152	188	209	176	172	172	158	175	110	118
PRO-HIS (PH)	339	298	270	290	298	264	346	316	328	357	342	234	332	360	243	376	350	279	275	280	277	370	289	306	367	339	303	352	271	239	279	356	259
GLY-HIS (GH)	362	344	325	354	310	298	327	348	310	375	330	302	343	395	348	372	338	342	372	375	358	343	303	334	315	481	331	335	272	247	335	385	266
CYS-MET (CM)	45	46	45	57	48	29	57	32	34	38	37	38	56	46	27	41	40	40	29	48	50	48	41	34	32	33	30	30	38	19	74	30	16
GLY-ILE (GI)	1052	1053	960	1189	1118	1004	1124	1061	1011	1231	1140	1048	1156	1208	1054	1150	1156	985	1141	1173	982	1118	1054	915	1032	1174	879	758	785	847	1095	848	876
GLY-ALA (GA)	1207	1158	1051	1135	1216	1114	1162	1062	1104	1215	1243	1145	1307	1295	1166	1199	1211	1093	1194	1226	1067	1233	1185	1114	1091	1151	964	908	1128	921	986	781	835
ASP-PRO (DP)	695	751	591	727	668	722	763	716	648	703	696	630	843	837	648	737	801	679	895	881	698	773	693	635	736	747	687	872	656	931	702	657	488
TYR-TRP (YW)	106	97	77	101	96	68	96	106	68	83	91	86	114	107	89	95	89	98	72	88	61	106	111	100	107	103	126	100	113	88	99	46	79
HIS-LYS (HK)	462	374	400	434	413	375	464	437	464	427	423	383	483	503	418	436	450	426	518	478	372	399	428	425	497	396	414	383	523	351	474	451	564
TRP-PRO (WP)	48	62	58	58	73	62	56	84	62	82	94	62	73	80	65	79	79	76	127	78	66	85	92	56	80	70	60	85	50	41	68	54	33
MET-ASN (MN)	307	256	278	320	305	282	291	238	289	303	244	303	382	356	282	306	279	287	292	240	247	253	282	250	323	277	243	382	305	192	299	1061	289
GLY-ASN (GN)	998	980	929	1029	1019	836	1056	1042	976	1138	1086	874	919	1109	975	1097	1096	952	1121	1066	914	984	1023	870	1031	1047	747	691	730	859	993	950	950
HIS-ARG (HR)	373	334	333	336	317	327	350	334	316	347	355	316	449	412	365	380	364	379	387	440	294	389	441	357	496	335	369	358	436	291	333	339	308
HIS-TYR (HY)	198	220	161	187	205	185	233	197	169	203	198	190	226	227	173	204	176	162	201	173	203	211	205	186	246	205	145	250	259	160	194	269	179
GLY-THR (GT)	964	968	907	956	974	928	1017	941	960	1017	1049	842	1036	1051	1006	1014	945	865	1052	1002	824	996	897	794	990	965	855	760	695	724	1062	770	771
MET-GLN (MQ)	243	235	181	241	229	201	233	241	179	222	209	208	250	252	219	233	220	181	218	193	197	218	227	234	245	240	227	308	248	154	137	325	191
GLY-ASP (GD)	1124	1098	1126	1105	1153	1092	1161	1061	1120	1327	1157	1012	1292	1250	1177	1155	1093	1102	1096	1154	1096	1178	1139	1113	1098	1376	1048	805	894	771	988	850	1291
ARG-ARG (RR)	1208	1138	1028	1237	1178	1029	1191	1240	1004	1274	1258	1190	1389	1336	1131	1470	1317	1091	1145	1333	1162	1288	1270	1108	1126	1196	1015	1026	1097	922	1763	1151	914
ILE-GLY (IG)	1041	956	893	1001	1026	938	1043	941	900	1026	955	887	1055	1082	851	1165	1111	862	996	974	924	1052	989	842	986	933	980	1115	1123	808	737	898	711
PRO-TYR (PY)	385	360	295	394	391	377	380	450	296	397	412	366	457	429	351	451	336	368	392	372	374	379	351	422	460	391	401	387	372	316	337	465	322
TYR-CYS (YC)	122	114	119	101	100	90	105	90	93	104	127	99	124	123	95	132	108	88	127	125	116	136	116	106	122	103	117	95	132	100	104	115	75
GLY-VAL (GV)	1166	1126	1114	1183	1093	1094	1123	1046	1082	1202	1165	998	1235	1190	1068	1067	1072	992	1129	1131	1029	1176	1116	1038	1065	1255	1090	772	845	829	912	734	940
VAL-GLY (VG)	982	1015	1110	1042	1065	936	1065	1057	983	1124	1014	1001	1135	1093	895	1103	1110	980	1042	955	968	1064	973	980	1039	936	727	954	850	1040	573	723	687
PHE-ALA (FA)	611	623	569	619	618	555	640	624	561	591	627	556	662	686	554	613	571	590	713	657	617	681	631	554	698	653	707	608	815	455	690	433	459
THR-TYR (TY)	472	464	445	506	445	426	511	499	404	533	453	489	544	535	443	495	506	467	460	465	418	486	403	431	500	470	439	621	530	514	489	536	426
HIS-PRO (HP)	361	328	335	346	333	333	380	321	326	350	336	350	432	405	331	393	385	303	424	342	322	367	326	354	422	319	445	361	472	371	406	392	320
PRO-TRP (PW)	112	105	137	95	112	99	104	131	107	114	137	117	140	129	100	148	109	105	115	125	110	118	134	112	145	134	110	130	124	101	128	71	62
PRO-GLU (PE)	1191	1085	1163	1207	1171	1067	1218	1171	1060	1253	1226	1091	1401	1331	1180	1314	1263	1129	1270	1165	1142	1346	1242	1207	1479	1239	1192	1097	1228	740	1044	966	1668
SER-TRP (SW)	185	190	152	173	159	176	190	168	207	175	184	152	186	198	140	195	162	178	208	176	188	215	172	190	209	199	163	183	204	191	184	116	115
ARG-SER (RS)	1019	1012	914	1158	1088	967	1031	991	979	1136	1043	1008	1130	1126	952	1062	1042	888	1039	1067	1110	1163	1088	931	988	1067	927	987	1158	729	1184	862	618
GLY-CYS (GC)	213	197	181	186	186	206	243	205	196	201	174	192	212	200	179	184	158	158	195	194	181	184	211	154	170	211	169	122	158	139	158	145	95
ARG-PRO (RP)	623	542	578	568	580	541	552	527	567	626	632	557	681	656	517	648	578	580	685	587	651	592	607	538	560	576	578	748	782	543	625	520	416
TYR-MET (YM)	172	192	154	191	145	111	136	184	124	134	137	110	134	161	132	154	134	142	130	172	108	115	134	120	167	150	146	145	160	115	226	137	130
GLY-GLU (GE)	1299	1240	1233	1352	1177	1142	1304	1352	1114	1342	1184	1153	1355	1321	1219	1176	1241	1165	1347	1249	1194	1205	1237	1133	1184	1310	961	842	964	870	1127	914	1496
PRO-PRO (PP)	1109	1065	1008	1156	1102	976	1170	1115	1004	1188	1032	929	1346	1212	955	1618	1271	1000	1260	1019	953	1151	931	1019	1348	957	1168	1239	977	999	992	1004	917
ALA-ARG (AR)	1127	1033	1044	1098	1041	1029	1089	1073	1034	1178	1078	1035	1149	1187	1058	1354	1171	1119	1274	1174	1119	1246	1117	1170	1290	1231	839	1118	740	769	859	912	804
GLY-SER (GS)	1485	1511	1284	1472	1483	1350	1498	1417	1386	1572	1533	1381	1547	1504	1374	1384	1338	1223	1490	1519	1288	1451	1453	1246	1369	1674	1263	1121	1154	1104	1288	1098	905
MET-GLY (MG)	355	348	328	392	335	305	349	344	368	362	342	349	381	381	315	324	356	326	347	328	311	395	339	323	329	338	374	524	428	172	245	504	226
PRO-SER (PS)	1244	1123	1052	1262	1178	1079	1339	1123	1150	1289	1267	1015	1331	1311	1113	1304	1207	1024	1236	1140	1111	1380	1245	1113	1538	1273	1359	1248	1186	986	1163	1118	875
