	-24	-23	-22	-21	-20	-19	-18	-17	-16	-15	-14	-13	-12	-11	-10	-9	-8	-7	-6	-5	-4	-3	-2	-1	0	1	2	3	4	5	6	7	8
CYS-ALA-GLU (CAE)	6	4	3	2	3	3	3	1	3	4	3	2	2	16	7	4	6	0	1	7	2	3	4	2	5	4	4	10	1	2	4	2	7
CYS-GLN-LEU (CQL)	6	4	9	3	12	2	7	12	9	3	6	5	6	27	4	10	7	7	5	8	8	5	9	4	4	7	5	8	2	6	5	11	8
MET-TRP-ALA (MWA)	5	3	1	2	1	2	4	2	1	3	1	3	5	12	2	4	2	3	2	5	1	2	6	6	9	2	4	2	0	0	3	3	3
CYS-PRO-GLY (CPG)	12	6	6	12	10	7	8	7	5	11	7	9	22	32	3	10	7	2	12	11	6	9	10	11	4	11	2	25	28	9	4	3	2
GLN-MET-HIS (QMH)	6	7	5	4	7	3	6	9	4	8	1	2	3	21	4	3	13	3	7	4	7	5	12	5	11	8	5	8	3	3	8	11	10
MET-GLN-ASP (MQD)	5	3	7	6	22	7	10	5	2	7	9	6	10	23	8	6	6	9	4	4	9	4	10	3	8	2	5	5	9	6	8	9	7
PHE-LEU-TRP (FLW)	7	4	3	3	8	3	2	6	1	3	6	8	6	15	7	4	5	5	5	12	2	4	4	6	3	4	3	4	2	6	2	4	3
ARG-TYR-MET (RYM)	5	5	6	24	12	2	9	10	6	8	3	2	8	19	6	5	4	10	5	7	5	4	5	3	4	8	3	6	8	5	5	2	2
ILE-TYR-CYS (IYC)	3	3	4	2	8	2	4	3	5	3	2	2	5	11	2	6	4	3	3	4	2	4	6	6	5	2	3	3	7	3	2	3	1
PHE-PRO-TRP (FPW)	6	5	5	5	7	5	10	4	4	3	3	4	5	14	5	4	3	1	5	6	5	0	3	5	7	4	4	10	7	1	3	5	3
TRP-ASP-PRO (WDP)	3	6	4	6	6	8	6	5	1	8	5	3	7	17	5	1	5	4	13	11	7	4	7	6	4	5	4	22	1	5	4	3	4
ARG-PHE-MET (RFM)	9	7	4	6	6	4	4	5	3	4	6	4	8	17	6	11	5	4	5	4	4	5	5	6	10	5	1	5	5	4	25	3	4
CYS-TRP-GLU (CWE)	2	7	10	4	22	4	16	2	4	7	5	4	2	22	8	4	5	6	3	10	12	5	4	8	9	11	4	22	3	4	13	5	21
TRP-PHE-ALA (WFA)	3	3	1	4	9	6	5	3	6	5	3	5	4	11	5	3	5	2	5	3	5	5	4	3	3	4	3	2	3	1	4	5	1
ALA-PHE-TRP (AFW)	8	3	5	4	6	2	2	5	4	6	3	5	9	13	5	5	8	4	8	3	3	3	5	5	6	2	2	3	6	2	6	3	5
ASN-THR-TRP (NTW)	25	7	3	10	4	7	4	6	5	1	8	7	13	22	9	4	27	8	2	7	4	6	7	6	13	11	5	10	6	11	6	4	3
ILE-TRP-CYS (IWC)	6	3	7	6	3	3	5	6	6	8	6	5	5	13	6	3	4	2	6	5	4	4	6	2	3	13	3	4	2	6	4	3	1
THR-ASN-ARG (TNR)	21	22	21	20	11	19	19	13	18	18	18	18	69	63	31	21	18	21	28	23	21	23	20	25	34	20	12	28	30	14	28	31	20
MET-PRO-ARG (MPR)	4	3	2	5	5	4	1	7	2	3	2	5	7	9	0	3	1	4	1	6	1	4	7	2	5	1	1	3	3	3	2	3	5
GLN-MET-GLU (QME)	7	12	11	9	14	22	13	11	15	11	8	11	11	32	9	6	12	10	10	9	7	15	5	11	6	10	14	19	15	11	7	24	19
VAL-LEU-TRP (VLW)	6	4	7	2	10	8	5	7	5	4	8	6	11	17	2	2	5	5	7	6	8	8	9	7	6	7	3	6	6	7	9	7	6
TRP-GLN-GLN (WQQ)	7	6	7	5	6	3	5	3	4	7	2	0	2	11	0	7	3	1	9	5	3	3	4	9	2	1	1	1	2	3	6	7	5
PRO-SER-CYS (PSC)	5	2	11	4	3	3	8	5	2	7	2	3	7	11	6	3	1	4	7	5	7	5	5	2	4	1	0	2	0	7	3	3	3
LEU-GLN-CYS (LQC)	3	2	7	6	8	9	4	7	5	5	4	2	4	15	7	6	7	5	6	4	6	3	10	7	8	4	2	2	6	11	6	9	4
ARG-LEU-LYS (RLK)	166	136	133	148	137	117	141	187	168	166	137	165	378	404	159	163	146	155	135	145	111	153	169	150	140	167	108	175	130	110	126	184	134
HIS-ASN-MET (HNM)	3	3	6	4	1	5	2	4	4	6	6	3	6	13	21	6	5	3	4	3	4	6	4	3	8	6	2	6	3	6	10	6	2
ALA-PHE-HIS (AFH)	13	8	6	9	8	7	9	3	7	4	9	2	14	20	10	14	4	8	7	5	6	11	10	9	6	8	5	6	6	4	10	15	6
CYS-VAL-ILE (CVI)	9	5	2	3	9	4	9	3	8	12	2	4	3	17	13	11	8	5	5	9	12	4	11	13	9	11	3	9	2	3	4	4	3
TRP-ILE-THR (WIT)	4	6	3	6	4	1	3	5	10	5	4	4	6	11	3	6	6	3	4	4	4	3	1	4	7	6	1	6	5	1	5	4	4
TYR-ALA-VAL (YAV)	24	16	11	25	13	12	20	17	14	24	27	16	23	44	15	13	25	15	13	16	19	14	17	11	27	22	14	13	16	13	10	17	22
VAL-TYR-ARG (VYR)	18	26	8	19	10	11	13	19	8	15	17	12	13	38	14	18	30	17	18	4	14	9	11	24	19	8	15	14	19	10	16	20	12
CYS-PHE-GLY (CFG)	11	7	8	9	9	12	14	19	21	11	17	11	6	31	14	9	15	13	15	9	8	15	20	23	11	15	7	12	10	14	7	14	7
ALA-ARG-MET (ARM)	10	12	9	13	18	11	19	16	8	13	13	21	21	32	14	13	10	8	6	14	11	17	16	14	14	6	13	7	12	8	16	12	11
MET-VAL-MET (MVM)	8	4	1	3	3	2	7	4	8	11	3	3	12	14	6	7	8	6	13	3	3	8	3	6	11	6	5	4	6	4	4	2	4
HIS-PRO-HIS (HPH)	12	9	3	12	6	9	10	4	11	26	13	8	8	23	7	11	7	11	7	5	10	9	8	6	9	8	7	14	7	8	8	9	11
PRO-CYS-SER (PCS)	6	1	4	2	4	1	3	4	6	6	1	1	2	9	3	4	4	3	2	5	4	4	2	4	4	8	1	3	6	2	9	2	4
GLY-GLU-HIS (GEH)	11	13	3	9	5	7	2	7	4	3	12	2	4	18	10	11	6	3	10	16	7	6	10	6	6	9	6	3	4	7	7	16	7
TRP-ASN-ARG (WNR)	4	2	2	4	1	5	2	2	0	3	7	0	0	7	5	4	3	6	1	3	5	1	3	4	4	0	1	2	8	1	3	5	2
TRP-LEU-GLY (WLG)	18	12	7	13	6	11	17	11	14	13	15	13	17	28	13	19	6	12	17	14	10	7	12	20	8	11	7	8	14	4	8	12	5
HIS-ALA-CYS (HAC)	5	4	4	7	8	7	4	9	6	3	9	5	8	11	4	3	6	5	8	3	3	4	3	4	2	7	5	4	2	2	2	1	0
PHE-ASN-HIS (FNH)	12	13	11	7	6	6	17	12	5	13	5	3	10	28	14	13	9	11	14	17	12	19	14	13	14	13	6	12	27	11	12	15	10
HIS-PRO-TYR (HPY)	6	10	4	8	8	8	6	4	9	0	7	9	4	16	2	12	4	6	10	8	2	5	6	10	9	8	4	4	9	7	6	14	7
TRP-LYS-THR (WKT)	12	6	10	8	8	9	4	4	9	4	5	7	5	16	8	10	7	7	6	8	2	6	4	4	6	2	5	13	6	7	11	7	7
CYS-ARG-ASN (CRN)	3	3	5	2	3	2	1	4	6	5	2	6	6	10	3	3	1	4	9	4	3	7	7	5	3	2	5	10	3	1	9	4	5
VAL-MET-ASN (VMN)	5	8	8	13	10	13	11	9	9	14	8	14	14	29	10	14	11	8	11	10	10	9	15	9	14	9	27	19	11	9	10	45	14
CYS-ASP-ARG (CDR)	2	3	5	0	5	3	5	3	3	4	3	2	5	7	3	3	5	1	2	4	3	3	3	4	3	1	2	7	2	1	2	2	3
PRO-PRO-GLY (PPG)	48	50	35	31	33	35	42	46	42	65	54	38	140	101	42	53	38	46	44	43	38	36	45	48	29	32	46	45	47	27	24	24	37
THR-TRP-LEU (TWL)	10	12	8	6	7	13	7	12	12	18	20	7	17	24	8	8	7	8	5	10	11	16	16	8	10	14	19	9	5	7	11	7	6
ILE-PHE-PRO (IFP)	16	15	17	26	13	20	18	14	12	14	16	17	12	40	15	26	18	12	25	15	21	11	13	19	25	16	13	27	20	18	16	14	24
CYS-VAL-PRO (CVP)	12	5	22	14	8	16	11	6	8	15	13	16	9	25	13	15	28	8	10	9	11	9	8	4	25	3	6	7	7	7	4	9	11
