	-27	-26	-25	-24	-23	-22	-21	-20	-19	-18	-17	-16	-15	-14	-13	-12	-11	-10	-9	-8	-7	-6	-5	-4	-3	-2	-1	0	1	2	3	4	5
ARG-ALA_CGAGCG	2	1	0	3	2	0	1	4	1	4	0	3	17	37	6	2	1	0	3	3	2	1	1	0	3	1	1	3	2	0	1	3	2
ARG-ARG_CGACGA	2	6	6	4	4	1	3	4	3	7	3	6	27	25	6	8	1	3	5	2	5	2	3	8	1	1	4	1	4	0	2	0	1
PRO-GLY_CCGGGC	4	3	4	4	2	2	1	5	3	6	3	3	10	16	1	1	2	4	2	3	3	4	3	2	3	5	1	2	6	2	1	2	3
PRO-GLY_CCTGGG	20	21	13	20	11	13	19	23	9	19	16	21	45	89	18	20	33	16	15	19	19	29	16	22	28	12	20	21	28	15	7	11	20
GLY-LEU_GGCCTT	8	1	1	3	3	0	2	5	8	3	0	5	4	11	3	2	3	3	4	2	1	3	3	4	4	6	4	3	2	1	3	1	0
ARG-THR_CGAACA	11	12	6	10	11	5	9	6	8	9	13	8	13	38	8	14	17	12	16	9	10	10	9	7	10	9	5	8	15	8	23	7	11
ARG-GLU_CGCGAA	4	7	6	7	2	2	4	2	5	8	3	5	7	12	3	7	3	4	1	4	1	4	2	7	5	4	3	2	1	0	3	5	2
SER-ARG_AGCAGG	4	2	3	6	3	3	2	5	0	4	6	6	3	11	4	4	3	5	1	3	3	5	3	1	7	4	3	4	4	6	4	2	2
PRO-VAL_CCGGTG	11	16	8	14	18	7	7	8	9	7	16	11	18	37	19	15	11	12	9	13	6	14	9	6	27	13	19	12	20	7	21	12	3
ALA-SER_GCAAGC	8	17	15	20	13	8	14	7	10	17	18	10	16	36	14	17	16	14	10	10	12	20	10	12	14	14	12	7	7	4	8	14	4
PRO-LEU_CCCTTA	5	12	8	11	9	8	6	10	8	9	4	16	10	29	4	12	14	10	7	7	8	12	8	9	13	9	11	10	10	16	12	17	11
HIS-GLY_CACGGA	17	15	4	12	10	9	11	14	4	8	13	9	8	27	3	14	19	9	12	7	5	8	9	7	12	18	6	3	9	11	7	11	9
ARG-GLU_CGGGAG	3	0	8	1	1	4	4	2	1	7	6	3	6	8	3	4	2	5	4	5	0	3	5	2	4	2	2	4	1	0	0	2	0
ARG-ASP_AGGGAC	1	2	4	5	3	5	2	6	3	9	4	6	6	11	4	1	3	2	12	2	2	4	7	1	6	6	6	3	4	3	3	5	3
CYS-TYR_TGCTAC	4	4	2	6	3	3	3	5	2	3	4	1	6	9	2	2	1	4	6	5	2	1	5	4	2	4	3	3	3	3	3	6	4
ARG-GLN_CGACAG	6	6	4	9	10	5	7	8	2	17	8	4	13	19	5	10	9	7	8	8	10	6	6	4	11	3	3	3	6	7	9	13	4
THR-GLY_ACCGGC	3	5	3	3	3	5	5	3	6	5	4	5	2	11	4	3	3	4	9	6	1	10	6	0	9	0	0	6	2	10	4	2	8
ARG-CYS_CGATGT	5	2	7	2	5	9	6	8	5	12	2	0	8	13	2	2	11	4	5	2	4	5	5	9	6	7	3	5	7	4	4	5	4
ILE-LEU_ATCCTA	1	0	1	4	5	2	2	5	5	1	4	9	3	9	4	0	1	3	4	5	5	3	3	1	3	2	2	22	3	1	4	2	5
PRO-GLY_CCTGGA	36	43	27	36	40	26	33	40	27	46	39	34	84	99	32	59	55	28	49	46	23	38	48	27	53	44	41	36	81	24	19	38	29
GLN-ALA_CAAGCG	18	15	11	12	13	12	17	14	5	15	9	24	19	32	11	13	8	13	12	12	10	9	17	18	11	8	19	11	20	9	15	10	5
CYS-PRO_TGCCCA	5	4	4	3	5	2	14	7	6	7	6	7	8	13	3	8	2	6	1	8	5	11	2	4	4	2	3	0	9	7	5	8	4
HIS-GLY_CACGGC	3	5	0	8	6	4	6	8	7	4	3	5	4	11	2	1	4	3	4	2	4	5	7	10	6	4	5	4	8	4	2	3	3
LEU-ARG_CTTAGG	4	2	3	3	5	9	14	4	3	4	3	7	16	14	4	4	7	9	2	3	4	6	7	5	10	3	12	6	10	3	3	6	4
ILE-CYS_ATATGC	2	1	2	4	1	4	2	3	4	7	3	5	3	9	3	5	6	5	1	3	2	3	3	3	9	3	3	10	4	8	5	2	1
ARG-SER_CGACTG	3	4	2	8	2	2	1	6	3	3	4	3	5	8	3	5	6	2	7	2	0	1	0	1	7	3	2	6	5	4	5	1	1
GLY-LEU_GGTCTA	12	3	4	4	11	5	11	7	2	8	10	4	11	18	6	14	7	9	14	13	5	3	16	4	9	9	7	11	7	3	9	3	4
VAL-ALA_GTGGCG	9	8	6	5	6	2	6	7	7	8	5	6	13	16	10	12	10	2	8	4	6	10	9	8	7	5	4	12	3	5	7	4	4
ARG-LEU_CGACTA	0	2	7	4	2	4	0	4	1	8	8	7	17	12	3	12	7	4	4	6	4	2	3	2	16	4	6	7	4	4	2	1	9
HIS-ARG_CATCGC	4	4	2	2	2	2	4	9	1	5	3	0	3	7	2	1	3	2	3	3	2	1	5	0	1	3	19	6	2	1	0	0	1
ARG-TYR_CGATAT	18	8	14	21	17	14	20	14	12	21	28	14	22	39	16	11	21	11	10	23	13	24	19	29	20	22	7	17	17	3	15	17	17
PRO-ARG_CCACGG	4	2	2	4	2	3	6	2	4	9	3	2	9	8	4	4	6	1	7	2	0	2	2	2	2	6	3	3	3	3	6	0	2
GLN-GLY_CAGGGC	7	4	2	2	7	6	5	2	2	6	8	10	2	12	6	6	3	3	10	4	2	10	5	3	6	6	10	5	8	2	3	6	5
LEU-PHE_CTCTTC	3	0	2	0	1	4	2	2	3	12	3	3	3	8	3	3	5	1	0	3	0	4	3	5	7	8	7	7	4	2	3	6	2
VAL-THR_GTAACC	12	14	13	10	26	16	15	9	12	13	12	19	18	35	12	17	19	9	11	13	13	27	15	13	12	13	18	24	11	16	24	11	24
THR-CYS_ACCTGT	6	7	2	7	11	9	4	5	5	9	9	7	7	16	22	8	5	7	6	6	11	5	10	7	5	7	7	10	3	6	2	8	3
PRO-PRO_CCGCCG	6	9	3	9	5	4	7	3	4	8	5	5	17	14	4	14	6	7	13	3	7	2	4	3	10	5	4	7	4	5	7	6	2
GLY-THR_GGAACG	5	5	2	7	2	5	9	9	7	9	8	6	8	12	5	6	4	3	3	9	7	1	4	10	7	5	9	4	4	1	4	1	3
VAL-GLY_GTCGGG	1	2	3	8	8	2	4	5	4	2	3	5	3	9	5	4	7	7	4	5	6	3	1	5	6	6	2	0	6	6	2	3	1
GLY-PRO_GGACCG	3	1	1	3	0	3	2	3	2	1	8	3	5	8	7	6	8	2	9	3	4	2	6	1	3	7	8	2	1	2	2	4	3
SER-HIS_TCGCAT	7	4	6	12	8	6	9	6	8	5	9	3	8	14	5	11	6	3	6	8	3	8	4	6	7	2	5	7	9	0	11	4	6
ALA-GLY_GCCGGG	6	8	2	6	8	4	3	7	9	3	5	8	3	18	9	12	9	5	16	19	8	6	14	5	4	9	15	17	16	9	7	4	4
PRO-GLY_CCTGGT	66	60	48	59	70	59	77	79	73	91	64	51	156	160	61	107	94	70	86	66	58	79	81	68	86	78	72	56	106	38	56	68	42
THR-SER_ACCTCG	3	11	5	7	9	6	11	8	4	6	7	4	5	14	5	2	8	2	8	2	4	5	3	6	13	13	6	11	6	8	7	7	5
SER-LEU_TCTCTC	2	3	4	2	4	4	4	2	2	0	6	2	2	7	4	1	4	4	3	3	7	5	5	4	2	2	2	4	6	2	5	2	2
VAL-THR_GTAACG	10	8	3	7	10	6	6	7	6	7	5	11	6	15	2	9	5	11	9	4	7	10	11	5	11	4	4	9	2	11	4	10	4
GLN-ARG_CAGCGA	8	19	6	18	21	14	22	21	19	27	14	6	23	35	12	18	21	17	20	13	15	9	20	28	17	16	20	16	17	16	15	8	10
ARG-ARG_CGTCGT	54	48	30	35	38	38	43	28	23	39	34	31	35	74	29	37	52	33	30	28	39	39	39	28	47	40	33	34	29	17	25	42	22
LEU-SER_CTAAGC	6	5	1	8	4	3	4	7	2	5	3	5	4	8	6	6	4	6	3	5	1	2	3	0	8	2	1	1	2	2	1	5	6
ARG-GLU_AGGGAG	19	5	10	7	12	10	11	12	7	14	11	6	19	22	7	7	13	16	11	10	12	14	8	3	8	8	11	12	9	11	6	13	11
