	-27	-26	-25	-24	-23	-22	-21	-20	-19	-18	-17	-16	-15	-14	-13	-12	-11	-10	-9	-8	-7	-6	-5	-4	-3	-2	-1	0	1	2	3	4	5
PRO-GLY (PG)	485	450	396	502	454	400	461	481	387	468	447	397	811	857	474	681	566	441	561	515	451	545	537	492	598	545	568	492	701	387	387	463	382
HIS-MET (HM)	48	74	46	58	43	45	59	43	44	52	59	38	55	69	44	52	54	41	58	52	37	46	65	38	47	38	48	48	51	29	78	45	33
ASN-ARG (NR)	510	478	472	467	519	394	501	501	442	506	501	382	640	644	465	477	471	433	496	512	382	492	502	429	533	501	446	514	607	475	528	621	393
GLY-ILE (GI)	684	651	545	754	744	554	720	642	590	758	808	640	830	883	687	754	777	619	774	796	670	731	774	614	753	808	570	557	601	468	613	528	467
GLY-GLY (GG)	1148	1107	943	1105	1141	954	1147	1097	902	1122	1186	969	1284	1372	984	1171	1408	947	1080	1261	941	1066	1223	917	1042	1413	908	785	1147	798	723	929	767
PRO-ASP (PD)	478	473	443	475	504	413	514	455	416	550	503	426	718	635	454	620	554	459	485	473	412	503	454	477	621	544	503	504	540	302	497	464	479
TRP-PHE (WF)	60	48	66	65	77	50	76	66	50	62	59	52	67	78	54	79	56	64	61	70	60	73	63	61	61	57	71	73	59	42	52	48	39
GLY-ASP (GD)	749	734	601	699	725	625	687	734	655	818	727	595	779	863	660	752	705	597	671	758	661	741	721	672	736	850	589	543	586	440	650	579	638
GLY-CYS (GC)	100	108	93	112	90	101	141	117	112	141	129	112	142	136	95	133	116	123	110	123	103	97	122	80	121	159	80	97	110	70	74	86	49
HIS-CYS (HC)	56	61	28	32	33	29	48	52	32	50	41	29	36	50	46	36	43	47	33	32	26	40	40	31	63	40	36	37	49	31	45	33	39
ILE-TRP (IW)	113	129	89	134	117	92	132	118	90	123	129	108	128	146	81	128	122	99	116	117	97	125	125	116	158	124	107	158	115	108	142	101	87
PRO-GLU (PE)	727	692	638	747	725	621	748	746	668	741	759	642	897	910	758	850	765	667	722	707	698	783	736	778	923	823	721	664	804	463	681	620	928
GLY-ARG (GR)	745	650	522	685	682	595	727	712	690	733	752	583	793	774	582	667	700	568	675	659	611	625	722	543	628	714	506	436	495	426	436	621	466
TYR-TRP (YW)	49	62	36	39	57	50	71	74	44	61	51	64	58	66	37	56	56	40	46	51	55	50	65	47	61	65	42	40	74	64	55	41	56
LYS-TRP (KW)	138	166	120	138	148	128	116	115	102	138	152	148	155	172	120	133	133	137	164	179	116	125	132	132	138	130	121	133	200	205	159	140	146
LYS-GLU (KE)	1759	1865	1569	1863	1777	1513	1866	1826	1593	1842	1763	1663	2011	2126	1648	1996	1742	1604	1833	1747	1580	1834	1685	1547	1746	1612	1459	1737	1972	1314	1996	1604	2208
HIS-THR (HT)	192	158	166	200	193	153	173	188	177	194	170	135	172	218	153	206	175	143	181	183	173	218	217	169	233	154	140	180	206	144	246	175	164
ARG-ARG (RR)	746	682	607	810	786	580	712	679	570	826	768	683	830	857	631	872	798	661	722	788	640	749	786	626	703	775	580	606	777	532	899	730	507
TRP-LYS (WK)	141	168	119	155	151	121	149	148	139	148	163	119	146	178	120	161	169	130	170	156	170	176	167	142	163	171	136	126	108	123	176	158	120
GLU-CYS (EC)	100	82	72	102	86	84	86	99	73	112	88	89	67	103	74	79	78	82	94	70	68	84	111	64	73	89	72	82	77	193	58	98	41
ASP-PRO (DP)	462	447	392	493	457	418	488	457	379	536	456	444	510	561	445	502	537	384	601	503	377	467	450	408	472	489	430	658	428	469	513	479	303
PRO-CYS (PC)	38	37	28	25	42	23	38	44	31	38	42	33	47	45	30	26	36	30	40	48	36	47	36	37	62	36	41	37	39	33	31	51	36
GLY-GLU (GE)	756	868	705	843	752	668	899	814	664	815	718	627	895	898	732	774	760	672	831	819	698	775	784	713	803	932	629	682	699	522	659	673	827
MET-GLU (ME)	266	241	209	266	239	203	260	248	236	265	233	224	288	291	220	281	258	229	222	257	232	310	248	230	268	198	240	283	251	109	261	321	192
GLY-TRP (GW)	130	118	103	122	93	88	113	119	108	117	125	102	145	130	103	123	115	118	121	101	96	110	102	107	118	162	75	94	99	121	114	74	63
ASN-ILE (NI)	706	765	541	666	637	567	656	715	563	716	629	522	745	784	579	732	595	556	568	697	597	626	686	603	681	585	572	765	855	605	1135	671	576
HIS-ARG (HR)	252	234	230	232	236	206	257	215	185	227	287	209	269	285	271	220	260	226	245	275	190	234	313	270	267	195	222	206	289	193	276	294	194
ARG-PRO (RP)	405	393	328	399	382	365	359	354	327	476	443	382	447	466	335	403	377	357	442	428	329	394	411	351	387	400	381	463	541	365	385	466	303
GLY-ALA (GA)	861	748	710	762	781	731	763	724	721	784	897	735	847	880	676	809	873	704	847	825	691	824	817	643	736	853	653	664	769	593	719	567	507
ARG-GLU (RE)	794	752	714	825	745	624	742	753	686	775	709	691	817	846	718	737	752	651	696	771	608	750	797	608	710	701	583	708	774	446	900	607	804
TYR-CYS (YC)	78	95	68	65	76	69	71	53	63	87	80	58	78	86	68	75	85	65	92	100	71	81	83	78	62	56	57	48	97	77	81	78	47
GLY-THR (GT)	639	612	505	578	597	575	642	636	534	637	700	593	663	700	542	601	617	494	657	660	557	722	612	524	669	649	559	550	534	432	656	584	534
GLY-ASN (GN)	672	684	541	636	649	571	663	636	567	666	694	533	637	708	588	579	722	547	628	674	536	603	639	577	630	708	490	523	485	464	577	613	575
MET-HIS (MH)	60	70	54	65	35	52	61	62	47	72	62	45	67	66	43	70	70	55	59	53	52	47	45	54	56	44	55	77	52	44	49	71	52
ILE-CYS (IC)	109	103	104	122	109	92	104	111	88	127	108	101	120	122	72	99	90	89	113	114	96	107	103	90	96	101	96	136	107	119	106	138	63
LEU-CYS (LC)	150	149	158	168	175	145	173	158	139	189	154	119	191	186	158	161	156	136	157	178	145	181	183	135	155	180	166	162	166	148	162	195	104
GLN-HIS (QH)	272	288	219	303	288	240	261	247	217	297	244	235	288	304	208	280	314	234	240	274	216	227	302	245	278	259	187	280	278	240	240	397	232
GLY-MET (GM)	187	189	163	169	200	186	177	173	146	196	179	173	183	191	159	181	198	133	187	153	148	161	153	146	174	183	149	145	127	111	185	127	96
LYS-ASP (KD)	1234	1214	1100	1232	1197	1014	1223	1205	1096	1226	1211	1021	1252	1348	1033	1257	1060	1008	1227	1191	1096	1416	1190	992	1110	1096	884	1184	1265	974	1431	1153	1356
ARG-SER (RS)	610	654	553	695	615	575	670	659	615	704	722	627	683	734	552	737	651	556	665	749	584	726	671	540	610	655	585	614	869	467	705	537	396
GLY-PRO (GP)	375	340	301	383	354	301	395	389	322	367	371	350	428	422	333	451	469	317	504	414	343	380	373	332	358	455	412	375	328	278	296	336	250
GLY-VAL (GV)	735	676	702	727	730	659	736	748	648	802	706	608	765	784	638	709	674	616	654	754	667	770	724	653	731	818	710	598	670	497	637	480	562
PRO-PRO (PP)	771	791	645	767	744	618	761	776	625	780	777	592	926	864	659	1152	905	697	891	715	682	795	668	714	926	658	783	831	715	683	708	803	587
ALA-SER (AS)	1019	1055	918	1046	1086	880	1047	1072	935	1110	1063	951	1007	1128	849	965	1008	918	1093	1049	925	1136	1111	842	1163	1294	773	1203	757	747	950	927	636
ASN-MET (NM)	201	191	162	202	202	165	202	200	168	223	178	135	164	208	155	171	145	167	197	181	182	178	216	168	188	145	173	200	228	151	272	177	129
HIS-GLU (HE)	341	305	299	297	298	254	295	331	213	286	289	258	322	353	329	341	312	263	315	299	230	312	330	307	384	267	245	248	419	202	286	245	754
ALA-PHE (AF)	418	413	385	411	429	381	423	458	405	428	421	359	386	450	344	456	445	378	423	406	342	390	370	328	416	499	300	476	297	364	337	432	300
HIS-TYR (HY)	144	133	104	122	124	116	150	121	97	132	122	107	141	146	112	122	119	107	137	124	115	130	167	94	116	137	107	135	199	115	152	178	117
HIS-GLY (HG)	202	219	186	225	209	221	262	262	205	249	222	197	260	258	198	265	270	185	235	267	190	234	218	235	263	234	193	210	312	187	194	218	215
VAL-HIS (VH)	221	232	166	223	243	167	201	194	186	211	195	159	216	230	169	226	192	197	266	231	192	225	233	190	210	262	173	224	115	198	153	250	140
