	F0	F1	F2
0	6	10	10
1	3	2	1
2	129	131	152
3	151	199	162
4	43	54	42
5	19	24	37
6	10	2	3
7	11	12	17
8	32	28	31
9	4	3	6
10	33	23	21
11	75	66	51
12	64	65	41
13	401	460	412
14	3	0	1
15	339	389	291
16	0	0	0
17	0	0	0
18	49	48	49
19	32	27	36
20	25	17	17
21	8	10	32
22	0	0	0
23	0	0	0
24	5	2	5
25	14	20	10
26	8	8	3
27	113	96	92
28	5	12	3
29	5	3	4
30	1	1	0
31	23	16	16
32	27	28	23
33	29	35	28
34	5	1	2
35	4	5	3
36	6	10	10
37	106	125	96
38	4	5	10
39	11	5	3
40	6	6	4
41	120	139	105
42	1	3	5
43	43	47	26
44	5	6	3
45	5	5	9
46	10	9	7
47	28	29	19
48	3	4	10
49	95	94	80
50	93	84	57
51	3	2	5
52	93	94	95
53	30	26	32
54	20	14	24
55	7	4	3
56	0	2	1
57	110	129	116
58	59	66	49
59	7	13	7
60	5	5	1
61	0	1	0
62	10	11	8
63	10	4	7
64	22	14	23
65	8	11	15
66	9	9	7
67	205	167	135
68	1	2	0
69	1	0	1
70	1	0	0
71	20	19	17
72	52	57	49
73	6	11	1
74	8	2	5
75	2	1	2
76	82	55	66
77	0	1	0
78	2	2	7
79	23	24	18
80	5	5	8
81	10	8	11
82	25	26	14
83	5	9	3
84	36	23	25
85	285	264	241
86	8	14	5
87	42	42	33
88	181	123	95
89	4	3	2
90	3	4	4
91	61	38	34
92	18	20	12
93	24	24	19
94	53	27	45
95	6	7	9
96	12	6	5
97	46	42	18
98	44	28	23
99	18	10	15
100	3	4	6
101	154	145	106
102	51	31	50
103	57	58	40
104	10	10	6
105	11	19	8
106	46	42	29
107	8	15	8
108	0	0	0
109	10	9	5
110	5	4	3
111	5	5	6
112	1	0	0
113	4	1	2
114	26	21	18
115	0	2	0
116	13	16	4
117	1	0	0
118	16	14	6
119	14	17	17
120	122	105	93
121	6	12	3
122	1	0	0
123	331	386	351
124	45	33	38
125	85	78	89
126	21	6	17
127	34	37	22
128	3	3	3
129	28	29	18
130	0	0	0
131	34	42	27
132	16	12	8
133	26	23	27
134	131	187	149
135	37	45	38
136	1	3	1
137	10	4	6
138	92	97	73
139	6	6	7
140	13	12	9
141	161	190	125
142	11	11	13
143	13	14	11
144	214	239	192
145	44	27	28
146	0	0	1
147	0	0	1
148	7	15	5
149	219	194	149
150	10	3	11
151	21	17	15
152	8	11	11
153	25	31	23
154	144	170	114
155	30	30	17
156	2	1	1
157	1	2	5
158	6	2	1
159	1	2	3
160	13	5	8
161	183	192	131
162	29	33	50
163	1	0	2
164	14	10	9
165	3	0	0
166	1	1	1
167	19	16	12
168	33	41	43
169	19	18	32
170	5	9	5
171	14	13	16
172	7	11	4
173	35	18	19
174	115	108	117
175	0	2	2
176	14	6	9
177	0	1	1
178	0	0	0
179	7	4	4
180	0	0	0
181	4	2	1
182	5	3	4
183	4	1	1
184	1	3	1
185	11	16	11
186	12	20	19
187	22	33	20
188	0	0	0
189	4	3	2
190	11	8	22
191	2	6	4
192	0	5	3
193	35	40	35
194	1	3	1
195	3	0	2
196	2	0	0
197	0	0	0
198	3	2	3
199	22	23	19
200	0	0	0
201	170	156	103
202	1	2	0
203	95	105	71
204	51	64	42
205	4	6	7
206	10	19	10
207	0	0	0
208	34	38	16
209	5	2	12
210	3	4	1
211	3	1	3
212	9	7	9
213	51	58	65
214	86	76	46
215	0	0	0
216	48	53	37
217	1	1	0
218	25	22	26
219	17	24	23
220	10	11	18
221	446	461	406
222	101	68	65
223	11	9	6
224	38	57	32
225	570	543	497
226	1	9	2
227	9	7	12
228	13	15	12
229	10	1	5
230	7	11	5
231	0	0	0
232	27	25	26
233	0	0	1
234	0	0	0
235	6	4	5
236	14	14	7
237	45	44	41
238	9	7	10
239	2	1	1
240	9	11	8
241	10	8	10
242	9	5	7
243	0	0	0
244	2	2	2
245	0	0	0
246	1	0	1
247	40	48	38
248	7	14	9
249	1	0	1
250	11	3	6
251	37	21	24
252	34	22	13
253	2	4	4
254	14	17	10
255	59	61	53
256	1	1	0
257	62	40	24
258	47	42	25
259	19	25	12
260	7	3	6
261	15	17	10
262	12	18	20
263	1	9	7
264	17	28	13
265	8	2	2
266	22	23	16
267	13	14	11
268	12	14	31
269	2	5	1
270	9	7	5
271	0	1	0
272	31	34	18
273	3	7	2
274	5	5	0
275	14	7	7
276	3	4	1
277	82	66	56
278	316	295	270
279	139	160	122
280	2	1	2
281	17	15	14
282	43	58	46
283	45	29	42
284	36	41	42
285	209	201	186
286	61	81	47
287	60	78	77
288	27	15	32
289	63	66	51
290	2	1	2
291	6	6	12
292	14	12	9
293	0	3	1
294	3	3	3
295	134	170	151
296	9	8	8
297	73	78	69
298	142	173	183
299	43	23	31
300	3	0	0
301	14	12	9
302	14	12	13
303	1	0	1
304	62	90	45
305	73	68	47
306	24	19	21
307	10	10	12
308	3	0	5
309	6	5	7
310	13	18	16
311	92	97	100
312	222	245	208
313	585	628	608
314	27	26	24
315	2	7	1
316	11	7	12
317	77	63	34
318	3	8	4
319	13	5	4
320	33	32	18
321	13	21	14
322	0	0	0
323	16	18	14
324	2	7	2
325	13	9	11
326	4	10	8
327	101	95	85
328	9	9	5
329	6	4	4
330	11	10	8
331	20	22	19
332	0	0	0
333	4	2	10
334	0	0	1
335	27	25	37
336	16	16	12
337	15	10	11
338	25	37	27
339	1	2	1
340	4	9	8
341	47	38	42
342	8	12	4
343	147	126	89
344	8	8	10
345	8	21	10
346	12	12	12
347	2	3	2
348	23	27	14
349	37	33	32
350	50	35	33
351	1105	1139	1263
352	9	13	6
353	3	2	0
354	6	2	1
355	3	6	6
356	14	15	7
357	114	83	70
358	5	1	2
359	0	0	0
360	0	0	0
361	1	3	4
362	129	127	100
363	4	2	3
364	28	30	31
365	30	30	32
366	1	1	0
367	32	44	30
368	1	3	2
369	4	4	6
370	17	21	7
371	4	1	0
372	0	0	0
373	4	5	4
374	132	105	120
375	0	0	0
376	1	2	0
377	7	7	2
378	5	1	1
379	20	7	10
380	28	24	23
381	1	1	1
382	52	66	47
383	176	198	167
384	2	1	0
385	1	1	0
386	2	2	1
387	83	72	92
388	99	107	66
389	11	5	7
390	85	77	46
391	121	112	137
392	2	2	3
393	25	34	30
394	62	54	79
395	73	106	70
396	0	0	0
397	3	2	1
398	95	92	78
399	446	471	484
400	0	0	0
401	9	8	5
402	129	131	78
403	4	6	4
404	10	7	9
405	13	10	16
406	10	13	8
407	34	21	19
408	322	307	271
409	63	54	64
410	4	8	7
411	43	54	47
412	0	2	0
413	0	0	0
414	7	8	8
415	0	0	1
416	0	4	1
417	10	25	12
418	40	47	25
419	0	1	0
420	5	5	1
421	9	9	6
422	16	14	11
423	13	13	2
424	0	0	1
425	3	3	5
426	8	4	2
427	10	6	9
428	1	4	2
429	37	36	29
430	120	116	100
431	275	250	258
432	17	17	17
433	28	16	8
434	0	0	0
435	29	20	24
436	25	26	16
437	40	52	41
438	0	0	0
439	3	10	1
440	16	10	10
441	1	3	1
442	49	57	41
443	2	5	1
444	0	0	0
445	11	16	9
446	61	72	59
447	80	65	57
448	13	15	10
449	0	0	0
450	26	23	27
451	0	3	0
452	74	63	63
453	4	4	4
454	24	30	27
455	2	2	2
456	5	10	11
457	116	111	103
458	1	6	5
459	0	0	1
460	0	0	0
461	0	0	0
462	100	87	77
463	25	29	21
464	645	676	691
465	11	9	6
466	27	30	38
467	99	76	71
468	2	1	4
469	5	2	1
470	4	5	2
471	89	94	64
472	89	107	81
473	7	15	8
474	0	0	1
475	13	11	18
476	2	0	1
477	19	25	15
478	4	4	5
479	1	2	1
480	0	0	0
481	0	4	2
482	28	29	30
483	2	7	3
484	1	6	2
485	38	44	30
486	55	40	27
487	1	1	1
488	3	6	6
489	58	48	54
490	0	0	0
491	14	12	12
492	45	50	47
493	3	5	3
494	88	68	78
495	34	26	28
496	1	1	2
497	4	2	3
498	15	19	17
499	2	2	0
500	22	25	13
501	8	9	3
502	29	37	27
503	20	15	27
504	8	3	5
505	15	10	7
506	5	1	0
507	182	141	90
508	0	0	0
509	0	0	0
510	29	17	11
511	8	4	12
512	3	5	2
513	25	16	9
514	99	85	74
515	13	17	8
516	1	11	0
517	13	12	12
518	7	7	8
519	14	8	13
520	2	5	4
521	19	12	8
522	0	0	0
523	71	66	85
524	62	58	52
525	6	11	3
526	47	38	43
527	7	9	8
528	6	6	4
529	0	0	0
530	0	1	1
531	0	0	0
532	80	74	71
533	6	4	4
534	88	72	73
535	0	0	0
536	2	1	2
537	41	42	23
538	2	3	1
539	6	2	3
540	4	6	6
541	6	7	3
542	0	0	0
543	3	0	1
544	50	51	39
545	3	3	1
546	0	1	0
547	13	14	10
548	1	0	0
549	34	44	21
550	28	18	13
551	0	1	0
552	10	7	8
553	84	86	54
554	6	8	8
555	3	4	8
556	0	0	0
557	13	8	4
558	2	1	3
559	0	0	0
560	24	19	11
561	9	7	8
562	1	7	7
563	10	14	9
564	3	10	5
565	97	87	95
566	7	8	8
567	8	12	8
568	17	23	13
569	292	295	280
570	9	5	7
571	1	3	0
572	42	47	38
573	0	0	0
574	0	0	0
575	109	159	80
576	1	0	0
577	3	6	7
578	3	9	5
579	0	0	0
580	17	31	21
581	41	49	34
582	0	0	0
583	16	20	9
584	0	0	0
585	91	98	76
586	0	2	0
587	58	61	34
588	11	16	7
589	0	0	0
590	0	1	3
591	3	3	2
592	21	18	22
593	40	35	21
594	25	20	16
595	0	0	0
596	23	34	30
597	695	715	669
598	73	67	88
599	59	71	43
600	8	7	7
601	5	1	1
602	6	6	4
603	41	62	38
604	371	427	297
605	25	25	22
606	155	127	152
607	9	14	13
608	1	1	2
609	991	1033	771
610	32	19	46
611	71	109	75
612	0	0	0
613	0	0	0
614	25	31	23
615	1	1	5
616	6	6	8
617	12	9	8
618	27	27	12
619	32	21	19
620	11	7	8
621	22	17	10
622	5	3	1
623	4	4	7
624	20	20	17
625	38	30	34
626	0	0	3
627	47	45	39
628	22	7	10
629	9	9	4
630	24	9	7
631	18	27	18
632	28	37	32
633	1	0	1
634	25	22	17
635	0	0	0
636	0	0	0
637	0	0	0
638	275	252	269
639	28	24	25
640	48	42	37
641	5	4	4
642	160	167	125
643	12	12	13
644	173	155	123
645	5	5	2
646	3	3	2
647	23	27	18
648	22	20	17
649	34	23	29
650	15	12	12
651	0	0	0
652	38	30	30
653	1	2	0
654	66	79	59
655	1	1	0
656	38	43	22
657	15	6	4
658	228	243	155
659	23	18	20
660	76	77	52
661	66	70	59
662	0	0	1
663	0	0	0
664	10	8	7
665	1	3	3
666	49	37	22
667	11	13	9
668	43	22	20
669	5	1	1
670	2	1	1
671	27	29	27
672	4	8	3
673	16	18	12
674	17	16	15
675	0	1	0
676	0	1	0
677	114	107	92
678	3	1	2
679	41	33	24
680	19	13	12
681	38	55	47
682	12	8	8
683	65	64	48
684	9	12	9
685	2	1	2
686	0	0	0
687	34	38	25
688	1	6	4
689	21	24	16
690	1	0	0
691	30	25	15
692	370	340	285
693	7	8	4
694	51	37	49
695	0	0	0
696	43	31	25
697	0	2	3
698	9	10	3
699	10	13	7
700	0	0	0
701	20	20	13
702	9	5	8
703	4	2	2
704	0	0	0
705	11	12	8
706	3	8	5
707	0	0	0
708	11	11	16
709	0	0	0
710	11	18	10
711	20	33	14
712	12	16	11
713	66	75	56
714	44	67	32
715	44	42	36
716	11	14	7
717	18	14	9
718	6	4	1
719	3	3	4
720	10	11	6
721	7	3	4
722	1	6	0
723	122	114	97
724	10	11	12
725	41	43	55
726	0	4	8
727	16	21	16
728	27	32	20
729	6	5	3
730	23	24	22
731	16	17	22
732	124	128	106
733	6	4	5
734	1	2	1
735	89	99	54
736	19	21	8
737	31	34	43
738	5	7	6
739	0	0	0
740	128	117	99
741	5	2	3
742	6	7	2
743	18	16	26
744	306	361	284
745	16	10	8
746	115	107	123
747	45	37	27
748	3	5	1
749	0	3	1
750	1	3	1
751	51	49	36
752	1	1	0
753	172	160	164
754	6	5	5
755	2	2	3
756	140	129	120
757	47	55	40
758	9	10	2
759	5	7	5
760	7	8	7
761	93	105	57
762	241	224	149
763	38	43	41
764	18	20	12
765	63	66	91
766	1	2	2
767	0	1	3
768	0	0	0
769	90	126	86
770	32	29	24
771	617	603	576
772	8	9	4
773	13	14	17
774	5	1	6
775	29	27	22
776	11	11	9
777	1	1	1
778	18	14	13
779	14	21	12
780	23	22	27
781	4	5	5
782	25	17	9
783	164	145	138
784	3	6	7
785	4	6	3
786	0	0	1
787	20	21	16
788	33	37	60
789	21	15	10
790	11	5	4
791	11	7	16
792	45	58	30
793	116	109	118
794	16	22	17
795	7	8	8
796	10	10	12
797	4	1	2
798	5	4	3
799	3	3	5
800	28	24	11
801	16	18	12
802	2	0	7
803	319	284	221
804	51	54	28
805	12	4	7
806	74	63	64
807	0	4	1
808	29	21	19
809	0	1	1
810	21	14	8
811	7	3	0
812	23	15	16
813	63	52	54
814	0	1	2
815	0	0	0
816	0	1	1
817	7	4	4
818	7	8	6
819	299	251	210
820	15	11	9
821	1	1	1
822	2	5	2
823	10	4	7
824	55	54	56
825	4	7	10
826	20	25	18
827	50	45	42
828	27	23	25
829	51	50	30
830	10	6	3
831	42	27	31
832	3	3	5
833	21	11	16
834	37	61	20
835	4	2	2
836	13	17	20
837	115	135	117
838	67	51	40
839	7	6	6
840	1	2	4
841	4	3	1
842	2	2	2
843	14	9	5
844	0	0	0
845	0	0	1
846	95	88	72
847	9	10	5
848	23	17	19
849	1	2	2
850	12	17	14
851	1	6	2
852	3	4	3
853	0	0	0
854	5	2	2
855	11	8	10
856	3	1	2
857	46	42	33
858	0	3	1
859	0	0	0
860	0	0	1
861	1	0	1
862	9	13	8
863	4	1	2
864	25	9	24
865	74	61	51
866	34	47	36
867	12	11	9
868	11	7	6
869	0	0	0
870	0	0	0
871	19	20	18
872	2	3	3
873	49	44	35
874	40	42	27
875	9	6	4
876	1	1	0
877	68	113	69
878	0	0	0
879	25	22	24
880	9	9	7
881	2	1	2
882	62	55	49
883	4	3	4
884	12	10	5
885	0	0	0
886	0	0	0
887	2	0	3
888	7	6	9
889	4	5	4
890	46	53	34
891	59	53	64
892	2	8	2
893	37	38	37
894	1	4	1
895	40	41	29
896	4	4	4
897	0	0	0
898	52	60	68
899	14	16	16
900	11	18	13
901	0	0	0
902	3	3	5
903	3	5	3
904	3	1	1
905	11	12	5
906	16	16	13
907	9	3	12
908	16	17	13
909	0	0	0
910	45	45	36
911	5	9	6
912	14	18	19
913	56	62	51
914	28	20	34
915	0	5	3
916	0	1	0
917	5	3	7
918	16	18	24
919	0	0	0
920	0	0	0
921	3	0	2
922	10	8	8
923	29	25	13
924	4	3	6
925	9	14	15
926	16	14	15
927	64	47	35
928	55	43	21
929	37	46	27
930	19	23	23
931	0	0	0
932	0	0	0
933	32	14	12
934	10	17	9
935	80	85	65
936	10	11	8
937	7	6	1
938	46	54	39
939	3	3	2
940	0	1	0
941	64	71	55
942	0	0	0
943	5	3	2
944	29	23	21
945	18	20	12
946	107	91	88
947	19	24	13
948	48	57	30
949	0	0	2
950	6	6	5
951	234	216	217
952	2	5	4
953	5	6	7
954	0	0	0
955	7	7	3
956	1	1	0
957	0	0	0
958	0	4	1
959	0	0	1
960	82	103	133
961	44	55	31
962	39	41	39
963	119	86	115
964	23	18	15
965	2	1	0
966	21	22	10
967	0	0	0
968	123	120	97
969	18	38	28
970	6	5	5
971	10	14	14
972	202	162	167
973	21	16	20
974	1	1	2
975	0	0	0
976	2	1	3
977	12	4	27
978	56	44	42
979	0	0	1
980	0	1	1
981	0	0	0
982	18	8	14
983	36	20	14
984	689	660	551
985	7	4	0
986	54	44	44
987	77	60	32
988	17	16	10
989	355	375	367
990	121	104	114
991	9	6	1
992	3	5	3
993	2	1	1
994	22	24	28
995	6	3	1
996	5	9	4
997	8	5	6
998	11	20	11
999	3	2	2
1000	9	6	8
1001	127	173	128
1002	6	5	14
1003	0	0	0
1004	9	6	8
1005	3	5	3
1006	51	41	21
1007	0	0	0
1008	8	10	11
1009	114	63	86
1010	10	25	19
1011	5	8	6
1012	9	8	9
1013	2	3	0
1014	4	5	5
1015	18	16	16
1016	167	162	103
1017	14	8	9
1018	255	258	233
1019	0	0	0
1020	23	19	12
1021	141	125	93
1022	7	4	8
1023	0	0	0
1024	19	31	25
1025	18	28	26
1026	2	0	0
1027	119	125	109
1028	25	26	16
1029	6	2	6
1030	22	17	16
1031	1	4	3
1032	10	18	22
1033	25	24	15
1034	1	3	0
1035	4	2	3
1036	1	2	2
1037	4	2	4
1038	6	7	9
1039	5	7	6
1040	170	204	173
1041	34	25	22
1042	60	51	37
1043	0	1	1
1044	7	8	4
1045	9	3	3
1046	0	0	0
1047	1	2	1
1048	17	17	15
1049	0	0	0
1050	16	12	12
1051	38	33	26
1052	0	0	0
1053	18	8	10
1054	0	0	0
1055	61	59	43
1056	80	48	42
1057	18	18	12
1058	17	14	14
1059	0	1	0
1060	513	527	404
1061	3	6	2
1062	692	709	517
1063	45	40	30
1064	167	176	116
1065	56	54	54
1066	2	2	3
1067	10	10	9
1068	0	0	0
1069	9	4	4
1070	8	8	4
1071	9	14	6
1072	0	0	0
1073	102	106	106
1074	35	41	27
1075	7	6	1
1076	2	1	4
1077	0	0	1
1078	162	155	144
1079	4	1	2
1080	1	2	4
1081	0	0	0
1082	0	0	0
1083	6	1	4
1084	44	42	38
1085	24	23	23
1086	14	13	12
1087	5	9	2
1088	5	9	8
1089	0	0	0
1090	0	0	0
1091	7	6	8
1092	224	195	130
1093	18	16	13
1094	3	4	5
1095	10	9	13
1096	295	288	192
1097	1	0	2
1098	1	0	1
1099	6	5	17
1100	0	2	1
1101	98	85	84
1102	101	117	89
1103	9	3	9
1104	4	2	1
1105	69	66	38
1106	3	6	4
1107	87	105	94
1108	112	108	85
1109	6	4	1
1110	0	0	1
1111	0	0	0
1112	22	17	8
1113	3	5	1
1114	3	4	4
1115	0	0	0
1116	10	17	9
1117	11	9	7
1118	0	0	0
1119	136	112	92
1120	0	0	0
1121	2	1	3
1122	3	4	1
1123	0	2	0
1124	8	5	5
1125	1	0	0
1126	34	23	25
1127	7	8	5
1128	0	0	0
1129	0	0	1
1130	8	4	4
1131	3	3	5
1132	3	5	2
1133	2	3	2
1134	14	13	15
1135	15	13	15
1136	26	28	14
1137	262	281	175
1138	5	8	4
1139	19	21	21
1140	11	5	7
1141	2	1	0
1142	1	2	6
1143	13	22	14
1144	35	52	44
1145	13	13	23
1146	0	0	0
1147	24	24	25
1148	52	45	44
1149	19	18	18
1150	2	0	0
1151	56	57	48
1152	282	316	336
1153	5	4	0
1154	83	66	54
1155	16	15	12
1156	3	4	2
1157	220	160	141
1158	0	0	0
1159	0	3	3
1160	37	39	28
1161	37	38	35
1162	11	11	9
1163	13	19	10
1164	2	9	5
1165	78	55	53
1166	0	1	0
1167	4	5	2
1168	5	2	4
1169	2	1	2
1170	131	130	109
1171	5	8	10
1172	581	525	468
1173	2	7	5
1174	1	0	4
1175	0	1	1
1176	83	73	71
1177	16	24	20
1178	39	36	33
1179	1	1	1
1180	0	0	3
1181	20	20	18
1182	0	0	0
1183	6	11	2
1184	32	24	21
1185	1	4	2
1186	202	238	179
1187	671	614	614
1188	7	19	9
1189	4	6	2
1190	0	1	0
1191	4	2	3
1192	12	6	16
1193	55	48	28
1194	1	1	1
1195	0	0	0
1196	5	1	0
1197	0	0	0
1198	0	0	0
1199	2	8	4
1200	0	0	0
1201	3	1	0
1202	1	0	0
1203	0	0	0
1204	12	13	11
1205	161	136	101
1206	26	29	17
1207	61	49	56
1208	3	6	2
1209	80	63	48
1210	168	180	131
1211	59	72	45
1212	9	9	9
1213	0	0	0
1214	0	0	0
1215	177	132	105
1216	33	20	22
1217	21	21	19
1218	13	19	16
1219	0	0	0
1220	28	33	26
1221	0	0	0
1222	0	0	4
1223	11	6	14
1224	21	17	11
1225	0	0	0
1226	23	15	12
1227	12	11	8
1228	3	0	2
1229	9	9	13
1230	0	0	0
1231	218	203	180
1232	13	6	11
1233	26	28	17
1234	18	11	12
1235	45	52	32
1236	9	6	1
1237	25	17	20
1238	6	11	6
1239	5	5	3
1240	6	13	13
1241	0	0	1
1242	140	135	120
1243	0	0	0
1244	0	0	0
1245	0	0	0
1246	0	1	0
1247	245	229	201
1248	4	5	2
1249	6	12	8
1250	8	9	13
1251	18	22	22
1252	26	21	21
1253	10	14	9
1254	23	22	12
1255	28	27	19
1256	0	0	1
1257	3	0	0
1258	3	4	5
1259	418	448	368
1260	4	5	2
1261	12	13	10
1262	8	3	9
1263	8	10	6
1264	1	3	2
1265	72	66	46
1266	31	36	19
1267	32	33	24
1268	2	3	1
1269	291	284	217
1270	13	16	8
1271	3	7	2
1272	3	2	2
1273	41	22	22
1274	3	2	1
1275	209	224	200
1276	3	7	0
1277	1	1	1
1278	157	148	110
1279	23	23	14
1280	49	36	28
1281	13	12	8
1282	0	0	0
1283	53	67	61
1284	1	1	1
1285	28	34	18
1286	22	23	24
1287	5	9	9
1288	30	22	30
1289	36	28	22
1290	17	18	13
1291	2	1	0
1292	6	3	6
1293	65	46	47
1294	2	2	0
1295	0	1	1
1296	8	11	6
1297	0	0	0
1298	0	0	0
1299	1	2	0
1300	11	10	7
1301	19	17	16
1302	31	34	28
1303	101	78	64
1304	13	17	13
1305	7	12	5
1306	121	157	140
1307	17	15	11
1308	16	26	15
1309	394	388	288
1310	6	15	5
1311	22	28	30
1312	20	25	27
1313	0	0	1
1314	0	0	0
1315	1	4	4
1316	28	31	24
1317	8	9	15
1318	48	55	33
1319	82	85	85
1320	18	17	12
1321	247	204	270
1322	1	0	1
1323	242	266	209
1324	550	542	538
1325	28	25	36
1326	10	3	5
1327	4	5	7
1328	9	9	16
1329	345	399	326
1330	9	15	11
1331	62	58	27
1332	15	10	17
1333	7	11	9
1334	17	35	21
1335	6	3	8
1336	14	16	7
1337	10	5	14
1338	13	32	27
1339	15	40	31
1340	38	34	75
1341	22	21	24
1342	4	3	2
1343	7	3	6
1344	14	15	10
1345	101	91	80
1346	48	46	45
1347	15	9	9
1348	0	0	0
1349	0	0	0
1350	0	0	0
1351	2	0	0
1352	0	0	0
1353	34	46	62
1354	131	118	85
1355	0	0	0
1356	52	47	43
1357	451	430	384
1358	5	5	18
1359	5	14	7
1360	2	5	3
1361	3	2	2
1362	41	34	33
1363	292	308	215
1364	3	2	2
1365	10	5	6
1366	18	16	10
1367	2	3	4
1368	38	33	44
1369	8	9	19
1370	76	55	63
1371	33	34	36
1372	7	11	7
1373	0	0	0
1374	0	0	1
1375	90	74	72
1376	3	5	2
1377	3	1	0
1378	17	19	11
1379	49	69	45
1380	0	0	0
1381	2	5	3
1382	27	29	26
1383	9	2	3
1384	25	21	13
1385	28	23	12
1386	15	12	14
1387	106	113	75
1388	5	3	1
1389	29	21	34
1390	226	185	168
1391	3	3	3
1392	186	137	128
1393	4	3	0
1394	17	9	8
1395	0	0	0
1396	58	64	53
1397	0	0	1
1398	30	42	41
1399	3	8	4
1400	1	0	0
1401	7	6	11
1402	5	4	9
1403	0	0	0
1404	0	0	0
1405	26	25	35
1406	5	10	6
1407	13	13	11
1408	8	8	7
1409	5	4	8
1410	5	2	1
1411	0	1	1
1412	3	0	0
1413	42	24	21
1414	3	1	2
1415	0	0	0
1416	1	1	1
1417	66	50	51
1418	72	115	58
1419	13	14	11
1420	82	83	62
1421	5	7	9
1422	0	0	0
1423	0	0	1
1424	2	1	1
1425	1	1	3
1426	3	4	2
1427	15	11	19
1428	5	3	3
1429	7	10	6
1430	65	71	74
1431	14	19	5
1432	16	31	20
1433	0	0	0
1434	1	5	2
1435	10	11	14
1436	0	0	0
1437	0	0	0
1438	0	0	0
1439	0	0	0
1440	11	17	12
1441	2	2	1
1442	6	3	3
1443	8	5	7
1444	28	30	21
1445	52	35	50
1446	19	18	16
1447	3	2	1
1448	9	8	13
1449	0	2	1
1450	0	0	0
1451	1	6	1
1452	15	23	15
1453	3	10	12
1454	25	13	20
1455	156	177	160
1456	27	35	31
1457	0	0	0
1458	14	22	10
1459	5	4	0
1460	18	16	17
1461	1	0	0
1462	6	3	2
1463	102	93	76
1464	11	13	4
1465	33	40	37
1466	1	2	1
1467	20	11	22
1468	3	2	0
1469	10	8	3
1470	58	30	33
1471	16	19	20
1472	40	40	28
1473	16	22	20
1474	5	4	6
1475	24	19	15
1476	12	14	12
1477	33	28	24
1478	192	168	145
1479	21	12	9
1480	50	62	50
1481	58	44	45
1482	25	33	36
1483	24	21	12
1484	8	10	21
1485	4	2	2
1486	0	0	0
1487	0	0	0
1488	36	41	28
1489	207	199	207
1490	7	6	6
1491	0	0	0
1492	3	8	6
1493	3	2	1
1494	12	18	18
1495	1	1	1
1496	38	54	35
1497	20	15	15
1498	0	0	1
1499	12	4	2
1500	7	5	9
1501	25	34	23
1502	305	260	217
1503	11	19	13
1504	9	2	7
1505	120	116	112
1506	0	0	0
1507	0	0	1
1508	41	41	58
1509	82	60	69
1510	10	0	12
1511	36	35	25
1512	0	0	0
1513	12	6	7
1514	3	2	2
1515	8	12	13
1516	5	1	1
1517	2	5	0
1518	645	635	563
1519	0	1	0
1520	31	36	22
1521	14	10	9
1522	13	14	13
1523	70	50	43
1524	0	7	0
1525	3	1	0
1526	5	4	6
1527	89	96	67
1528	46	63	36
1529	5	3	2
1530	32	37	20
1531	60	53	50
1532	24	16	11
1533	8	10	9
1534	6	5	8
1535	85	99	87
1536	18	11	10
1537	0	0	0
1538	15	19	14
1539	27	19	20
1540	91	92	81
1541	88	74	52
1542	1	0	1
1543	0	0	0
1544	70	63	28
1545	348	331	290
1546	0	1	0
1547	29	31	13
1548	0	0	0
1549	0	0	0
1550	71	87	52
1551	126	109	91
1552	31	35	26
1553	1	3	4
1554	6	9	5
1555	24	27	22
1556	78	88	50
1557	0	0	0
1558	0	0	0
1559	12	15	6
1560	19	14	16
1561	21	29	21
1562	9	11	10
1563	6	13	11
1564	4	0	4
1565	17	34	19
1566	62	59	54
1567	13	12	13
1568	0	0	0
1569	51	33	31
1570	36	44	28
1571	0	1	1
1572	24	34	33
1573	61	69	67
1574	1	1	0
1575	2	6	4
1576	10	7	9
1577	68	85	69
1578	29	31	25
1579	15	22	7
1580	244	230	212
1581	22	29	26
1582	0	0	0
1583	45	42	25
1584	123	96	98
1585	15	10	18
1586	9	10	10
1587	0	0	0
1588	450	493	433
1589	1	0	0
1590	0	0	0
1591	1	2	0
1592	4	8	5
1593	1	0	2
1594	1	0	0
1595	6	6	4
1596	4	12	9
1597	5	6	1
1598	8	2	6
1599	0	1	0
1600	11	5	12
1601	9	8	7
1602	2	3	3
1603	24	26	23
1604	57	48	44
1605	24	26	13
1606	12	14	18
1607	0	0	0
1608	116	95	72
1609	101	79	94
1610	2	1	0
1611	0	0	0
1612	4	5	0
1613	6	7	10
1614	4	3	0
1615	31	53	45
1616	11	13	6
1617	0	0	0
1618	19	17	21
1619	13	8	13
1620	5	4	3
1621	28	18	15
1622	1	1	2
1623	0	0	1
1624	0	3	2
1625	78	70	55
1626	4	8	1
1627	0	0	0
1628	4	2	3
1629	484	462	414
1630	13	12	12
1631	28	28	38
1632	72	45	55
1633	17	22	26
1634	6	10	6
1635	9	10	8
1636	1	0	0
1637	17	10	25
1638	33	39	28
1639	2	2	6
1640	46	55	38
1641	21	19	15
1642	587	638	634
1643	0	1	1
1644	0	1	1
1645	8	5	4
1646	18	19	13
1647	3	2	2
1648	60	81	74
1649	1	0	1
1650	817	876	689
1651	25	14	13
1652	2	0	1
1653	46	44	57
1654	19	13	8
1655	176	159	129
1656	3	3	2
1657	4	7	2
1658	94	93	79
1659	43	48	43
1660	1	1	2
1661	12	14	8
1662	4	10	10
1663	20	11	17
1664	19	15	14
1665	6	10	4
1666	0	0	0
1667	69	103	81
1668	1	4	2
1669	145	123	120
1670	81	71	67
1671	12	6	6
1672	29	31	24
1673	9	9	12
1674	4	8	5
1675	1	3	2
1676	12	11	7
1677	41	36	28
1678	60	52	58
1679	10	9	5
1680	85	106	63
1681	29	9	15
1682	17	11	13
1683	19	28	15
1684	62	49	43
1685	40	50	39
1686	3	2	1
1687	1	3	1
1688	10	6	4
1689	0	0	0
1690	3	3	0
1691	0	0	0
1692	2	4	2
1693	0	0	0
1694	0	0	0
1695	10	9	9
1696	9	5	0
1697	0	0	0
1698	0	0	0
1699	5	5	4
1700	37	29	30
1701	11	9	12
1702	136	124	109
1703	0	2	1
1704	132	148	131
1705	176	135	137
1706	239	214	191
1707	44	28	23
1708	1	5	5
1709	5	5	4
1710	0	0	2
1711	0	1	1
1712	36	43	27
1713	8	3	12
1714	21	25	14
1715	41	41	29
1716	144	121	138
1717	33	36	21
1718	358	329	283
1719	4	6	0
1720	14	10	8
1721	75	69	61
1722	0	0	0
1723	1	0	0
1724	6	4	4
1725	21	10	21
1726	7	9	2
1727	55	48	48
1728	26	27	20
1729	653	625	641
1730	0	0	0
1731	23	12	10
1732	6	3	3
1733	109	127	83
1734	52	49	34
1735	84	74	77
1736	3	5	1
1737	7	5	6
1738	15	16	11
1739	20	10	10
1740	7	9	9
1741	613	555	354
1742	3	2	1
1743	23	19	13
1744	5	2	1
1745	4	4	2
1746	19	22	12
1747	6	3	4
1748	2	5	2
1749	5	2	5
1750	3	2	2
1751	25	26	17
1752	111	130	125
1753	16	10	3
1754	4	7	7
1755	1	1	0
1756	27	35	22
1757	39	39	23
1758	17	11	15
1759	21	19	29
1760	0	0	0
1761	35	41	31
1762	4	5	1
1763	0	3	0
1764	0	0	0
1765	0	0	0
1766	0	0	0
1767	1	1	2
1768	0	0	0
1769	1	1	1
1770	121	105	96
1771	236	228	210
1772	9	10	6
1773	12	10	4
1774	19	22	11
1775	12	3	3
1776	116	114	110
1777	5	7	2
1778	222	180	185
1779	42	48	42
1780	39	24	46
1781	243	224	194
1782	319	318	309
1783	6	31	8
1784	57	65	49
1785	12	23	12
1786	0	0	0
1787	65	83	53
1788	56	41	30
1789	10	8	6
1790	8	5	3
1791	10	4	3
1792	9	8	5
1793	1	0	0
1794	1	1	4
1795	23	14	19
1796	229	188	165
1797	921	826	633
1798	16	18	11
1799	7	7	4
1800	2	4	0
1801	14	11	6
1802	5	0	7
1803	98	100	76
1804	11	16	18
1805	539	535	474
1806	2	5	7
1807	63	40	24
1808	11	8	6
1809	58	62	54
1810	5	7	3
1811	0	0	0
1812	18	14	16
1813	3	3	2
1814	11	13	10
1815	4	6	5
1816	7	6	3
1817	9	5	4
1818	9	12	7
1819	1	0	1
1820	0	1	0
1821	2	1	2
1822	78	73	74
1823	103	98	110
1824	25	30	43
1825	1	0	0
1826	14	14	13
1827	11	7	5
1828	79	98	75
1829	2	7	4
1830	19	14	11
1831	6	4	3
1832	14	18	13
1833	1	2	1
1834	34	48	26
1835	65	48	41
1836	5	7	3
1837	67	58	48
1838	52	46	44
1839	7	3	2
1840	3	10	10
1841	47	24	26
1842	18	21	28
1843	81	65	47
1844	49	28	26
1845	2	5	0
1846	1	3	3
1847	89	96	69
1848	17	11	15
1849	1	0	0
1850	0	1	5
1851	159	112	106
1852	10	15	15
1853	1	2	3
1854	207	249	224
1855	6	9	12
1856	2	1	0
1857	2	2	0
1858	40	24	20
1859	5	2	5
1860	3	4	2
1861	77	76	59
1862	14	11	10
1863	2	6	10
1864	5	9	9
1865	2	3	1
1866	116	116	93
1867	2	2	1
1868	237	245	210
1869	3	5	5
1870	67	53	43
1871	12	25	14
1872	199	226	206
1873	4	6	7
1874	22	25	15
1875	9	5	8
1876	12	13	17
1877	55	52	44
1878	18	21	15
1879	13	15	17
1880	20	10	13
1881	206	211	156
1882	36	45	33
1883	3	8	8
1884	5	10	4
1885	58	43	36
1886	79	85	91
1887	10	8	12
1888	1	0	0
1889	8	18	12
1890	12	9	7
1891	10	3	4
1892	0	1	0
1893	1	4	1
1894	18	18	25
1895	0	0	0
1896	78	75	53
1897	44	41	34
1898	3	3	4
1899	9	10	4
1900	1	0	0
1901	2	6	2
1902	4	1	6
1903	6	6	1
1904	1	0	0
1905	5	15	6
1906	32	29	22
1907	13	11	5
1908	8	9	5
1909	2	0	0
1910	4	0	0
1911	9	9	15
1912	136	113	63
1913	36	24	33
1914	19	22	28
1915	2	2	1
1916	10	9	15
1917	0	0	0
1918	62	60	66
1919	3	1	2
1920	35	43	34
1921	0	0	0
1922	35	28	25
1923	73	44	46
1924	15	14	15
1925	6	1	4
1926	49	34	27
1927	7	15	6
1928	65	71	56
1929	6	2	4
1930	0	0	1
1931	2	5	4
1932	17	19	19
1933	3	2	2
1934	36	21	27
1935	54	52	34
1936	4	3	4
1937	0	0	0
1938	0	0	0
1939	195	195	155
1940	0	1	0
1941	85	89	80
1942	32	31	17
1943	3	0	1
1944	0	1	3
1945	4	6	1
1946	5	6	5
1947	10	12	11
1948	5	2	3
1949	9	8	8
1950	2	4	2
1951	8	9	14
1952	57	51	50
1953	0	0	1
1954	6	2	3
1955	0	0	0
1956	44	30	28
1957	0	0	0
1958	10	4	5
1959	0	0	0
1960	174	156	174
1961	28	16	19
1962	23	14	8
1963	42	41	31
1964	11	6	0
1965	6	4	3
1966	2	3	1
1967	3	1	1
1968	0	5	1
1969	98	106	108
1970	147	143	96
1971	1	0	0
1972	2	1	0
1973	2	2	4
1974	10	8	10
1975	1	0	3
1976	11	7	12
1977	72	49	63
1978	19	35	14
1979	130	129	89
1980	0	0	0
1981	11	16	5
1982	79	83	56
1983	12	6	4
1984	1	0	1
1985	6	5	6
1986	3	5	6
1987	4	8	6
1988	1	0	0
1989	6	4	2
1990	2	7	11
1991	7	7	8
1992	127	134	90
1993	0	0	0
1994	1	0	0
1995	41	31	34
1996	64	75	56
1997	11	6	3
1998	8	15	15
1999	20	29	14
2000	6	7	4
2001	1	1	1
2002	2	3	5
2003	14	19	11
2004	20	17	15
2005	15	19	17
2006	11	20	15
2007	97	96	62
2008	11	4	7
2009	17	15	9
2010	27	40	33
2011	2	0	2
2012	126	97	113
2013	7	8	7
2014	22	32	26
2015	4	5	3
2016	6	5	6
2017	1	2	1
2018	0	0	0
2019	2	5	3
2020	0	0	1
2021	0	0	0
2022	23	20	22
2023	5	5	2
2024	33	43	23
2025	13	25	16
2026	103	90	89
2027	29	37	33
2028	127	113	89
2029	56	67	36
2030	10	5	13
2031	212	219	211
2032	59	51	50
2033	8	5	5
2034	2	5	8
2035	9	9	9
2036	5	9	5
2037	5	7	1
2038	27	25	17
2039	16	31	15
2040	37	37	23
2041	68	57	44
2042	26	26	26
2043	33	34	18
2044	2	1	1
2045	5	5	5
2046	0	0	0
2047	10	11	4
2048	20	29	19
2049	180	220	134
2050	0	4	1
2051	0	0	0
2052	21	22	15
2053	58	56	47
2054	41	46	58
2055	0	0	0
2056	7	5	3
2057	6	10	6
2058	8	17	17
2059	39	35	27
2060	76	80	74
2061	11	9	13
2062	7	5	8
2063	0	0	0
2064	0	0	0
2065	5	9	10
2066	26	15	15
2067	413	418	328
2068	4	2	5
2069	2	1	0
2070	0	0	0
2071	0	0	0
2072	2	2	2
2073	29	31	17
2074	3	3	7
2075	7	4	2
2076	0	0	0
2077	7	5	5
2078	0	0	0
2079	5	4	2
2080	16	20	14
2081	8	9	4
2082	2	1	4
2083	1	2	3
2084	175	183	87
2085	13	15	4
2086	12	4	4
2087	141	140	104
2088	1	1	0
2089	97	100	82
2090	209	194	208
2091	46	46	33
2092	3	0	0
2093	150	136	114
2094	1	2	3
2095	0	1	1
2096	4	2	3
2097	1	2	3
2098	0	0	0
2099	3	2	2
2100	5	9	2
2101	9	5	5
2102	13	5	11
2103	65	64	73
2104	0	0	0
2105	5	6	4
2106	0	0	0
2107	156	163	139
2108	9	7	0
2109	2	2	2
2110	0	0	0
2111	58	43	40
2112	0	0	0
2113	21	16	17
2114	12	13	14
2115	0	0	0
2116	7	5	4
2117	47	35	30
2118	1	3	2
2119	0	0	0
2120	0	0	0
2121	0	0	0
2122	512	470	499
2123	15	14	13
2124	3	1	2
2125	0	0	0
2126	1	3	2
2127	0	0	0
2128	333	304	215
2129	1	0	3
2130	5	7	1
2131	112	96	77
2132	50	42	23
2133	71	77	69
2134	0	0	0
2135	0	0	0
2136	42	26	32
2137	15	18	15
2138	54	58	45
2139	37	42	33
2140	12	13	12
2141	1	0	0
2142	1391	1334	1146
2143	5	8	1
2144	73	67	60
2145	6	13	5
2146	133	111	109
2147	5	4	3
2148	24	30	28
2149	5	2	1
2150	19	13	10
2151	14	15	8
2152	1	0	0
2153	7	2	2
2154	11	12	6
2155	74	64	44
2156	88	75	69
2157	4	11	6
2158	0	1	0
2159	694	815	667
2160	0	1	0
2161	18	34	33
2162	34	30	17
2163	5	5	9
2164	65	54	51
2165	0	0	0
2166	11	3	6
2167	4	8	5
2168	6	2	1
2169	51	59	39
2170	18	15	10
2171	0	0	0
2172	0	0	0
2173	5	2	0
2174	3	3	3
2175	136	145	76
2176	9	11	9
2177	2	4	4
2178	1	0	0
2179	4	0	2
2180	0	0	0
2181	4	4	3
2182	8	14	13
2183	2	3	4
2184	9	6	5
2185	82	88	61
2186	0	1	0
2187	170	202	170
2188	8	12	5
2189	76	81	64
2190	8	5	6
2191	0	0	0
2192	43	37	21
2193	0	1	0
2194	0	0	2
2195	39	38	39
2196	14	14	7
2197	5	8	6
2198	12	9	13
2199	1	2	2
2200	3	2	3
2201	76	57	63
2202	4	0	0
2203	4	2	2
2204	0	2	1
2205	30	24	29
2206	0	3	0
2207	1	0	2
2208	18	13	15
2209	1	0	0
2210	422	387	372
2211	0	0	0
2212	0	0	0
2213	14	9	11
2214	31	26	19
2215	33	25	21
2216	47	29	21
2217	4	5	8
2218	27	18	13
2219	56	49	37
2220	316	309	319
2221	19	21	14
2222	16	26	10
2223	3	1	4
2224	0	1	3
2225	9	8	5
2226	27	26	25
2227	24	16	21
2228	3	3	8
2229	18	2	11
2230	6	12	8
2231	12	15	9
2232	0	0	0
2233	1	4	0
2234	9	6	2
2235	4	5	1
2236	0	0	1
2237	28	39	22
2238	80	89	68
2239	36	38	36
2240	3	1	4
2241	6	18	9
2242	37	35	20
2243	0	0	2
2244	6	6	7
2245	70	87	77
2246	12	9	3
2247	46	32	42
2248	19	10	11
2249	9	12	9
2250	12	13	7
2251	8	8	6
2252	20	24	14
2253	0	0	0
2254	2	0	0
2255	0	3	2
2256	7	8	7
2257	6	3	5
2258	0	0	0
2259	0	0	1
2260	14	18	11
2261	0	2	1
2262	2	4	3
2263	18	10	8
2264	3	4	2
2265	1	0	0
2266	68	67	38
2267	21	29	10
2268	20	28	24
2269	14	24	17
2270	23	7	9
2271	5	10	5
2272	164	121	86
2273	0	0	0
2274	8	12	8
2275	1	1	0
2276	38	40	30
2277	106	104	100
2278	0	2	0
2279	0	0	0
2280	18	22	17
2281	84	88	86
2282	31	17	19
2283	57	34	54
2284	21	12	9
2285	0	2	4
2286	10	14	10
2287	0	0	0
2288	3	3	2
2289	7	16	8
2290	0	0	0
2291	44	37	26
2292	5	11	14
2293	24	26	28
2294	19	10	12
2295	16	13	6
2296	0	2	3
2297	80	53	43
2298	18	8	5
2299	134	126	113
2300	28	32	24
2301	83	79	93
2302	4	1	3
2303	16	13	8
2304	0	0	0
2305	0	0	0
2306	6	2	6
2307	15	13	13
2308	30	13	17
2309	2	3	5
2310	23	27	23
2311	37	45	34
2312	0	1	1
2313	7	15	8
2314	9	12	6
2315	9	13	9
2316	48	45	39
2317	5	6	6
2318	238	248	216
2319	4	0	2
2320	129	115	90
2321	1	2	2
2322	14	15	17
2323	2	1	1
2324	26	13	11
2325	536	455	377
2326	4	1	3
2327	3	7	3
2328	2	0	0
2329	109	91	80
2330	20	16	16
2331	38	42	17
2332	14	9	8
2333	13	4	8
2334	150	131	121
2335	8	7	7
2336	0	0	0
2337	54	52	42
2338	30	39	22
2339	26	20	17
2340	8	4	1
2341	0	0	0
2342	8	2	0
2343	15	8	4
2344	47	49	35
2345	0	3	1
2346	2	5	2
2347	154	158	111
2348	22	25	27
2349	9	19	13
2350	18	21	28
2351	36	37	37
2352	1	3	0
2353	9	15	12
2354	398	451	357
2355	32	29	21
2356	65	57	61
2357	1	1	2
2358	163	165	142
2359	1	1	1
2360	0	0	0
2361	9	9	6
2362	6	6	4
2363	2	2	2
2364	0	0	0
2365	16	16	20
2366	0	0	0
2367	8	3	1
2368	0	0	0
2369	53	69	48
2370	121	137	94
2371	25	22	20
2372	88	77	52
2373	42	33	22
2374	39	59	45
2375	19	15	14
2376	1	0	0
2377	1	3	0
2378	52	66	46
2379	11	16	13
2380	23	17	20
2381	8	10	7
2382	72	90	77
2383	9	9	7
2384	2	1	0
2385	4	3	2
2386	0	0	0
2387	51	39	41
2388	0	1	0
2389	1	0	0
2390	108	116	77
2391	63	48	39
2392	32	28	23
2393	7	5	5
2394	9	17	11
2395	2	1	0
2396	5	4	4
2397	2	4	1
2398	9	6	7
2399	3	2	2
2400	84	87	65
2401	34	35	17
2402	137	130	135
2403	7	8	4
2404	5	2	2
2405	0	0	0
2406	0	0	2
2407	1	1	0
2408	12	15	13
2409	14	6	8
2410	4	5	3
2411	15	15	13
2412	11	8	5
2413	160	170	104
2414	39	20	29
2415	6	7	2
2416	35	22	25
2417	858	906	918
2418	56	62	49
2419	15	9	3
2420	26	26	21
2421	28	17	21
2422	8	8	5
2423	13	18	13
2424	49	39	38
2425	7	8	8
2426	16	17	17
2427	19	20	14
2428	4	4	10
2429	479	493	403
2430	10	16	14
2431	109	83	65
2432	14	17	9
2433	1	1	5
2434	19	12	18
2435	2	1	1
2436	1	4	1
2437	18	11	5
2438	3	3	4
2439	1	4	2
2440	45	53	50
2441	0	0	0
2442	632	599	535
2443	13	18	18
2444	13	18	18
2445	1	2	0
2446	1	1	0
2447	0	0	0
2448	6	8	4
2449	12	18	11
2450	3	4	4
2451	1	2	8
2452	8	5	3
2453	1	3	4
2454	2	3	6
2455	11	13	9
2456	2	3	3
2457	96	113	102
2458	21	30	22
2459	7	7	4
2460	44	28	23
2461	127	160	114
2462	8	15	10
2463	0	3	1
2464	0	0	0
2465	75	76	67
2466	9	14	11
2467	0	1	1
2468	18	12	19
2469	10	24	24
2470	3	8	2
2471	30	23	16
2472	1	0	0
2473	53	37	52
2474	8	8	10
2475	0	0	0
2476	48	41	34
2477	5	4	2
2478	15	10	16
2479	2	2	2
2480	31	34	24
2481	1	0	1
2482	29	28	33
2483	10	18	10
2484	0	3	0
2485	7	5	7
2486	155	146	163
2487	48	50	37
2488	27	19	19
2489	67	63	61
2490	61	52	45
2491	0	0	0
2492	24	44	28
2493	57	48	39
2494	5	1	1
2495	9	9	7
2496	11	25	10
2497	15	10	13
2498	58	60	53
2499	2	2	1
2500	13	24	24
2501	0	0	1
2502	47	30	30
2503	44	36	42
2504	4	5	3
2505	27	18	13
2506	25	31	27
2507	39	32	28
2508	72	62	45
2509	6	3	6
2510	0	0	0
2511	24	18	17
2512	46	36	50
2513	13	7	9
2514	0	2	1
2515	75	62	54
2516	67	83	47
2517	55	67	58
2518	17	20	21
2519	18	33	22
2520	55	43	36
2521	72	61	59
2522	1	2	4
2523	86	71	51
2524	5	3	2
2525	1	2	1
2526	0	0	0
2527	1	3	2
2528	9	3	6
2529	1	5	4
2530	0	0	0
2531	3	3	6
2532	95	83	106
2533	118	134	128
2534	0	0	0
2535	108	93	81
2536	8	14	9
2537	147	163	145
2538	0	0	0
2539	0	0	0
2540	4	3	6
2541	4	4	1
2542	6	11	5
2543	166	145	156
2544	9	7	9
2545	53	39	40
2546	4	2	3
2547	130	135	136
2548	258	304	213
2549	10	6	17
2550	26	19	21
2551	107	109	103
2552	0	0	0
2553	13	14	10
2554	13	4	8
2555	63	65	70
2556	6	9	8
2557	0	0	0
2558	48	39	42
2559	0	0	0
2560	88	75	78
2561	9	7	5
2562	0	0	0
2563	10	8	5
2564	18	17	16
2565	0	0	0
2566	1	1	0
2567	331	303	272
2568	1	0	0
2569	27	51	21
2570	12	22	19
2571	20	31	25
2572	41	50	27
2573	28	28	19
2574	4	4	2
2575	0	1	0
2576	0	4	0
2577	265	288	260
2578	26	19	25
2579	145	117	100
2580	15	20	10
2581	0	0	0
2582	0	3	2
2583	8	7	7
2584	2	2	0
2585	42	34	30
2586	0	1	0
2587	2	2	4
2588	122	95	97
2589	7	9	2
2590	14	7	7
2591	2	6	2
2592	0	3	4
2593	9	7	6
2594	0	0	0
2595	9	13	16
2596	13	14	21
2597	5	7	1
2598	54	56	60
2599	11	4	0
2600	1	3	1
2601	0	0	0
2602	85	72	57
2603	0	4	3
2604	140	112	115
2605	0	0	0
2606	0	0	0
2607	4	1	3
2608	6	6	6
2609	86	73	47
2610	10	4	3
2611	1	2	0
2612	2	4	3
2613	1	0	0
2614	0	1	1
2615	0	0	2
2616	1	3	2
2617	2	0	1
2618	27	15	10
2619	0	0	0
2620	15	17	17
2621	20	24	11
2622	90	97	107
2623	10	7	7
2624	1	0	1
2625	0	0	0
2626	0	0	0
2627	3	1	2
2628	0	0	0
2629	10	9	15
2630	31	17	36
2631	9	19	11
2632	0	0	0
2633	5	11	5
2634	4	2	2
2635	26	14	15
2636	54	38	33
2637	5	7	5
2638	1	0	0
2639	5	5	1
2640	0	0	0
2641	44	48	31
2642	6	3	1
2643	24	27	16
2644	6	8	9
2645	2	1	3
2646	0	1	3
2647	2	0	2
2648	2	1	0
2649	69	36	36
2650	104	85	67
2651	6	8	6
2652	21	14	18
2653	13	11	7
2654	48	38	22
2655	0	1	1
2656	5	3	9
2657	26	27	20
2658	20	19	13
2659	2	1	1
2660	4	0	2
2661	0	3	0
2662	10	5	8
2663	4	11	8
2664	52	47	52
2665	80	73	100
2666	1	1	0
2667	7	9	1
2668	1	4	4
2669	7	4	2
2670	3	4	3
2671	2	3	3
2672	0	2	0
2673	10	3	3
2674	15	15	9
2675	13	15	16
2676	0	0	1
2677	6	3	5
2678	5	4	2
2679	17	18	20
2680	0	0	0
2681	0	0	0
2682	15	9	22
2683	0	1	0
2684	1	0	0
2685	0	0	0
2686	0	0	0
2687	0	0	0
2688	68	76	63
2689	33	30	16
2690	16	9	8
2691	14	5	8
2692	0	1	0
2693	17	21	7
2694	6	2	1
2695	37	42	20
2696	3	2	4
2697	15	17	7
2698	2	6	2
2699	13	32	13
2700	0	0	0
2701	6	9	6
2702	23	25	17
2703	7	7	7
2704	4	5	6
2705	6	2	4
2706	14	16	6
2707	18	20	19
2708	1	1	3
2709	28	44	21
2710	9	8	12
2711	44	49	27
2712	22	17	15
2713	31	42	48
2714	1	2	4
2715	27	14	17
2716	0	1	0
2717	0	0	0
2718	2	2	2
2719	2	0	6
2720	10	9	15
2721	0	0	0
2722	45	30	36
2723	7	8	9
2724	151	160	186
2725	98	142	168
2726	0	0	0
2727	27	37	33
2728	9	3	3
2729	26	27	22
2730	75	54	48
2731	0	0	0
2732	3	2	0
2733	2	1	2
2734	0	0	0
2735	0	0	0
2736	0	3	1
2737	13	20	9
2738	20	24	23
2739	6	8	2
2740	13	9	8
2741	4	4	2
2742	34	44	35
2743	115	116	108
2744	0	0	0
2745	7	5	7
2746	1	0	0
2747	2	6	7
2748	0	0	0
2749	10	13	3
2750	34	49	31
2751	6	7	7
2752	3	8	6
2753	17	20	10
2754	15	18	11
2755	20	16	17
2756	169	151	114
2757	0	0	0
2758	0	0	0
2759	15	18	11
2760	48	48	34
2761	1	0	0
2762	38	40	21
2763	406	353	326
2764	30	20	13
2765	30	25	32
2766	6	4	3
2767	10	5	6
2768	30	16	13
2769	409	373	366
2770	0	0	0
2771	4	2	7
2772	87	59	36
2773	2	4	2
2774	4	4	4
2775	6	4	3
2776	26	31	11
2777	0	1	1
2778	1	0	0
2779	297	304	246
2780	204	201	182
2781	21	24	17
2782	30	23	19
2783	1	1	0
2784	4	5	1
2785	0	0	0
2786	6	6	5
2787	5	1	2
2788	118	98	80
2789	17	12	8
2790	5	7	8
2791	2	5	3
2792	11	6	9
2793	400	467	377
2794	76	81	92
2795	402	478	469
2796	0	0	0
2797	91	111	66
2798	0	0	0
2799	17	17	16
2800	14	4	12
2801	174	177	128
2802	50	58	44
2803	9	8	6
2804	37	22	15
2805	5	3	5
2806	30	23	26
2807	548	517	483
2808	24	24	19
2809	210	225	171
2810	10	10	10
2811	32	17	21
2812	5	6	7
2813	11	3	9
2814	15	7	11
2815	0	0	0
2816	12	12	8
2817	2	7	5
2818	0	0	0
2819	4	4	6
2820	131	141	131
2821	23	29	16
2822	16	13	11
2823	0	1	0
2824	39	16	21
2825	56	63	58
2826	155	153	127
2827	14	15	7
2828	2	3	0
2829	5	3	1
2830	1089	1000	967
2831	259	299	224
2832	96	88	89
2833	0	0	0
2834	132	91	85
2835	36	34	17
2836	9	9	5
2837	14	11	11
2838	15	14	15
2839	2	2	1
2840	324	289	266
2841	52	61	39
2842	0	2	1
2843	1	1	1
2844	120	109	74
2845	12	12	10
2846	632	560	496
2847	5	12	5
2848	5	2	1
2849	2	1	0
2850	79	63	49
2851	13	13	8
2852	13	17	13
2853	30	18	19
2854	3	4	2
2855	10	17	5
2856	34	25	14
2857	9	9	4
2858	73	62	50
2859	6	11	8
2860	1	4	1
2861	7	9	4
2862	17	16	14
2863	4	6	2
2864	0	0	1
2865	4	6	6
2866	0	0	0
2867	18	13	17
2868	0	0	0
2869	0	0	0
2870	0	0	0
2871	522	538	432
2872	0	0	0
2873	28	30	25
2874	157	177	120
2875	51	63	39
2876	14	22	14
2877	102	94	79
2878	9	9	4
2879	0	0	0
2880	2	8	9
2881	3	1	4
2882	23	11	12
2883	2	0	4
2884	44	34	55
2885	11	6	9
2886	10	21	10
2887	0	0	0
2888	2	5	2
2889	12	6	10
2890	53	37	31
2891	29	30	29
2892	1	3	3
2893	2	4	5
2894	21	16	8
2895	16	16	8
2896	18	20	28
2897	6	5	4
2898	9	7	9
2899	29	25	25
2900	45	43	30
2901	1	0	0
2902	3	9	6
2903	54	55	39
2904	98	93	87
2905	45	61	33
2906	206	186	192
2907	0	0	0
2908	8	8	6
2909	19	14	12
2910	64	56	48
2911	19	22	15
2912	10	7	18
2913	78	84	63
2914	8	7	11
2915	24	11	22
2916	3	4	8
2917	30	30	18
2918	3	9	2
2919	3	1	2
2920	0	1	0
2921	8	8	8
2922	3	2	1
2923	84	60	49
2924	1	0	0
2925	15	15	24
2926	12	4	6
2927	69	39	42
2928	4	4	2
2929	5	6	3
2930	8	5	7
2931	18	10	14
2932	111	90	67
2933	104	88	70
2934	9	18	18
2935	81	73	84
2936	5	5	2
2937	0	0	1
2938	25	24	28
2939	45	32	24
2940	52	59	46
2941	28	21	14
2942	2	7	11
2943	3	3	1
2944	9	21	15
2945	8	20	18
2946	81	109	67
2947	5	7	7
2948	44	31	19
2949	4	0	2
2950	1	0	3
2951	221	205	226
2952	1	0	0
2953	9	9	13
2954	2	5	3
2955	1	4	2
2956	8	1	7
2957	8	15	10
2958	1	1	1
2959	0	0	0
2960	4	2	3
2961	6	7	3
2962	42	37	31
2963	36	23	19
2964	72	81	37
2965	6	8	3
2966	16	23	15
2967	0	0	0
2968	2	3	2
2969	4	6	6
2970	5	5	4
2971	20	37	28
2972	34	33	32
2973	82	61	53
2974	0	0	0
2975	19	22	19
2976	19	18	18
2977	14	27	19
2978	20	8	7
2979	0	0	0
2980	1	0	0
2981	1	5	3
2982	6	3	4
2983	60	45	40
2984	46	51	45
2985	5	3	3
2986	0	0	1
2987	290	307	288
2988	0	0	1
2989	25	57	29
2990	5	4	2
2991	46	29	24
2992	3	8	15
2993	0	0	0
2994	12	11	6
2995	20	17	17
2996	4	8	8
2997	3	4	2
2998	135	134	81
2999	2	5	4
3000	609	605	517
3001	7	4	2
3002	1	4	2
3003	3	0	4
3004	21	17	22
3005	0	0	0
3006	3	4	5
3007	22	16	8
3008	21	18	17
3009	112	132	111
3010	0	3	0
3011	11	7	10
3012	30	27	15
3013	63	58	50
3014	0	2	1
3015	35	32	33
3016	49	47	27
3017	6	8	5
3018	1	3	0
3019	9	8	6
3020	43	45	27
3021	0	0	1
3022	31	31	34
3023	79	73	60
3024	167	137	125
3025	8	6	6
3026	25	23	31
3027	30	26	26
3028	1280	1307	1090
3029	68	64	52
3030	0	0	0
3031	1	2	1
3032	4	3	4
3033	1	1	1
3034	18	19	6
3035	15	10	6
3036	7	3	9
3037	25	14	15
3038	93	86	96
3039	102	104	97
3040	11	10	3
3041	52	60	64
3042	7	11	6
3043	88	69	73
3044	3	0	2
3045	9	12	9
3046	10	12	16
3047	44	52	36
3048	8	10	2
3049	16	11	16
3050	351	343	218
3051	6	5	6
3052	5	3	3
3053	2	0	1
3054	23	28	20
3055	43	44	30
3056	6	10	7
3057	80	66	53
3058	7	19	12
3059	15	18	14
3060	29	21	13
3061	9	14	16
3062	64	49	37
3063	2	5	7
3064	10	16	15
3065	20	23	25
3066	29	24	13
3067	80	82	70
3068	82	55	50
3069	0	1	0
3070	14	14	11
3071	82	79	56
3072	3	3	4
3073	9	9	12
3074	20	18	19
3075	12	11	9
3076	2	4	6
3077	0	0	0
3078	6	6	4
3079	23	31	19
3080	2	10	3
3081	2	7	6
3082	21	12	12
3083	13	21	15
3084	21	28	19
3085	1	0	0
3086	9	2	1
3087	133	123	141
3088	54	51	42
3089	121	133	116
3090	23	24	35
3091	13	12	7
3092	290	266	239
3093	3	5	5
3094	3	0	1
3095	37	34	32
3096	0	0	0
3097	1	0	0
3098	15	20	11
3099	1	4	1
3100	0	0	0
3101	0	1	0
3102	26	33	27
3103	15	13	6
3104	142	120	160
3105	3	8	9
3106	10	6	6
3107	1	0	1
3108	5	4	3
3109	2	1	3
3110	79	79	73
3111	7	21	6
3112	7	16	16
3113	0	0	0
3114	8	8	10
3115	356	373	363
3116	17	17	22
3117	0	0	0
3118	52	59	38
3119	34	20	24
3120	5	6	3
3121	14	19	13
3122	13	18	18
3123	7	12	6
3124	2	1	1
3125	156	127	78
3126	4	6	2
3127	15	20	20
3128	97	87	80
3129	10	7	8
3130	36	25	20
3131	0	0	0
3132	0	1	1
3133	0	0	0
3134	31	18	16
3135	49	40	37
3136	0	0	0
3137	11	9	10
3138	10	14	13
3139	124	127	83
3140	1	1	2
3141	0	0	0
3142	106	91	75
3143	1	3	3
3144	35	24	24
3145	1	0	1
3146	43	51	28
3147	64	58	46
3148	2	1	0
3149	0	2	2
3150	10	7	3
3151	0	0	0
3152	4	11	6
3153	32	34	20
3154	12	2	4
3155	1	3	1
3156	25	22	32
3157	3	2	4
3158	17	9	13
3159	0	0	0
3160	1	3	0
3161	8	5	5
3162	5	9	7
3163	43	33	19
3164	15	21	19
3165	42	39	31
3166	1	4	8
3167	5	3	8
3168	13	13	13
3169	10	10	11
3170	0	1	0
3171	15	18	16
3172	0	0	1
3173	1	0	0
3174	8	8	16
3175	80	82	87
3176	19	11	17
3177	7	7	6
3178	1	1	3
3179	3	0	2
3180	10	7	10
3181	1167	1360	1186
3182	0	0	0
3183	0	1	0
3184	0	2	1
3185	6	3	1
3186	62	64	45
3187	23	26	20
3188	228	220	226
3189	0	0	0
3190	84	79	75
3191	1	0	0
3192	18	13	10
3193	1	2	8
3194	0	1	2
3195	6	1	3
3196	26	22	19
3197	3	0	1
3198	0	0	0
3199	86	71	41
3200	25	18	11
3201	2	0	1
3202	1	3	2
3203	9	4	4
3204	4	6	5
3205	21	26	18
3206	2318	2244	1926
3207	19	17	11
3208	113	140	96
3209	179	196	162
3210	24	10	14
3211	0	0	2
3212	0	0	0
3213	14	23	15
3214	16	14	10
3215	30	30	28
3216	2	0	0
3217	9	9	7
3218	221	185	161
3219	149	131	103
3220	21	25	28
3221	9	8	3
3222	139	94	117
3223	3	4	3
3224	1	6	0
3225	235	206	192
3226	16	20	12
3227	12	12	9
3228	139	122	140
3229	98	87	71
3230	0	0	0
3231	14	13	12
3232	18	7	9
3233	70	72	59
3234	6	8	8
3235	14	5	4
3236	3	0	4
3237	17	22	20
3238	112	115	107
3239	386	347	366
3240	17	20	14
3241	4	4	5
3242	497	505	395
3243	0	2	1
3244	9	9	13
3245	20	17	11
3246	36	32	26
3247	0	0	0
3248	15	12	13
3249	8	7	7
3250	8	6	5
3251	0	0	0
3252	0	0	0
3253	21	11	13
3254	17	9	11
3255	8	20	11
3256	25	28	19
3257	11	10	9
3258	1	1	3
3259	9	13	4
3260	2	0	0
3261	14	15	6
3262	13	15	12
3263	2	0	0
3264	79	60	58
3265	0	2	0
3266	135	140	89
3267	5	8	3
3268	12	17	9
3269	8	11	6
3270	1	1	0
3271	26	26	32
3272	138	167	219
3273	0	0	1
3274	0	0	2
3275	4	1	8
3276	1	1	1
3277	3	4	3
3278	12	16	12
3279	17	20	6
3280	3	1	1
3281	0	3	0
3282	54	56	56
3283	5	2	4
3284	2	3	1
3285	0	0	0
3286	0	1	0
3287	1	0	0
3288	1	0	1
3289	0	0	0
3290	0	0	0
3291	8	3	4
3292	10	20	12
3293	401	407	383
3294	11	7	22
3295	29	33	20
3296	12	12	10
3297	61	63	45
3298	8	4	6
3299	0	0	1
3300	7	5	5
3301	2	1	2
3302	127	134	178
3303	202	240	259
3304	16	14	12
3305	29	26	15
3306	4	3	6
3307	63	59	66
3308	23	25	19
3309	5	7	2
3310	1	0	3
3311	10	13	8
3312	0	2	0
3313	107	122	69
3314	23	15	18
3315	9	6	1
3316	32	39	16
3317	53	61	38
3318	13	9	14
3319	40	40	35
3320	0	0	0
3321	4	5	3
3322	1	0	0
3323	15	16	19
3324	35	35	39
3325	1	1	0
3326	12	7	13
3327	7	7	11
3328	10	12	20
3329	0	0	0
3330	8	12	13
3331	2	0	1
3332	15	7	6
3333	5	6	2
3334	15	11	8
3335	2	3	2
3336	18	18	13
3337	1	2	2
3338	10	7	13
3339	4	2	6
3340	75	76	80
3341	161	203	150
3342	18	9	21
3343	0	0	0
3344	385	380	248
3345	4	5	6
3346	17	25	26
3347	12	13	5
3348	226	212	217
3349	6	8	7
3350	16	22	13
3351	7	14	9
3352	14	12	11
3353	0	0	0
3354	311	339	315
3355	2	3	1
3356	47	40	34
3357	101	97	54
3358	72	71	66
3359	0	0	0
3360	2	2	0
3361	14	14	13
3362	28	29	24
3363	10	5	7
3364	3	5	8
3365	30	31	25
3366	127	119	69
3367	13	18	13
3368	0	0	0
3369	160	132	100
3370	95	72	71
3371	12	21	11
3372	3	4	3
3373	30	31	25
3374	0	1	1
3375	19	21	8
3376	86	85	77
3377	5	6	3
3378	2	1	0
3379	3152	3259	3377
3380	235	341	291
3381	80	82	61
3382	37	62	57
3383	28	33	22
3384	1	1	0
3385	0	0	0
3386	23	26	23
3387	5	2	3
3388	0	0	0
3389	9	6	2
3390	14	16	15
3391	0	0	0
3392	7	8	5
3393	44	55	63
3394	11	12	10
3395	23	21	17
3396	0	0	0
3397	178	192	173
3398	17	15	18
3399	0	0	0
3400	0	0	0
3401	0	0	0
3402	0	0	0
3403	0	0	0
3404	0	0	0
3405	2	1	2
3406	0	1	2
3407	0	0	0
3408	85	91	54
3409	41	33	21
3410	0	0	0
3411	15	9	4
3412	78	77	90
3413	2	4	5
3414	7	2	3
3415	1	1	0
3416	4	5	2
3417	0	1	0
3418	4	9	3
3419	0	0	0
3420	5	3	1
3421	11	7	7
3422	12	4	10
3423	8	12	7
3424	0	0	0
3425	12	17	14
3426	17	20	16
3427	8	7	4
3428	133	127	66
3429	5	8	6
3430	3	2	1
3431	69	57	65
3432	5	5	4
3433	27	20	7
3434	19	17	10
3435	8	11	10
3436	2	2	3
3437	29	52	37
3438	8	4	6
3439	8	5	3
3440	12	13	8
3441	25	22	36
3442	0	0	0
3443	5	14	7
3444	2	0	3
3445	10	4	3
3446	18	14	17
3447	0	0	0
3448	1	1	0
3449	0	0	0
3450	0	0	1
3451	0	0	0
3452	0	0	0
3453	8	13	13
3454	84	68	69
3455	6	5	2
3456	20	27	13
3457	7	8	6
3458	2	1	1
3459	69	58	68
3460	12	9	14
3461	37	27	30
3462	13	13	7
3463	0	0	0
3464	0	0	0
3465	10	14	11
3466	2	2	1
3467	1	1	1
3468	92	99	67
3469	2	1	3
3470	23	27	15
3471	0	0	0
3472	5	7	2
3473	18	13	9
3474	1	2	2
3475	6	4	3
3476	11	6	10
3477	28	37	21
3478	0	0	2
3479	11	26	18
3480	0	1	0
3481	51	67	47
3482	0	3	1
3483	48	56	38
3484	0	0	0
3485	13	14	12
3486	7	11	7
3487	28	17	16
3488	206	243	200
3489	10	5	7
3490	84	74	75
3491	1	0	0
3492	173	158	167
3493	17	23	45
3494	68	75	56
3495	190	187	186
3496	22	30	17
3497	6	4	3
3498	6	10	7
3499	3	6	3
3500	322	290	229
3501	9	14	5
3502	24	24	16
3503	0	0	1
3504	1	0	0
3505	2	2	2
3506	5	11	4
3507	46	35	44
3508	4	7	2
3509	128	137	143
3510	15	4	6
3511	23	24	14
3512	95	72	60
3513	9	11	14
3514	6	6	5
3515	1	2	2
3516	25	26	30
3517	0	1	0
3518	13	13	9
3519	19	18	22
3520	23	28	36
3521	29	27	14
3522	0	5	2
3523	0	2	7
3524	20	12	10
3525	51	54	51
3526	0	3	0
3527	101	79	74
3528	23	46	36
3529	6	11	6
3530	10	12	15
3531	5	2	3
3532	1	0	0
3533	1	2	3
3534	3	5	4
3535	1	3	1
3536	4	3	2
3537	11	7	9
3538	43	32	41
3539	105	115	72
3540	0	0	0
3541	10	14	12
3542	39	44	23
3543	1	0	0
3544	16	10	9
3545	21	18	15
3546	132	155	122
3547	59	57	54
3548	0	1	0
3549	19	22	21
3550	32	22	23
3551	30	41	29
3552	57	56	64
3553	12	8	6
3554	0	0	0
3555	7	1	11
3556	10	11	6
3557	33	53	22
3558	46	37	27
3559	0	0	0
3560	56	39	36
3561	3	0	1
3562	470	479	449
3563	46	40	39
3564	2	5	11
3565	3	5	4
3566	15	9	2
3567	42	50	35
3568	4	0	5
3569	6	6	7
3570	1	1	1
3571	65	87	61
3572	1	0	1
3573	52	32	33
3574	33	31	15
3575	18	25	34
3576	11	12	5
3577	21	24	9
3578	26	26	13
3579	55	45	51
3580	4	0	2
3581	33	25	29
3582	11	14	9
3583	1	0	2
3584	23	30	18
3585	0	0	0
3586	114	110	82
3587	32	28	16
3588	333	266	262
3589	1	0	0
3590	11	20	15
3591	6	4	1
3592	57	53	66
3593	17	18	23
3594	108	121	81
3595	60	57	42
3596	29	41	25
3597	3	7	5
3598	5	6	7
3599	75	106	59
3600	11	14	5
3601	56	51	30
3602	11	5	4
3603	4	3	1
3604	21	28	16
3605	1	0	0
3606	133	126	126
3607	1	1	2
3608	0	0	0
3609	1	1	1
3610	3	6	4
3611	13	16	5
3612	5	5	4
3613	2	2	3
3614	1	4	4
3615	10	7	5
3616	25	20	10
3617	0	0	0
3618	1	1	0
3619	27	11	23
3620	34	37	38
3621	4	2	4
3622	9	8	10
3623	2	3	2
3624	14	13	18
3625	30	34	38
3626	2	2	3
3627	3	4	1
3628	277	287	249
3629	7	9	7
3630	1	0	0
3631	7	11	9
3632	21	21	12
3633	29	31	45
3634	14	13	12
3635	443	506	436
3636	3	3	1
3637	0	0	0
3638	2	0	1
3639	12	9	8
3640	62	42	33
3641	0	0	1
3642	153	137	123
3643	0	0	0
3644	19	17	13
3645	7	5	2
3646	113	87	83
3647	0	0	0
3648	22	17	20
3649	0	0	1
3650	9	5	2
3651	0	0	0
3652	0	0	0
3653	27	13	20
3654	19	21	23
3655	0	0	0
3656	8	6	11
3657	0	0	0
3658	19	22	29
3659	27	20	16
3660	22	19	13
3661	149	159	106
3662	14	12	4
3663	2	1	0
3664	5	2	3
3665	1	4	2
3666	6	4	5
3667	11	7	10
3668	16	10	7
3669	134	139	96
3670	0	3	1
3671	4	0	0
3672	794	633	559
3673	0	0	1
3674	0	0	0
3675	638	603	631
3676	55	68	55
3677	18	15	14
3678	138	136	96
3679	124	106	115
3680	0	1	0
3681	0	0	0
3682	0	0	0
3683	40	50	40
3684	8	14	12
3685	1	3	0
3686	75	72	72
3687	11	8	4
3688	3	0	2
3689	131	111	118
3690	10	13	7
3691	33	39	23
3692	33	37	31
3693	8	4	5
3694	0	0	0
3695	21	10	30
3696	47	49	36
3697	20	16	11
3698	30	45	33
3699	68	85	65
3700	3	1	2
3701	48	61	56
3702	4	1	1
3703	32	28	24
3704	4	5	12
3705	0	0	0
3706	0	0	0
3707	0	0	0
3708	0	0	0
3709	9	6	10
3710	3	10	5
3711	3	5	1
3712	4	2	2
3713	0	0	0
3714	0	0	0
3715	4	5	2
3716	0	0	0
3717	1	1	0
3718	0	0	0
3719	6	8	3
3720	1	0	0
3721	3	4	2
3722	121	121	110
3723	5	7	5
3724	135	123	96
3725	4	5	9
3726	110	107	100
3727	98	94	80
3728	27	35	21
3729	45	52	42
3730	4	4	2
3731	3	3	4
3732	1	1	0
3733	3	2	0
3734	211	192	197
3735	76	79	53
3736	2	6	6
3737	12	17	8
3738	22	16	12
3739	83	79	63
3740	20	7	15
3741	17	16	14
3742	5	4	4
3743	48	54	42
3744	27	31	28
3745	44	27	14
3746	24	16	12
3747	12	8	9
3748	35	39	21
3749	12	13	4
3750	8	6	4
3751	4	1	8
3752	118	126	129
3753	1	0	0
3754	15	13	12
3755	1	4	1
3756	66	70	59
3757	4	1	4
3758	18	28	21
3759	17	11	12
3760	446	474	412
3761	953	872	706
3762	124	180	133
3763	22	20	17
3764	0	0	0
3765	11	7	8
3766	2	1	1
3767	38	49	53
3768	7	7	5
3769	7	9	5
3770	8	2	5
3771	173	171	149
3772	236	237	253
3773	12	10	4
3774	101	92	85
3775	4	6	6
3776	6	3	3
3777	16	18	12
3778	229	238	160
3779	0	0	0
3780	44	41	39
3781	17	22	4
3782	20	18	11
3783	8	7	6
3784	8	6	7
3785	6	11	2
3786	0	0	0
3787	229	251	239
3788	16	18	12
3789	33	31	41
3790	29	24	32
3791	0	0	0
3792	0	0	0
3793	3	2	1
3794	12	7	10
3795	57	59	46
3796	10	9	6
3797	87	73	85
3798	0	0	0
3799	57	46	30
3800	4	3	1
3801	37	36	23
3802	3	6	2
3803	16	14	12
3804	51	50	36
3805	14	10	7
3806	19	21	21
3807	2	4	5
3808	13	15	35
3809	0	0	0
3810	2	3	2
3811	3	4	1
3812	9	20	8
3813	23	17	11
3814	17	19	22
3815	3	14	11
3816	51	49	31
3817	10	6	6
3818	0	0	0
3819	34	20	26
3820	25	16	26
3821	1	3	2
3822	0	1	0
3823	2	0	0
3824	1	0	0
3825	27	47	17
3826	6	8	6
3827	10	9	9
3828	0	1	0
3829	4	2	2
3830	30	36	35
3831	41	49	38
3832	8	6	8
3833	14	15	10
3834	7	5	4
3835	0	0	0
3836	1	0	0
3837	0	1	0
3838	39	42	34
3839	26	45	30
3840	13	17	18
3841	158	181	118
3842	26	18	11
3843	16	17	15
3844	18	19	12
3845	6	1	3
3846	52	44	37
3847	5	3	2
3848	31	8	19
3849	6	3	4
3850	0	0	0
3851	67	47	66
3852	15	14	11
3853	13	4	14
3854	83	57	34
3855	25	21	23
3856	0	1	0
3857	5	4	1
3858	11	12	19
3859	5	9	4
3860	0	0	0
3861	5	3	2
3862	30	34	27
3863	77	73	49
3864	10	7	4
3865	0	1	0
3866	0	0	0
3867	2	3	0
3868	12	8	7
3869	10	11	12
3870	2	6	1
3871	30	46	33
3872	2	2	2
3873	1	2	1
3874	64	50	48
3875	2	1	1
3876	4	7	7
3877	12	17	7
3878	13	13	8
3879	8	12	3
3880	30	30	23
3881	25	32	23
3882	373	364	338
3883	0	0	0
3884	5	5	2
3885	1	2	1
3886	1964	1953	1878
3887	6	5	3
3888	58	51	30
3889	11	16	15
3890	1	1	1
3891	27	12	17
3892	556	513	435
3893	1	0	0
3894	13	22	6
3895	29	24	22
3896	55	65	39
3897	19	29	13
3898	29	35	26
3899	14	7	8
3900	3	4	9
3901	0	0	1
3902	7	12	8
3903	21	19	17
3904	22	16	19
3905	13	8	6
3906	14	15	12
3907	293	290	273
3908	6	7	5
3909	10	8	8
3910	21	14	19
3911	69	83	74
3912	3	1	0
3913	2	8	4
3914	2	0	0
3915	25	9	8
3916	3	7	3
3917	10	10	6
3918	16	14	3
3919	19	21	12
3920	23	29	17
3921	76	63	63
3922	58	67	51
3923	0	0	0
3924	23	32	20
3925	115	128	111
3926	9	9	10
3927	39	38	47
3928	9	7	4
3929	36	40	28
3930	3	5	5
3931	18	44	23
3932	70	58	58
3933	0	2	0
3934	43	52	39
3935	0	0	0
3936	9	2	7
3937	13	15	12
3938	1	2	0
3939	66	60	66
3940	117	102	92
3941	8	5	3
3942	0	0	0
3943	75	79	68
3944	1	3	0
3945	20	25	27
3946	0	3	1
3947	7	8	6
3948	20	16	15
3949	4	8	3
3950	12	11	9
3951	32	22	22
3952	0	0	0
3953	3	10	5
3954	3	4	8
3955	89	75	59
3956	0	1	0
3957	1	1	0
3958	9	10	7
3959	114	102	83
3960	7	6	7
3961	4	3	10
3962	2	0	1
3963	0	0	0
3964	2	4	4
3965	7	9	6
3966	1	0	0
3967	557	534	470
3968	28	40	12
3969	135	118	97
3970	66	64	52
3971	29	25	19
3972	62	43	48
3973	23	28	21
3974	1	0	0
3975	68	72	46
3976	10	15	8
3977	2	5	3
3978	122	118	99
3979	56	57	51
3980	46	45	40
3981	69	82	58
3982	155	138	123
3983	0	0	0
3984	7	8	2
3985	174	140	117
3986	31	37	27
3987	118	131	76
3988	1	0	1
3989	2	0	0
3990	18	26	6
3991	36	34	40
3992	5	3	5
3993	10	6	9
3994	8	8	4
3995	26	22	16
3996	36	52	19
3997	19	11	11
3998	22	16	28
3999	27	16	14
4000	0	0	0
4001	1	4	2
4002	8	4	5
4003	10	19	10
4004	212	225	175
4005	11	17	11
4006	91	70	75
4007	173	289	139
4008	17	10	7
4009	0	1	1
4010	11	5	3
4011	55	60	41
4012	27	39	21
4013	0	0	0
4014	40	45	40
4015	34	40	23
4016	66	45	56
4017	25	30	24
4018	47	43	42
4019	7	6	5
4020	5	2	0
4021	0	0	0
4022	732	650	572
4023	21	12	11
4024	9	7	5
4025	59	74	65
4026	9	6	8
4027	21	18	23
4028	1	6	1
4029	271	263	210
4030	133	132	92
4031	53	39	42
4032	46	31	22
4033	30	15	20
4034	4	2	2
4035	62	69	51
4036	22	19	9
4037	2	4	0
4038	110	110	97
4039	31	26	28
4040	10	15	18
4041	243	174	136
4042	2	2	0
4043	27	20	19
4044	26	21	21
4045	41	47	43
4046	1	3	4
4047	3	7	16
4048	7	10	12
4049	43	30	18
4050	19	6	9
4051	0	0	0
4052	1	3	0
4053	2	3	4
4054	12	10	11
4055	1	3	2
4056	2	4	2
4057	23	32	27
4058	4	10	1
4059	0	0	0
4060	2	3	2
4061	42	63	47
4062	160	188	124
4063	10	3	2
4064	21	15	13
4065	3	7	8
4066	5	1	1
4067	45	54	51
4068	1	2	0
4069	2	0	2
4070	2	3	2
4071	5	4	2
4072	0	0	0
4073	3	0	1
4074	20	12	12
4075	0	0	2
4076	46	39	36
4077	1	2	0
4078	0	0	0
4079	1	1	1
4080	0	0	0
4081	14	12	12
4082	0	0	0
4083	2	1	0
4084	15	11	14
4085	14	18	14
4086	2	0	2
4087	16	16	17
4088	10	5	12
4089	4	1	2
4090	28	18	12
4091	5	2	3
4092	5	4	4
4093	2	4	1
4094	0	0	0
4095	45	66	61
4096	1	0	0
4097	15	8	9
4098	22	18	18
4099	4	3	3
4100	30	38	25
4101	3	6	1
4102	5	4	3
4103	39	36	23
4104	14	11	4
4105	15	14	18
4106	1	0	0
4107	0	0	0
4108	61	66	55
4109	25	30	30
4110	38	29	17
4111	4	5	0
4112	11	5	7
4113	9	7	6
4114	7	7	14
4115	283	258	263
4116	4	6	10
4117	137	122	132
4118	2	0	0
4119	2	1	5
4120	7	5	9
4121	22	33	31
4122	0	1	0
4123	0	0	0
4124	0	0	0
4125	0	0	0
4126	0	0	0
4127	0	0	0
4128	0	0	0
4129	0	0	0
4130	42	39	48
4131	28	18	15
4132	42	52	39
4133	32	21	16
4134	7	8	8
4135	15	12	15
4136	3	5	4
4137	18	18	15
4138	3	4	7
4139	1	4	3
4140	0	0	0
4141	0	0	0
4142	0	0	0
4143	0	0	0
4144	55	43	43
4145	12	6	2
4146	6	13	18
4147	1	0	1
4148	0	0	0
4149	13	11	2
4150	0	0	0
4151	16	14	8
4152	33	24	29
4153	3	4	2
4154	15	26	20
4155	1	0	1
4156	8	8	5
4157	0	0	0
4158	73	83	68
4159	1	5	1
4160	116	93	74
4161	293	285	207
4162	8	6	11
4163	0	0	0
4164	1	6	0
4165	164	156	140
4166	3	2	1
4167	2	9	4
4168	11	13	17
4169	15	16	16
4170	0	0	0
4171	46	44	44
4172	1	4	5
4173	3	6	6
4174	98	77	79
4175	20	24	19
4176	56	53	44
4177	20	20	6
4178	49	44	32
4179	1	3	0
4180	1	0	1
4181	82	95	79
4182	77	77	69
4183	10	16	11
4184	2	1	0
4185	1	1	0
4186	1	4	1
4187	24	17	14
4188	7	2	4
4189	38	42	25
4190	79	67	65
4191	82	61	51
4192	1	0	0
4193	1	1	2
4194	6	8	8
4195	11	7	12
4196	11	7	2
4197	0	0	0
4198	20	21	19
4199	17	11	13
4200	4	4	6
4201	45	21	36
4202	4	10	6
4203	11	4	8
4204	276	277	249
4205	2	4	0
4206	25	29	17
4207	31	39	33
4208	22	32	27
4209	10	11	9
4210	11	14	13
4211	98	105	79
4212	2	5	2
4213	0	2	0
4214	4	10	3
4215	3	9	3
4216	9	8	8
4217	0	0	0
4218	0	0	0
4219	8	15	11
4220	2	6	8
4221	0	2	2
4222	115	91	84
4223	0	0	0
4224	28	27	29
4225	4	2	1
4226	67	95	74
4227	1	2	5
4228	6	7	4
4229	6	5	6
4230	17	24	20
4231	12	13	7
4232	27	21	17
4233	29	23	25
4234	22	38	21
4235	15	14	16
4236	25	35	28
4237	47	61	57
4238	10	6	7
4239	62	44	31
4240	27	40	28
4241	0	1	0
4242	69	88	65
4243	15	8	13
4244	0	1	1
4245	70	39	30
4246	23	23	12
4247	102	80	67
4248	143	195	162
4249	0	0	0
4250	0	0	0
4251	9	19	22
4252	3	1	6
4253	1	2	0
4254	12	8	9
4255	11	12	14
4256	19	17	11
4257	1	2	1
4258	86	114	115
4259	0	0	0
4260	11	15	10
4261	1	0	0
4262	230	205	147
4263	0	0	0
4264	16	18	22
4265	12	38	12
4266	7	10	8
4267	1	1	1
4268	7	6	10
4269	20	8	18
4270	36	23	30
4271	5	6	5
4272	42	39	37
4273	5	6	0
4274	49	37	48
4275	21	25	14
4276	37	23	26
4277	23	27	17
4278	12	20	26
4279	69	59	52
4280	5	7	0
4281	1098	1051	849
4282	3	2	5
4283	30	19	14
4284	12	7	11
4285	31	32	24
4286	8	7	12
4287	41	51	28
4288	31	29	26
4289	8	6	3
4290	63	59	63
4291	39	43	39
4292	25	20	12
4293	4	6	6
4294	12	14	8
4295	0	0	0
4296	1	2	0
4297	9	10	8
4298	88	98	87
4299	9	19	11
4300	13	18	16
4301	12	5	3
4302	30	30	25
4303	13	15	9
4304	1	1	2
4305	1	1	0
4306	65	65	46
4307	3	1	24
4308	29	20	36
4309	7	5	6
4310	20	21	17
4311	4	5	5
4312	5	6	1
4313	7	14	9
4314	0	0	0
4315	107	104	96
4316	67	68	59
4317	8	18	13
4318	13	16	12
4319	52	40	33
4320	24	26	22
4321	26	17	16
4322	0	0	0
4323	29	34	20
4324	1	2	4
4325	0	0	0
4326	5	1	2
4327	4	2	7
4328	73	49	63
4329	9	3	4
4330	21	27	15
4331	10	4	4
4332	119	131	111
4333	3	9	5
4334	3	5	1
4335	1	4	3
4336	342	345	258
4337	0	4	0
4338	3	2	3
4339	0	0	0
4340	0	0	1
4341	6	5	7
4342	0	1	0
4343	1	1	0
4344	4	4	3
4345	46	18	20
4346	6	10	6
4347	2	2	2
4348	0	0	0
4349	9	2	4
4350	7	4	1
4351	12	14	10
4352	12	15	14
4353	1	0	0
4354	0	0	0
4355	2	3	0
4356	51	47	32
4357	6	4	4
4358	23	35	33
4359	1	0	0
4360	8	16	11
4361	8	6	5
4362	0	0	1
4363	18	7	11
4364	30	24	31
4365	0	2	2
4366	15	16	9
4367	0	0	0
4368	308	269	246
4369	3	0	0
4370	1	2	5
4371	69	47	28
4372	1	1	1
4373	5	10	13
4374	1	1	1
4375	8	10	8
4376	0	0	0
4377	8	11	15
4378	21	30	22
4379	4	1	4
4380	0	0	0
4381	1	1	0
4382	24	22	20
4383	0	3	0
4384	3	4	0
4385	0	1	0
4386	1	1	3
4387	2	5	5
4388	0	0	0
4389	14	37	21
4390	133	128	83
4391	151	181	140
4392	39	32	16
4393	162	129	129
4394	83	66	62
4395	27	27	20
4396	476	515	467
4397	16	8	10
4398	116	109	87
4399	25	31	24
4400	1	0	1
4401	4	7	5
4402	51	59	48
4403	39	29	35
4404	48	53	37
4405	0	0	0
4406	4	12	8
4407	1	2	0
4408	45	29	39
4409	6	7	4
4410	21	28	16
4411	1	2	2
4412	1	0	1
4413	25	39	41
4414	24	17	24
4415	14	3	2
4416	204	178	172
4417	8	14	11
4418	0	2	1
4419	2	0	1
4420	61	61	47
4421	3	4	4
4422	61	78	40
4423	15	16	18
4424	3	6	5
4425	1	1	0
4426	11	10	10
4427	10	8	4
4428	74	57	74
4429	6	11	7
4430	0	0	0
4431	1	1	0
4432	12	17	15
4433	3	8	4
4434	1	1	3
4435	57	38	46
4436	14	10	7
4437	68	44	48
4438	44	74	46
4439	38	49	35
4440	0	0	0
4441	6	3	5
4442	246	278	288
4443	0	1	1
4444	14	27	20
4445	8	2	8
4446	15	13	11
4447	7	7	2
4448	2	4	1
4449	9	6	3
4450	0	0	0
4451	0	1	0
4452	17	11	19
4453	59	60	57
4454	64	50	45
4455	3	1	0
4456	335	318	282
4457	5	8	2
4458	16	14	12
4459	71	48	37
4460	1	3	3
4461	15	12	12
4462	32	31	15
4463	16	19	17
4464	347	305	288
4465	42	46	38
4466	2	16	8
4467	35	29	16
4468	20	24	33
4469	16	9	8
4470	0	0	0
4471	378	345	285
4472	4	4	4
4473	0	0	0
4474	5	8	8
4475	20	39	31
4476	5	5	3
4477	8	8	8
4478	1	4	6
4479	0	0	0
4480	28	16	26
4481	4	2	1
4482	1	1	0
4483	0	1	0
4484	7	6	10
4485	1	2	1
4486	11	10	8
4487	2	1	4
4488	82	88	75
4489	64	59	88
4490	0	0	0
4491	45	35	28
4492	24	16	12
4493	6	12	9
4494	0	0	0
4495	16	25	12
4496	1	3	0
4497	20	19	24
4498	0	0	0
4499	9	12	9
4500	48	43	40
4501	2	1	3
4502	3	2	1
4503	4	1	1
4504	25	34	36
4505	10	9	11
4506	4	1	1
4507	0	0	1
4508	67	56	50
4509	4	6	7
4510	136	132	100
4511	2	0	3
4512	9	13	7
4513	2	3	5
4514	6	4	11
4515	0	0	0
4516	8	6	6
4517	14	21	7
4518	28	19	17
4519	127	113	94
4520	1	0	2
4521	0	1	0
4522	20	15	13
4523	15	7	9
4524	16	13	6
4525	7	7	10
4526	1	0	1
4527	41	43	26
4528	3	5	5
4529	0	0	0
4530	14	15	11
4531	0	2	1
4532	0	1	1
4533	0	1	0
4534	6	5	5
4535	0	0	0
4536	59	65	61
4537	1	2	0
4538	77	77	66
4539	1	1	5
4540	45	41	38
4541	9	8	8
4542	21	23	17
4543	3	2	5
4544	45	53	32
4545	19	16	14
4546	2	7	7
4547	14	14	10
4548	0	0	0
4549	0	0	0
4550	85	62	45
4551	5	5	3
4552	3	2	4
4553	0	0	0
4554	63	61	46
4555	3	9	1
4556	0	4	1
4557	1	2	3
4558	15	7	18
4559	1	4	2
4560	47	49	41
4561	3	4	3
4562	11	12	8
4563	98	90	65
4564	8	15	7
4565	193	158	156
4566	25	22	23
4567	7	6	15
4568	46	41	42
4569	42	28	26
4570	27	18	24
4571	133	115	107
4572	27	32	22
4573	0	0	0
4574	0	1	0
4575	0	0	0
4576	27	25	26
4577	1	0	1
4578	1	2	0
4579	151	194	148
4580	8	8	3
4581	0	0	0
4582	3	3	2
4583	1	1	0
4584	0	0	0
4585	1	0	2
4586	16	17	19
4587	5	6	8
4588	281	265	189
4589	10	4	8
4590	7	6	7
4591	13	4	4
4592	7	11	5
4593	2	3	2
4594	146	166	139
4595	14	16	11
4596	1	1	0
4597	24	53	40
4598	94	83	102
4599	4	6	1
4600	5	7	2
4601	55	42	36
4602	2	8	7
4603	19	28	13
4604	8	6	4
4605	7	13	6
4606	167	169	152
4607	1	0	0
4608	2	0	1
4609	3	0	0
4610	11	17	9
4611	92	80	59
4612	3	4	6
4613	13	11	10
4614	8	9	6
4615	38	33	55
4616	12	21	5
4617	29	28	29
4618	1	4	2
4619	5	8	7
4620	23	32	19
4621	1	3	2
4622	18	20	9
4623	0	0	0
4624	35	38	37
4625	12	17	8
4626	7	4	4
4627	78	103	100
4628	66	72	65
4629	62	58	44
4630	0	0	0
4631	175	173	111
4632	19	17	20
4633	26	29	25
4634	0	0	0
4635	22	19	11
4636	1	1	1
4637	20	28	20
4638	12	13	16
4639	5	6	5
4640	228	235	169
4641	6	14	4
4642	110	145	102
4643	53	40	37
4644	4	4	0
4645	2	0	0
4646	304	259	265
4647	10	9	3
4648	133	132	112
4649	4	5	5
4650	15	14	19
4651	30	30	34
4652	0	0	0
4653	1	0	1
4654	1	4	3
4655	1	0	1
4656	17	11	6
4657	7	13	6
4658	13	6	17
4659	9	7	7
4660	0	0	0
4661	54	82	46
4662	3	2	2
4663	226	212	249
4664	39	35	19
4665	10	6	7
4666	9	5	8
4667	130	152	132
4668	31	19	18
4669	23	19	16
4670	2	1	0
4671	3	0	0
4672	3	2	5
4673	0	0	0
4674	42	56	23
4675	41	30	28
4676	92	110	97
4677	19	25	18
4678	24	9	10
4679	98	63	53
4680	7	8	9
4681	157	127	139
4682	27	23	33
4683	6	1	2
4684	0	0	0
4685	8	8	7
4686	4	10	12
4687	4	4	6
4688	11	10	9
4689	5	8	7
4690	23	35	16
4691	3	2	1
4692	0	0	0
4693	23	19	9
4694	14	3	10
4695	9	9	7
4696	3	3	2
4697	1	3	0
4698	3	1	4
4699	21	28	28
4700	52	46	30
4701	4	5	3
4702	0	0	0
4703	0	0	1
4704	12	12	11
4705	4	2	2
4706	41	43	31
4707	37	12	32
4708	26	31	18
4709	52	45	56
4710	30	45	37
4711	3	1	0
4712	6	4	5
4713	59	66	37
4714	4	4	2
4715	37	29	21
4716	0	3	0
4717	259	217	167
4718	52	49	47
4719	10	19	11
4720	1	0	0
4721	31	19	20
4722	0	0	0
4723	11	11	15
4724	0	0	0
4725	13	21	13
4726	460	430	357
4727	1	3	1
4728	99	109	104
4729	12	12	12
4730	130	135	102
4731	3	1	0
4732	32	29	18
4733	10	9	13
4734	15	7	8
4735	157	110	121
4736	0	0	0
4737	12	7	7
4738	38	29	26
4739	0	1	2
4740	36	58	37
4741	7	10	13
4742	232	180	216
4743	142	150	144
4744	30	35	32
4745	123	111	98
4746	6	1	4
4747	0	0	0
4748	0	4	7
4749	72	78	45
4750	9	10	7
4751	17	16	11
4752	18	19	8
4753	0	3	0
4754	162	155	133
4755	30	42	22
4756	6	15	8
4757	25	16	23
4758	1	1	0
4759	11	14	8
4760	27	22	12
4761	14	8	10
4762	1	4	1
4763	24	24	30
4764	16	15	12
4765	7	15	17
4766	139	132	127
4767	35	33	23
4768	71	59	60
4769	168	134	146
4770	0	0	0
4771	1	3	0
4772	22	15	8
4773	161	150	135
4774	11	14	13
4775	1	0	0
4776	0	0	0
4777	130	117	83
4778	3	7	4
4779	0	0	0
4780	1	0	0
4781	5	10	10
4782	0	0	0
4783	16	16	9
4784	0	3	1
4785	32	37	24
4786	14	14	23
4787	5	8	7
4788	6	5	7
4789	77	74	71
4790	12	16	10
4791	3	5	5
4792	8	6	3
4793	4	1	1
4794	12	7	9
4795	37	39	28
4796	26	26	29
4797	8	7	5
4798	0	0	0
4799	12	12	7
4800	0	0	0
4801	1	0	0
4802	140	130	87
4803	149	151	121
4804	37	36	36
4805	13	12	7
4806	0	0	0
4807	139	127	118
4808	54	40	30
4809	58	60	55
4810	7	12	9
4811	6	1	2
4812	10	10	12
4813	6	9	6
4814	16	8	12
4815	0	1	0
4816	245	288	202
4817	0	0	0
4818	3	0	2
4819	158	139	120
4820	7	3	2
4821	10	12	7
4822	3	2	8
4823	19	26	19
4824	1	4	2
4825	63	74	53
4826	70	58	50
4827	34	25	26
4828	1	3	0
4829	12	14	9
4830	0	0	0
4831	6	3	1
4832	5	3	4
4833	14	13	22
4834	0	0	0
4835	4	18	9
4836	3	1	0
4837	9	5	7
4838	40	40	41
4839	423	395	454
4840	30	31	36
4841	55	70	57
4842	13	14	11
4843	6	16	9
4844	43	58	42
4845	129	107	82
4846	10	10	5
4847	0	3	1
4848	5	8	7
4849	36	47	49
4850	1	1	0
4851	10	18	12
4852	11	14	8
4853	10	20	17
4854	8	3	4
4855	13	12	3
4856	17	25	16
4857	0	1	0
4858	0	0	0
4859	0	0	0
4860	8	13	9
4861	1016	1097	1122
4862	10	12	8
4863	9	12	10
4864	21	28	17
4865	0	0	0
4866	4	1	0
4867	2	2	2
4868	54	46	31
4869	62	109	74
4870	3	2	1
4871	0	0	0
4872	0	0	0
4873	3	3	2
4874	6	8	17
4875	11	6	8
4876	0	1	2
4877	78	92	59
4878	0	0	0
4879	1	1	1
4880	0	0	0
4881	0	0	0
4882	0	0	0
4883	0	0	0
4884	0	1	0
4885	0	0	0
4886	3	4	3
4887	1	1	3
4888	35	37	33
4889	157	163	155
4890	67	50	40
4891	89	89	62
4892	0	0	0
4893	0	1	0
4894	32	42	39
4895	5	5	6
4896	0	0	0
4897	0	0	1
4898	8	5	5
4899	47	37	48
4900	4	1	5
4901	5	10	11
4902	13	23	19
4903	3	2	1
4904	91	153	57
4905	0	0	0
4906	4	6	5
4907	16	13	11
4908	1	0	2
4909	52	42	42
4910	8	7	6
4911	0	4	2
4912	0	0	0
4913	4	4	2
4914	129	136	123
4915	0	0	1
4916	3	3	1
4917	6	12	9
4918	14	6	9
4919	28	31	16
4920	32	32	22
4921	24	19	22
4922	74	67	79
4923	58	49	45
4924	6	4	2
4925	0	0	0
4926	143	145	144
4927	9	4	4
4928	75	71	49
4929	54	73	52
4930	0	0	0
4931	83	72	45
4932	186	177	169
4933	1	0	0
4934	27	24	23
4935	19	18	14
4936	41	36	22
4937	5	1	2
4938	10	7	12
4939	55	39	26
4940	40	39	19
4941	3	7	4
4942	298	307	235
4943	0	3	1
4944	3	0	1
4945	0	1	1
4946	1	0	0
4947	11	10	5
4948	37	41	28
4949	22	26	11
4950	0	0	0
4951	0	0	1
4952	33	35	32
4953	3	2	2
4954	0	2	0
4955	0	0	0
4956	17	17	9
4957	3	2	3
4958	7	6	4
4959	2	3	0
4960	3	7	2
4961	30	19	16
4962	3	6	4
4963	36	22	20
4964	333	331	360
4965	1	3	3
4966	1290	1303	1009
4967	1	0	1
4968	0	1	3
4969	0	0	0
4970	0	1	0
4971	18	19	13
4972	29	28	35
4973	2	0	1
4974	0	1	0
4975	8	11	11
4976	17	19	16
4977	7	10	6
4978	9	12	13
4979	51	51	39
4980	37	34	23
4981	8	9	8
4982	4	5	1
4983	1	1	4
4984	1	0	1
4985	0	0	0
4986	22	14	14
4987	14	13	6
4988	5	5	2
4989	0	0	2
4990	10	14	7
4991	39	57	34
4992	0	0	0
4993	0	0	0
4994	0	1	0
4995	4	3	0
4996	3	5	3
4997	42	49	44
4998	27	29	31
4999	130	113	75
5000	6	10	7
5001	9	11	6
5002	2	0	2
5003	145	160	150
5004	82	82	68
5005	0	0	1
5006	0	1	0
5007	40	43	47
5008	3	8	2
5009	16	12	15
5010	53	61	43
5011	0	0	0
5012	16	10	10
5013	1	0	0
5014	17	23	25
5015	44	38	32
5016	150	129	102
5017	0	0	0
5018	4	6	4
5019	19	25	33
5020	576	577	454
5021	5	4	7
5022	5	5	4
5023	19	14	20
5024	300	307	290
5025	3	1	2
5026	47	36	37
5027	7	6	7
5028	46	53	31
5029	29	24	20
5030	2	2	3
5031	0	1	2
5032	5	7	4
5033	7	10	8
5034	71	61	65
5035	204	251	208
5036	16	21	16
5037	37	46	46
5038	24	17	17
5039	1	1	2
5040	0	0	0
5041	0	0	0
5042	4	4	4
5043	11	13	8
5044	2	3	3
5045	1	0	2
5046	93	118	64
5047	9	8	10
5048	23	29	24
5049	0	1	1
5050	2	1	1
5051	0	3	1
5052	42	49	37
5053	45	37	30
5054	18	19	12
5055	362	390	290
5056	31	20	16
5057	0	0	0
5058	54	47	61
5059	13	6	5
5060	8	8	10
5061	1	6	6
5062	395	476	431
5063	16	6	7
5064	0	0	0
5065	5	8	1
5066	0	0	0
5067	14	11	16
5068	1	0	2
5069	79	85	101
5070	0	1	1
5071	16	15	13
5072	118	115	96
5073	116	139	90
5074	42	42	45
5075	3	2	5
5076	106	108	88
5077	58	67	46
5078	36	37	22
5079	5	4	2
5080	21	11	16
5081	4	2	0
5082	2	5	0
5083	3	2	1
5084	2	3	5
5085	18	8	16
5086	8	13	6
5087	0	4	1
5088	1	0	0
5089	65	78	60
5090	15	5	9
5091	16	20	15
5092	113	99	75
5093	1	2	3
5094	29	32	18
5095	25	37	23
5096	0	0	0
5097	12	13	7
5098	186	147	154
5099	29	32	19
5100	3	1	0
5101	23	22	31
5102	80	64	64
5103	14	19	11
5104	0	0	0
5105	46	34	31
5106	554	499	432
5107	5	4	3
5108	3	1	0
5109	5	10	6
5110	166	187	151
5111	36	33	27
5112	10	15	10
5113	2	5	18
5114	9	9	6
5115	22	13	17
5116	256	240	203
5117	0	0	0
5118	14	12	14
5119	13	13	8
5120	42	40	39
5121	174	134	168
5122	14	9	13
5123	4	3	1
5124	0	1	0
5125	0	1	2
5126	5	6	0
5127	606	601	562
5128	0	0	0
5129	2	1	0
5130	3	1	6
5131	105	95	83
5132	10	14	6
5133	1	1	1
5134	3	4	1
5135	0	0	0
5136	18	17	19
5137	1	4	1
5138	3	1	2
5139	21	22	26
5140	77	60	56
5141	1	3	2
5142	12	10	14
5143	4	11	4
5144	0	0	0
5145	17	12	22
5146	87	87	110
5147	1	2	1
5148	2	3	1
5149	3	4	3
5150	48	43	28
5151	47	38	37
5152	7	3	5
5153	0	0	0
5154	1	0	0
5155	77	70	39
5156	1	0	2
5157	59	48	56
5158	0	0	1
5159	27	28	23
5160	21	30	18
5161	29	17	19
5162	56	53	48
5163	14	14	10
5164	4	3	4
5165	56	70	54
5166	13	9	14
5167	9	3	7
5168	38	49	39
5169	2	4	4
5170	42	27	35
5171	95	105	95
5172	10	17	4
5173	89	101	89
5174	6	4	4
5175	1	3	0
5176	0	0	0
5177	52	53	53
5178	0	0	0
5179	34	30	20
5180	46	34	21
5181	0	0	0
5182	86	70	63
5183	43	40	36
5184	24	19	18
5185	162	176	127
5186	31	34	24
5187	40	35	37
5188	52	44	43
5189	4	3	0
5190	0	0	0
5191	16	13	4
5192	1	3	1
5193	25	21	14
5194	5	6	7
5195	7	7	7
5196	4	3	5
5197	32	29	39
5198	56	57	48
5199	1	0	0
5200	1	0	3
5201	253	256	196
5202	10	4	9
5203	116	96	86
5204	162	169	99
5205	0	0	0
5206	190	187	195
5207	0	0	0
5208	46	75	55
5209	4	1	0
5210	24	18	18
5211	29	11	10
5212	31	26	29
5213	42	36	28
5214	9	11	14
5215	53	51	44
5216	58	69	68
5217	0	0	0
5218	0	0	0
5219	7	4	4
5220	13	12	15
5221	9	4	6
5222	37	51	33
5223	91	99	100
5224	20	23	9
5225	46	50	36
5226	23	24	17
5227	8	15	7
5228	48	45	32
5229	36	22	40
5230	60	51	51
5231	56	53	39
5232	3	3	2
5233	3	4	4
5234	17	10	13
5235	0	0	2
5236	101	78	86
5237	0	0	0
5238	0	0	0
5239	0	0	0
5240	1	0	0
5241	0	0	0
5242	14	10	10
5243	6	7	5
5244	16	24	19
5245	1	0	2
5246	4	1	5
5247	8	14	8
5248	0	0	0
5249	31	23	18
5250	29	43	35
5251	156	172	122
5252	4	1	0
5253	0	1	0
5254	87	69	60
5255	6	5	9
5256	38	36	35
5257	3	1	1
5258	9	3	8
5259	41	37	38
5260	30	31	12
5261	42	33	31
5262	11	11	9
5263	0	0	0
5264	12	12	4
5265	3	2	0
5266	222	217	199
5267	0	0	0
5268	0	0	0
5269	8	9	6
5270	0	2	3
5271	5	3	5
5272	0	0	0
5273	0	0	0
5274	17	14	12
5275	0	0	0
5276	0	0	0
5277	0	2	2
5278	4	4	4
5279	31	31	21
5280	3	1	1
5281	45	31	20
5282	0	0	0
5283	56	42	29
5284	149	148	122
5285	10	2	4
5286	0	0	0
5287	13	9	6
5288	1	0	0
5289	32	35	32
5290	134	142	92
5291	16	17	26
5292	154	146	137
5293	17	11	22
5294	13	7	13
5295	76	85	70
5296	1	1	0
5297	14	9	9
5298	27	24	14
5299	0	0	0
5300	73	73	62
5301	13	9	6
5302	2	4	1
5303	47	73	44
5304	39	39	34
5305	61	61	46
5306	54	65	41
5307	7	9	11
5308	5	9	5
5309	35	35	21
5310	37	45	32
5311	14	21	22
5312	0	0	1
5313	22	22	11
5314	9	11	7
5315	0	0	0
5316	13	6	10
5317	0	0	1
5318	9	17	7
5319	19	10	16
5320	65	92	48
5321	325	293	303
5322	14	12	16
5323	2	8	16
5324	18	17	21
5325	13	17	19
5326	20	19	11
5327	613	622	578
5328	0	1	0
5329	10	9	6
5330	1	1	1
5331	33	52	34
5332	758	784	755
5333	31	22	16
5334	3	2	3
5335	16	14	10
5336	14	18	12
5337	479	463	500
5338	3	0	7
5339	24	17	10
5340	165	150	170
5341	26	21	15
5342	3	2	3
5343	4	3	3
5344	90	104	88
5345	16	14	7
5346	2	2	3
5347	1	0	0
5348	1	1	2
5349	97	124	74
5350	37	37	46
5351	96	114	132
5352	3	6	2
5353	18	18	15
5354	26	20	20
5355	6	3	2
5356	63	49	34
5357	27	22	19
5358	8	17	5
5359	2	0	1
5360	0	0	0
5361	3	4	4
5362	0	0	0
5363	0	0	0
5364	23	29	20
5365	6	12	6
5366	15	12	6
5367	16	17	10
5368	3	4	9
5369	64	68	69
5370	7	5	10
5371	7	6	7
5372	3	3	1
5373	13	9	9
5374	1	2	0
5375	94	82	72
5376	3	5	3
5377	0	0	0
5378	0	1	0
5379	78	52	37
5380	3	10	9
5381	0	0	0
5382	9	5	1
5383	43	37	40
5384	0	0	0
5385	14	19	17
5386	47	45	40
5387	0	0	0
5388	8	14	10
5389	3	5	4
5390	4	4	7
5391	17	17	11
5392	3	6	1
5393	24	14	22
5394	30	28	32
5395	8	6	6
5396	0	1	0
5397	12	4	8
5398	152	109	98
5399	5	3	2
5400	0	0	0
5401	168	160	137
5402	3	5	4
5403	103	74	71
5404	1	2	3
5405	53	53	56
5406	2	1	0
5407	6	3	3
5408	9	3	4
5409	15	22	21
5410	39	46	38
5411	0	0	0
5412	3	2	2
5413	2	4	3
5414	30	35	26
5415	9	10	5
5416	108	94	87
5417	3	0	3
5418	8	12	8
5419	24	7	9
5420	3	4	3
5421	0	0	0
5422	3	5	3
5423	27	31	25
5424	29	50	24
5425	2	3	3
5426	12	18	9
5427	27	15	12
5428	3	8	3
5429	14	18	10
5430	6	7	5
5431	3	3	1
5432	182	150	179
5433	72	83	45
5434	39	47	36
5435	7	4	3
5436	5	9	2
5437	6	5	2
5438	96	115	74
5439	3	1	4
5440	7	2	3
5441	165	141	116
5442	107	77	88
5443	977	978	846
5444	292	276	178
5445	48	32	25
5446	215	212	179
5447	47	65	56
5448	7	3	3
5449	50	47	44
5450	151	151	134
5451	137	155	110
5452	10	8	12
5453	158	162	127
5454	0	0	0
5455	0	0	0
5456	10	12	18
5457	172	132	129
5458	0	0	0
5459	3	8	4
5460	2	0	1
5461	1	3	1
5462	4	2	3
5463	252	238	235
5464	4	4	3
5465	30	16	11
5466	612	567	435
5467	4	2	6
5468	40	32	39
5469	3	2	0
5470	98	106	125
5471	19	18	16
5472	0	0	0
5473	2	4	3
5474	4	4	2
5475	0	0	0
5476	99	109	88
5477	5	5	10
5478	3	1	6
5479	0	0	0
5480	0	4	2
5481	1	2	5
5482	182	162	146
5483	2	3	2
5484	2	8	4
5485	2	0	0
5486	37	42	32
5487	23	24	19
5488	49	43	38
5489	27	41	28
5490	13	11	4
5491	4	10	8
5492	0	0	0
5493	0	0	0
5494	0	0	0
5495	0	0	0
5496	4	2	6
5497	20	15	16
5498	0	0	1
5499	11	7	7
5500	81	76	81
5501	0	1	0
5502	99	82	89
5503	128	125	75
5504	4	1	1
5505	8	9	5
5506	56	51	47
5507	8	5	7
5508	7	2	3
5509	160	201	159
5510	4	0	0
5511	9	4	4
5512	156	189	90
5513	2	3	1
5514	5	9	8
5515	6	4	4
5516	13	19	13
5517	1	2	0
5518	0	0	0
5519	8	15	13
5520	5	3	7
5521	38	40	32
5522	4	4	3
5523	6	3	5
5524	3	1	1
5525	0	0	0
5526	0	0	0
5527	0	0	0
5528	24	22	15
5529	2	1	3
5530	207	188	194
5531	129	126	100
5532	7	3	8
5533	0	0	0
5534	117	96	66
5535	43	45	34
5536	13	8	12
5537	1	3	4
5538	1	0	2
5539	4	0	2
5540	0	0	0
5541	137	136	106
5542	0	0	0
5543	6	5	4
5544	0	3	5
5545	75	53	47
5546	57	60	59
5547	46	39	51
5548	9	5	12
5549	1	1	0
5550	55	59	42
5551	5	3	2
5552	10	4	4
5553	0	0	0
5554	47	38	34
5555	0	2	2
5556	2	6	6
5557	0	0	0
5558	17	11	10
5559	3	3	2
5560	2	4	2
5561	10	8	10
5562	3	2	2
5563	11	7	12
5564	21	17	11
5565	1063	1010	826
5566	21	10	9
5567	14	7	6
5568	61	58	55
5569	13	9	7
5570	1	2	2
5571	0	0	0
5572	2	3	1
5573	18	21	10
5574	21	25	10
5575	2	1	1
5576	30	29	23
5577	390	306	303
5578	94	91	57
5579	9	14	9
5580	4	6	2
5581	10	10	4
5582	0	0	0
5583	18	22	20
5584	48	40	31
5585	12	13	7
5586	3	1	0
5587	7	5	2
5588	2	1	3
5589	86	73	71
5590	21	17	22
5591	3	5	2
5592	8	6	5
5593	5	4	2
5594	5	8	1
5595	7	5	6
5596	73	85	55
5597	9	8	10
5598	8	11	13
5599	22	27	22
5600	0	0	0
5601	25	24	30
5602	3	0	0
5603	34	17	14
5604	45	33	27
5605	138	104	79
5606	48	53	48
5607	21	20	20
5608	8	14	7
5609	0	0	0
5610	76	92	74
5611	11	9	9
5612	5	6	8
5613	6	7	4
5614	114	133	106
5615	9	5	4
5616	0	0	0
5617	86	84	84
5618	17	15	9
5619	335	244	167
5620	30	26	26
5621	3	2	7
5622	3	7	11
5623	4	6	5
5624	8	5	3
5625	0	3	5
5626	2	1	0
5627	1	3	1
5628	0	0	0
5629	16	21	12
5630	15	23	21
5631	0	0	0
5632	5	2	2
5633	20	16	11
5634	47	62	49
5635	2	4	4
5636	16	10	24
5637	4	9	2
5638	38	25	17
5639	12	7	7
5640	0	0	0
5641	18	21	25
5642	23	29	28
5643	78	86	76
5644	1	2	1
5645	2	1	1
5646	10	3	5
5647	7	4	5
5648	7	4	9
5649	1	1	2
5650	1	1	3
5651	3	1	1
5652	0	0	0
5653	51	55	22
5654	0	0	0
5655	2	4	4
5656	11	12	6
5657	13	14	6
5658	0	4	3
5659	0	0	0
5660	148	120	106
5661	3	3	5
5662	12	20	10
5663	18	14	12
5664	89	87	93
5665	1	1	1
5666	10	8	7
5667	34	38	33
5668	77	77	88
5669	2	4	1
5670	22	18	12
5671	1	3	0
5672	62	58	35
5673	53	53	53
5674	1	1	0
5675	1	4	3
5676	23	22	30
5677	1	1	0
5678	20	28	23
5679	0	0	0
5680	5	2	4
5681	98	114	99
5682	5	1	2
5683	13	6	11
5684	2	10	8
5685	1	4	3
5686	30	20	21
5687	22	28	16
5688	1	3	0
5689	0	0	0
5690	120	119	75
5691	48	39	35
5692	7	5	2
5693	23	20	8
5694	20	17	22
5695	937	946	885
5696	11	8	8
5697	21	31	17
5698	29	15	18
5699	42	49	46
5700	14	20	17
5701	1	0	0
5702	7	11	4
5703	0	0	0
5704	0	1	0
5705	21	16	25
5706	1	0	1
5707	0	1	0
5708	105	89	84
5709	48	48	62
5710	12	19	23
5711	51	31	32
5712	18	15	9
5713	160	205	224
5714	36	27	23
5715	1	4	1
5716	0	0	0
5717	0	2	2
5718	38	39	28
5719	117	130	74
5720	0	0	0
5721	5	4	2
5722	107	58	75
5723	4	2	0
5724	11	4	14
5725	17	17	6
5726	40	30	28
5727	1	6	4
5728	3	3	4
5729	29	42	37
5730	67	70	74
5731	241	252	280
5732	249	249	166
5733	40	38	25
5734	39	33	21
5735	3	0	1
5736	0	1	2
5737	6	14	4
5738	0	0	0
5739	5	5	5
5740	31	26	25
5741	31	33	20
5742	0	0	0
5743	11	15	14
5744	0	5	4
5745	8	10	11
5746	15	11	11
5747	66	71	58
5748	13	12	9
5749	227	232	212
5750	7	10	7
5751	205	243	207
5752	9	11	13
5753	4	5	2
5754	1	2	0
5755	9	12	4
5756	1	3	0
5757	71	62	45
5758	14	25	18
5759	7	5	1
5760	0	0	0
5761	74	91	73
5762	7	1	5
5763	6	4	6
5764	8	21	11
5765	12	6	9
5766	0	0	0
5767	2	0	0
5768	0	0	0
5769	2	2	1
5770	1	3	3
5771	46	40	28
5772	26	23	20
5773	0	1	1
5774	54	33	28
5775	55	45	38
5776	22	18	13
5777	0	0	0
5778	13	19	13
5779	50	48	46
5780	20	23	19
5781	3	6	2
5782	8	7	4
5783	63	66	38
5784	4	1	3
5785	7	10	2
5786	9	15	10
5787	3	10	3
5788	0	0	0
5789	1400	1481	1403
5790	192	194	159
5791	2	2	0
5792	418	370	221
5793	9	10	12
5794	229	183	235
5795	16	17	12
5796	8	14	11
5797	25	18	13
5798	0	1	1
5799	17	13	14
5800	200	229	213
5801	78	105	84
5802	8	6	11
5803	0	0	0
5804	2	8	3
5805	42	28	19
5806	32	28	17
5807	0	0	0
5808	3	4	3
5809	1	2	3
5810	41	48	33
5811	68	76	54
5812	127	105	120
5813	21	23	24
5814	0	0	0
5815	4	16	2
5816	95	67	45
5817	85	75	53
5818	21	25	22
5819	35	38	21
5820	24	20	10
5821	96	80	106
5822	4	2	1
5823	24	19	13
5824	278	317	212
5825	20	22	23
5826	0	0	0
5827	4	7	4
5828	12	12	17
5829	2	5	7
5830	14	21	9
5831	88	89	62
5832	1	1	0
5833	16	30	13
5834	9	14	12
5835	32	31	36
5836	24	15	11
5837	7	8	2
5838	39	29	26
5839	23	20	16
5840	209	186	143
5841	0	0	0
5842	60	49	47
5843	1	7	2
5844	1	0	1
5845	37	37	32
5846	0	0	2
5847	0	0	0
5848	8	3	2
5849	1	0	0
5850	1	5	0
5851	15	8	4
5852	7	11	10
5853	0	0	0
5854	96	84	78
5855	25	19	17
5856	22	22	19
5857	1	0	1
5858	63	53	44
5859	51	47	48
5860	24	26	23
5861	14	19	11
5862	9	14	7
5863	0	0	1
5864	20	18	13
5865	33	31	13
5866	0	0	0
5867	0	0	0
5868	0	0	0
5869	32	52	38
5870	1	0	0
5871	0	0	0
5872	4	2	2
5873	55	34	34
5874	39	35	33
5875	2	2	0
5876	52	55	61
5877	1	2	0
5878	1	1	2
5879	3	1	0
5880	1	1	1
5881	1	1	1
5882	0	0	0
5883	55	35	34
5884	13	7	9
5885	13	18	11
5886	0	2	2
5887	4	5	4
5888	15	14	7
5889	59	74	74
5890	52	45	34
5891	4	7	5
5892	0	0	0
5893	0	0	0
5894	176	165	127
5895	17	13	16
5896	0	0	0
5897	24	23	15
5898	0	0	1
5899	8	15	5
5900	0	1	0
5901	0	0	1
5902	49	45	42
5903	18	24	27
5904	5	6	5
5905	18	21	12
5906	70	50	36
5907	15	11	10
5908	29	40	35
5909	1	0	2
5910	4	3	2
5911	0	0	0
5912	6	3	5
5913	5	12	22
5914	20	5	14
5915	20	43	13
5916	44	77	47
5917	206	172	175
5918	110	94	109
5919	4	4	2
5920	0	0	0
5921	9	13	8
5922	1	0	0
5923	6	11	5
5924	0	1	0
5925	350	319	226
5926	47	48	19
5927	4	5	6
5928	8	8	8
5929	39	36	24
5930	1	0	0
5931	33	35	28
5932	363	336	322
5933	18	19	17
5934	4	5	5
5935	0	4	1
5936	0	0	0
5937	28	53	38
5938	39	41	35
5939	5	5	3
5940	15	16	12
5941	2	7	4
5942	4	9	5
5943	0	4	0
5944	0	0	0
5945	1281	1254	1066
5946	26	17	19
5947	11	8	10
5948	278	259	161
5949	36	27	34
5950	1	0	2
5951	6	22	17
5952	1	1	1
5953	6	7	4
5954	1	1	2
5955	23	17	23
5956	23	17	16
5957	0	0	0
5958	32	33	23
5959	4	0	2
5960	7	8	15
5961	165	141	108
5962	160	110	125
5963	5	3	3
5964	0	2	0
5965	1	2	1
5966	1	0	0
5967	0	0	0
5968	37	23	25
5969	108	112	76
5970	27	36	29
5971	5	6	1
5972	19	14	14
5973	4	5	3
5974	103	82	82
5975	34	42	24
5976	0	1	0
5977	0	0	0
5978	0	0	0
5979	80	62	60
5980	24	20	29
5981	17	37	22
5982	82	53	64
5983	0	0	0
5984	4	2	2
5985	29	19	20
5986	3	11	10
5987	7	11	6
5988	2	2	3
5989	13	8	15
5990	4	3	5
5991	85	98	84
5992	5	4	3
5993	23	18	29
5994	2	2	1
5995	17	16	11
5996	4	2	0
5997	1	1	3
5998	56	59	64
5999	60	52	52
6000	7	2	1
6001	11	5	9
6002	15	12	10
6003	10	12	8
6004	8	7	12
6005	31	26	29
6006	1	1	1
6007	1	0	0
6008	47	45	41
6009	16	14	14
6010	18	28	16
6011	320	305	265
6012	4	5	9
6013	22	14	23
6014	9	4	0
6015	5	4	5
6016	33	14	28
6017	8	3	3
6018	10	22	18
6019	5	3	4
6020	0	0	0
6021	6	7	5
6022	1	1	5
6023	37	28	18
6024	6	6	4
6025	8	12	7
6026	15	17	7
6027	7	4	2
6028	23	22	29
6029	103	109	112
