	ID	Name	position_from_start	position_from_term	actual_count	downsampled_count
0	rna-XM_713978.2	XM_713978.2	9	759	72.0	19.0
1	rna-XM_713978.2	XM_713978.2	17	751	20.0	19.0
2	rna-XM_713978.2	XM_713978.2	251	517	26.0	19.0
3	rna-XM_713975.2	XM_713975.2	73	1466	22.0	19.0
4	rna-XM_713957.1	XM_713957.1	0	1203	43.0	19.0
5	rna-XM_713957.1	XM_713957.1	55	1148	40.0	19.0
6	rna-XM_713957.1	XM_713957.1	94	1109	34.0	19.0
7	rna-XM_713954.1	XM_713954.1	91	512	59.0	19.0
8	rna-XM_713954.1	XM_713954.1	127	476	25.0	19.0
9	rna-XM_713954.1	XM_713954.1	369	234	24.0	19.0
10	rna-XM_713900.2	XM_713900.2	1134	1392	20.0	19.0
11	rna-XM_019475067.1	XM_019475067.1	339	450	26.0	19.0
12	rna-XM_019475067.1	XM_019475067.1	364	425	39.0	19.0
13	rna-XM_019475067.1	XM_019475067.1	412	377	37.0	19.0
14	rna-XM_019475068.1	XM_019475068.1	1861	1199	32.0	19.0
15	rna-XM_707863.2	XM_707863.2	308	3517	43.0	19.0
16	rna-XM_716341.2	XM_716341.2	36	627	27.0	19.0
17	rna-XM_716341.2	XM_716341.2	49	614	32.0	19.0
18	rna-XM_716341.2	XM_716341.2	107	556	22.0	19.0
19	rna-XM_716341.2	XM_716341.2	147	516	107.0	19.0
20	rna-XM_716341.2	XM_716341.2	307	356	32.0	19.0
21	rna-XM_716371.1	XM_716371.1	216	837	35.0	19.0
22	rna-XM_716375.2	XM_716375.2	1740	819	24.0	19.0
23	rna-XM_716388.2	XM_716388.2	80	1033	21.0	19.0
24	rna-XM_716397.1	XM_716397.1	141	180	20.0	19.0
25	rna-XM_716399.1	XM_716399.1	428	181	63.0	19.0
26	rna-XM_716399.1	XM_716399.1	475	134	27.0	19.0
27	rna-XM_716399.1	XM_716399.1	522	87	83.0	19.0
28	rna-XM_716407.2	XM_716407.2	661	110	30.0	19.0
29	rna-XM_019475081.1	XM_019475081.1	533	739	26.0	19.0
30	rna-XM_716442.2	XM_716442.2	529	1361	22.0	19.0
31	rna-XM_716442.2	XM_716442.2	582	1308	99.0	19.0
32	rna-XM_716442.2	XM_716442.2	626	1264	44.0	19.0
33	rna-XM_708542.1	XM_708542.1	178	1103	491.0	19.0
34	rna-XM_708542.1	XM_708542.1	245	1036	21.0	19.0
35	rna-XM_708542.1	XM_708542.1	281	1000	21.0	19.0
36	rna-XM_708542.1	XM_708542.1	307	974	53.0	19.0
37	rna-XM_708542.1	XM_708542.1	347	934	21.0	19.0
38	rna-XM_708542.1	XM_708542.1	350	931	20.0	19.0
39	rna-XM_708542.1	XM_708542.1	374	907	20.0	19.0
40	rna-XM_708542.1	XM_708542.1	452	829	23.0	19.0
41	rna-XM_708542.1	XM_708542.1	470	811	30.0	19.0
42	rna-XM_708542.1	XM_708542.1	473	808	25.0	19.0
43	rna-XM_708542.1	XM_708542.1	527	754	64.0	19.0
44	rna-XM_708542.1	XM_708542.1	534	747	63.0	19.0
45	rna-XM_708542.1	XM_708542.1	566	715	55.0	19.0
46	rna-XM_708570.1	XM_708570.1	164	154	28.0	19.0
47	rna-XM_708576.2	XM_708576.2	239	1699	88.0	19.0
48	rna-XM_708576.2	XM_708576.2	367	1571	26.0	19.0
49	rna-XM_708576.2	XM_708576.2	629	1309	85.0	19.0
50	rna-XM_707150.2	XM_707150.2	212	1519	37.0	19.0
51	rna-XM_707150.2	XM_707150.2	619	1112	27.0	19.0
52	rna-XM_705770.2	XM_705770.2	2114	1978	25.0	19.0
53	rna-XM_705773.2	XM_705773.2	1364	601	25.0	19.0
54	rna-XM_019475113.1	XM_019475113.1	80	319	63.0	19.0
55	rna-XM_019475113.1	XM_019475113.1	128	271	77.0	19.0
56	rna-XM_019475113.1	XM_019475113.1	206	193	36.0	19.0
57	rna-XM_019475113.1	XM_019475113.1	235	164	21.0	19.0
58	rna-XM_019475113.1	XM_019475113.1	254	145	20.0	19.0
59	rna-XM_019475113.1	XM_019475113.1	261	138	21.0	19.0
60	rna-XM_713754.2	XM_713754.2	3522	597	25.0	19.0
61	rna-XM_713748.2	XM_713748.2	40	398	22.0	19.0
62	rna-XM_713748.2	XM_713748.2	57	381	85.0	19.0
63	rna-XM_713748.2	XM_713748.2	118	320	28.0	19.0
64	rna-XM_713748.2	XM_713748.2	127	311	42.0	19.0
65	rna-XM_713748.2	XM_713748.2	133	305	49.0	19.0
66	rna-XM_713748.2	XM_713748.2	142	296	31.0	19.0
67	rna-XM_713748.2	XM_713748.2	144	294	38.0	19.0
68	rna-XM_713748.2	XM_713748.2	156	282	39.0	19.0
69	rna-XM_713748.2	XM_713748.2	157	281	60.0	19.0
70	rna-XM_713748.2	XM_713748.2	193	245	22.0	19.0
71	rna-XM_713748.2	XM_713748.2	209	229	24.0	19.0
72	rna-XM_713748.2	XM_713748.2	280	158	34.0	19.0
73	rna-XM_713748.2	XM_713748.2	299	139	33.0	19.0
74	rna-XM_713748.2	XM_713748.2	336	102	22.0	19.0
75	rna-XM_019475120.1	XM_019475120.1	185	184	28.0	19.0
76	rna-XM_712555.2	XM_712555.2	1877	157	53.0	19.0
77	rna-XM_718339.2	XM_718339.2	1217	412	44.0	19.0
78	rna-XM_718406.2	XM_718406.2	1324	269	23.0	19.0
79	rna-XM_718485.1	XM_718485.1	389	334	25.0	19.0
80	rna-XM_718495.2	XM_718495.2	125	2182	20.0	19.0
81	rna-XM_706117.2	XM_706117.2	623	904	41.0	19.0
82	rna-XM_706117.2	XM_706117.2	753	774	111.0	19.0
83	rna-XM_705625.1	XM_705625.1	862	578	41.0	19.0
84	rna-XM_705625.1	XM_705625.1	1039	401	26.0	19.0
85	rna-XM_705625.1	XM_705625.1	1084	356	25.0	19.0
86	rna-XM_705628.2	XM_705628.2	762	594	38.0	19.0
87	rna-XM_019475147.1	XM_019475147.1	0	414	28.0	19.0
88	rna-XM_019475147.1	XM_019475147.1	263	151	194.0	19.0
89	rna-XM_708831.2	XM_708831.2	1134	885	31.0	19.0
90	rna-XM_708702.2	XM_708702.2	628	449	20.0	19.0
91	rna-XM_708702.2	XM_708702.2	687	390	31.0	19.0
92	rna-XM_708702.2	XM_708702.2	776	301	67.0	19.0
93	rna-XM_019475158.1	XM_019475158.1	1637	2254	40.0	19.0
94	rna-XM_019475165.1	XM_019475165.1	109	302	23.0	19.0
95	rna-XM_019475165.1	XM_019475165.1	323	88	56.0	19.0
96	rna-XM_706488.2	XM_706488.2	3431	970	31.0	19.0
97	rna-XM_706488.2	XM_706488.2	3485	916	33.0	19.0
98	rna-XM_706471.2	XM_706471.2	1748	1045	35.0	19.0
99	rna-XM_706471.2	XM_706471.2	2310	483	55.0	19.0
100	rna-XM_717050.2	XM_717050.2	1870	416	24.0	19.0
101	rna-XM_717055.2	XM_717055.2	3480	162	37.0	19.0
102	rna-XM_019475180.1	XM_019475180.1	2537	439	24.0	19.0
103	rna-XM_717124.1	XM_717124.1	1536	99	23.0	19.0
104	rna-XM_709943.1	XM_709943.1	51	789	482.0	19.0
105	rna-XM_019475187.1	XM_019475187.1	830	1153	29.0	19.0
106	rna-XM_709968.1	XM_709968.1	68	871	29.0	19.0
107	rna-XM_705397.2	XM_705397.2	31	500	111.0	19.0
108	rna-XM_705397.2	XM_705397.2	53	478	163.0	19.0
109	rna-XM_705388.2	XM_705388.2	31	1673	27.0	19.0
110	rna-XM_705388.2	XM_705388.2	36	1668	36.0	19.0
111	rna-XM_705388.2	XM_705388.2	47	1657	39.0	19.0
112	rna-XM_705388.2	XM_705388.2	51	1653	21.0	19.0
113	rna-XM_705388.2	XM_705388.2	1388	316	22.0	19.0
114	rna-XM_705388.2	XM_705388.2	1452	252	20.0	19.0
115	rna-XM_717427.1	XM_717427.1	0	360	43.0	19.0
116	rna-XM_717427.1	XM_717427.1	13	347	300.0	19.0
117	rna-XM_717427.1	XM_717427.1	21	339	22.0	19.0
118	rna-XM_717427.1	XM_717427.1	73	287	90.0	19.0
119	rna-XM_717427.1	XM_717427.1	108	252	65.0	19.0
120	rna-XM_717445.2	XM_717445.2	495	3735	27.0	19.0
121	rna-XM_717527.2	XM_717527.2	104	5065	31.0	19.0
122	rna-XM_717527.2	XM_717527.2	239	4930	83.0	19.0
123	rna-XM_717527.2	XM_717527.2	3887	1282	48.0	19.0
124	rna-XM_710254.2	XM_710254.2	1151	349	22.0	19.0
125	rna-XM_019475213.1	XM_019475213.1	126	2403	21.0	19.0
126	rna-XM_019475213.1	XM_019475213.1	168	2361	26.0	19.0
127	rna-XM_019475213.1	XM_019475213.1	185	2344	20.0	19.0
128	rna-XM_019475213.1	XM_019475213.1	1439	1090	20.0	19.0
129	rna-XM_710225.2	XM_710225.2	6542	3319	43.0	19.0
130	rna-XM_715872.2	XM_715872.2	59	2032	97.0	19.0
131	rna-XM_019475216.1	XM_019475216.1	94	389	27.0	19.0
132	rna-XM_019475216.1	XM_019475216.1	237	246	37.0	19.0
133	rna-XM_019475220.1	XM_019475220.1	0	300	28.0	19.0
134	rna-XM_019475220.1	XM_019475220.1	1	299	20.0	19.0
135	rna-XM_019475220.1	XM_019475220.1	72	228	21.0	19.0
136	rna-XM_019475220.1	XM_019475220.1	162	138	23.0	19.0
137	rna-XM_715844.1	XM_715844.1	212	1867	53.0	19.0
138	rna-XM_715844.1	XM_715844.1	1170	909	29.0	19.0
139	rna-XM_715844.1	XM_715844.1	1290	789	43.0	19.0
140	rna-XM_715832.2	XM_715832.2	2075	586	43.0	19.0
141	rna-XM_705032.1	XM_705032.1	958	251	21.0	19.0
142	rna-XM_019475226.1	XM_019475226.1	236	52	24.0	19.0
143	rna-XM_707823.1	XM_707823.1	42	516	32.0	19.0
144	rna-XM_707823.1	XM_707823.1	139	419	21.0	19.0
145	rna-XM_707823.1	XM_707823.1	157	401	21.0	19.0
146	rna-XM_707822.2	XM_707822.2	845	2071	21.0	19.0
147	rna-XM_707822.2	XM_707822.2	857	2059	25.0	19.0
148	rna-XM_705509.1	XM_705509.1	394	71	26.0	19.0
149	rna-XM_709806.2	XM_709806.2	2057	292	28.0	19.0
150	rna-XM_709808.2	XM_709808.2	908	412	20.0	19.0
151	rna-XM_707710.1	XM_707710.1	373	248	46.0	19.0
152	rna-XM_707722.2	XM_707722.2	513	738	22.0	19.0
153	rna-XM_710962.1	XM_710962.1	302	1201	29.0	19.0
154	rna-XM_019475256.1	XM_019475256.1	18	339	24.0	19.0
155	rna-XM_019475260.1	XM_019475260.1	347	1024	26.0	19.0
156	rna-XM_705056.2	XM_705056.2	131	1246	25.0	19.0
157	rna-XM_705056.2	XM_705056.2	190	1187	23.0	19.0
158	rna-XM_705056.2	XM_705056.2	324	1053	21.0	19.0
159	rna-XM_709369.2	XM_709369.2	1216	386	30.0	19.0
160	rna-XM_709369.2	XM_709369.2	1230	372	20.0	19.0
161	rna-XM_709369.2	XM_709369.2	1272	330	23.0	19.0
162	rna-XM_709369.2	XM_709369.2	1276	326	23.0	19.0
163	rna-XM_709369.2	XM_709369.2	1279	323	26.0	19.0
164	rna-XM_709369.2	XM_709369.2	1286	316	23.0	19.0
165	rna-XM_709369.2	XM_709369.2	1311	291	27.0	19.0
166	rna-XM_709369.2	XM_709369.2	1312	290	28.0	19.0
167	rna-XM_709369.2	XM_709369.2	1324	278	26.0	19.0
168	rna-XM_709369.2	XM_709369.2	1325	277	28.0	19.0
169	rna-XM_709369.2	XM_709369.2	1326	276	32.0	19.0
170	rna-XM_709369.2	XM_709369.2	1327	275	30.0	19.0
171	rna-XM_709369.2	XM_709369.2	1330	272	24.0	19.0
172	rna-XM_709369.2	XM_709369.2	1332	270	20.0	19.0
173	rna-XM_709369.2	XM_709369.2	1356	246	23.0	19.0
174	rna-XM_709369.2	XM_709369.2	1375	227	20.0	19.0
175	rna-XM_709350.1	XM_709350.1	523	2732	22.0	19.0
176	rna-XM_707506.1	XM_707506.1	712	1037	164.0	19.0
177	rna-XM_707492.2	XM_707492.2	4	578	26.0	19.0
178	rna-XM_707492.2	XM_707492.2	107	475	22.0	19.0
179	rna-XM_705590.2	XM_705590.2	107	1063	30.0	19.0
180	rna-XM_705590.2	XM_705590.2	911	259	24.0	19.0
181	rna-XM_709322.1	XM_709322.1	116	217	23.0	19.0
182	rna-XM_712051.1	XM_712051.1	261	528	45.0	19.0
183	rna-XM_712051.1	XM_712051.1	290	499	60.0	19.0
184	rna-XM_712051.1	XM_712051.1	465	324	21.0	19.0
185	rna-XM_712051.1	XM_712051.1	591	198	24.0	19.0
186	rna-XM_712051.1	XM_712051.1	757	32	51.0	19.0
187	rna-XM_712744.1	XM_712744.1	4	404	23.0	19.0
188	rna-XM_712744.1	XM_712744.1	123	285	23.0	19.0
189	rna-XM_712709.1	XM_712709.1	32	628	30.0	19.0
190	rna-XM_712666.2	XM_712666.2	1996	692	35.0	19.0
191	rna-XM_713429.2	XM_713429.2	203	3430	225.0	19.0
192	rna-XM_716626.1	XM_716626.1	314	307	83.0	19.0
193	rna-XM_716619.1	XM_716619.1	332	166	36.0	19.0
194	rna-XM_714842.1	XM_714842.1	343	233	28.0	19.0
195	rna-XM_714842.1	XM_714842.1	542	34	20.0	19.0
196	rna-XM_714941.1	XM_714941.1	578	1147	33.0	19.0
197	rna-XM_707632.2	XM_707632.2	380	19	160.0	19.0
198	rna-XM_019475320.1	XM_019475320.1	3	570	37.0	19.0
199	rna-XM_019475320.1	XM_019475320.1	213	360	22.0	19.0
200	rna-XM_019475320.1	XM_019475320.1	229	344	20.0	19.0
201	rna-XM_718026.1	XM_718026.1	45	258	23.0	19.0
202	rna-XM_019475321.1	XM_019475321.1	0	684	24.0	19.0
203	rna-XM_019475322.1	XM_019475322.1	163	266	24.0	19.0
204	rna-XM_718047.1	XM_718047.1	156	180	35.0	19.0
205	rna-XM_718047.1	XM_718047.1	163	173	32.0	19.0
206	rna-XM_019475323.1	XM_019475323.1	44	760	82.0	19.0
207	rna-XM_718066.1	XM_718066.1	881	4639	20.0	19.0
208	rna-XM_019475325.1	XM_019475325.1	0	363	22.0	19.0
209	rna-XM_019475325.1	XM_019475325.1	28	335	32.0	19.0
210	rna-XM_019475325.1	XM_019475325.1	46	317	38.0	19.0
211	rna-XM_019475325.1	XM_019475325.1	51	312	20.0	19.0
212	rna-XM_019475325.1	XM_019475325.1	52	311	21.0	19.0
213	rna-XM_019475325.1	XM_019475325.1	73	290	43.0	19.0
214	rna-XM_019475325.1	XM_019475325.1	78	285	20.0	19.0
215	rna-XM_019475325.1	XM_019475325.1	98	265	22.0	19.0
216	rna-XM_019475325.1	XM_019475325.1	118	245	21.0	19.0
217	rna-XM_019475325.1	XM_019475325.1	120	243	57.0	19.0
218	rna-XM_019475325.1	XM_019475325.1	127	236	22.0	19.0
219	rna-XM_019475325.1	XM_019475325.1	129	234	22.0	19.0
220	rna-XM_718085.1	XM_718085.1	208	1025	26.0	19.0
221	rna-XM_019475328.1	XM_019475328.1	104	334	131.0	19.0
222	rna-XM_019475328.1	XM_019475328.1	112	326	24.0	19.0
223	rna-XM_019475328.1	XM_019475328.1	132	306	33.0	19.0
224	rna-XM_019475328.1	XM_019475328.1	142	296	20.0	19.0
225	rna-XM_019475328.1	XM_019475328.1	150	288	20.0	19.0
226	rna-XM_019475328.1	XM_019475328.1	167	271	21.0	19.0
227	rna-XM_019475328.1	XM_019475328.1	168	270	26.0	19.0
228	rna-XM_019475328.1	XM_019475328.1	169	269	29.0	19.0
229	rna-XM_019475328.1	XM_019475328.1	171	267	30.0	19.0
230	rna-XM_019475328.1	XM_019475328.1	188	250	29.0	19.0
231	rna-XM_019475328.1	XM_019475328.1	190	248	25.0	19.0
232	rna-XM_019475328.1	XM_019475328.1	202	236	35.0	19.0
233	rna-XM_019475328.1	XM_019475328.1	208	230	22.0	19.0
234	rna-XM_019475328.1	XM_019475328.1	213	225	20.0	19.0
235	rna-XM_019475328.1	XM_019475328.1	231	207	23.0	19.0
236	rna-XM_019475328.1	XM_019475328.1	245	193	31.0	19.0
237	rna-XM_019475328.1	XM_019475328.1	251	187	21.0	19.0
238	rna-XM_019475328.1	XM_019475328.1	285	153	21.0	19.0
239	rna-XM_019475328.1	XM_019475328.1	318	120	48.0	19.0
240	rna-XM_019475328.1	XM_019475328.1	329	109	27.0	19.0
241	rna-XM_019475328.1	XM_019475328.1	330	108	28.0	19.0
242	rna-XM_718118.1	XM_718118.1	561	228	29.0	19.0
243	rna-XM_019475329.1	XM_019475329.1	571	215	56.0	19.0
244	rna-XM_019475329.1	XM_019475329.1	689	97	24.0	19.0
245	rna-XM_709613.1	XM_709613.1	911	577	35.0	19.0
246	rna-XM_709613.1	XM_709613.1	933	555	24.0	19.0
247	rna-XM_711509.1	XM_711509.1	689	730	20.0	19.0
248	rna-XM_711006.1	XM_711006.1	1463	1603	81.0	19.0
249	rna-XM_714792.1	XM_714792.1	212	3586	25.0	19.0
250	rna-XM_714766.1	XM_714766.1	207	3387	23.0	19.0
251	rna-XM_714766.1	XM_714766.1	217	3377	33.0	19.0
252	rna-XM_714766.1	XM_714766.1	2145	1449	20.0	19.0
253	rna-XM_714749.1	XM_714749.1	581	166	39.0	19.0
254	rna-XM_714740.2	XM_714740.2	1333	914	44.0	19.0
255	rna-XM_705238.2	XM_705238.2	31	647	177.0	19.0
256	rna-XM_705238.2	XM_705238.2	53	625	178.0	19.0
257	rna-XM_705238.2	XM_705238.2	89	589	28.0	19.0
258	rna-XM_705238.2	XM_705238.2	93	585	32.0	19.0
259	rna-XM_705238.2	XM_705238.2	94	584	26.0	19.0
260	rna-XM_705238.2	XM_705238.2	102	576	51.0	19.0
261	rna-XM_708236.1	XM_708236.1	220	389	21.0	19.0
262	rna-XM_019475352.1	XM_019475352.1	1289	226	42.0	19.0
263	rna-XM_717669.2	XM_717669.2	12420	2688	110.0	19.0
264	rna-XM_717669.2	XM_717669.2	13250	1858	34.0	19.0
265	rna-XM_019475360.1	XM_019475360.1	173	538	62.0	19.0
266	rna-XM_019475360.1	XM_019475360.1	250	461	24.0	19.0
267	rna-XM_019475360.1	XM_019475360.1	262	449	23.0	19.0
268	rna-XM_019475360.1	XM_019475360.1	264	447	25.0	19.0
269	rna-XM_019475360.1	XM_019475360.1	265	446	21.0	19.0
270	rna-XM_019475360.1	XM_019475360.1	277	434	23.0	19.0
271	rna-XM_019475360.1	XM_019475360.1	279	432	27.0	19.0
272	rna-XM_019475360.1	XM_019475360.1	280	431	31.0	19.0
273	rna-XM_019475360.1	XM_019475360.1	282	429	22.0	19.0
274	rna-XM_019475360.1	XM_019475360.1	283	428	22.0	19.0
275	rna-XM_019475360.1	XM_019475360.1	284	427	24.0	19.0
276	rna-XM_019475360.1	XM_019475360.1	300	411	24.0	19.0
277	rna-XM_019475360.1	XM_019475360.1	315	396	23.0	19.0
278	rna-XM_019475360.1	XM_019475360.1	330	381	30.0	19.0
279	rna-XM_019475360.1	XM_019475360.1	344	367	24.0	19.0
280	rna-XM_019475360.1	XM_019475360.1	346	365	29.0	19.0
281	rna-XM_019475360.1	XM_019475360.1	348	363	58.0	19.0
282	rna-XM_019475360.1	XM_019475360.1	359	352	57.0	19.0
283	rna-XM_019475360.1	XM_019475360.1	365	346	22.0	19.0
284	rna-XM_019475360.1	XM_019475360.1	372	339	31.0	19.0
285	rna-XM_019475360.1	XM_019475360.1	378	333	31.0	19.0
286	rna-XM_019475360.1	XM_019475360.1	381	330	31.0	19.0
287	rna-XM_019475360.1	XM_019475360.1	384	327	25.0	19.0
288	rna-XM_019475360.1	XM_019475360.1	387	324	26.0	19.0
289	rna-XM_019475360.1	XM_019475360.1	388	323	35.0	19.0
290	rna-XM_019475360.1	XM_019475360.1	390	321	20.0	19.0
291	rna-XM_019475360.1	XM_019475360.1	393	318	26.0	19.0
292	rna-XM_019475360.1	XM_019475360.1	394	317	23.0	19.0
293	rna-XM_019475360.1	XM_019475360.1	396	315	61.0	19.0
294	rna-XM_019475360.1	XM_019475360.1	397	314	21.0	19.0
295	rna-XM_019475360.1	XM_019475360.1	398	313	20.0	19.0
296	rna-XM_019475360.1	XM_019475360.1	399	312	35.0	19.0
297	rna-XM_019475360.1	XM_019475360.1	401	310	20.0	19.0
298	rna-XM_019475360.1	XM_019475360.1	406	305	21.0	19.0
299	rna-XM_019475360.1	XM_019475360.1	411	300	22.0	19.0
300	rna-XM_019475360.1	XM_019475360.1	417	294	31.0	19.0
301	rna-XM_019475360.1	XM_019475360.1	418	293	21.0	19.0
302	rna-XM_019475360.1	XM_019475360.1	419	292	20.0	19.0
303	rna-XM_019475360.1	XM_019475360.1	422	289	22.0	19.0
304	rna-XM_019475360.1	XM_019475360.1	423	288	21.0	19.0
305	rna-XM_019475360.1	XM_019475360.1	424	287	45.0	19.0
306	rna-XM_019475360.1	XM_019475360.1	425	286	22.0	19.0
307	rna-XM_019475360.1	XM_019475360.1	426	285	59.0	19.0
308	rna-XM_019475360.1	XM_019475360.1	427	284	36.0	19.0
309	rna-XM_019475360.1	XM_019475360.1	428	283	37.0	19.0
310	rna-XM_019475360.1	XM_019475360.1	429	282	23.0	19.0
311	rna-XM_019475360.1	XM_019475360.1	430	281	55.0	19.0
312	rna-XM_019475360.1	XM_019475360.1	431	280	23.0	19.0
313	rna-XM_019475360.1	XM_019475360.1	432	279	22.0	19.0
314	rna-XM_019475360.1	XM_019475360.1	433	278	31.0	19.0
315	rna-XM_019475360.1	XM_019475360.1	438	273	28.0	19.0
316	rna-XM_019475360.1	XM_019475360.1	441	270	20.0	19.0
317	rna-XM_019475360.1	XM_019475360.1	445	266	38.0	19.0
318	rna-XM_019475360.1	XM_019475360.1	447	264	37.0	19.0
319	rna-XM_019475360.1	XM_019475360.1	450	261	22.0	19.0
320	rna-XM_019475360.1	XM_019475360.1	452	259	55.0	19.0
321	rna-XM_019475360.1	XM_019475360.1	453	258	45.0	19.0
322	rna-XM_019475360.1	XM_019475360.1	454	257	21.0	19.0
323	rna-XM_019475360.1	XM_019475360.1	455	256	27.0	19.0
324	rna-XM_019475360.1	XM_019475360.1	456	255	20.0	19.0
325	rna-XM_019475360.1	XM_019475360.1	458	253	26.0	19.0
326	rna-XM_019475360.1	XM_019475360.1	459	252	22.0	19.0
327	rna-XM_019475360.1	XM_019475360.1	460	251	24.0	19.0
328	rna-XM_019475360.1	XM_019475360.1	462	249	32.0	19.0
329	rna-XM_019475360.1	XM_019475360.1	464	247	21.0	19.0
330	rna-XM_019475360.1	XM_019475360.1	466	245	26.0	19.0
331	rna-XM_019475360.1	XM_019475360.1	468	243	20.0	19.0
332	rna-XM_019475360.1	XM_019475360.1	474	237	24.0	19.0
333	rna-XM_019475360.1	XM_019475360.1	476	235	22.0	19.0
334	rna-XM_019475360.1	XM_019475360.1	477	234	24.0	19.0
335	rna-XM_019475360.1	XM_019475360.1	480	231	34.0	19.0
336	rna-XM_019475360.1	XM_019475360.1	481	230	21.0	19.0
337	rna-XM_019475360.1	XM_019475360.1	482	229	109.0	19.0
338	rna-XM_019475360.1	XM_019475360.1	486	225	29.0	19.0
339	rna-XM_019475360.1	XM_019475360.1	487	224	23.0	19.0
340	rna-XM_019475360.1	XM_019475360.1	488	223	21.0	19.0
341	rna-XM_019475360.1	XM_019475360.1	490	221	23.0	19.0
342	rna-XM_019475360.1	XM_019475360.1	491	220	20.0	19.0
343	rna-XM_019475360.1	XM_019475360.1	493	218	20.0	19.0
344	rna-XM_019475360.1	XM_019475360.1	498	213	21.0	19.0
345	rna-XM_019475360.1	XM_019475360.1	499	212	21.0	19.0
346	rna-XM_019475360.1	XM_019475360.1	501	210	33.0	19.0
347	rna-XM_019475360.1	XM_019475360.1	502	209	35.0	19.0
348	rna-XM_019475360.1	XM_019475360.1	503	208	71.0	19.0
349	rna-XM_019475360.1	XM_019475360.1	504	207	29.0	19.0
350	rna-XM_019475360.1	XM_019475360.1	505	206	22.0	19.0
351	rna-XM_019475360.1	XM_019475360.1	507	204	32.0	19.0
352	rna-XM_019475360.1	XM_019475360.1	508	203	22.0	19.0
353	rna-XM_019475360.1	XM_019475360.1	510	201	20.0	19.0
354	rna-XM_019475360.1	XM_019475360.1	511	200	30.0	19.0
355	rna-XM_019475360.1	XM_019475360.1	512	199	23.0	19.0
356	rna-XM_019475360.1	XM_019475360.1	513	198	228.0	19.0
357	rna-XM_019475360.1	XM_019475360.1	514	197	24.0	19.0
358	rna-XM_019475360.1	XM_019475360.1	519	192	22.0	19.0
359	rna-XM_019475360.1	XM_019475360.1	522	189	25.0	19.0
360	rna-XM_019475360.1	XM_019475360.1	523	188	20.0	19.0
361	rna-XM_019475360.1	XM_019475360.1	534	177	67.0	19.0
362	rna-XM_019475360.1	XM_019475360.1	546	165	48.0	19.0
363	rna-XM_019475360.1	XM_019475360.1	556	155	34.0	19.0
364	rna-XM_019475360.1	XM_019475360.1	557	154	20.0	19.0
365	rna-XM_019475360.1	XM_019475360.1	558	153	20.0	19.0
366	rna-XM_019475360.1	XM_019475360.1	562	149	32.0	19.0
367	rna-XM_019475360.1	XM_019475360.1	573	138	22.0	19.0
368	rna-XM_019475360.1	XM_019475360.1	580	131	23.0	19.0
369	rna-XM_019475360.1	XM_019475360.1	586	125	20.0	19.0
370	rna-XM_019475360.1	XM_019475360.1	653	58	41.0	19.0
371	rna-XM_717611.1	XM_717611.1	281	238	25.0	19.0
372	rna-XM_717601.2	XM_717601.2	965	193	46.0	19.0
373	rna-XM_717597.2	XM_717597.2	866	214	22.0	19.0
374	rna-XM_717597.2	XM_717597.2	886	194	23.0	19.0
375	rna-XM_717597.2	XM_717597.2	951	129	23.0	19.0
376	rna-XM_717564.2	XM_717564.2	638	1189	32.0	19.0
377	rna-XM_717540.1	XM_717540.1	215	1174	26.0	19.0
378	rna-XM_717540.1	XM_717540.1	1117	272	21.0	19.0
379	rna-XM_715367.2	XM_715367.2	55	1229	81.0	19.0
380	rna-XM_715367.2	XM_715367.2	140	1144	76.0	19.0
381	rna-XM_715329.2	XM_715329.2	1535	2809	21.0	19.0
382	rna-XM_715329.2	XM_715329.2	1542	2802	20.0	19.0
383	rna-XM_715329.2	XM_715329.2	1622	2722	65.0	19.0
384	rna-XM_715329.2	XM_715329.2	1672	2672	30.0	19.0
385	rna-XM_715329.2	XM_715329.2	1682	2662	66.0	19.0
386	rna-XM_715329.2	XM_715329.2	1700	2644	22.0	19.0
387	rna-XM_715329.2	XM_715329.2	1702	2642	22.0	19.0
388	rna-XM_715329.2	XM_715329.2	1708	2636	21.0	19.0
389	rna-XM_715329.2	XM_715329.2	1758	2586	24.0	19.0
390	rna-XM_715329.2	XM_715329.2	1799	2545	21.0	19.0
391	rna-XM_715329.2	XM_715329.2	1817	2527	36.0	19.0
392	rna-XM_715329.2	XM_715329.2	2066	2278	24.0	19.0
393	rna-XM_715329.2	XM_715329.2	2108	2236	37.0	19.0
394	rna-XM_715329.2	XM_715329.2	3303	1041	38.0	19.0
395	rna-XM_715329.2	XM_715329.2	3533	811	27.0	19.0
396	rna-XM_715329.2	XM_715329.2	4082	262	39.0	19.0
397	rna-XM_715328.1	XM_715328.1	370	548	27.0	19.0
398	rna-XM_715328.1	XM_715328.1	758	160	39.0	19.0
399	rna-XM_715328.1	XM_715328.1	802	116	50.0	19.0
400	rna-XM_715328.1	XM_715328.1	820	98	37.0	19.0
401	rna-XM_706494.2	XM_706494.2	332	379	22.0	19.0
402	rna-XM_712135.2	XM_712135.2	2048	2890	27.0	19.0
403	rna-XM_705028.2	XM_705028.2	5330	1099	1477.0	19.0
404	rna-XM_705028.2	XM_705028.2	5331	1098	40.0	19.0
405	rna-XM_706351.2	XM_706351.2	709	2081	61.0	19.0
406	rna-XM_711461.2	XM_711461.2	1952	1180	25.0	19.0
407	rna-XM_711482.2	XM_711482.2	149	1237	59.0	19.0
408	rna-XM_706771.2	XM_706771.2	5483	3769	36.0	19.0
409	rna-XM_710478.2	XM_710478.2	838	743	28.0	19.0
410	rna-XM_710444.2	XM_710444.2	416	2575	63.0	19.0
411	rna-XM_710444.2	XM_710444.2	618	2373	76.0	19.0
412	rna-XM_710444.2	XM_710444.2	645	2346	25.0	19.0
413	rna-XM_710444.2	XM_710444.2	646	2345	24.0	19.0
414	rna-XM_710440.1	XM_710440.1	152	1552	82.0	19.0
415	rna-XM_710440.1	XM_710440.1	767	937	20.0	19.0
416	rna-XM_710440.1	XM_710440.1	1499	205	20.0	19.0
417	rna-XM_019475397.1	XM_019475397.1	239	517	63.0	19.0
418	rna-XM_710435.2	XM_710435.2	1667	259	30.0	19.0
419	rna-XM_710354.1	XM_710354.1	449	502	20.0	19.0
420	rna-XM_710354.1	XM_710354.1	900	51	21.0	19.0
421	rna-XM_710346.2	XM_710346.2	146	676	25.0	19.0
422	rna-XM_710319.2	XM_710319.2	1301	3046	22.0	19.0
423	rna-XM_710304.1	XM_710304.1	69	513	39.0	19.0
424	rna-XM_710304.1	XM_710304.1	77	505	25.0	19.0
425	rna-XM_710304.1	XM_710304.1	81	501	35.0	19.0
426	rna-XM_710304.1	XM_710304.1	85	497	158.0	19.0
427	rna-XM_710304.1	XM_710304.1	86	496	44.0	19.0
428	rna-XM_711724.1	XM_711724.1	1849	4265	50.0	19.0
429	rna-XM_711723.2	XM_711723.2	1268	862	29.0	19.0
430	rna-XM_711723.2	XM_711723.2	1321	809	23.0	19.0
431	rna-XM_711723.2	XM_711723.2	1360	770	48.0	19.0
432	rna-XM_711721.1	XM_711721.1	247	1799	31.0	19.0
433	rna-XM_711707.1	XM_711707.1	275	259	25.0	19.0
434	rna-XM_711687.1	XM_711687.1	749	157	48.0	19.0
435	rna-XM_019475412.1	XM_019475412.1	29	439	38.0	19.0
436	rna-XM_019475412.1	XM_019475412.1	113	355	51.0	19.0
437	rna-XM_019475412.1	XM_019475412.1	138	330	30.0	19.0
438	rna-XM_706264.2	XM_706264.2	2515	638	21.0	19.0
439	rna-XM_706264.2	XM_706264.2	2636	517	20.0	19.0
440	rna-XM_706264.2	XM_706264.2	2688	465	35.0	19.0
441	rna-XM_706264.2	XM_706264.2	2797	356	20.0	19.0
442	rna-XM_706264.2	XM_706264.2	2802	351	61.0	19.0
443	rna-XM_706264.2	XM_706264.2	2812	341	22.0	19.0
444	rna-XM_706264.2	XM_706264.2	2826	327	34.0	19.0
445	rna-XM_706264.2	XM_706264.2	2852	301	717.0	19.0
446	rna-XM_706264.2	XM_706264.2	2853	300	35.0	19.0
447	rna-XM_706264.2	XM_706264.2	2868	285	21.0	19.0
448	rna-XM_706264.2	XM_706264.2	2869	284	20.0	19.0
449	rna-XM_706264.2	XM_706264.2	2871	282	32.0	19.0
450	rna-XM_706264.2	XM_706264.2	2874	279	23.0	19.0
451	rna-XM_706264.2	XM_706264.2	2882	271	122.0	19.0
452	rna-XM_706264.2	XM_706264.2	2883	270	26.0	19.0
453	rna-XM_706264.2	XM_706264.2	2891	262	29.0	19.0
454	rna-XM_706264.2	XM_706264.2	2892	261	20.0	19.0
455	rna-XM_706264.2	XM_706264.2	2899	254	25.0	19.0
456	rna-XM_706264.2	XM_706264.2	2900	253	103.0	19.0
457	rna-XM_706264.2	XM_706264.2	2903	250	25.0	19.0
458	rna-XM_706264.2	XM_706264.2	2925	228	24.0	19.0
459	rna-XM_706264.2	XM_706264.2	2926	227	21.0	19.0
460	rna-XM_706264.2	XM_706264.2	2929	224	39.0	19.0
461	rna-XM_706264.2	XM_706264.2	2933	220	27.0	19.0
462	rna-XM_706264.2	XM_706264.2	2937	216	42.0	19.0
463	rna-XM_706264.2	XM_706264.2	2942	211	22.0	19.0
464	rna-XM_706264.2	XM_706264.2	2943	210	60.0	19.0
465	rna-XM_706264.2	XM_706264.2	2944	209	22.0	19.0
466	rna-XM_706264.2	XM_706264.2	2955	198	100.0	19.0
467	rna-XM_706264.2	XM_706264.2	2956	197	21.0	19.0
468	rna-XM_706264.2	XM_706264.2	2976	177	28.0	19.0
469	rna-XM_706264.2	XM_706264.2	2981	172	60.0	19.0
470	rna-XM_706264.2	XM_706264.2	2984	169	24.0	19.0
471	rna-XM_706264.2	XM_706264.2	2986	167	40.0	19.0
472	rna-XM_706264.2	XM_706264.2	2999	154	22.0	19.0
473	rna-XM_706264.2	XM_706264.2	3008	145	98.0	19.0
474	rna-XM_706264.2	XM_706264.2	3027	126	22.0	19.0
475	rna-XM_706264.2	XM_706264.2	3029	124	23.0	19.0
476	rna-XM_706264.2	XM_706264.2	3030	123	63.0	19.0
477	rna-XM_706264.2	XM_706264.2	3031	122	42.0	19.0
478	rna-XM_706264.2	XM_706264.2	3032	121	22.0	19.0
479	rna-XM_706264.2	XM_706264.2	3056	97	20.0	19.0
480	rna-XM_019475419.1	XM_019475419.1	3098	2032	112.0	19.0
481	rna-XM_715498.2	XM_715498.2	109	899	27.0	19.0
482	rna-XM_715526.2	XM_715526.2	52	2261	27.0	19.0
483	rna-XM_715548.1	XM_715548.1	261	417	38.0	19.0
484	rna-XM_715548.1	XM_715548.1	377	301	25.0	19.0
485	rna-XM_715548.1	XM_715548.1	471	207	45.0	19.0
486	rna-XM_715548.1	XM_715548.1	575	103	81.0	19.0
487	rna-XM_715548.1	XM_715548.1	625	53	26.0	19.0
488	rna-XM_706938.2	XM_706938.2	408	714	114.0	19.0
489	rna-XM_716812.2	XM_716812.2	779	274	156.0	19.0
490	rna-XM_716851.1	XM_716851.1	0	1317	25.0	19.0
491	rna-XM_716869.2	XM_716869.2	31	728	204.0	19.0
492	rna-XM_716869.2	XM_716869.2	53	706	88.0	19.0
493	rna-XM_707204.2	XM_707204.2	73	260	20.0	19.0
494	rna-XM_707223.1	XM_707223.1	1108	443	24.0	19.0
495	rna-XM_707223.1	XM_707223.1	1263	288	30.0	19.0
496	rna-XM_019475444.1	XM_019475444.1	323	88	33.0	19.0
497	rna-XM_709204.2	XM_709204.2	1083	120	22.0	19.0
498	rna-XM_709212.2	XM_709212.2	562	1781	21.0	19.0
499	rna-XM_709223.2	XM_709223.2	912	1584	26.0	19.0
500	rna-XM_711642.1	XM_711642.1	336	1146	48.0	19.0
501	rna-XM_019475454.1	XM_019475454.1	330	147	39.0	19.0
502	rna-XM_711638.2	XM_711638.2	965	403	32.0	19.0
503	rna-XM_711616.2	XM_711616.2	1226	1069	21.0	19.0
504	rna-XM_707412.1	XM_707412.1	51	603	32.0	19.0
505	rna-XM_707414.2	XM_707414.2	2385	435	24.0	19.0
506	rna-XM_707422.1	XM_707422.1	621	681	35.0	19.0
507	rna-XM_019475465.1	XM_019475465.1	1196	1603	47.0	19.0
508	rna-XM_714063.2	XM_714063.2	674	886	28.0	19.0
509	rna-XM_714063.2	XM_714063.2	757	803	25.0	19.0
510	rna-XM_712956.2	XM_712956.2	1097	2389	36.0	19.0
511	rna-XM_019475468.1	XM_019475468.1	1087	515	26.0	19.0
512	rna-XM_712989.2	XM_712989.2	1867	1043	34.0	19.0
513	rna-XM_713013.2	XM_713013.2	140	1450	21.0	19.0
514	rna-XM_707011.2	XM_707011.2	1293	774	39.0	19.0
515	rna-XM_707011.2	XM_707011.2	1397	670	77.0	19.0
516	rna-XM_707320.2	XM_707320.2	62	3205	27.0	19.0
517	rna-XM_715321.2	XM_715321.2	0	795	29.0	19.0
518	rna-XM_715316.1	XM_715316.1	597	1701	23.0	19.0
519	rna-XM_715305.1	XM_715305.1	106	356	35.0	19.0
520	rna-XM_715286.1	XM_715286.1	623	526	31.0	19.0
521	rna-XM_715266.1	XM_715266.1	1142	2134	53.0	19.0
522	rna-XM_715266.1	XM_715266.1	2731	545	20.0	19.0
523	rna-XM_019475476.1	XM_019475476.1	56	148	35.0	19.0
524	rna-XM_019475476.1	XM_019475476.1	172	32	27.0	19.0
525	rna-XM_715216.1	XM_715216.1	783	156	20.0	19.0
526	rna-XM_716286.1	XM_716286.1	245	652	22.0	19.0
527	rna-XM_716286.1	XM_716286.1	625	272	51.0	19.0
528	rna-XM_716286.1	XM_716286.1	716	181	20.0	19.0
529	rna-XM_716260.1	XM_716260.1	431	1693	24.0	19.0
530	rna-XM_716260.1	XM_716260.1	434	1690	57.0	19.0
531	rna-XM_716260.1	XM_716260.1	440	1684	25.0	19.0
532	rna-XM_716260.1	XM_716260.1	457	1667	22.0	19.0
533	rna-XM_716260.1	XM_716260.1	482	1642	46.0	19.0
534	rna-XM_716260.1	XM_716260.1	522	1602	25.0	19.0
535	rna-XM_716260.1	XM_716260.1	581	1543	25.0	19.0
536	rna-XM_716260.1	XM_716260.1	584	1540	23.0	19.0
537	rna-XM_716260.1	XM_716260.1	605	1519	42.0	19.0
538	rna-XM_716260.1	XM_716260.1	967	1157	33.0	19.0
539	rna-XM_019475491.1	XM_019475491.1	319	74	25.0	19.0
540	rna-XM_711899.2	XM_711899.2	2044	872	102.0	19.0
541	rna-XM_711858.2	XM_711858.2	372	822	20.0	19.0
542	rna-XM_711858.2	XM_711858.2	415	779	27.0	19.0
543	rna-XM_711858.2	XM_711858.2	417	777	42.0	19.0
544	rna-XM_711858.2	XM_711858.2	456	738	25.0	19.0
545	rna-XM_711858.2	XM_711858.2	487	707	21.0	19.0
546	rna-XM_711858.2	XM_711858.2	493	701	31.0	19.0
547	rna-XM_711858.2	XM_711858.2	496	698	25.0	19.0
548	rna-XM_711858.2	XM_711858.2	507	687	20.0	19.0
549	rna-XM_711858.2	XM_711858.2	514	680	27.0	19.0
550	rna-XM_711858.2	XM_711858.2	531	663	20.0	19.0
551	rna-XM_711858.2	XM_711858.2	547	647	20.0	19.0
552	rna-XM_711858.2	XM_711858.2	658	536	21.0	19.0
553	rna-XM_707061.1	XM_707061.1	1383	276	61.0	19.0
554	rna-XM_710152.1	XM_710152.1	179	2059	31.0	19.0
555	rna-XM_710152.1	XM_710152.1	1018	1220	39.0	19.0
556	rna-XM_710148.1	XM_710148.1	1250	781	133.0	19.0
557	rna-XM_710148.1	XM_710148.1	1303	728	36.0	19.0
558	rna-XM_710134.1	XM_710134.1	619	233	29.0	19.0
559	rna-XM_710106.1	XM_710106.1	109	824	129.0	19.0
560	rna-XM_710106.1	XM_710106.1	110	823	30.0	19.0
561	rna-XM_710094.1	XM_710094.1	43	4163	28.0	19.0
562	rna-XM_710094.1	XM_710094.1	46	4160	33.0	19.0
563	rna-XM_710094.1	XM_710094.1	49	4157	49.0	19.0
564	rna-XM_710094.1	XM_710094.1	53	4153	32.0	19.0
565	rna-XM_710094.1	XM_710094.1	55	4151	22.0	19.0
566	rna-XM_710094.1	XM_710094.1	58	4148	66.0	19.0
567	rna-XM_710094.1	XM_710094.1	66	4140	20.0	19.0
568	rna-XM_713563.1	XM_713563.1	1010	196	27.0	19.0
569	rna-XM_713553.1	XM_713553.1	4	4403	24.0	19.0
570	rna-XM_713547.1	XM_713547.1	3053	187	31.0	19.0
571	rna-XM_713531.1	XM_713531.1	627	6189	24.0	19.0
572	rna-XM_019475507.1	XM_019475507.1	246	276	23.0	19.0
573	rna-XM_713106.1	XM_713106.1	658	308	38.0	19.0
574	rna-XM_713106.1	XM_713106.1	690	276	25.0	19.0
575	rna-XM_713113.2	XM_713113.2	1148	604	96.0	19.0
576	rna-XM_713119.1	XM_713119.1	123	474	29.0	19.0
577	rna-XM_713178.1	XM_713178.1	2232	270	21.0	19.0
578	rna-XM_713178.1	XM_713178.1	2308	194	88.0	19.0
579	rna-XM_708320.2	XM_708320.2	475	335	21.0	19.0
580	rna-XM_708320.2	XM_708320.2	482	328	129.0	19.0
581	rna-XM_710681.1	XM_710681.1	478	119	20.0	19.0
582	rna-XM_710688.2	XM_710688.2	2723	3034	88.0	19.0
583	rna-XM_710688.2	XM_710688.2	2771	2986	26.0	19.0
584	rna-XM_710697.1	XM_710697.1	172	1115	27.0	19.0
585	rna-XM_710697.1	XM_710697.1	443	844	34.0	19.0
586	rna-XM_710697.1	XM_710697.1	444	843	21.0	19.0
587	rna-XM_710697.1	XM_710697.1	467	820	71.0	19.0
588	rna-XM_710697.1	XM_710697.1	514	773	20.0	19.0
589	rna-XM_710697.1	XM_710697.1	543	744	20.0	19.0
590	rna-XM_710697.1	XM_710697.1	595	692	20.0	19.0
591	rna-XM_710697.1	XM_710697.1	597	690	24.0	19.0
592	rna-XM_019475522.1	XM_019475522.1	80	370	20.0	19.0
593	rna-XM_019475522.1	XM_019475522.1	215	235	79.0	19.0
594	rna-XM_019475522.1	XM_019475522.1	307	143	46.0	19.0
595	rna-XM_019475522.1	XM_019475522.1	384	66	252.0	19.0
596	rna-XM_019475522.1	XM_019475522.1	413	37	22.0	19.0
597	rna-XM_712251.1	XM_712251.1	998	445	20.0	19.0
598	rna-XM_712263.2	XM_712263.2	50	565	34.0	19.0
599	rna-XM_712263.2	XM_712263.2	58	557	26.0	19.0
600	rna-XM_712263.2	XM_712263.2	67	548	34.0	19.0
601	rna-XM_712263.2	XM_712263.2	78	537	24.0	19.0
602	rna-XM_712263.2	XM_712263.2	81	534	24.0	19.0
603	rna-XM_712263.2	XM_712263.2	86	529	30.0	19.0
604	rna-XM_712263.2	XM_712263.2	87	528	26.0	19.0
605	rna-XM_712263.2	XM_712263.2	88	527	61.0	19.0
606	rna-XM_712263.2	XM_712263.2	89	526	31.0	19.0
607	rna-XM_712263.2	XM_712263.2	90	525	47.0	19.0
608	rna-XM_712263.2	XM_712263.2	91	524	32.0	19.0
609	rna-XM_712263.2	XM_712263.2	92	523	39.0	19.0
610	rna-XM_712263.2	XM_712263.2	93	522	70.0	19.0
611	rna-XM_712263.2	XM_712263.2	94	521	37.0	19.0
612	rna-XM_712263.2	XM_712263.2	95	520	28.0	19.0
613	rna-XM_712263.2	XM_712263.2	100	515	37.0	19.0
614	rna-XM_712263.2	XM_712263.2	104	511	59.0	19.0
615	rna-XM_712263.2	XM_712263.2	111	504	20.0	19.0
616	rna-XM_712263.2	XM_712263.2	124	491	27.0	19.0
617	rna-XM_712263.2	XM_712263.2	125	490	28.0	19.0
618	rna-XM_712263.2	XM_712263.2	127	488	28.0	19.0
619	rna-XM_712263.2	XM_712263.2	132	483	20.0	19.0
620	rna-XM_712263.2	XM_712263.2	147	468	21.0	19.0
621	rna-XM_712263.2	XM_712263.2	153	462	35.0	19.0
622	rna-XM_712263.2	XM_712263.2	184	431	22.0	19.0
623	rna-XM_712263.2	XM_712263.2	189	426	20.0	19.0
624	rna-XM_712263.2	XM_712263.2	190	425	22.0	19.0
625	rna-XM_712263.2	XM_712263.2	193	422	28.0	19.0
626	rna-XM_712263.2	XM_712263.2	197	418	27.0	19.0
627	rna-XM_712263.2	XM_712263.2	220	395	27.0	19.0
628	rna-XM_712263.2	XM_712263.2	262	353	40.0	19.0
629	rna-XM_712264.2	XM_712264.2	846	900	39.0	19.0
630	rna-XM_712267.2	XM_712267.2	655	683	126.0	19.0
631	rna-XM_712292.1	XM_712292.1	1040	2197	34.0	19.0
632	rna-XM_712292.1	XM_712292.1	2187	1050	60.0	19.0
633	rna-XM_712298.1	XM_712298.1	32	2827	26.0	19.0
634	rna-XM_019475540.1	XM_019475540.1	247	20	23.0	19.0
635	rna-XM_705713.1	XM_705713.1	1647	498	21.0	19.0
636	rna-XM_705713.1	XM_705713.1	1672	473	42.0	19.0
637	rna-XM_705713.1	XM_705713.1	1677	468	27.0	19.0
638	rna-XM_705713.1	XM_705713.1	1877	268	29.0	19.0
639	rna-XM_706622.2	XM_706622.2	1880	400	25.0	19.0
640	rna-XM_706599.2	XM_706599.2	73	755	22.0	19.0
641	rna-XM_707557.2	XM_707557.2	6101	550	22.0	19.0
642	rna-XM_707557.2	XM_707557.2	6102	549	21.0	19.0
643	rna-XM_707557.2	XM_707557.2	6340	311	35.0	19.0
644	rna-XM_707557.2	XM_707557.2	6350	301	101.0	19.0
645	rna-XM_707557.2	XM_707557.2	6389	262	47.0	19.0
646	rna-XM_707557.2	XM_707557.2	6487	164	21.0	19.0
647	rna-XM_707557.2	XM_707557.2	6535	116	24.0	19.0
648	rna-XM_707557.2	XM_707557.2	6539	112	34.0	19.0
649	rna-XM_707260.2	XM_707260.2	112	392	21.0	19.0
650	rna-XM_707250.2	XM_707250.2	503	427	28.0	19.0
651	rna-XM_707238.2	XM_707238.2	99	2253	21.0	19.0
652	rna-XM_019475555.1	XM_019475555.1	229	20	25.0	19.0
653	rna-XM_711115.2	XM_711115.2	0	1842	29.0	19.0
654	rna-XM_711115.2	XM_711115.2	62	1780	20.0	19.0
655	rna-XM_711115.2	XM_711115.2	110	1732	43.0	19.0
656	rna-XM_711115.2	XM_711115.2	388	1454	38.0	19.0
657	rna-XM_711115.2	XM_711115.2	588	1254	20.0	19.0
658	rna-XM_711115.2	XM_711115.2	751	1091	58.0	19.0
659	rna-XM_711122.1	XM_711122.1	162	198	24.0	19.0
660	rna-XM_019475568.1	XM_019475568.1	1209	138	49.0	19.0
661	rna-XM_706207.2	XM_706207.2	994	1148	21.0	19.0
662	rna-XM_706199.2	XM_706199.2	437	910	23.0	19.0
663	rna-XM_706199.2	XM_706199.2	457	890	55.0	19.0
664	rna-XM_706199.2	XM_706199.2	546	801	21.0	19.0
665	rna-XM_714238.1	XM_714238.1	893	658	41.0	19.0
666	rna-XM_714238.1	XM_714238.1	981	570	23.0	19.0
667	rna-XM_714238.1	XM_714238.1	1092	459	24.0	19.0
668	rna-XM_714238.1	XM_714238.1	1165	386	20.0	19.0
669	rna-XM_714238.1	XM_714238.1	1166	385	23.0	19.0
670	rna-XM_714238.1	XM_714238.1	1170	381	22.0	19.0
671	rna-XM_714238.1	XM_714238.1	1216	335	23.0	19.0
672	rna-XM_714238.1	XM_714238.1	1218	333	43.0	19.0
673	rna-XM_714238.1	XM_714238.1	1220	331	24.0	19.0
674	rna-XM_714238.1	XM_714238.1	1234	317	20.0	19.0
675	rna-XM_714238.1	XM_714238.1	1236	315	25.0	19.0
676	rna-XM_714238.1	XM_714238.1	1237	314	41.0	19.0
677	rna-XM_714238.1	XM_714238.1	1267	284	59.0	19.0
678	rna-XM_714238.1	XM_714238.1	1337	214	20.0	19.0
679	rna-XM_714241.1	XM_714241.1	1480	2444	31.0	19.0
680	rna-XM_714345.2	XM_714345.2	31	791	87.0	19.0
681	rna-XM_714345.2	XM_714345.2	53	769	200.0	19.0
682	rna-XM_713957.1	XM_713957.1	-27	1230	25.0	19.0
683	rna-XM_713957.1	XM_713957.1	-14	1217	123.0	19.0
684	rna-XM_713957.1	XM_713957.1	-12	1215	27.0	19.0
685	rna-XM_713957.1	XM_713957.1	-8	1211	24.0	19.0
686	rna-XM_713957.1	XM_713957.1	-4	1207	27.0	19.0
687	rna-XM_713954.1	XM_713954.1	-8	611	41.0	19.0
688	rna-XM_713064.2	XM_713064.2	-90	840	27.0	19.0
689	rna-XM_713064.2	XM_713064.2	-89	839	172.0	19.0
690	rna-XM_713064.2	XM_713064.2	-83	833	26.0	19.0
691	rna-XM_713064.2	XM_713064.2	-82	832	131.0	19.0
692	rna-XM_713064.2	XM_713064.2	-81	831	196.0	19.0
693	rna-XM_713064.2	XM_713064.2	-80	830	765.0	19.0
694	rna-XM_713064.2	XM_713064.2	-79	829	20.0	19.0
695	rna-XM_713064.2	XM_713064.2	-78	828	48.0	19.0
696	rna-XM_713064.2	XM_713064.2	-67	817	22.0	19.0
697	rna-XM_713064.2	XM_713064.2	-60	810	26.0	19.0
698	rna-XM_713064.2	XM_713064.2	-59	809	23.0	19.0
699	rna-XM_713064.2	XM_713064.2	-44	794	23.0	19.0
700	rna-XM_713064.2	XM_713064.2	-32	782	32.0	19.0
701	rna-XM_713064.2	XM_713064.2	-24	774	24.0	19.0
702	rna-XM_713064.2	XM_713064.2	-23	773	45.0	19.0
703	rna-XM_713064.2	XM_713064.2	-22	772	93.0	19.0
704	rna-XM_713064.2	XM_713064.2	-21	771	24.0	19.0
705	rna-XM_713064.2	XM_713064.2	-13	763	22.0	19.0
706	rna-XM_713064.2	XM_713064.2	-9	759	75.0	19.0
707	rna-XM_713064.2	XM_713064.2	-8	758	42.0	19.0
708	rna-XM_713064.2	XM_713064.2	-7	757	23.0	19.0
709	rna-XM_713064.2	XM_713064.2	-5	755	25.0	19.0
710	rna-XM_716399.1	XM_716399.1	-24	633	41.0	19.0
711	rna-XM_019475076.1	XM_019475076.1	-16	445	49.0	19.0
712	rna-XM_708542.1	XM_708542.1	-27	1308	35.0	19.0
713	rna-XM_708558.2	XM_708558.2	-53	2603	22.0	19.0
714	rna-XM_708558.2	XM_708558.2	-49	2599	25.0	19.0
715	rna-XM_708558.2	XM_708558.2	-33	2583	21.0	19.0
716	rna-XM_707148.2	XM_707148.2	-38	1076	39.0	19.0
717	rna-XM_707148.2	XM_707148.2	-28	1066	28.0	19.0
718	rna-XM_019475113.1	XM_019475113.1	-39	438	21.0	19.0
719	rna-XM_019475113.1	XM_019475113.1	-25	424	21.0	19.0
720	rna-XM_019475113.1	XM_019475113.1	-21	420	27.0	19.0
721	rna-XM_019475113.1	XM_019475113.1	-13	412	45.0	19.0
722	rna-XM_019475113.1	XM_019475113.1	-10	409	22.0	19.0
723	rna-XM_019475114.1	XM_019475114.1	185	-29	20.0	19.0
724	rna-XM_713748.2	XM_713748.2	-35	473	36.0	19.0
725	rna-XM_713748.2	XM_713748.2	-20	458	30.0	19.0
726	rna-XM_713748.2	XM_713748.2	-18	456	30.0	19.0
727	rna-XM_713748.2	XM_713748.2	-13	451	157.0	19.0
728	rna-XM_713748.2	XM_713748.2	-10	448	70.0	19.0
729	rna-XM_713748.2	XM_713748.2	-7	445	68.0	19.0
730	rna-XM_713748.2	XM_713748.2	-4	442	21.0	19.0
731	rna-XM_713748.2	XM_713748.2	-1	439	26.0	19.0
732	rna-XM_019475120.1	XM_019475120.1	-26	395	20.0	19.0
733	rna-XM_019475120.1	XM_019475120.1	-23	392	23.0	19.0
734	rna-XM_019475120.1	XM_019475120.1	-17	386	24.0	19.0
735	rna-XM_019475120.1	XM_019475120.1	-14	383	47.0	19.0
736	rna-XM_019475120.1	XM_019475120.1	-11	380	30.0	19.0
737	rna-XM_019475130.1	XM_019475130.1	-37	424	75.0	19.0
738	rna-XM_712562.2	XM_712562.2	-17	1394	37.0	19.0
739	rna-XM_019475144.1	XM_019475144.1	-31	352	32.0	19.0
740	rna-XM_019475144.1	XM_019475144.1	-28	349	117.0	19.0
741	rna-XM_019475147.1	XM_019475147.1	-20	434	89.0	19.0
742	rna-XM_019475147.1	XM_019475147.1	428	-14	410.0	19.0
743	rna-XM_708720.1	XM_708720.1	-47	1457	25.0	19.0
744	rna-XM_711255.1	XM_711255.1	-52	475	26.0	19.0
745	rna-XM_019475165.1	XM_019475165.1	463	-52	31.0	19.0
746	rna-XM_019475174.1	XM_019475174.1	-24	420	40.0	19.0
747	rna-XM_709943.1	XM_709943.1	-43	883	31.0	19.0
748	rna-XM_709943.1	XM_709943.1	-39	879	23.0	19.0
749	rna-XM_709943.1	XM_709943.1	-36	876	20.0	19.0
750	rna-XM_709943.1	XM_709943.1	-30	870	20.0	19.0
751	rna-XM_709943.1	XM_709943.1	-27	867	24.0	19.0
752	rna-XM_709943.1	XM_709943.1	-17	857	22.0	19.0
753	rna-XM_709945.1	XM_709945.1	-30	891	34.0	19.0
754	rna-XM_709945.1	XM_709945.1	-21	882	36.0	19.0
755	rna-XM_709945.1	XM_709945.1	-18	879	32.0	19.0
756	rna-XM_709954.1	XM_709954.1	-98	2084	25.0	19.0
757	rna-XM_709954.1	XM_709954.1	-94	2080	35.0	19.0
758	rna-XM_709954.1	XM_709954.1	-83	2069	52.0	19.0
759	rna-XM_709954.1	XM_709954.1	-80	2066	21.0	19.0
760	rna-XM_709967.1	XM_709967.1	-4	1357	22.0	19.0
761	rna-XM_705396.2	XM_705396.2	-6	1677	87.0	19.0
762	rna-XM_705387.2	XM_705387.2	1411	-67	27.0	19.0
763	rna-XM_705387.2	XM_705387.2	1416	-72	36.0	19.0
764	rna-XM_705387.2	XM_705387.2	1427	-83	39.0	19.0
765	rna-XM_705387.2	XM_705387.2	1431	-87	21.0	19.0
766	rna-XM_714443.2	XM_714443.2	-53	3845	24.0	19.0
767	rna-XM_717410.1	XM_717410.1	-33	2904	23.0	19.0
768	rna-XM_717410.1	XM_717410.1	-23	2894	23.0	19.0
769	rna-XM_717410.1	XM_717410.1	-19	2890	33.0	19.0
770	rna-XM_717410.1	XM_717410.1	-16	2887	55.0	19.0
771	rna-XM_717427.1	XM_717427.1	-11	371	27.0	19.0
772	rna-XM_717427.1	XM_717427.1	-8	368	29.0	19.0
773	rna-XM_717427.1	XM_717427.1	-7	367	65.0	19.0
774	rna-XM_717427.1	XM_717427.1	-6	366	71.0	19.0
775	rna-XM_717427.1	XM_717427.1	-5	365	55.0	19.0
776	rna-XM_710276.1	XM_710276.1	-30	2184	22.0	19.0
777	rna-XM_715893.2	XM_715893.2	-19	1156	20.0	19.0
778	rna-XM_019475216.1	XM_019475216.1	-24	507	68.0	19.0
779	rna-XM_019475216.1	XM_019475216.1	-19	502	175.0	19.0
780	rna-XM_019475217.1	XM_019475217.1	-26	596	21.0	19.0
781	rna-XM_019475217.1	XM_019475217.1	-23	593	123.0	19.0
782	rna-XM_019475217.1	XM_019475217.1	-19	589	28.0	19.0
783	rna-XM_019475220.1	XM_019475220.1	-35	335	28.0	19.0
784	rna-XM_019475220.1	XM_019475220.1	-31	331	57.0	19.0
785	rna-XM_019475220.1	XM_019475220.1	-13	313	22.0	19.0
786	rna-XM_019475220.1	XM_019475220.1	-9	309	28.0	19.0
787	rna-XM_019475220.1	XM_019475220.1	-2	302	30.0	19.0
788	rna-XM_019475220.1	XM_019475220.1	-1	301	23.0	19.0
789	rna-XM_707825.2	XM_707825.2	-45	1329	30.0	19.0
790	rna-XM_707825.2	XM_707825.2	-37	1321	28.0	19.0
791	rna-XM_707825.2	XM_707825.2	-32	1316	24.0	19.0
792	rna-XM_707823.1	XM_707823.1	-42	600	24.0	19.0
793	rna-XM_019475231.1	XM_019475231.1	-31	370	215.0	19.0
794	rna-XM_709849.2	XM_709849.2	-97	1255	36.0	19.0
795	rna-XM_710931.1	XM_710931.1	-35	1865	22.0	19.0
796	rna-XM_019475256.1	XM_019475256.1	-25	382	34.0	19.0
797	rna-XM_019475256.1	XM_019475256.1	-22	379	206.0	19.0
798	rna-XM_705056.2	XM_705056.2	-23	1400	79.0	19.0
799	rna-XM_705056.2	XM_705056.2	-19	1396	41.0	19.0
800	rna-XM_705056.2	XM_705056.2	-16	1393	20.0	19.0
801	rna-XM_709379.2	XM_709379.2	-62	1349	28.0	19.0
802	rna-XM_709379.2	XM_709379.2	-57	1344	22.0	19.0
803	rna-XM_707492.2	XM_707492.2	-56	638	48.0	19.0
804	rna-XM_707492.2	XM_707492.2	-47	629	27.0	19.0
805	rna-XM_707492.2	XM_707492.2	-44	626	26.0	19.0
806	rna-XM_707492.2	XM_707492.2	-28	610	59.0	19.0
807	rna-XM_704910.1	XM_704910.1	-60	828	25.0	19.0
808	rna-XM_705590.2	XM_705590.2	-27	1197	32.0	19.0
809	rna-XM_712045.1	XM_712045.1	-23	3593	33.0	19.0
810	rna-XM_712051.1	XM_712051.1	-23	812	56.0	19.0
811	rna-XM_712051.1	XM_712051.1	-20	809	20.0	19.0
812	rna-XM_712077.1	XM_712077.1	-5	1619	41.0	19.0
813	rna-XM_712744.1	XM_712744.1	-16	424	65.0	19.0
814	rna-XM_712744.1	XM_712744.1	-14	422	50.0	19.0
815	rna-XM_712744.1	XM_712744.1	-9	417	66.0	19.0
816	rna-XM_712744.1	XM_712744.1	-5	413	21.0	19.0
817	rna-XM_712709.1	XM_712709.1	-33	693	21.0	19.0
818	rna-XM_712709.1	XM_712709.1	-29	689	264.0	19.0
819	rna-XM_712709.1	XM_712709.1	-19	679	22.0	19.0
820	rna-XM_712708.1	XM_712708.1	2117	-89	21.0	19.0
821	rna-XM_712708.1	XM_712708.1	2121	-93	264.0	19.0
822	rna-XM_712699.1	XM_712699.1	-28	1135	20.0	19.0
823	rna-XM_712666.2	XM_712666.2	-7	2695	31.0	19.0
824	rna-XM_716679.2	XM_716679.2	-46	607	91.0	19.0
825	rna-XM_716679.2	XM_716679.2	-42	603	156.0	19.0
826	rna-XM_716679.2	XM_716679.2	-38	599	124.0	19.0
827	rna-XM_716679.2	XM_716679.2	-28	589	24.0	19.0
828	rna-XM_716676.2	XM_716676.2	-45	1107	24.0	19.0
829	rna-XM_716630.2	XM_716630.2	-23	2549	22.0	19.0
830	rna-XM_716619.1	XM_716619.1	-26	524	42.0	19.0
831	rna-XM_716608.2	XM_716608.2	-62	3842	25.0	19.0
832	rna-XM_714842.1	XM_714842.1	-31	607	58.0	19.0
833	rna-XM_019475311.1	XM_019475311.1	-66	474	21.0	19.0
834	rna-XM_718032.1	XM_718032.1	-33	3234	22.0	19.0
835	rna-XM_019475322.1	XM_019475322.1	-22	451	31.0	19.0
836	rna-XM_019475322.1	XM_019475322.1	-17	446	29.0	19.0
837	rna-XM_019475322.1	XM_019475322.1	-10	439	76.0	19.0
838	rna-XM_718047.1	XM_718047.1	-75	411	21.0	19.0
839	rna-XM_718047.1	XM_718047.1	-68	404	114.0	19.0
840	rna-XM_019475323.1	XM_019475323.1	-49	853	20.0	19.0
841	rna-XM_019475323.1	XM_019475323.1	-43	847	24.0	19.0
842	rna-XM_019475325.1	XM_019475325.1	-35	398	24.0	19.0
843	rna-XM_019475325.1	XM_019475325.1	-32	395	30.0	19.0
844	rna-XM_019475325.1	XM_019475325.1	-24	387	26.0	19.0
845	rna-XM_019475325.1	XM_019475325.1	-23	386	54.0	19.0
846	rna-XM_019475325.1	XM_019475325.1	-21	384	25.0	19.0
847	rna-XM_019475325.1	XM_019475325.1	-20	383	55.0	19.0
848	rna-XM_019475325.1	XM_019475325.1	-9	372	46.0	19.0
849	rna-XM_019475326.1	XM_019475326.1	-22	583	32.0	19.0
850	rna-XM_019475328.1	XM_019475328.1	-26	464	377.0	19.0
851	rna-XM_019475328.1	XM_019475328.1	-22	460	24.0	19.0
852	rna-XM_019475328.1	XM_019475328.1	-16	454	40.0	19.0
853	rna-XM_710995.1	XM_710995.1	-43	829	22.0	19.0
854	rna-XM_710995.1	XM_710995.1	-34	820	68.0	19.0
855	rna-XM_714719.1	XM_714719.1	2075	-98	43.0	19.0
856	rna-XM_714717.1	XM_714717.1	-21	1359	43.0	19.0
857	rna-XM_714717.1	XM_714717.1	-18	1356	45.0	19.0
858	rna-XM_708245.2	XM_708245.2	-66	3030	22.0	19.0
859	rna-XM_019475360.1	XM_019475360.1	-26	737	28.0	19.0
860	rna-XM_019475360.1	XM_019475360.1	-22	733	68.0	19.0
861	rna-XM_717611.1	XM_717611.1	601	-82	27.0	19.0
862	rna-XM_715424.2	XM_715424.2	-80	422	29.0	19.0
863	rna-XM_715424.2	XM_715424.2	-51	393	264.0	19.0
864	rna-XM_715424.2	XM_715424.2	-45	387	76.0	19.0
865	rna-XM_715422.1	XM_715422.1	-65	707	20.0	19.0
866	rna-XM_715422.1	XM_715422.1	-25	667	21.0	19.0
867	rna-XM_715374.2	XM_715374.2	-31	1726	34.0	19.0
868	rna-XM_715367.2	XM_715367.2	-42	1326	87.0	19.0
869	rna-XM_715367.2	XM_715367.2	-21	1305	20.0	19.0
870	rna-XM_019475375.1	XM_019475375.1	-50	302	33.0	19.0
871	rna-XM_712010.2	XM_712010.2	-45	639	29.0	19.0
872	rna-XM_019475384.1	XM_019475384.1	-35	356	22.0	19.0
873	rna-XM_711465.2	XM_711465.2	-30	1017	34.0	19.0
874	rna-XM_711465.2	XM_711465.2	-8	995	20.0	19.0
875	rna-XM_710478.2	XM_710478.2	-35	1616	22.0	19.0
876	rna-XM_710293.2	XM_710293.2	-4	403	32.0	19.0
877	rna-XM_711707.1	XM_711707.1	-58	592	72.0	19.0
878	rna-XM_710642.2	XM_710642.2	-73	1120	23.0	19.0
879	rna-XM_019475412.1	XM_019475412.1	-33	501	22.0	19.0
880	rna-XM_019475412.1	XM_019475412.1	-25	493	115.0	19.0
881	rna-XM_019475412.1	XM_019475412.1	-24	492	95.0	19.0
882	rna-XM_019475412.1	XM_019475412.1	-20	488	147.0	19.0
883	rna-XM_019475412.1	XM_019475412.1	-18	486	161.0	19.0
884	rna-XM_019475412.1	XM_019475412.1	-6	474	74.0	19.0
885	rna-XM_706264.2	XM_706264.2	-19	3172	28.0	19.0
886	rna-XM_715548.1	XM_715548.1	-28	706	23.0	19.0
887	rna-XM_715548.1	XM_715548.1	689	-11	23.0	19.0
888	rna-XM_019475428.1	XM_019475428.1	-58	313	27.0	19.0
889	rna-XM_019475440.1	XM_019475440.1	-35	293	23.0	19.0
890	rna-XM_019475443.1	XM_019475443.1	-31	487	68.0	19.0
891	rna-XM_019475443.1	XM_019475443.1	-28	484	30.0	19.0
892	rna-XM_711644.1	XM_711644.1	-54	1089	33.0	19.0
893	rna-XM_019475461.1	XM_019475461.1	-21	450	33.0	19.0
894	rna-XM_714036.2	XM_714036.2	-40	880	40.0	19.0
895	rna-XM_714036.2	XM_714036.2	-36	876	21.0	19.0
896	rna-XM_715321.2	XM_715321.2	-24	819	32.0	19.0
897	rna-XM_715321.2	XM_715321.2	-8	803	37.0	19.0
898	rna-XM_715313.1	XM_715313.1	-7	961	45.0	19.0
899	rna-XM_715312.1	XM_715312.1	1947	-99	45.0	19.0
900	rna-XM_019475476.1	XM_019475476.1	-51	255	40.0	19.0
901	rna-XM_019475476.1	XM_019475476.1	-32	236	25.0	19.0
902	rna-XM_019475476.1	XM_019475476.1	-29	233	99.0	19.0
903	rna-XM_019475476.1	XM_019475476.1	-22	226	29.0	19.0
904	rna-XM_019475476.1	XM_019475476.1	-21	225	40.0	19.0
905	rna-XM_019475479.1	XM_019475479.1	-25	463	21.0	19.0
906	rna-XM_019475479.1	XM_019475479.1	-17	455	47.0	19.0
907	rna-XM_716286.1	XM_716286.1	-31	928	23.0	19.0
908	rna-XM_710117.1	XM_710117.1	-48	894	29.0	19.0
909	rna-XM_710117.1	XM_710117.1	-44	890	83.0	19.0
910	rna-XM_710117.1	XM_710117.1	-40	886	20.0	19.0
911	rna-XM_710095.1	XM_710095.1	461	-62	28.0	19.0
912	rna-XM_710095.1	XM_710095.1	464	-65	33.0	19.0
913	rna-XM_710095.1	XM_710095.1	467	-68	49.0	19.0
914	rna-XM_710095.1	XM_710095.1	471	-72	32.0	19.0
915	rna-XM_710095.1	XM_710095.1	473	-74	22.0	19.0
916	rna-XM_710095.1	XM_710095.1	476	-77	66.0	19.0
917	rna-XM_710095.1	XM_710095.1	484	-85	20.0	19.0
918	rna-XM_712865.1	XM_712865.1	-27	531	74.0	19.0
919	rna-XM_019475512.1	XM_019475512.1	-30	318	43.0	19.0
920	rna-XM_019475515.1	XM_019475515.1	-50	731	35.0	19.0
921	rna-XM_710681.1	XM_710681.1	615	-18	74.0	19.0
922	rna-XM_019475522.1	XM_019475522.1	-27	477	44.0	19.0
923	rna-XM_019475522.1	XM_019475522.1	-24	474	49.0	19.0
924	rna-XM_019475522.1	XM_019475522.1	-22	472	35.0	19.0
925	rna-XM_019475530.1	XM_019475530.1	-25	217	36.0	19.0
926	rna-XM_712263.2	XM_712263.2	-55	670	40.0	19.0
927	rna-XM_712263.2	XM_712263.2	-26	641	87.0	19.0
928	rna-XM_712263.2	XM_712263.2	-22	637	39.0	19.0
929	rna-XM_712263.2	XM_712263.2	-7	622	34.0	19.0
930	rna-XM_019475540.1	XM_019475540.1	-49	316	38.0	19.0
931	rna-XM_705713.1	XM_705713.1	-23	2168	20.0	19.0
932	rna-XM_707565.1	XM_707565.1	-34	1279	20.0	19.0
933	rna-XM_707260.2	XM_707260.2	-33	537	20.0	19.0
934	rna-XM_019475555.1	XM_019475555.1	-26	275	68.0	19.0
935	rna-XM_019475555.1	XM_019475555.1	-17	266	125.0	19.0
936	rna-XM_711115.2	XM_711115.2	-45	1887	20.0	19.0
937	rna-XM_711115.2	XM_711115.2	-39	1881	27.0	19.0
938	rna-XM_711115.2	XM_711115.2	-33	1875	57.0	19.0
939	rna-XM_711115.2	XM_711115.2	-29	1871	99.0	19.0
940	rna-XM_711115.2	XM_711115.2	-26	1868	35.0	19.0
941	rna-XM_711115.2	XM_711115.2	-9	1851	28.0	19.0
942	rna-XM_711122.1	XM_711122.1	-28	388	274.0	19.0
943	rna-XM_711122.1	XM_711122.1	369	-9	22.0	19.0
944	rna-XM_019475562.1	XM_019475562.1	-65	551	31.0	19.0
945	rna-XM_019475575.1	XM_019475575.1	-58	253	27.0	19.0
946	rna-XM_714221.1	XM_714221.1	-40	2659	21.0	19.0
