	-24	-23	-22	-21	-20	-19	-18	-17	-16	-15	-14	-13	-12	-11	-10	-9	-8	-7	-6	-5	-4	-3	-2	-1	0	1	2	3	4	5	6	7	8
MET-GLN-ASP (MQD)	3	4	2	2	16	0	3	5	3	4	2	5	0	20	4	0	2	3	3	3	4	1	2	2	3	2	4	0	4	3	4	2	3
CYS-PRO-GLY (CPG)	6	7	4	4	3	2	9	9	3	5	1	6	15	26	6	7	6	3	3	1	1	2	8	10	5	4	4	16	11	11	4	2	3
ILE-ILE-TRP (IIW)	5	2	1	3	2	1	2	5	1	1	4	3	5	14	1	3	4	2	5	7	5	2	3	6	6	3	4	5	2	6	6	0	1
THR-ASN-ARG (TNR)	23	17	14	13	17	12	15	13	12	11	14	9	59	72	19	21	22	11	24	20	11	16	22	16	23	12	14	20	16	12	17	23	15
CYS-PHE-GLY (CFG)	6	5	7	5	5	2	5	7	6	4	10	1	2	26	8	7	7	4	6	7	12	11	10	6	12	8	8	8	5	5	10	5	3
TRP-ASP-PRO (WDP)	6	3	1	1	4	4	6	1	3	3	1	3	4	14	1	3	0	2	7	5	2	4	10	4	2	2	0	14	7	3	4	2	2
THR-TRP-LEU (TWL)	5	8	7	7	5	4	5	6	5	10	9	6	7	23	7	10	3	4	6	7	7	8	11	1	3	7	7	5	1	8	8	6	5
GLN-MET-GLU (QME)	9	8	8	7	7	12	2	3	8	8	11	5	8	26	6	11	12	5	4	8	8	4	8	6	6	7	8	13	8	3	8	10	2
CYS-GLN-LEU (CQL)	4	4	5	3	3	6	3	5	5	4	1	4	3	16	3	3	6	2	9	5	8	4	8	10	3	4	2	1	4	3	5	9	5
VAL-PRO-MET (VPM)	9	9	1	6	14	10	3	7	4	7	14	11	7	29	8	10	12	14	8	7	11	21	8	6	16	4	9	6	8	4	8	6	5
GLU-ALA-CYS (EAC)	4	3	5	6	7	3	8	6	1	7	8	3	3	14	3	2	2	4	5	4	4	0	2	2	1	6	9	6	5	4	4	5	2
TRP-LEU-GLY (WLG)	5	3	7	12	10	9	8	5	3	8	10	3	6	19	7	9	5	3	5	5	4	5	3	10	7	1	2	6	13	2	2	1	3
GLN-HIS-MET (QHM)	8	21	5	10	6	10	16	6	7	10	14	4	7	22	2	6	5	5	2	5	6	6	4	3	5	5	4	6	8	5	6	2	4
CYS-VAL-PRO (CVP)	2	10	5	4	12	13	5	8	4	3	6	4	4	20	8	3	10	3	4	8	9	5	7	3	21	5	3	9	7	5	3	4	4
ILE-PRO-GLY (IPG)	23	36	29	45	19	26	45	31	37	35	42	25	109	121	37	54	39	25	39	43	42	44	29	26	49	63	35	29	55	20	36	27	33
TRP-PRO-ILE (WPI)	4	2	4	0	1	3	2	2	3	5	4	3	2	10	10	5	5	3	3	7	1	4	2	7	3	4	1	2	2	3	2	4	2
TYR-CYS-ASP (YCD)	6	10	5	5	6	11	6	6	4	11	6	12	6	19	3	8	7	3	5	6	6	11	2	6	8	10	4	10	3	3	7	4	4
CYS-GLY-ILE (CGI)	21	9	6	9	13	7	12	10	8	7	17	13	7	28	10	7	13	7	7	13	5	8	7	5	9	13	5	7	8	5	14	11	11
ILE-TYR-CYS (IYC)	3	2	1	2	0	3	6	1	3	4	2	2	3	9	7	5	6	1	3	5	4	1	4	2	4	2	3	3	5	5	1	5	0
ILE-GLY-CYS (IGC)	9	7	5	7	10	5	15	13	19	14	10	9	14	27	12	12	14	10	7	6	6	3	7	2	5	20	9	9	14	3	4	13	2
PRO-PRO-GLY (PPG)	23	34	32	13	29	26	21	24	26	42	35	20	119	88	26	26	31	27	39	34	27	48	29	26	27	23	19	31	36	20	16	17	19
HIS-ASP-GLY (HDG)	11	4	12	13	12	10	20	9	14	12	7	10	16	34	9	14	12	11	9	12	10	15	8	11	6	13	16	12	14	23	6	13	9
MET-HIS-GLN (MHQ)	3	3	1	5	3	5	2	1	5	4	2	3	4	10	10	4	5	2	4	2	1	2	6	4	2	2	4	2	5	1	6	5	3
ARG-HIS-SER (RHS)	11	8	6	13	10	7	22	18	5	15	9	17	14	32	8	10	10	8	14	14	13	16	10	14	10	8	12	11	10	3	11	15	10
TRP-VAL-GLY (WVG)	4	3	2	4	5	6	4	5	4	4	3	3	3	9	4	4	4	2	3	3	4	1	1	5	2	2	0	3	4	2	3	3	2
SER-GLU-CYS (SEC)	3	3	2	6	5	2	2	3	2	7	6	3	5	9	4	2	2	1	2	3	3	3	3	3	3	8	1	2	2	3	2	5	2
VAL-TYR-ARG (VYR)	8	8	12	11	11	7	18	7	6	11	9	6	7	30	10	19	21	10	12	5	10	14	10	12	13	12	12	6	14	4	17	18	11
ALA-TRP-TYR (AWY)	1	5	4	4	2	8	3	5	2	4	1	6	1	10	1	5	3	2	2	27	2	3	3	2	4	3	1	4	2	2	3	1	2
ARG-CYS-ASP (RCD)	2	3	2	2	0	2	2	5	2	4	6	1	8	8	4	1	5	1	0	2	4	2	5	3	0	2	7	4	3	2	4	3	4
LEU-HIS-PHE (LHF)	11	7	7	12	11	11	10	8	12	11	6	11	24	25	16	4	10	14	5	9	9	8	1	5	9	5	9	11	10	9	11	8	7
GLN-MET-HIS (QMH)	8	2	6	7	1	3	6	5	5	6	11	6	11	17	5	11	7	7	9	4	6	9	7	4	4	8	3	6	6	5	7	16	6
ASP-PRO-PRO (DPP)	14	8	12	13	14	16	10	12	6	17	12	8	23	37	9	20	19	14	20	15	7	12	17	27	22	12	24	14	12	6	17	7	12
ASP-VAL-TRP (DVW)	5	7	9	7	9	11	1	12	4	8	5	3	5	17	2	13	8	5	6	6	7	7	1	7	7	6	11	6	3	9	7	5	6
ARG-TYR-MET (RYM)	3	8	3	24	3	2	7	6	5	7	3	3	3	12	3	3	2	6	6	0	3	4	3	1	6	5	3	4	3	0	11	2	5
TRP-SER-VAL (WSV)	7	6	5	9	3	7	11	9	9	5	13	10	8	20	6	7	9	6	15	6	6	8	4	6	10	15	5	9	9	8	9	3	3
CYS-VAL-ILE (CVI)	2	3	6	2	6	2	7	4	2	0	5	3	4	10	1	5	1	4	4	5	9	7	1	8	4	3	3	4	6	2	7	2	2
HIS-SER-TYR (HSY)	1	7	3	10	7	23	9	9	6	23	12	13	9	22	25	7	5	6	3	9	7	5	5	6	5	20	3	6	11	4	9	6	3
ARG-TRP-GLN (RWQ)	5	1	5	2	4	2	7	2	2	1	4	4	5	8	1	5	5	1	2	6	1	2	4	2	1	1	6	4	5	0	2	5	4
SER-CYS-ASN (SCN)	1	4	4	3	8	4	3	5	1	4	6	2	8	10	2	9	5	2	2	5	7	1	7	3	4	0	4	3	5	2	6	5	3
ALA-VAL-CYS (AVC)	6	2	6	3	5	8	6	3	3	5	8	15	5	12	4	8	7	5	5	5	4	1	5	7	3	8	2	3	2	3	1	3	5
TYR-GLN-HIS (YQH)	5	6	4	6	7	5	5	12	1	1	3	4	6	10	2	2	1	2	1	4	1	2	10	4	4	2	2	5	7	7	4	5	1
ASP-LYS-TRP (DKW)	5	4	5	5	2	2	8	6	4	10	11	6	5	14	10	6	8	7	11	5	2	3	7	0	9	6	7	2	7	4	7	5	6
HIS-ALA-ALA (HAA)	7	12	19	15	34	12	7	11	20	10	16	18	21	36	19	10	15	21	14	15	16	21	16	13	11	22	20	21	15	4	11	6	5
MET-LYS-ILE (MKI)	10	15	11	13	11	26	12	12	13	14	12	12	9	34	9	15	12	17	15	24	11	11	15	18	14	13	12	10	34	12	16	13	12
GLN-ASN-ARG (QNR)	38	37	17	17	34	19	24	17	19	27	15	15	35	63	28	22	37	19	31	32	30	31	16	19	21	42	17	26	35	38	44	27	14
TYR-PRO-VAL (YPV)	14	13	8	12	14	24	25	13	10	16	8	15	13	34	13	17	14	11	12	10	13	11	14	16	20	11	12	19	27	13	20	12	8
ARG-ASN-MET (RNM)	16	15	15	16	14	16	21	10	14	25	8	8	11	33	11	16	12	15	12	15	15	12	31	10	15	8	10	21	10	10	23	6	10
ARG-MET-LYS (RMK)	15	16	8	6	14	10	10	17	12	22	15	4	22	28	14	9	13	13	13	16	10	11	3	9	7	14	4	15	11	8	7	28	10
ILE-TRP-CYS (IWC)	5	1	6	0	2	4	3	2	2	6	4	1	4	7	1	5	7	2	4	5	4	4	1	3	4	0	6	4	0	0	3	3	1
PRO-ARG-MET (PRM)	3	2	2	2	6	1	3	4	0	4	3	4	5	7	3	3	3	2	3	2	2	4	6	0	2	4	4	2	4	3	5	3	3
