	-27	-26	-25	-24	-23	-22	-21	-20	-19	-18	-17	-16	-15	-14	-13	-12	-11	-10	-9	-8	-7	-6	-5	-4	-3	-2	-1	0	1	2	3	4	5
ARG-ALA_CGAGCG	1	7	3	11	6	2	5	6	8	29	22	15	137	177	19	8	7	4	4	5	8	6	4	6	5	8	12	16	3	6	4	5	2
ARG-ARG_CGACGA	23	14	8	30	17	7	37	48	10	208	144	25	412	514	40	32	42	7	28	41	9	10	18	5	13	17	6	7	11	9	7	28	8
PRO-ALA_CCCGCG	2	10	1	1	3	2	5	4	3	3	1	4	27	33	9	0	1	3	2	3	4	1	1	1	1	2	2	6	2	2	0	0	2
ARG-PRO_CGACCG	7	4	4	15	16	6	12	5	5	72	56	6	107	136	9	4	4	11	6	3	3	11	12	5	8	4	4	10	9	20	5	9	6
LEU-ALA_CTAGCG	27	22	14	19	21	15	34	25	24	99	108	38	285	307	26	35	31	10	10	19	11	21	10	14	24	10	16	16	21	4	22	7	6
ARG-PRO_AGGCCG	6	3	1	7	2	5	7	3	3	3	9	4	19	42	6	8	2	5	6	5	4	8	5	5	3	4	4	9	1	2	4	1	4
CYS-ALA_TGCGCG	3	0	3	10	8	2	7	3	1	1	7	2	18	24	2	1	0	0	1	2	1	6	5	1	0	2	1	2	0	0	2	0	3
SER-ALA_AGCGCG	7	16	3	7	4	1	3	2	1	6	5	5	69	75	3	4	8	3	6	9	2	13	6	6	15	4	0	7	28	3	27	16	6
LEU-ARG_CTCCGA	5	4	4	7	4	1	8	10	4	15	9	1	39	55	3	10	16	2	4	4	4	4	6	5	6	5	6	9	12	1	3	3	4
GLY-ALA_GGAGCG	20	8	10	20	10	15	32	20	23	23	11	26	192	174	35	28	15	14	25	15	9	23	10	6	17	16	10	11	8	8	22	13	2
PRO-ALA_CCGGCG	33	20	7	10	18	12	17	9	16	47	19	32	103	160	23	33	24	10	12	8	12	12	14	21	22	10	18	17	31	9	17	7	10
TRP-ARG_TGGCGG	5	5	3	7	7	1	2	8	1	16	13	8	18	44	2	6	3	4	6	5	4	6	9	4	5	10	7	8	5	4	2	4	1
TRP-ALA_TGGGCG	18	21	11	18	28	17	30	29	13	25	28	15	181	164	13	30	11	20	15	14	10	35	19	11	30	19	14	27	5	9	24	11	9
LEU-ARG_CTACGA	32	26	13	42	27	18	58	30	21	158	127	27	382	312	16	57	48	10	20	11	12	21	27	19	27	27	25	19	69	26	23	22	18
ALA-ALA_GCCGCG	22	14	4	23	15	3	35	12	2	4	6	6	68	78	8	12	3	6	15	9	2	8	4	6	14	10	3	20	6	3	9	8	6
ALA-ALA_GCAGCG	57	54	27	41	23	21	51	50	22	78	52	35	299	315	64	78	35	27	58	32	22	41	22	21	51	36	11	49	25	12	36	33	18
ARG-LEU_CGACTA	16	16	6	12	7	8	17	11	10	92	67	7	205	158	16	39	21	8	15	12	11	14	19	9	10	14	14	7	12	6	11	17	28
ALA-ALA_GCGGCG	6	8	5	13	8	4	15	13	4	80	49	30	116	95	15	16	7	5	17	9	9	11	7	6	5	8	2	13	14	4	5	5	4
GLY-ALA_GGCGCG	9	8	8	10	10	13	14	6	7	11	20	14	55	52	9	2	2	4	5	2	3	4	6	4	11	12	6	1	10	4	5	2	4
GLN-ARG_CAGCGA	56	49	23	48	53	24	46	40	29	36	41	31	241	226	28	36	45	17	27	23	13	31	28	15	35	20	32	24	45	19	22	27	19
ALA-LEU_GCGCTC	3	8	2	7	4	4	5	4	3	10	12	4	10	29	2	4	2	0	5	3	0	6	2	5	5	6	0	3	2	3	6	26	2
SER-ARG_AGCCGC	2	6	4	11	2	7	3	3	2	7	4	9	44	38	8	6	4	2	10	8	2	6	9	3	5	5	3	5	8	2	8	12	1
ILE-ALA_ATAGCG	70	72	32	114	68	42	78	51	26	175	163	86	471	424	55	62	34	32	83	41	20	78	38	38	66	31	32	106	69	22	71	44	27
HIS-ALA_CACGCG	6	2	2	11	4	2	4	5	5	12	3	1	20	30	9	11	4	4	10	6	3	3	3	3	4	5	6	12	8	2	7	2	0
THR-ALA_ACGGCG	22	25	12	17	12	8	14	19	9	21	18	41	163	122	29	21	28	16	25	20	14	31	13	16	17	11	13	42	17	5	27	11	11
VAL-ARG_GTGCGA	26	12	13	18	31	6	27	9	13	21	12	19	145	102	14	30	45	13	31	18	8	19	15	10	12	16	5	11	9	9	8	17	6
MET-ALA_ATGGCG	61	45	36	81	52	37	48	54	31	47	55	46	354	281	63	64	34	18	52	39	38	49	40	46	40	31	24	96	52	28	55	40	36
GLY-LEU_GGCCTA	12	7	2	4	3	2	11	5	3	6	13	3	30	40	7	15	10	4	16	9	3	8	6	9	8	7	8	3	5	4	9	18	6
VAL-ALA_GTGGCG	94	65	35	103	87	48	109	99	81	155	98	102	659	505	113	120	75	57	121	68	49	117	59	53	116	60	60	115	61	23	118	67	62
SER-ALA_TCAGCG	53	38	37	67	51	24	44	33	22	42	40	34	332	248	48	42	21	30	42	38	35	51	58	16	66	47	37	91	64	18	40	29	21
LEU-ALA_TTGGCG	168	146	85	156	156	120	171	167	106	288	203	116	821	732	151	145	111	91	136	69	82	153	131	77	153	79	84	171	137	47	124	70	66
VAL-ALA_GTCGCG	5	3	2	4	5	2	4	3	1	2	2	4	21	21	5	8	6	1	4	5	2	8	15	1	4	4	3	3	3	3	3	2	1
ILE-ARG_ATACGC	8	2	9	19	13	4	7	9	14	19	10	9	42	49	8	11	4	9	7	16	8	5	4	1	13	9	6	18	9	9	6	11	6
THR-ALA_ACCGCG	25	26	36	49	31	6	21	21	10	16	12	10	108	111	14	15	13	14	12	10	8	33	15	10	12	17	18	45	27	21	37	26	19
VAL-ALA_GTAGCG	11	11	8	16	9	7	7	19	10	11	9	5	112	73	23	23	15	11	30	9	9	25	12	12	19	5	6	13	9	5	13	8	3
LEU-LEU_CTTCTA	51	36	16	77	40	13	46	34	14	48	33	19	169	169	13	52	38	10	32	22	15	20	21	22	30	28	20	28	48	17	35	53	23
SER-ARG_AGCCGA	14	13	6	10	12	4	9	11	8	14	8	5	71	68	8	16	5	5	14	27	11	21	6	6	11	8	7	34	44	8	8	29	3
LEU-ARG_CTTCGA	114	99	56	138	96	68	101	77	51	188	130	53	665	536	53	139	135	38	66	90	53	69	80	54	167	133	85	118	252	39	58	97	42
THR-LEU_ACCCTA	16	24	13	36	25	14	16	8	16	17	19	17	75	97	14	31	13	9	27	21	10	15	12	8	28	25	18	42	4	20	19	27	15
GLY-ALA_GGGGCG	16	25	24	35	26	27	35	30	15	20	37	58	213	173	45	27	31	36	51	39	31	23	16	18	47	40	66	40	27	13	23	23	15
LEU-ALA_CTGGCG	13	15	3	15	11	7	10	7	10	29	29	6	116	69	15	13	7	5	13	4	5	22	5	16	12	3	18	29	14	6	5	11	3
THR-ARG_ACGCGA	6	5	5	12	6	6	9	6	7	8	12	16	48	39	11	20	2	5	12	11	5	8	7	5	7	3	3	10	4	6	2	6	0
PHE-ARG_TTTCGA	60	58	36	86	72	27	59	55	31	54	42	40	381	315	45	118	138	22	51	67	35	49	60	35	62	78	37	90	115	44	60	75	38
ARG-ARG_AGGCGA	29	19	12	16	26	20	12	12	11	77	47	13	112	100	12	27	19	5	30	27	9	13	16	12	16	17	7	18	5	15	21	20	12
LEU-ARG_TTACGA	330	275	121	286	297	145	276	228	148	335	296	174	1500	1247	153	411	303	124	247	206	120	199	230	145	291	375	141	255	488	171	169	296	133
ARG-ALA_AGAGCG	68	55	35	68	47	21	59	44	16	64	39	42	321	208	31	56	43	22	26	30	27	56	54	19	37	22	16	22	17	16	76	22	12
HIS-ARG_CATCGA	155	124	73	127	102	61	142	109	73	118	88	72	669	558	63	126	110	54	123	120	56	109	104	78	131	101	113	120	224	60	104	202	75
THR-ALA_ACAGCG	41	30	16	32	35	23	52	62	24	32	47	32	307	206	43	41	24	15	39	30	34	74	33	27	75	23	14	110	41	18	58	22	18
GLY-LEU_GGACTA	61	62	29	69	43	49	76	70	47	74	94	50	294	277	37	92	68	36	70	38	32	51	40	51	57	70	53	33	51	51	59	45	37
ASN-LEU_AATCTA	265	172	122	284	183	118	288	170	108	183	160	104	1128	865	118	241	226	73	193	186	106	156	132	93	167	133	63	226	164	121	238	346	115
