	-27	-26	-25	-24	-23	-22	-21	-20	-19	-18	-17	-16	-15	-14	-13	-12	-11	-10	-9	-8	-7	-6	-5	-4	-3	-2	-1	0	1	2	3	4	5
LEU-LYS (LK)	14295	11873	7413	13824	11727	7435	13458	11007	7877	21245	15499	7729	24112	20727	6791	11554	9692	7891	13268	9772	6920	13346	12123	7298	13629	11937	7144	11146	10849	5756	13143	11921	7276
ASN-ARG (NR)	3924	3152	2151	3902	3297	2139	4175	3632	2145	3988	3286	2017	7294	5801	2627	3494	2919	2176	4848	4445	2025	3598	3287	1991	4110	2886	1894	4006	4130	2105	3563	3391	2403
ASN-LEU (NL)	8575	7371	4787	8839	7282	4494	8991	7209	4402	7886	6780	4260	15042	11588	4805	8397	6993	4036	7255	6074	4366	7448	5916	4209	8361	6036	3975	8879	8046	4831	9749	9520	4719
HIS-LYS (HK)	2609	2182	1356	2509	2295	1362	2790	2452	1315	2226	1830	1251	4165	3649	1367	2085	2103	1545	2963	2625	1358	2493	2420	1595	3070	2265	1752	2354	2895	1187	2568	2444	1799
HIS-ARG (HR)	1991	1587	1071	1731	1536	1029	2018	1654	973	1649	1311	1050	3408	2698	1077	1750	1521	1028	2014	1895	980	1765	1907	1233	2228	1672	1410	1646	2886	1012	1643	1686	1139
LEU-ARG (LR)	8254	7054	4561	8396	7293	4935	8342	6941	5016	11357	8960	5188	15462	11358	4897	8255	6701	5016	7953	6459	4504	7198	7567	4916	7858	8336	5183	7231	9758	4333	6894	6750	4678
TYR-ARG (YR)	2638	2192	1332	2513	2117	1425	2752	2208	1379	2609	2167	1458	4510	3464	1697	2865	2661	1505	2673	2324	1320	2184	2548	1459	2579	2244	1644	2641	3536	1531	2392	2301	1544
LYS-ARG (KR)	8252	7200	4889	8920	7220	4829	9172	7437	4689	10187	8783	4790	13685	11537	5641	11810	9594	4896	11818	11295	4657	7975	7664	4526	7768	6962	3955	7415	8573	4881	7022	6880	4518
TERM-LEU (*L)	20	12	7	8	4	15	3	7	9	10	4	2	7	12	13	6	6	5	13	6	10	10	5	10	5	5	5	5	7	8	4	6	11
LEU-LEU (LL)	13467	11323	7126	13936	11403	6880	13255	11482	7579	18160	13960	7551	22394	16546	6927	12538	9749	6779	11206	9127	7172	11571	10137	7224	13161	12291	8330	12914	15731	8107	13131	13314	6831
HIS-LEU (HL)	3112	2603	1670	3098	2576	1772	3481	2932	1639	2684	2237	1768	5358	3891	1644	3215	2903	1586	2806	2297	1734	2792	2470	1843	3531	2492	2290	2866	4016	1761	3483	3572	1810
CYS-ARG (CR)	787	611	363	708	570	441	796	698	426	882	741	414	1312	962	370	753	735	516	955	888	400	621	713	410	818	854	583	666	685	422	676	663	428
ILE-ARG (IR)	5220	4563	2986	5558	4479	3000	5102	4351	2932	5207	4453	3784	8223	6496	2992	5038	4840	3105	6014	5282	2952	4749	4343	3120	5316	4608	3000	6120	4870	2767	4747	4543	3072
MET-CYS (MC)	378	266	222	330	274	175	343	344	178	232	220	195	475	382	170	262	231	188	239	222	226	355	283	207	278	327	162	394	227	197	276	257	181
TRP-LEU (WL)	1612	1314	759	1679	1361	863	1599	1343	886	2102	1554	790	2657	1978	927	2036	1572	882	1417	1260	1042	1610	1357	951	1650	1591	1157	1490	978	830	1503	1718	763
MET-LYS (MK)	2752	2275	1401	2631	2160	1406	2794	2244	1496	1937	1797	1441	3429	2975	1600	2376	1827	1545	2737	2058	1306	2597	2019	1387	2667	2094	1213	3032	1564	1121	2616	2721	1435
ARG-ARG (RR)	5755	4927	3295	6373	5446	3348	6437	5491	3778	9724	7876	3988	9521	7681	3926	8193	6886	3600	6846	7082	3571	5676	6032	3340	5261	6223	3185	4256	4635	3206	4748	4490	3210
GLY-ARG (GR)	5649	4902	3429	5774	5169	3235	5486	4927	3622	5917	5445	3632	7971	7079	4519	5748	5575	3665	8760	8051	3842	5642	5866	3598	5769	6745	3511	2921	3809	3092	4352	4167	3218
HIS-PRO (HP)	1640	1403	973	1707	1424	976	1624	1444	966	1505	1279	915	2707	2277	877	1477	1413	1137	2459	2124	999	1749	1474	1225	2195	1455	1730	2215	2608	1825	2533	2032	1144
MET-LEU (ML)	2514	2078	1437	2593	2095	1291	2308	2016	1429	1684	1586	1393	3623	2675	1435	2318	1704	1324	2058	1711	1452	2232	1541	1389	2259	1857	1312	2686	1465	1426	2311	2574	1182
TRP-PRO (WP)	396	362	238	476	450	232	510	390	270	733	536	288	678	627	244	488	424	384	973	688	339	669	522	288	470	424	414	623	293	334	466	326	260
SER-ARG (SR)	5806	4738	3203	6075	4924	3137	5970	5023	3143	6132	5210	3167	8726	7170	3378	5633	4897	3531	8769	6842	3221	5339	5151	3673	6662	6460	3972	7029	5900	3163	5208	4876	3464
PHE-ARG (FR)	2742	2317	1465	2854	2390	1506	2769	2417	1451	2132	1875	1616	4430	3417	1963	3149	2678	1647	3454	2836	1448	2381	2970	1730	3033	2774	1913	3112	5092	1421	2400	2162	1572
GLY-GLY (GG)	11337	10065	6811	11979	10457	6786	11290	10564	6918	11558	10655	6713	14722	13436	6936	12045	12379	7115	11341	11231	7037	11792	11699	6906	11259	12958	7090	7460	9977	6747	7470	8039	6251
GLN-ARG (QR)	3844	3350	2203	3971	3245	2133	4233	3712	2235	3139	2724	2341	5884	4620	2427	3615	3256	2414	4889	4845	2326	3466	3648	2368	4076	3639	2619	2928	4862	2371	3350	3256	2333
LEU-ILE (LI)	10521	8607	5467	10276	8966	5442	10334	8774	6141	14589	11562	5792	13752	11712	5726	9462	7197	5282	8268	7719	5228	9678	9000	5640	9925	8665	6130	9951	10144	5313	11874	7411	5328
ASN-PRO (NP)	3784	3492	2243	4003	3286	2236	4122	3466	2243	3986	3347	2096	5495	4912	2093	3472	3108	2577	5798	4894	2066	4112	2941	2258	4444	2803	2126	5058	4507	4150	6300	4735	2430
TRP-LYS (WK)	1646	1295	866	1718	1464	871	1629	1333	837	1989	1456	893	2139	1883	951	1716	1374	1102	1999	1378	966	1832	1810	930	1704	1705	959	1739	1011	700	1508	1225	845
GLY-LEU (GL)	9373	7855	5151	9432	7880	5120	9383	7982	5258	8953	7675	5530	12713	10382	5615	9693	8811	5096	9938	7879	5566	8550	7650	5296	9070	10638	5647	6000	6112	5385	8575	9234	4963
SER-LEU (SL)	10922	8900	6160	11518	9186	5864	11183	9295	5899	11035	9109	5656	16136	12495	5830	10768	8629	5686	11077	8472	6279	9938	8314	6429	11411	10440	7694	13848	10370	6920	11545	11674	5817
TRP-ASN (WN)	1097	893	525	1067	871	525	1009	832	545	1282	887	512	1455	1157	513	1159	924	614	894	849	614	1179	1169	599	1059	1063	588	1180	551	478	1009	824	487
ILE-LYS (IK)	9584	7957	4980	9232	7840	4989	9721	7797	4789	8943	7578	5607	12323	10157	4488	8830	7975	5212	10754	8583	4858	8828	7533	5132	9646	7387	4829	9875	5757	4049	9769	8764	5696
GLU-CYS (EC)	1081	973	575	1187	931	639	1065	895	602	913	866	611	1344	1091	503	921	786	535	1011	905	604	1030	909	547	821	903	445	831	783	754	777	908	526
THR-LEU (TL)	7492	6260	4244	7679	6344	4163	7822	6462	4170	6747	5583	4613	10255	8094	3984	7419	5766	4052	7062	5402	4448	7530	5125	4568	8276	6070	4530	10784	4607	4854	8530	8497	4381
PHE-LYS (FK)	5521	4572	2789	5500	4635	2768	5446	4440	2638	3942	3408	2882	7165	5683	2904	5096	4603	3118	6792	4934	2552	4644	5311	2963	5483	4710	3156	5286	6244	2249	5292	4770	3234
ILE-LEU (IL)	9639	7942	5029	9912	8368	4931	9552	8169	5007	9583	8315	6167	14041	10100	4572	10127	9262	4588	7980	6742	4944	8219	6568	4943	9220	7838	4986	11416	7443	5557	10395	10636	5029
GLY-TRP (GW)	1436	1175	777	1310	1004	693	1333	1136	721	1231	1001	747	1863	1456	761	1515	1282	830	1576	1221	960	1389	1347	866	1549	1839	790	810	1010	946	1217	685	615
TRP-ILE (WI)	1115	885	565	1174	910	568	1199	961	564	1249	918	532	1335	1203	776	1375	1061	574	1048	1121	632	1226	1181	653	1143	1088	710	1175	601	632	1233	720	530
MET-ASN (MN)	1741	1435	928	1795	1416	969	1716	1441	969	1236	1186	927	2302	1695	910	1742	1188	900	1353	1128	928	1870	1334	841	1677	1234	704	1879	816	629	1842	1885	882
MET-ARG (MR)	1420	1175	805	1504	1277	897	1549	1298	890	1189	1183	822	2058	1576	1069	1568	1121	895	1665	1553	845	1482	1242	880	1495	1426	811	1567	1176	687	1248	1320	767
GLY-CYS (GC)	1254	1079	800	1350	1202	787	1312	1224	793	1205	1066	811	1479	1380	744	1117	1013	685	1186	1267	920	1398	1368	799	1233	1594	803	912	902	753	1136	1198	723
LYS-LEU (KL)	15336	12975	8230	16050	13248	8100	15830	12953	7991	16811	14603	8223	20847	16387	9415	26658	19035	7533	12748	11038	7899	13242	10810	7434	13666	10852	7090	13775	14292	10101	14789	15611	7930
THR-ARG (TR)	3868	3112	2061	3900	3258	2248	4100	3467	2171	3406	2859	2243	5512	4162	2211	3842	3101	2280	5409	4330	2125	3739	2927	2251	4078	3477	2327	5426	2578	2042	3541	3192	2401
TRP-ARG (WR)	905	827	471	1088	843	488	882	797	518	1235	997	485	1170	1044	603	1082	925	627	1140	972	595	1008	1147	671	1025	1196	668	797	528	483	768	694	440
PRO-LEU (PL)	5602	4868	2874	5595	4691	3032	5508	4652	2994	5973	5086	3120	8840	6523	3535	9886	7075	3023	5271	3783	3306	5102	3984	3999	7530	5780	6396	7656	6023	3658	5649	5528	3240
ARG-LYS (RK)	8519	7290	4552	8457	7135	4524	8598	7444	4913	12087	9339	4958	10897	9156	4518	11699	10737	4713	9277	8334	4568	8528	8521	4450	7561	7710	3984	7001	6419	4137	7756	6967	4672
PHE-LEU (FL)	5355	4407	2931	5382	4448	2807	5310	4460	2460	3721	3182	2912	7926	5544	2843	5663	4822	2793	4868	3712	2673	4338	4274	2738	4975	4600	3788	6971	7941	3154	5965	6091	2701
HIS-ASN (HN)	1916	1601	1039	1805	1540	904	2053	1672	925	1732	1392	1003	2260	1871	880	1556	1456	1050	1416	1376	979	1627	1671	1015	2101	1405	1088	1845	2143	917	2087	1727	1192
ASP-LEU (DL)	10181	8631	5635	10521	8613	5451	10724	9017	5487	8274	7626	6546	15143	10667	5320	11367	10874	5371	11149	8368	6021	10376	8271	5508	11035	9485	4844	9354	8135	5948	11082	11006	5595
SER-TRP (SW)	1241	970	643	1344	1175	705	1362	1223	675	1423	1212	702	1704	1359	616	1266	1056	722	1359	1114	777	1145	1131	809	1546	1449	871	1569	1276	980	1222	674	609
