760.0	38.09369146891118
380.0	19.013004630406694
253.33333333333334	12.983900450912461
190.0	9.076988292584307
152.0	6.821718223391752
126.66666666666667	5.433898578449862
108.57142857142857	4.541136574361737
95.0	4.3085306713532985
84.44444444444444	3.1710845830834082
76.0	3.63104208015744
69.0909090909091	3.5654695750496415
63.333333333333336	3.014023148969375
58.46153846153846	3.00383838638508
54.285714285714285	2.799709690502318
50.666666666666664	2.58471686641059
47.5	2.3055811883029835
44.705882352941174	2.030198516870898
42.22222222222222	1.5757723121728897
40.0	1.4852830759227704
38.0	2.3206459094028604
36.19047619047619	2.534111823646778
34.54545454545455	2.012849173135356
33.04347826086956	1.775360168618689
31.666666666666668	2.5574004400087804
30.4	1.8927277161821454
29.23076923076923	1.0950173004122037
28.14814814814815	1.5120216614719537
27.142857142857142	1.2605490000479818
26.20689655172414	0.914811293399611
25.333333333333332	1.3617536591271797
24.516129032258064	0.7121672029309386
23.75	0.6267481865003485
23.03030303030303	0.7215254673920534
22.352941176470587	0.8511634334315441
21.714285714285715	0.8648399099283872
21.11111111111111	0.6877463973471605
20.54054054054054	0.6679103375376673
20.0	0.6833050635028989
19.487179487179485	1.1663338994446608
19.0	0.8940632532157818
18.536585365853657	1.1084619474470192
18.095238095238095	0.8459231987420687
17.674418604651162	0.34758386464438185
17.272727272727273	0.7404371973213171
16.88888888888889	0.5891043317897435
16.52173913043478	0.45082397943560354
16.170212765957448	1.021925876716264
15.833333333333334	0.9159704387626076
15.510204081632653	0.6069933767892488
15.2	0.7621577148727905
14.901960784313726	1.0109626381824723
14.615384615384615	0.18524523066914908
14.339622641509434	1.244211032808503
14.074074074074074	0.24440424874663505
13.818181818181818	0.5153585189502533
13.571428571428571	0.6580342572769659
13.333333333333334	0.2591135334679745
13.10344827586207	0.5917454404844538
12.88135593220339	0.577956579873913
12.666666666666666	0.5028190799773313
12.459016393442623	0.3012579196912869
12.258064516129032	0.8160886342614861
12.063492063492063	0.7849960012967045
11.875	0.7385012219999744
11.692307692307692	0.3150290252671927
11.515151515151516	0.31098388505939983
11.343283582089553	0.8226554709201395
11.176470588235293	0.5886902883742865
11.014492753623188	0.3588278489051482
10.857142857142858	1.0032271174728142
10.704225352112676	0.31726371093013467
10.555555555555555	0.40309277469494625
10.41095890410959	0.14773716533750314
10.27027027027027	0.7057422452357006
10.133333333333333	0.8713779584918182
10.0	0.4901313234376352
9.87012987012987	0.1165819381107807
9.743589743589743	0.37635894606907977
9.620253164556962	0.14194045861478274
9.5	0.5044365362524074
9.382716049382717	0.437077371309669
9.268292682926829	0.7340518570830051
9.156626506024097	0.43646140682579404
9.047619047619047	0.22924844017455778
8.941176470588236	0.21184210450178592
8.837209302325581	0.5232066753826894
8.735632183908047	0.534099755146778
8.636363636363637	0.6357954412003439
8.539325842696629	0.3077044861476583
8.444444444444445	0.09584756436442338
8.351648351648352	0.43634404896842466
8.26086956521739	0.6317708324750334
8.172043010752688	0.16489337120967762
8.085106382978724	0.35559655030438336
8.0	0.49877652223757424
7.916666666666667	0.2837122863559758
7.835051546391752	0.33436625618325566
7.755102040816326	0.4645351120928967
7.6767676767676765	0.22351569450285447
7.6	0.4971139763908324
7.524752475247524	0.29069129517369735
7.450980392156863	0.676831972370585
7.378640776699029	0.46698017289691207
7.3076923076923075	0.5038310999968474
7.238095238095238	0.369847968262153
7.169811320754717	0.32514008827457824
7.102803738317757	0.5098649910986005
7.037037037037037	0.619689057513226
6.972477064220183	0.34138578291136545
6.909090909090909	0.5795976124217267
6.846846846846847	0.46215274013214896
6.785714285714286	0.38419537058943753
6.725663716814159	0.16508411252833846
6.666666666666667	0.08901820414265575
6.608695652173913	0.3213341938939515
6.551724137931035	0.6867139108566637
6.495726495726496	0.7503040247250492
6.440677966101695	0.31005389145555196
6.38655462184874	0.38059103776344205
6.333333333333333	0.37566172043798635
6.2809917355371905	0.2636237346882182
6.229508196721311	0.1372008184211194
6.178861788617886	0.732416234102114
6.129032258064516	0.1557138403122344
6.08	0.3211689216379962
6.031746031746032	0.362077281123305
5.984251968503937	0.20715929321942184
5.9375	0.06695790375481693
5.891472868217054	0.12120489660966619
5.846153846153846	0.26143613939489524
5.801526717557252	0.39394140469750677
5.757575757575758	0.442113599781282
5.714285714285714	0.14299897333432215
5.6716417910447765	0.27247962435219114
5.62962962962963	0.2694149735177999
5.588235294117647	0.3414156916208689
5.547445255474453	0.32544536585022416
5.507246376811594	0.11463144144589009
5.467625899280575	0.09317923499725275
5.428571428571429	0.2797778560695591
5.390070921985815	0.1599446679219861
5.352112676056338	0.4005381717813072
5.314685314685315	0.4811879314214173
5.277777777777778	0.19440589890068938
5.241379310344827	0.3147754499681134
5.205479452054795	0.15364722235719117
5.170068027210885	0.29051483108612364
5.135135135135135	0.214046258936002
5.100671140939597	0.3706019071660025
5.066666666666666	0.34032427989453273
5.033112582781457	0.1009305928988461
5.0	0.6223129198292228
4.967320261437909	0.037932066991167544
4.935064935064935	0.1690520257245611
4.903225806451613	0.29773745188739154
4.871794871794871	0.1548238220954888
4.840764331210191	0.25144306640796604
4.810126582278481	0.11335620539788457
4.779874213836478	0.45274716622831435
4.75	0.524893829326425
4.720496894409938	0.08251403279468866
4.691358024691358	0.35681578223121974
4.662576687116564	0.5302186426103894
4.634146341463414	0.3368428927284148
4.606060606060606	0.21127989385664497
4.578313253012048	0.16877580698962807
4.550898203592815	0.14160893824610085
4.523809523809524	0.6480091855703528
4.497041420118343	0.09655469368184395
4.470588235294118	0.3407604008469628
4.444444444444445	0.45774440256175714
4.4186046511627906	0.25050170125649374
4.393063583815029	0.3271512322398983
4.367816091954023	0.30066817033173504
4.3428571428571425	0.18248272567697552
4.318181818181818	0.08171732685587213
4.293785310734464	0.3754205114498116
4.269662921348314	0.09701539561049971
4.245810055865922	0.31356478825209305
4.222222222222222	0.1461103556836353
4.198895027624309	0.19700813915683027
4.175824175824176	0.4457442719731248
4.1530054644808745	0.5643955847772009
4.130434782608695	0.27567397956721107
4.108108108108108	0.2675734204989669
4.086021505376344	0.4501245638555026
4.064171122994653	0.036585045399464694
4.042553191489362	0.2209043571646403
4.021164021164021	0.05768598035545114
4.0	0.2283929254600166
3.979057591623037	0.07711854500320316
3.9583333333333335	0.2945827484244791
3.937823834196891	0.4555888551570806
3.917525773195876	0.11768781341739792
3.8974358974358974	0.07155602004046005
3.877551020408163	0.16426116508774236
3.8578680203045685	0.17934083218654603
3.8383838383838382	0.42494030501138275
3.819095477386935	0.35858859190082304
3.8	0.22291583014270544
3.781094527363184	0.06062203118187624
3.762376237623762	0.09234343172664797
3.7438423645320196	0.26094565098297196
3.7254901960784315	0.39071257593834857
3.707317073170732	0.033573107531000956
3.6893203883495147	0.20759858773176446
3.6714975845410627	0.053795313851314364
3.6538461538461537	0.2585907364266287
3.6363636363636362	0.058842189145319
3.619047619047619	0.2864570464700942
3.6018957345971563	0.3687466418835344
3.5849056603773586	0.3257601920526381
3.568075117370892	0.2682811854396913
3.5514018691588785	0.6431870790630652
3.5348837209302326	0.36301484506917486
3.5185185185185186	0.15447734106279346
3.5023041474654377	0.060181622395752206
3.4862385321100917	0.12431672830480417
3.470319634703196	0.04615028608327911
3.4545454545454546	0.5135289405866538
3.4389140271493215	0.11856887868163246
3.4234234234234235	0.25664562793133
3.408071748878924	0.2724554392991593
3.392857142857143	0.21706011323969768
3.3777777777777778	0.10364277150361727
3.3628318584070795	0.36118305220321917
3.3480176211453743	0.1649375939713949
3.3333333333333335	0.3322830713510742
3.3187772925764194	0.5527701659874312
3.3043478260869565	0.4293833334357087
3.29004329004329	0.3699743624263871
3.2758620689655173	0.9181228974419668
3.2618025751072963	0.6394216693639608
3.247863247863248	0.23937371021280793
3.234042553191489	0.664301823252843
3.2203389830508473	0.6627182887993539
3.2067510548523206	0.6210159911456928
3.19327731092437	0.4830945719533168
3.1799163179916317	0.7255470793287907
3.1666666666666665	0.6500065412722307
3.1535269709543567	0.40008303134412154
3.1404958677685952	1.0309120047735103
3.1275720164609053	0.5388494442706893
3.1147540983606556	0.899558432373869
3.1020408163265305	0.9281884252513384
3.089430894308943	0.9256479800378522
3.076923076923077	0.99882373681533
3.064516129032258	1.9732878957827449
3.0522088353413657	1.9251192211886632
3.04	2.5013924854201366
3.0278884462151394	4.008528205434165
3.015873015873016	8.673071053306236
3.0039525691699605	27.076477261191414
2.9921259842519685	8.13353979688816
2.980392156862745	3.904199516634734
2.96875	2.845453919759532
2.9571984435797667	2.048900376097762
2.945736434108527	1.4573723033509718
2.9343629343629343	1.0655526351762734
2.923076923076923	1.226238230121046
2.9118773946360155	0.8899249921967429
2.900763358778626	0.8148291166689748
2.8897338403041823	0.3198634485957288
2.878787878787879	0.5875368411783078
2.8679245283018866	0.668164275044852
2.857142857142857	0.7170055182144388
2.846441947565543	0.5666767401080276
2.8358208955223883	0.9424934616551446
2.825278810408922	0.6868671007954146
2.814814814814815	0.5838461709713535
2.804428044280443	0.6592947170632919
2.7941176470588234	0.7058446873387416
2.7838827838827838	0.581642870886541
2.7737226277372264	0.21813534295413378
2.7636363636363637	0.6159592233581831
2.753623188405797	0.35535748237926523
2.743682310469314	0.740768016778932
2.7338129496402876	0.5682191192569722
2.7240143369175627	0.22199078978043163
2.7142857142857144	0.3538381613389718
2.704626334519573	0.24914101320470533
2.6950354609929077	0.22542210356218131
2.685512367491166	0.4947753926301427
2.676056338028169	0.49764110365498554
2.6666666666666665	0.34746218375587057
2.6573426573426575	0.13875948841050886
2.64808362369338	0.18817253370957893
2.638888888888889	0.3256552465666405
2.629757785467128	0.13301378783418633
2.6206896551724137	0.16721145108798535
2.611683848797251	0.17994481778529745
2.6027397260273974	0.5860896092222414
2.5938566552901023	0.044323758780948394
2.5850340136054424	0.46906168974712803
2.5762711864406778	0.4264508145172812
2.5675675675675675	0.09694504493669481
2.558922558922559	0.4407614001094274
2.5503355704697985	0.2818027816280737
2.5418060200668897	0.4195209640684697
2.533333333333333	0.4247703780011969
2.524916943521595	0.5184348141291201
2.5165562913907285	0.2896236000350176
2.5082508250825084	0.16011641116288133
2.5	0.3482165629594027
2.4918032786885247	0.43790447559527923
2.4836601307189543	0.45172978843734657
2.47557003257329	0.4315125040189609
2.4675324675324677	0.3460879496503609
2.459546925566343	0.3084137498735147
2.4516129032258065	0.24536140337566142
2.4437299035369775	0.06110315364871036
2.4358974358974357	0.20947689990762958
2.428115015974441	0.25010916638712777
2.4203821656050954	0.3369581472712638
2.4126984126984126	0.10536070956344445
2.4050632911392404	0.2617204853040159
2.3974763406940065	0.3654278563592817
2.389937106918239	0.24569514112738222
2.3824451410658307	0.15567936433201315
2.375	0.46974701916620293
2.367601246105919	0.09938607991426511
2.360248447204969	0.1835993048417975
2.3529411764705883	0.2370170575038268
2.345679012345679	0.2583356103662027
2.3384615384615386	0.18039817261333685
2.331288343558282	0.11953265064701628
2.324159021406728	0.3071988714998597
2.317073170731707	0.23057757222974462
2.310030395136778	0.4050522901394576
2.303030303030303	0.20225832645021516
2.29607250755287	0.07349366249636553
2.289156626506024	0.2202621359983658
2.2822822822822824	0.15107483368104968
2.2754491017964074	0.13665882906048946
2.2686567164179103	0.22876318293664455
2.261904761904762	0.16625541875459676
2.255192878338279	0.28319402529495874
2.2485207100591715	0.2847873078986897
2.24188790560472	0.2540190135063941
2.235294117647059	0.37835728433593463
2.228739002932551	0.19726499519702942
2.2222222222222223	0.24743964359281675
2.2157434402332363	0.3485055579142083
2.2093023255813953	0.19869250430924937
2.2028985507246377	0.38412788215500254
2.1965317919075145	0.3602857097401953
2.190201729106628	0.21797837251401667
2.1839080459770117	0.3908489613257114
2.177650429799427	0.22871454342012248
2.1714285714285713	0.03636604826826423
2.1652421652421654	0.017007779919890376
2.159090909090909	0.16586206540914167
2.1529745042492916	0.5139346653103078
2.146892655367232	0.43517671237736943
2.140845070422535	0.0836756423396079
2.134831460674157	0.12477073007219326
2.1288515406162465	0.1933715582208595
2.122905027932961	0.21299700447746725
2.116991643454039	0.675814938489561
2.111111111111111	0.08117290482256719
2.1052631578947367	0.09865361992561497
2.0994475138121547	0.2954643239391634
2.09366391184573	0.39094081050003987
2.087912087912088	0.11679954453762516
2.0821917808219177	0.05332204376140818
2.0765027322404372	0.062413251725119245
2.0708446866485013	0.19207642289509172
2.0652173913043477	0.1871638639184745
2.059620596205962	0.37316739981983765
2.054054054054054	0.40710424399094425
2.0485175202156336	0.30397498601383743
2.043010752688172	0.08871053957658295
2.037533512064343	0.1790372200098914
2.0320855614973263	0.016151664555106464
2.026666666666667	0.22162186926188018
2.021276595744681	0.27928278441956206
2.0159151193633953	0.2695412238498227
2.0105820105820107	0.12630876578482986
2.005277044854881	0.34838986250462156
