	F0	F1	F2
0	192	242	219
1	1	1	0
2	204	201	112
3	569	540	411
4	222	214	140
5	287	270	224
6	13	14	7
7	166	199	110
8	214	247	137
9	64	59	71
10	324	246	161
11	492	402	264
12	1043	759	411
13	1908	2069	1221
14	141	170	96
15	2771	2616	2166
16	0	2	1
17	11	4	5
18	960	783	520
19	424	449	302
20	181	160	59
21	8	5	13
22	0	0	0
23	14	15	16
24	60	50	30
25	91	83	50
26	117	131	52
27	1182	864	516
28	47	43	24
29	54	44	21
30	8	1	3
31	223	164	99
32	45	37	38
33	211	162	110
34	64	46	27
35	99	90	55
36	225	151	95
37	642	599	388
38	278	201	131
39	100	69	48
40	117	106	52
41	775	794	515
42	78	65	41
43	239	262	180
44	92	74	51
45	161	129	95
46	120	66	56
47	282	225	92
48	46	37	17
49	475	397	169
50	257	153	105
51	135	130	62
52	1552	1305	944
53	204	182	95
54	291	262	171
55	200	136	64
56	11	11	13
57	1129	901	557
58	834	506	416
59	250	250	91
60	59	68	33
61	12	10	8
62	181	120	61
63	258	235	154
64	221	186	128
65	110	137	74
66	212	155	128
67	373	256	170
68	127	122	98
69	50	36	34
70	5	2	0
71	125	80	46
72	620	470	212
73	35	33	14
74	91	70	26
75	53	46	22
76	205	154	106
77	30	11	6
78	70	42	15
79	303	234	152
80	25	32	23
81	246	201	94
82	612	380	216
83	252	174	76
84	284	195	105
85	923	773	531
86	141	88	59
87	289	217	161
88	633	482	260
89	16	15	15
90	170	139	124
91	358	265	189
92	209	167	83
93	255	234	115
94	524	380	285
95	63	88	49
96	106	96	61
97	796	636	442
98	494	387	177
99	161	141	61
100	73	71	72
101	602	560	281
102	533	350	233
103	600	433	183
104	309	255	128
105	171	120	81
106	520	387	160
107	129	107	63
108	0	0	0
109	141	144	51
110	63	47	34
111	144	158	72
112	19	8	11
113	33	33	17
114	255	255	154
115	8	9	3
116	169	149	81
117	16	13	15
118	98	64	47
119	225	181	126
120	1200	1049	487
121	206	137	120
122	146	94	34
123	3016	2699	1981
124	1049	838	654
125	1409	1366	1135
126	153	122	64
127	203	152	75
128	96	67	51
129	457	409	159
130	3	3	1
131	426	343	186
132	171	159	60
133	314	240	137
134	1083	1126	950
135	675	485	285
136	8	8	3
137	50	40	25
138	1409	1113	867
139	73	54	33
140	288	192	118
141	698	479	293
142	434	391	188
143	367	293	187
144	1057	936	740
145	1024	703	453
146	7	4	1
147	23	16	8
148	55	52	43
149	1854	1692	1166
150	308	279	185
151	285	243	107
152	552	386	246
153	534	538	364
154	1145	947	573
155	806	567	260
156	5	4	5
157	123	105	57
158	36	57	22
159	71	50	28
160	98	73	26
161	1315	1080	598
162	583	308	227
163	29	16	12
164	389	309	108
165	18	24	17
166	75	98	40
167	370	278	143
168	458	347	203
169	454	255	196
170	75	49	30
171	171	128	70
172	218	208	70
173	472	346	247
174	181	127	78
175	69	62	53
176	483	344	101
177	142	124	63
178	0	0	0
179	1	1	1
180	0	0	0
181	94	68	28
182	62	57	36
183	30	22	10
184	104	110	36
185	120	74	41
186	338	301	187
187	205	221	114
188	0	0	2
189	139	89	32
190	74	63	32
191	69	39	37
192	1	0	3
193	5721	4741	3407
194	57	57	49
195	90	76	81
196	10	12	7
197	4	8	2
198	144	109	69
199	348	338	136
200	19	13	10
201	518	356	214
202	18	20	9
203	499	389	268
204	250	203	166
205	245	213	88
206	177	135	108
207	0	1	0
208	270	150	80
209	181	125	74
210	102	85	57
211	28	14	10
212	111	73	68
213	821	726	661
214	614	638	272
215	2	7	6
216	463	301	187
217	13	19	8
218	178	155	64
219	461	350	155
220	347	187	104
221	2749	2450	1929
222	753	470	358
223	189	120	50
224	395	287	150
225	2438	2045	1687
226	62	44	42
227	383	338	217
228	240	195	75
229	104	73	25
230	183	116	53
231	1	0	0
232	392	356	163
233	13	13	8
234	3	2	1
235	1182	1018	716
236	1224	932	593
237	286	234	122
238	231	220	144
239	17	16	9
240	457	349	179
241	229	176	125
242	231	220	80
243	1	6	2
244	12	15	9
245	0	0	1
246	8	9	8
247	856	668	456
248	171	109	62
249	2	1	2
250	91	131	28
251	341	351	181
252	263	219	129
253	140	156	65
254	256	301	176
255	796	637	437
256	6	4	3
257	199	175	91
258	898	792	489
259	304	185	88
260	286	224	125
261	231	146	86
262	445	279	197
263	104	68	28
264	780	443	329
265	312	216	116
266	133	139	51
267	152	130	45
268	293	209	152
269	108	73	41
270	83	81	39
271	8	3	2
272	185	157	74
273	354	298	166
274	393	320	208
275	21	28	14
276	28	32	16
277	810	873	603
278	3050	2827	2297
279	1326	1256	1024
280	77	63	27
281	125	117	41
282	743	531	338
283	354	238	166
284	205	210	64
285	1967	1652	1347
286	505	431	328
287	563	458	356
288	296	233	152
289	386	295	215
290	31	31	13
291	85	61	23
292	288	251	104
293	87	56	37
294	74	55	26
295	1141	963	705
296	102	71	38
297	738	563	387
298	751	621	503
299	346	311	216
300	46	51	41
301	232	171	96
302	164	143	53
303	16	12	1
304	571	405	267
305	601	434	217
306	425	307	187
307	239	161	86
308	17	22	16
309	58	34	18
310	620	567	274
311	689	597	380
312	987	878	561
313	4991	4900	4157
314	677	540	398
315	265	226	164
316	213	157	102
317	474	397	158
318	48	69	21
319	176	97	91
320	311	284	144
321	322	289	125
322	0	1	0
323	220	190	83
324	188	167	104
325	274	135	114
326	307	283	213
327	826	570	336
328	133	101	76
329	158	151	78
330	91	113	73
331	113	124	77
332	0	0	0
333	93	104	53
334	20	14	15
335	582	492	344
336	113	71	47
337	352	233	150
338	596	496	293
339	16	9	10
340	150	121	70
341	219	190	102
342	96	86	60
343	445	312	181
344	128	114	86
345	151	125	82
346	74	58	41
347	128	95	100
348	356	400	209
349	327	209	116
350	343	242	178
351	3075	2834	2599
352	302	351	95
353	23	5	8
354	44	49	24
355	328	206	90
356	92	67	57
357	580	429	216
358	191	118	41
359	0	0	0
360	0	0	0
361	13	17	7
362	557	455	165
363	84	55	26
364	322	268	146
365	1130	759	589
366	16	11	7
367	246	216	112
368	61	97	23
369	161	142	37
370	378	352	125
371	5	7	3
372	71	47	32
373	104	107	43
374	1174	950	546
375	0	0	0
376	11	6	8
377	63	44	28
378	50	35	20
379	164	140	68
380	269	194	140
381	44	35	14
382	424	414	189
383	1112	943	618
384	11	9	14
385	13	11	7
386	101	80	37
387	960	904	610
388	1153	861	676
389	151	140	48
390	701	530	289
391	950	869	618
392	103	74	39
393	663	563	362
394	1182	1030	759
395	1124	1135	897
396	1	0	1
397	72	46	18
398	2533	2120	1629
399	1655	1559	1217
400	52	40	18
401	536	458	258
402	497	561	186
403	76	59	15
404	62	47	28
405	246	193	124
406	109	81	40
407	100	69	43
408	1946	1609	963
409	273	249	195
410	178	150	78
411	542	460	301
412	23	18	14
413	0	0	0
414	62	41	25
415	4	1	1
416	26	32	9
417	234	182	105
418	382	391	204
419	9	6	5
420	25	22	12
421	133	109	84
422	231	199	93
423	111	94	48
424	28	11	8
425	110	88	55
426	140	75	31
427	74	80	49
428	193	175	121
429	632	409	290
430	1317	1101	838
431	705	592	326
432	198	155	51
433	188	156	79
434	416	321	160
435	1131	1054	706
436	405	273	141
437	322	235	210
438	0	0	0
439	38	31	10
440	111	74	31
441	26	19	16
442	846	591	380
443	41	40	29
444	13	6	8
445	414	303	129
446	349	409	229
447	370	225	122
448	252	340	123
449	0	0	0
450	197	153	83
451	83	64	68
452	561	397	297
453	63	62	38
454	201	155	67
455	4	2	3
456	269	212	121
457	2146	1757	1122
458	481	394	193
459	81	73	53
460	6	4	2
461	0	1	0
462	717	584	307
463	443	380	204
464	1641	1538	1204
465	304	235	98
466	190	210	110
467	1046	978	591
468	48	32	30
469	286	314	108
470	481	389	171
471	669	549	248
472	1272	839	506
473	95	88	38
474	65	48	21
475	266	182	91
476	20	12	5
477	709	560	368
478	255	221	115
479	177	121	104
480	0	1	0
481	108	81	53
482	241	197	162
483	91	73	23
484	57	58	33
485	121	110	46
486	470	442	185
487	10	10	6
488	165	164	90
489	408	321	214
490	3	2	4
491	95	70	51
492	825	594	343
493	114	90	33
494	1087	912	626
495	400	421	253
496	51	41	28
497	48	39	25
498	402	364	192
499	56	34	48
500	231	180	87
501	94	63	34
502	233	161	147
503	489	339	174
504	107	114	83
505	149	118	69
506	60	43	28
507	311	249	137
508	5	3	1
509	0	0	0
510	230	174	100
511	180	102	49
512	11	11	6
513	306	202	109
514	654	471	246
515	47	62	32
516	58	73	28
517	105	102	54
518	835	644	340
519	149	130	79
520	24	16	23
521	127	92	62
522	0	0	0
523	1103	853	622
524	495	433	214
525	86	67	37
526	365	280	207
527	133	104	80
528	114	121	72
529	0	0	1
530	19	8	12
531	6	10	3
532	510	485	415
533	85	107	41
534	326	254	156
535	1	1	0
536	95	105	60
537	317	266	156
538	110	105	49
539	83	130	35
540	115	75	52
541	101	99	33
542	4	3	5
543	11	16	15
544	525	423	283
545	36	43	25
546	25	31	14
547	178	108	92
548	0	0	0
549	279	208	123
550	327	214	122
551	23	20	9
552	279	246	131
553	1776	1227	797
554	125	79	47
555	106	66	58
556	0	1	0
557	126	89	43
558	147	94	60
559	1	1	0
560	347	378	163
561	86	43	46
562	82	44	34
563	171	128	52
564	210	226	141
565	604	476	272
566	446	292	188
567	312	227	124
568	166	127	61
569	2544	1978	1451
570	168	105	59
571	66	57	17
572	227	179	104
573	0	0	0
574	2	0	0
575	176	122	88
576	3	1	0
577	82	59	45
578	105	79	33
579	1	0	0
580	65	47	27
581	54	53	61
582	0	0	0
583	138	101	54
584	7	6	4
585	212	159	92
586	16	6	4
587	171	161	89
588	78	64	38
589	0	0	0
590	38	21	16
591	93	59	23
592	277	241	111
593	189	116	66
594	438	268	122
595	0	0	1
596	249	214	98
597	2627	2621	2620
598	1191	1158	942
599	702	662	479
600	395	303	181
601	122	87	48
602	73	85	48
603	193	165	101
604	947	809	434
605	557	410	194
606	3907	3355	2536
607	98	83	61
608	36	26	10
609	2994	3042	2923
610	401	339	179
611	344	376	244
612	26	20	11
613	1	4	1
614	501	331	215
615	28	34	26
616	178	211	96
617	160	144	77
618	144	100	48
619	180	127	70
620	94	77	32
621	258	181	98
622	76	64	28
623	106	80	45
624	382	320	127
625	288	279	110
626	13	25	10
627	282	203	118
628	744	540	326
629	199	199	92
630	380	231	120
631	63	59	28
632	715	506	246
633	76	80	51
634	385	322	151
635	0	0	0
636	25	26	15
637	2	1	2
638	2338	2292	1914
639	726	614	426
640	329	312	120
641	120	94	46
642	794	510	366
643	66	62	43
644	1555	1225	835
645	149	117	70
646	47	47	15
647	301	193	130
648	118	110	65
649	317	190	128
650	29	42	44
651	0	0	2
652	199	154	85
653	54	48	31
654	274	262	215
655	5	4	8
656	328	264	152
657	99	69	30
658	942	870	399
659	223	202	148
660	731	676	247
661	711	515	336
662	37	35	28
663	90	83	57
664	81	73	20
665	129	101	71
666	117	92	59
667	384	270	172
668	313	274	112
669	1	7	1
670	191	143	119
671	421	291	141
672	174	138	67
673	325	248	102
674	158	97	69
675	35	27	9
676	5	2	3
677	885	830	502
678	139	176	70
679	422	287	152
680	57	61	35
681	185	196	155
682	159	96	65
683	465	386	194
684	186	170	111
685	75	46	22
686	0	0	0
687	462	316	188
688	58	36	19
689	210	166	87
690	7	3	1
691	299	211	122
692	1322	1028	626
693	174	136	76
694	198	174	130
695	0	0	0
696	317	303	168
697	34	26	38
698	91	91	19
699	43	50	28
700	0	1	0
701	270	194	132
702	597	374	231
703	7	6	7
704	6	2	0
705	197	150	93
706	13	7	6
707	0	0	1
708	21	24	16
709	25	13	5
710	174	149	65
711	153	123	77
712	384	336	153
713	1528	1236	692
714	441	340	214
715	684	485	224
716	76	58	30
717	155	102	54
718	47	43	12
719	164	138	73
720	73	70	68
721	135	117	49
722	17	18	10
723	1176	755	575
724	148	79	65
725	1265	1122	829
726	1382	811	551
727	264	241	129
728	524	550	346
729	268	275	91
730	821	488	180
731	344	164	98
732	1401	1004	430
733	20	4	11
734	14	13	2
735	295	270	165
736	280	242	162
737	641	469	266
738	72	66	45
739	6	7	4
740	982	760	513
741	136	126	90
742	495	554	399
743	325	298	182
744	2336	2231	1561
745	347	262	161
746	672	626	388
747	537	407	217
748	110	88	44
749	53	65	37
750	4	3	4
751	569	443	266
752	400	288	184
753	896	614	362
754	177	100	49
755	40	37	21
756	1485	1234	837
757	361	262	192
758	48	42	14
759	145	97	86
760	171	132	84
761	372	309	159
762	1446	1211	685
763	328	299	169
764	151	109	53
765	675	605	494
766	43	49	29
767	43	36	19
768	348	308	228
769	2061	1994	1649
770	407	324	216
771	4120	3906	3317
772	199	133	85
773	657	607	427
774	98	106	101
775	584	437	277
776	226	234	119
777	38	58	24
778	1023	787	457
779	307	275	189
780	288	258	204
781	157	110	68
782	188	153	109
783	2996	3048	2655
784	823	695	417
785	109	76	62
786	5	4	2
787	271	186	153
788	625	552	316
789	352	275	206
790	206	141	59
791	347	231	137
792	506	463	313
793	1148	859	630
794	3365	2764	2262
795	303	233	152
796	289	220	90
797	93	58	39
798	63	45	25
799	154	106	64
800	274	184	101
801	478	388	198
802	229	156	52
803	2002	1457	861
804	497	416	157
805	240	194	115
806	248	252	157
807	35	22	19
808	392	307	131
809	47	25	12
810	98	97	71
811	178	162	106
812	191	119	78
813	953	840	488
814	21	23	16
815	0	0	0
816	4	4	5
817	69	41	14
818	170	154	65
819	725	551	300
820	167	104	70
821	29	19	11
822	133	93	64
823	38	25	24
824	1507	998	548
825	106	80	46
826	290	207	169
827	559	496	244
828	440	402	250
829	341	311	154
830	171	140	70
831	320	253	130
832	159	99	57
833	474	388	271
834	404	423	171
835	58	49	20
836	137	91	92
837	646	650	515
838	542	457	192
839	57	35	33
840	72	59	35
841	35	30	7
842	439	343	155
843	91	73	32
844	54	57	61
845	16	7	31
846	432	277	140
847	84	57	23
848	1272	1167	984
849	52	40	31
850	441	349	203
851	98	62	53
852	69	62	40
853	11	9	8
854	715	665	452
855	98	84	43
856	43	43	28
857	436	339	184
858	1707	1559	1124
859	0	1	0
860	10	15	7
861	95	73	35
862	196	145	61
863	69	46	28
864	434	407	232
865	592	348	224
866	454	352	166
867	132	137	55
868	173	168	57
869	24	28	12
870	0	0	0
871	159	139	88
872	47	31	18
873	486	360	220
874	666	460	314
875	236	183	90
876	10	13	10
877	1031	996	745
878	0	2	1
879	424	241	150
880	174	133	63
881	72	46	25
882	103	55	37
883	17	6	11
884	96	87	41
885	0	0	0
886	1	0	0
887	23	26	21
888	528	361	242
889	27	21	15
890	1704	1267	946
891	1372	1304	926
892	35	37	25
893	152	130	103
894	20	29	12
895	714	539	339
896	39	29	17
897	0	0	0
898	858	837	326
899	465	413	286
900	120	94	61
901	3	4	0
902	185	126	64
903	81	63	32
904	93	78	96
905	79	63	26
906	231	179	113
907	280	209	138
908	361	345	132
909	0	0	1
910	328	293	189
911	146	60	51
912	313	296	213
913	322	192	141
914	162	127	76
915	32	20	13
916	0	1	1
917	110	89	48
918	135	127	60
919	3	0	0
920	0	0	0
921	64	45	45
922	252	212	130
923	236	148	99
924	57	72	34
925	266	179	113
926	185	111	101
927	505	369	176
928	320	169	111
929	579	428	219
930	286	265	145
931	0	0	0
932	6	7	3
933	314	278	162
934	294	188	102
935	324	221	176
936	379	322	252
937	37	30	15
938	203	149	106
939	82	78	48
940	1	0	0
941	764	527	410
942	0	0	0
943	91	86	50
944	297	182	71
945	356	272	171
946	544	418	210
947	813	656	300
948	360	257	156
949	2	5	4
950	140	132	33
951	1358	1104	632
952	193	205	85
953	138	128	43
954	0	2	0
955	241	236	58
956	13	18	20
957	30	16	13
958	66	67	23
959	18	14	6
960	388	345	237
961	391	370	200
962	760	603	310
963	1536	1544	1322
964	109	74	43
965	59	42	26
966	95	64	43
967	0	0	1
968	834	622	341
969	1145	1050	625
970	196	137	51
971	185	167	109
972	823	523	311
973	296	216	137
974	52	51	50
975	1	0	0
976	26	17	6
977	431	328	180
978	417	329	164
979	0	0	3
980	16	25	6
981	0	0	0
982	67	40	14
983	778	596	328
984	3583	3093	2740
985	204	158	80
986	439	289	149
987	760	510	201
988	193	182	108
989	2461	1982	1495
990	634	589	417
991	139	90	33
992	185	159	119
993	29	28	15
994	193	141	102
995	82	81	48
996	8	7	5
997	130	57	43
998	156	127	66
999	102	69	47
1000	177	164	79
1001	790	762	548
1002	120	134	48
1003	0	0	0
1004	247	189	133
1005	76	86	43
1006	1610	1462	900
1007	0	0	0
1008	327	245	118
1009	1528	1287	1099
1010	146	122	73
1011	86	84	58
1012	408	311	188
1013	79	43	35
1014	132	116	60
1015	351	290	136
1016	1074	748	439
1017	219	169	100
1018	1428	1183	586
1019	1	2	1
1020	243	198	68
1021	525	443	355
1022	149	123	53
1023	0	0	0
1024	332	315	181
1025	150	134	97
1026	3	8	6
1027	1772	1597	1270
1028	190	172	65
1029	1095	800	428
1030	249	181	85
1031	53	52	23
1032	287	209	138
1033	332	234	188
1034	116	110	35
1035	113	85	56
1036	83	55	26
1037	93	76	104
1038	161	161	98
1039	319	263	119
1040	250	269	205
1041	509	336	172
1042	620	543	366
1043	97	60	27
1044	190	188	105
1045	155	110	63
1046	1	2	0
1047	457	313	263
1048	116	73	54
1049	2	5	1
1050	122	99	47
1051	377	286	176
1052	36	57	53
1053	367	325	207
1054	2	0	2
1055	379	310	216
1056	757	674	501
1057	201	180	81
1058	533	427	183
1059	2	3	0
1060	1592	1175	772
1061	107	46	9
1062	1653	1426	913
1063	147	104	39
1064	898	693	471
1065	759	876	707
1066	46	32	17
1067	80	53	25
1068	0	0	2
1069	145	105	43
1070	433	312	134
1071	48	41	28
1072	3	1	0
1073	333	290	261
1074	916	1007	729
1075	74	43	35
1076	10	15	13
1077	61	43	28
1078	738	530	396
1079	109	110	38
1080	62	74	37
1081	14	6	9
1082	9	6	5
1083	76	70	36
1084	1175	971	736
1085	143	140	99
1086	155	165	80
1087	7	8	2
1088	119	81	42
1089	16	11	12
1090	1	0	0
1091	18	16	15
1092	853	655	392
1093	217	191	88
1094	53	37	22
1095	322	245	127
1096	574	452	276
1097	21	27	13
1098	108	120	39
1099	154	132	80
1100	62	76	45
1101	843	662	498
1102	559	458	200
1103	358	350	206
1104	40	18	19
1105	460	401	118
1106	112	73	36
1107	364	266	202
1108	194	170	119
1109	92	86	25
1110	6	5	1
1111	27	24	15
1112	299	240	97
1113	78	64	14
1114	152	71	44
1115	1	3	2
1116	81	56	56
1117	231	210	163
1118	0	1	0
1119	1018	743	546
1120	8	14	11
1121	21	20	9
1122	47	42	26
1123	1	0	1
1124	74	51	26
1125	53	20	12
1126	137	118	57
1127	112	66	34
1128	4	4	9
1129	38	32	2
1130	89	92	41
1131	52	42	26
1132	64	50	37
1133	60	53	22
1134	228	168	102
1135	909	607	372
1136	447	295	102
1137	1587	1231	569
1138	90	53	32
1139	185	150	66
1140	158	109	76
1141	11	17	16
1142	195	149	46
1143	188	163	83
1144	673	500	247
1145	474	359	299
1146	2	1	0
1147	730	579	285
1148	566	415	230
1149	763	614	404
1150	37	23	14
1151	919	757	423
1152	2062	1985	1843
1153	126	92	26
1154	284	270	131
1155	209	152	84
1156	64	43	22
1157	1020	839	584
1158	2	0	3
1159	34	27	11
1160	667	594	392
1161	246	180	121
1162	241	238	72
1163	303	245	103
1164	83	61	44
1165	895	557	322
1166	0	0	0
1167	66	70	22
1168	137	146	58
1169	69	61	29
1170	1100	745	384
1171	319	282	119
1172	2241	1589	1169
1173	47	43	18
1174	48	32	20
1175	14	10	8
1176	518	331	184
1177	136	123	61
1178	317	251	175
1179	10	6	4
1180	30	16	11
1181	231	160	70
1182	1	1	0
1183	132	81	43
1184	131	112	53
1185	41	28	17
1186	915	663	339
1187	3878	3500	2674
1188	219	145	106
1189	134	110	64
1190	9	26	9
1191	49	49	38
1192	500	392	213
1193	276	215	117
1194	62	47	14
1195	17	14	17
1196	89	174	46
1197	0	0	0
1198	33	31	15
1199	80	147	48
1200	47	53	22
1201	114	78	38
1202	10	5	3
1203	0	0	0
1204	206	150	75
1205	796	714	339
1206	151	97	99
1207	516	477	179
1208	157	122	55
1209	1270	885	555
1210	1197	1065	831
1211	657	486	380
1212	459	373	168
1213	0	0	0
1214	0	0	0
1215	1589	1201	651
1216	224	172	111
1217	102	120	38
1218	4722	4167	3401
1219	4	7	6
1220	495	461	276
1221	0	0	0
1222	82	63	43
1223	69	62	26
1224	356	262	129
1225	202	153	46
1226	216	169	119
1227	393	332	232
1228	48	34	18
1229	371	266	132
1230	0	3	1
1231	1170	1020	718
1232	103	76	44
1233	142	137	117
1234	281	216	118
1235	444	452	202
1236	54	40	17
1237	301	213	114
1238	216	112	45
1239	44	39	20
1240	143	109	62
1241	65	41	29
1242	1046	892	591
1243	5	11	1
1244	0	0	0
1245	1	2	3
1246	47	26	18
1247	831	728	452
1248	67	42	28
1249	139	106	52
1250	215	204	81
1251	198	189	104
1252	315	246	154
1253	163	113	50
1254	26	23	12
1255	311	269	175
1256	0	2	1
1257	41	39	14
1258	82	68	28
1259	2877	2363	1715
1260	47	43	27
1261	126	84	42
1262	62	76	48
1263	141	118	66
1264	77	109	53
1265	1772	1588	1284
1266	750	543	313
1267	333	297	281
1268	39	39	24
1269	1588	1192	717
1270	269	250	91
1271	165	92	52
1272	56	44	19
1273	139	128	86
1274	30	26	12
1275	572	492	375
1276	63	47	28
1277	6	7	3
1278	912	738	382
1279	299	210	100
1280	830	671	514
1281	545	473	233
1282	1	2	0
1283	1143	1149	869
1284	37	28	14
1285	332	222	86
1286	250	245	117
1287	89	106	76
1288	288	191	175
1289	471	287	177
1290	84	81	73
1291	62	48	26
1292	135	104	71
1293	397	365	150
1294	29	25	28
1295	29	17	7
1296	78	68	44
1297	0	0	0
1298	1	0	0
1299	21	33	9
1300	105	126	75
1301	198	144	98
1302	219	190	115
1303	663	524	346
1304	337	266	180
1305	99	90	63
1306	915	921	821
1307	222	123	73
1308	894	919	814
1309	762	542	296
1310	566	671	251
1311	338	217	124
1312	384	316	187
1313	28	20	11
1314	14	22	19
1315	125	132	47
1316	318	325	163
1317	74	73	47
1318	427	315	162
1319	480	401	276
1320	203	201	106
1321	1200	1063	742
1322	42	31	19
1323	2041	2131	1572
1324	1780	1583	1336
1325	120	110	72
1326	121	134	58
1327	208	177	123
1328	167	123	64
1329	700	493	388
1330	162	155	81
1331	450	362	193
1332	160	127	59
1333	237	273	262
1334	73	50	52
1335	118	104	96
1336	170	162	75
1337	61	48	40
1338	378	257	183
1339	118	114	97
1340	388	324	235
1341	165	130	129
1342	155	84	87
1343	31	19	8
1344	152	164	115
1345	1081	1005	856
1346	90	124	102
1347	38	45	52
1348	9	10	9
1349	0	1	0
1350	0	2	0
1351	45	19	12
1352	42	53	34
1353	22	32	33
1354	399	323	179
1355	1	0	0
1356	442	377	224
1357	1334	1149	650
1358	39	16	20
1359	53	78	33
1360	192	116	72
1361	104	82	62
1362	484	315	197
1363	1002	825	422
1364	128	94	43
1365	112	65	63
1366	264	223	118
1367	73	48	27
1368	492	302	170
1369	160	153	117
1370	386	340	315
1371	412	351	171
1372	67	74	38
1373	8	12	8
1374	320	276	262
1375	437	320	189
1376	46	55	34
1377	28	45	12
1378	324	172	114
1379	943	851	468
1380	0	0	0
1381	209	141	85
1382	337	251	144
1383	689	573	408
1384	393	321	178
1385	218	198	123
1386	169	123	95
1387	869	688	495
1388	153	137	68
1389	444	353	194
1390	1117	866	466
1391	54	55	34
1392	1159	657	429
1393	81	78	37
1394	308	226	99
1395	0	0	0
1396	683	534	296
1397	3	3	2
1398	300	245	164
1399	83	106	38
1400	22	9	6
1401	105	125	96
1402	178	153	67
1403	0	6	2
1404	0	0	0
1405	140	132	90
1406	198	182	79
1407	125	84	65
1408	224	178	73
1409	110	94	69
1410	42	39	30
1411	59	55	27
1412	19	17	13
1413	277	275	90
1414	21	20	13
1415	13	39	11
1416	29	35	25
1417	434	329	261
1418	945	963	472
1419	262	177	65
1420	217	136	90
1421	241	158	104
1422	15	20	19
1423	12	16	6
1424	51	69	30
1425	44	33	34
1426	49	62	27
1427	17	13	15
1428	43	37	20
1429	106	88	52
1430	686	541	331
1431	363	345	132
1432	195	159	98
1433	2	1	1
1434	87	71	37
1435	147	164	74
1436	3	3	2
1437	0	0	0
1438	0	0	0
1439	2	0	1
1440	162	129	46
1441	66	69	28
1442	71	78	34
1443	285	286	121
1444	888	590	308
1445	3669	3503	3258
1446	302	272	193
1447	652	653	578
1448	391	272	155
1449	2	3	5
1450	0	0	0
1451	7	4	6
1452	369	220	134
1453	130	98	67
1454	261	223	138
1455	890	891	504
1456	351	293	151
1457	1	0	0
1458	280	165	95
1459	92	55	31
1460	140	114	72
1461	13	26	13
1462	109	67	45
1463	510	392	303
1464	773	645	377
1465	286	203	159
1466	51	39	20
1467	137	115	77
1468	64	44	55
1469	195	152	50
1470	48	58	31
1471	422	376	147
1472	232	152	69
1473	87	91	55
1474	65	58	23
1475	314	245	139
1476	115	124	69
1477	379	287	176
1478	1496	983	605
1479	377	266	175
1480	293	270	152
1481	641	465	274
1482	606	473	237
1483	408	241	143
1484	329	290	174
1485	59	47	37
1486	8	6	4
1487	0	0	0
1488	274	187	121
1489	961	968	676
1490	106	104	45
1491	0	0	0
1492	131	114	52
1493	77	62	32
1494	264	187	110
1495	32	23	17
1496	308	204	128
1497	241	239	135
1498	9	6	6
1499	132	86	55
1500	208	219	101
1501	347	244	177
1502	1107	1035	910
1503	371	320	221
1504	105	95	39
1505	388	352	257
1506	0	0	0
1507	4	5	4
1508	479	383	210
1509	308	242	137
1510	201	103	99
1511	242	136	63
1512	19	12	16
1513	244	217	108
1514	218	157	54
1515	397	280	174
1516	80	49	25
1517	77	64	29
1518	501	360	282
1519	0	0	0
1520	238	257	72
1521	108	72	29
1522	102	92	53
1523	617	465	354
1524	35	22	8
1525	25	9	7
1526	18	15	5
1527	228	158	99
1528	222	218	120
1529	45	36	24
1530	477	468	197
1531	344	271	123
1532	180	199	70
1533	350	224	139
1534	303	251	104
1535	402	351	216
1536	519	462	213
1537	19	17	15
1538	213	200	103
1539	1532	1166	851
1540	479	330	178
1541	391	275	154
1542	0	2	3
1543	0	0	1
1544	227	227	73
1545	1563	1206	720
1546	6	3	3
1547	312	234	126
1548	1	0	0
1549	0	0	0
1550	220	253	124
1551	640	483	254
1552	406	431	178
1553	107	104	56
1554	181	95	57
1555	366	361	163
1556	207	222	62
1557	2	9	3
1558	0	2	1
1559	131	122	59
1560	356	252	156
1561	162	154	99
1562	525	305	211
1563	427	288	171
1564	24	23	6
1565	206	176	62
1566	1210	892	509
1567	440	270	188
1568	1	0	1
1569	419	293	196
1570	272	233	117
1571	13	18	12
1572	1413	1315	946
1573	466	414	315
1574	44	27	26
1575	100	88	45
1576	108	75	36
1577	405	353	203
1578	280	198	146
1579	127	105	50
1580	997	793	447
1581	108	103	62
1582	0	0	0
1583	267	194	131
1584	707	481	331
1585	320	290	152
1586	69	77	41
1587	0	2	1
1588	2919	2352	1597
1589	5	1	3
1590	0	0	0
1591	32	19	15
1592	562	488	289
1593	21	18	9
1594	38	26	16
1595	140	105	74
1596	53	47	20
1597	115	127	74
1598	175	129	45
1599	7	5	12
1600	343	266	124
1601	336	317	184
1602	67	45	26
1603	787	571	285
1604	995	730	444
1605	179	130	85
1606	408	347	151
1607	2	1	2
1608	676	623	344
1609	387	359	309
1610	12	6	5
1611	2	1	1
1612	75	47	35
1613	156	152	65
1614	90	69	43
1615	478	445	285
1616	75	66	28
1617	2	0	0
1618	774	693	381
1619	243	182	115
1620	71	63	52
1621	334	256	144
1622	60	32	41
1623	41	45	15
1624	31	30	10
1625	1152	906	613
1626	174	128	73
1627	2	3	2
1628	27	15	13
1629	2228	1972	1361
1630	89	83	39
1631	236	231	158
1632	456	348	219
1633	519	432	329
1634	258	227	123
1635	57	45	25
1636	21	16	16
1637	130	99	90
1638	402	293	177
1639	61	41	25
1640	474	373	274
1641	672	595	341
1642	5579	5618	4985
1643	15	19	7
1644	565	451	316
1645	103	67	49
1646	169	114	91
1647	29	24	13
1648	787	675	481
1649	37	19	9
1650	2538	2329	1781
1651	231	164	68
1652	14	12	8
1653	676	481	205
1654	243	157	110
1655	915	801	421
1656	96	54	51
1657	202	130	72
1658	1369	1346	1132
1659	559	420	301
1660	15	14	5
1661	271	230	147
1662	356	264	166
1663	178	170	135
1664	219	138	116
1665	65	65	46
1666	0	0	0
1667	304	298	159
1668	18	12	8
1669	659	537	372
1670	548	422	257
1671	92	117	35
1672	334	303	171
1673	119	62	29
1674	284	304	128
1675	65	43	28
1676	282	212	88
1677	495	436	234
1678	943	734	448
1679	88	42	19
1680	765	544	281
1681	545	385	237
1682	260	208	124
1683	305	270	185
1684	548	402	253
1685	346	314	207
1686	99	78	26
1687	34	33	20
1688	58	54	30
1689	2	8	8
1690	26	23	25
1691	0	1	0
1692	13	14	11
1693	2	1	0
1694	2	4	1
1695	275	300	91
1696	91	59	38
1697	7	2	1
1698	1	0	0
1699	117	120	62
1700	411	383	198
1701	274	206	146
1702	403	356	183
1703	42	38	25
1704	555	478	304
1705	1136	1104	849
1706	1922	2022	1489
1707	280	205	165
1708	50	38	15
1709	199	139	105
1710	34	50	18
1711	7	6	7
1712	686	548	260
1713	173	161	62
1714	225	192	97
1715	422	286	116
1716	261	228	129
1717	601	617	275
1718	1703	1661	1491
1719	95	110	38
1720	183	155	58
1721	490	406	203
1722	0	0	0
1723	5	8	7
1724	134	117	72
1725	324	248	185
1726	60	59	41
1727	656	491	330
1728	332	408	142
1729	2924	2158	1494
1730	1	1	1
1731	200	140	74
1732	4	9	7
1733	964	762	428
1734	369	264	134
1735	492	316	269
1736	48	38	24
1737	146	92	55
1738	500	419	261
1739	196	178	125
1740	54	40	34
1741	988	795	465
1742	1	0	1
1743	303	207	110
1744	289	231	131
1745	199	251	79
1746	258	170	109
1747	145	149	57
1748	95	115	60
1749	75	93	54
1750	67	79	43
1751	703	618	212
1752	734	701	541
1753	138	159	46
1754	89	74	45
1755	27	14	11
1756	394	329	147
1757	331	238	139
1758	240	149	85
1759	233	194	118
1760	2	10	5
1761	910	724	528
1762	59	59	36
1763	22	9	7
1764	0	0	0
1765	2	2	1
1766	7	5	6
1767	1057	878	525
1768	1	1	0
1769	9	5	6
1770	904	635	369
1771	1375	1277	686
1772	157	137	71
1773	55	57	25
1774	261	183	104
1775	127	71	45
1776	533	485	300
1777	72	73	30
1778	1681	1379	736
1779	553	459	282
1780	498	393	298
1781	1698	1568	1165
1782	1665	1396	1069
1783	292	272	109
1784	784	594	303
1785	211	170	93
1786	0	0	0
1787	631	541	354
1788	525	386	148
1789	392	272	112
1790	131	121	60
1791	48	34	31
1792	84	74	29
1793	37	20	7
1794	80	44	18
1795	238	156	89
1796	368	370	197
1797	1462	1112	745
1798	304	193	102
1799	168	110	39
1800	73	43	24
1801	205	150	66
1802	87	53	24
1803	921	620	377
1804	214	168	74
1805	1313	967	753
1806	54	44	34
1807	646	392	250
1808	463	348	210
1809	1151	950	596
1810	276	203	86
1811	5	8	4
1812	346	291	97
1813	69	50	18
1814	315	242	152
1815	155	104	73
1816	117	125	78
1817	218	175	62
1818	149	156	87
1819	28	22	15
1820	154	86	43
1821	49	43	22
1822	813	653	390
1823	1065	829	626
1824	366	260	173
1825	7	16	9
1826	116	99	48
1827	104	69	44
1828	399	381	227
1829	49	51	41
1830	11	3	1
1831	186	214	84
1832	152	96	73
1833	10	11	8
1834	312	222	161
1835	919	800	443
1836	219	192	138
1837	560	381	231
1838	233	211	118
1839	97	75	46
1840	245	164	79
1841	795	505	279
1842	488	323	179
1843	271	149	62
1844	390	328	165
1845	88	99	24
1846	15	17	21
1847	367	212	165
1848	358	268	103
1849	4	9	2
1850	44	31	8
1851	1638	1491	1260
1852	108	77	51
1853	203	156	68
1854	5742	5875	5159
1855	132	103	70
1856	17	27	36
1857	32	18	5
1858	638	387	257
1859	61	44	35
1860	63	38	32
1861	450	399	292
1862	255	153	72
1863	83	72	39
1864	129	76	42
1865	113	81	53
1866	1092	804	435
1867	74	54	27
1868	2095	1849	1458
1869	12	13	7
1870	377	303	170
1871	222	171	89
1872	712	796	557
1873	189	148	55
1874	305	276	113
1875	475	466	234
1876	614	593	505
1877	914	768	587
1878	493	322	184
1879	282	256	119
1880	423	363	169
1881	1165	870	447
1882	606	559	346
1883	26	25	17
1884	70	60	37
1885	678	494	293
1886	493	421	207
1887	33	29	9
1888	14	13	9
1889	51	43	15
1890	133	81	45
1891	111	70	54
1892	13	7	4
1893	6	6	7
1894	925	770	632
1895	2	1	0
1896	208	145	98
1897	986	829	626
1898	93	65	23
1899	174	146	46
1900	19	22	7
1901	50	34	23
1902	97	74	36
1903	102	64	33
1904	1	1	0
1905	114	57	55
1906	223	173	79
1907	228	184	95
1908	343	319	78
1909	22	17	15
1910	20	13	9
1911	253	177	129
1912	244	167	92
1913	303	255	233
1914	223	178	131
1915	10	2	3
1916	186	123	71
1917	0	1	0
1918	596	483	314
1919	44	26	17
1920	448	286	236
1921	0	0	0
1922	644	628	396
1923	445	388	187
1924	434	371	226
1925	280	301	56
1926	512	382	226
1927	371	306	98
1928	593	409	255
1929	56	36	24
1930	2	2	1
1931	33	37	26
1932	470	356	213
1933	61	42	33
1934	778	537	368
1935	430	373	195
1936	145	102	48
1937	3	4	2
1938	0	0	0
1939	1676	1283	590
1940	22	19	13
1941	1640	1555	1109
1942	504	461	216
1943	49	33	13
1944	61	38	32
1945	229	159	65
1946	143	131	53
1947	313	303	99
1948	83	58	36
1949	51	62	26
1950	80	74	35
1951	72	78	25
1952	579	488	317
1953	5	1	3
1954	792	716	796
1955	2	5	4
1956	889	749	335
1957	0	0	0
1958	213	324	53
1959	1	1	0
1960	1903	1644	1252
1961	207	149	73
1962	412	319	104
1963	308	263	100
1964	248	198	97
1965	221	173	61
1966	23	34	20
1967	12	13	6
1968	32	25	25
1969	815	768	637
1970	305	273	139
1971	38	26	5
1972	30	31	17
1973	105	108	40
1974	78	86	35
1975	18	19	9
1976	127	108	27
1977	1599	1363	909
1978	523	459	223
1979	531	441	180
1980	0	0	0
1981	157	144	50
1982	530	379	217
1983	94	85	40
1984	75	73	54
1985	19	21	7
1986	97	64	48
1987	129	96	61
1988	11	8	6
1989	82	68	27
1990	148	108	83
1991	245	201	118
1992	792	680	305
1993	0	0	0
1994	1	3	2
1995	465	369	199
1996	769	576	320
1997	157	112	49
1998	598	336	240
1999	162	141	100
2000	576	418	201
2001	18	17	13
2002	169	92	64
2003	193	177	99
2004	409	276	173
2005	236	183	95
2006	223	169	95
2007	683	476	235
2008	338	264	160
2009	398	289	168
2010	141	118	62
2011	23	31	10
2012	911	537	390
2013	161	147	87
2014	332	312	200
2015	100	138	57
2016	41	44	25
2017	5	6	6
2018	5	2	5
2019	221	175	88
2020	138	143	67
2021	8	6	6
2022	209	182	110
2023	184	124	72
2024	508	463	330
2025	210	202	135
2026	569	455	317
2027	375	342	145
2028	800	635	362
2029	424	288	132
2030	65	73	41
2031	1738	1523	1094
2032	474	378	221
2033	240	208	93
2034	121	96	47
2035	362	293	186
2036	129	100	42
2037	39	41	29
2038	399	282	136
2039	578	473	226
2040	267	215	156
2041	264	231	148
2042	728	591	344
2043	193	203	82
2044	57	39	45
2045	87	78	30
2046	1	0	3
2047	136	113	56
2048	261	282	178
2049	995	847	417
2050	627	606	510
2051	142	134	55
2052	260	246	157
2053	313	259	127
2054	336	314	182
2055	0	0	0
2056	20	15	22
2057	184	150	93
2058	315	260	155
2059	356	354	165
2060	671	623	273
2061	189	123	89
2062	56	37	28
2063	1	26	0
2064	1	0	0
2065	59	38	26
2066	160	144	96
2067	1462	1210	710
2068	58	53	43
2069	65	63	24
2070	1	0	1
2071	0	2	2
2072	109	88	39
2073	264	211	137
2074	55	66	42
2075	432	240	156
2076	1	0	0
2077	342	268	98
2078	1	0	0
2079	85	67	49
2080	452	318	175
2081	78	78	51
2082	36	46	31
2083	57	47	37
2084	264	171	127
2085	225	127	83
2086	103	90	73
2087	1112	692	415
2088	53	39	25
2089	1002	948	588
2090	777	638	445
2091	475	374	159
2092	0	1	2
2093	1281	1273	943
2094	214	163	82
2095	15	30	11
2096	134	84	57
2097	27	28	27
2098	1	0	0
2099	100	71	36
2100	128	112	50
2101	299	234	158
2102	180	170	97
2103	444	318	251
2104	0	0	0
2105	72	58	39
2106	3	6	1
2107	1233	995	422
2108	138	82	48
2109	44	24	27
2110	0	0	0
2111	281	235	294
2112	0	0	0
2113	94	101	64
2114	284	209	90
2115	2035	1816	1547
2116	193	186	113
2117	170	135	43
2118	19	19	15
2119	1	0	0
2120	0	0	0
2121	0	1	0
2122	2769	2832	2385
2123	280	196	127
2124	125	136	80
2125	0	0	0
2126	71	73	39
2127	0	0	0
2128	835	551	270
2129	7	3	1
2130	35	24	13
2131	1044	843	389
2132	135	90	51
2133	801	666	389
2134	18	22	16
2135	0	0	0
2136	177	105	71
2137	399	274	84
2138	538	399	202
2139	363	323	169
2140	55	58	41
2141	2	0	0
2142	555	526	486
2143	139	122	44
2144	264	253	163
2145	123	92	77
2146	997	814	414
2147	39	25	17
2148	505	491	295
2149	48	37	18
2150	273	223	121
2151	103	81	60
2152	4	4	2
2153	54	53	30
2154	236	227	89
2155	520	443	209
2156	554	386	237
2157	49	54	36
2158	4	0	1
2159	3281	3015	2369
2160	40	45	28
2161	264	206	162
2162	341	372	126
2163	186	119	96
2164	391	426	291
2165	0	0	4
2166	40	31	19
2167	62	42	42
2168	67	65	50
2169	629	521	293
2170	352	287	148
2171	0	1	0
2172	3	0	0
2173	100	131	56
2174	138	136	49
2175	278	237	96
2176	85	71	39
2177	97	104	49
2178	14	13	5
2179	98	83	22
2180	51	45	22
2181	18	27	24
2182	39	36	30
2183	8	6	4
2184	52	50	35
2185	778	594	424
2186	63	34	19
2187	749	673	471
2188	179	155	63
2189	774	646	518
2190	78	70	41
2191	0	0	0
2192	191	140	98
2193	2	1	2
2194	6	6	8
2195	922	707	432
2196	145	146	72
2197	146	131	41
2198	345	261	114
2199	93	81	28
2200	17	11	7
2201	511	429	336
2202	9	6	5
2203	97	88	40
2204	14	14	10
2205	516	376	221
2206	3	7	0
2207	50	54	24
2208	156	133	76
2209	28	31	17
2210	2882	2275	1488
2211	0	0	0
2212	0	0	0
2213	113	95	49
2214	214	159	75
2215	139	119	46
2216	391	259	143
2217	174	161	84
2218	109	84	38
2219	195	132	78
2220	2750	2789	2103
2221	328	375	116
2222	192	186	82
2223	25	25	16
2224	56	47	20
2225	247	220	116
2226	332	239	169
2227	229	177	113
2228	10	9	16
2229	52	46	35
2230	172	145	56
2231	102	83	50
2232	7	5	2
2233	85	42	34
2234	257	274	108
2235	111	99	62
2236	4	5	1
2237	273	230	152
2238	1245	1130	706
2239	701	483	222
2240	99	88	51
2241	312	225	146
2242	174	109	60
2243	67	29	20
2244	192	189	153
2245	996	904	627
2246	95	95	50
2247	377	306	201
2248	406	417	234
2249	59	47	38
2250	81	62	30
2251	99	81	58
2252	172	113	81
2253	1	0	0
2254	6	11	7
2255	19	16	16
2256	210	195	107
2257	79	96	34
2258	0	0	0
2259	36	59	29
2260	287	300	177
2261	12	9	1
2262	34	37	9
2263	621	411	269
2264	90	47	22
2265	29	30	2
2266	187	163	80
2267	778	793	557
2268	937	789	450
2269	149	139	75
2270	165	156	82
2271	148	111	74
2272	459	374	229
2273	0	0	1
2274	176	158	109
2275	16	12	3
2276	268	231	188
2277	695	686	362
2278	93	80	23
2279	3	3	1
2280	181	223	87
2281	959	585	294
2282	193	253	50
2283	411	334	224
2284	110	71	51
2285	11	10	29
2286	97	60	37
2287	0	1	1
2288	47	53	22
2289	67	59	38
2290	1	10	2
2291	488	409	137
2292	325	209	126
2293	391	320	187
2294	271	192	107
2295	196	179	94
2296	308	244	143
2297	993	719	346
2298	83	61	47
2299	846	681	375
2300	456	358	186
2301	861	974	688
2302	20	15	8
2303	129	89	44
2304	0	0	0
2305	2	7	4
2306	217	125	73
2307	147	172	107
2308	359	282	120
2309	17	12	9
2310	190	154	93
2311	255	288	173
2312	29	17	20
2313	185	163	84
2314	282	248	103
2315	293	207	133
2316	412	373	226
2317	39	28	28
2318	2163	1778	1422
2319	1023	834	570
2320	644	608	297
2321	61	59	27
2322	1031	858	576
2323	16	6	3
2324	133	122	60
2325	2730	2755	2619
2326	9	15	13
2327	272	210	167
2328	6	7	8
2329	508	400	214
2330	207	179	115
2331	363	326	138
2332	166	213	131
2333	282	187	96
2334	1666	1478	981
2335	242	152	92
2336	1	0	1
2337	342	235	173
2338	191	143	72
2339	197	126	119
2340	72	93	56
2341	2	2	0
2342	190	136	84
2343	112	113	94
2344	207	187	78
2345	9	7	7
2346	55	37	40
2347	578	433	259
2348	196	183	131
2349	287	243	132
2350	291	333	325
2351	329	359	317
2352	33	25	16
2353	10	12	8
2354	2620	2612	2328
2355	96	85	47
2356	369	271	190
2357	4	6	4
2358	529	470	376
2359	1	0	1
2360	2	1	2
2361	149	140	93
2362	160	99	87
2363	30	36	10
2364	5	3	1
2365	155	120	98
2366	5	4	6
2367	1	3	4
2368	1	0	0
2369	569	420	314
2370	1506	1207	738
2371	405	304	194
2372	373	319	182
2373	423	371	144
2374	517	366	230
2375	105	117	59
2376	21	19	10
2377	2220	1889	1343
2378	528	419	264
2379	266	327	211
2380	150	91	80
2381	135	159	75
2382	527	487	195
2383	188	144	66
2384	6	1	2
2385	32	19	14
2386	0	0	0
2387	529	382	219
2388	5	4	1
2389	7	9	4
2390	1114	1017	503
2391	1167	952	577
2392	448	409	193
2393	74	65	56
2394	234	182	119
2395	16	9	13
2396	61	55	37
2397	33	28	27
2398	240	193	74
2399	164	110	60
2400	657	578	316
2401	744	475	239
2402	558	437	322
2403	15	17	12
2404	4	4	3
2405	0	1	1
2406	130	99	36
2407	77	51	47
2408	193	106	94
2409	209	155	94
2410	62	41	25
2411	225	152	81
2412	120	102	35
2413	444	347	227
2414	141	108	73
2415	72	80	30
2416	842	613	295
2417	4598	4790	4252
2418	132	111	87
2419	132	115	56
2420	189	184	112
2421	484	336	191
2422	117	115	33
2423	131	123	61
2424	119	88	57
2425	36	23	27
2426	210	230	118
2427	386	328	153
2428	223	201	101
2429	1286	1171	913
2430	655	514	192
2431	913	806	655
2432	91	88	46
2433	128	120	52
2434	65	29	30
2435	1	3	0
2436	139	145	44
2437	122	88	58
2438	56	49	25
2439	60	45	17
2440	543	362	250
2441	1	0	0
2442	2245	1762	1040
2443	242	143	98
2444	432	328	174
2445	15	7	10
2446	6	4	2
2447	9	7	2
2448	54	38	24
2449	888	637	431
2450	416	312	160
2451	114	78	41
2452	67	51	22
2453	56	60	28
2454	12	8	10
2455	128	125	82
2456	67	50	37
2457	289	291	156
2458	314	189	114
2459	469	381	253
2460	489	423	174
2461	1205	901	481
2462	186	132	77
2463	30	32	19
2464	1	0	0
2465	516	422	208
2466	20	22	14
2467	117	82	44
2468	262	154	78
2469	434	276	133
2470	55	59	20
2471	429	317	159
2472	24	11	8
2473	539	448	280
2474	104	66	60
2475	1	3	0
2476	325	265	175
2477	126	101	58
2478	270	182	108
2479	46	41	18
2480	430	386	141
2481	95	38	124
2482	527	426	228
2483	74	92	46
2484	53	41	7
2485	415	316	143
2486	1220	975	785
2487	411	350	217
2488	120	81	59
2489	1174	866	449
2490	346	270	189
2491	375	296	188
2492	154	164	121
2493	803	641	294
2494	29	42	18
2495	51	42	20
2496	139	117	70
2497	145	111	94
2498	996	739	470
2499	40	17	12
2500	173	183	137
2501	0	1	0
2502	10	14	8
2503	41	50	44
2504	72	55	32
2505	566	423	158
2506	200	170	114
2507	799	525	245
2508	713	514	372
2509	250	185	117
2510	0	0	0
2511	104	100	71
2512	552	524	299
2513	164	112	66
2514	56	65	26
2515	145	113	49
2516	540	417	239
2517	849	817	469
2518	104	88	75
2519	237	200	79
2520	517	387	218
2521	553	564	390
2522	27	20	16
2523	1096	857	431
2524	135	94	64
2525	24	32	12
2526	5	1	2
2527	65	44	22
2528	617	478	333
2529	63	67	47
2530	2	1	4
2531	108	108	99
2532	1194	915	667
2533	361	326	222
2534	0	1	1
2535	750	575	407
2536	218	194	90
2537	1103	773	458
2538	7	3	5
2539	1	2	2
2540	47	40	34
2541	94	71	54
2542	125	87	42
2543	2188	1994	1771
2544	163	123	70
2545	492	305	169
2546	28	23	13
2547	737	533	303
2548	714	588	429
2549	157	140	92
2550	557	516	314
2551	1505	1189	851
2552	0	1	1
2553	104	105	71
2554	183	165	81
2555	523	417	233
2556	167	174	77
2557	0	0	1
2558	620	636	293
2559	4	6	3
2560	739	638	421
2561	285	230	84
2562	7	4	5
2563	852	630	314
2564	806	656	462
2565	10	4	4
2566	15	19	7
2567	1687	1420	803
2568	3	2	0
2569	463	428	277
2570	334	177	103
2571	560	529	379
2572	792	614	313
2573	158	116	89
2574	74	85	19
2575	13	17	9
2576	85	43	20
2577	2059	1864	1664
2578	432	386	275
2579	926	794	495
2580	346	353	140
2581	8	5	4
2582	22	17	6
2583	87	111	46
2584	77	67	32
2585	122	113	34
2586	3	1	0
2587	58	41	21
2588	575	410	237
2589	251	169	102
2590	211	112	75
2591	123	122	60
2592	35	24	12
2593	65	104	53
2594	3	4	3
2595	102	80	37
2596	422	372	220
2597	69	53	32
2598	475	446	183
2599	57	84	31
2600	80	61	29
2601	6	2	0
2602	331	343	180
2603	32	34	29
2604	850	881	686
2605	9	3	5
2606	0	0	0
2607	18	12	15
2608	232	203	91
2609	396	379	176
2610	60	29	10
2611	14	13	9
2612	34	23	28
2613	3	7	5
2614	33	36	15
2615	36	16	18
2616	67	43	34
2617	64	47	32
2618	121	105	59
2619	2	1	0
2620	223	199	109
2621	470	489	417
2622	457	439	239
2623	52	54	32
2624	4	8	2
2625	0	0	0
2626	0	0	0
2627	22	21	17
2628	1	0	0
2629	172	176	90
2630	734	608	491
2631	5	5	9
2632	11	10	10
2633	134	103	63
2634	130	133	56
2635	128	105	35
2636	354	219	124
2637	80	46	36
2638	9	9	3
2639	38	37	25
2640	0	1	0
2641	170	177	83
2642	49	51	40
2643	488	417	252
2644	163	154	101
2645	109	75	50
2646	108	101	37
2647	8	7	4
2648	60	57	14
2649	376	314	168
2650	584	517	284
2651	212	290	130
2652	257	250	187
2653	42	43	38
2654	220	125	117
2655	72	49	63
2656	60	76	50
2657	262	255	104
2658	327	265	196
2659	310	261	122
2660	256	168	76
2661	44	54	24
2662	409	274	133
2663	229	161	87
2664	164	192	132
2665	1813	1571	1211
2666	73	64	21
2667	272	226	71
2668	160	78	47
2669	1	2	0
2670	36	30	15
2671	97	97	44
2672	23	24	19
2673	10	18	5
2674	165	122	101
2675	445	286	180
2676	12	12	4
2677	86	61	33
2678	111	98	63
2679	240	243	112
2680	0	0	0
2681	0	1	1
2682	88	67	60
2683	0	0	0
2684	62	33	19
2685	0	0	0
2686	0	0	0
2687	26	11	15
2688	737	715	344
2689	294	305	63
2690	190	129	77
2691	199	169	75
2692	91	83	28
2693	73	60	30
2694	51	34	30
2695	617	441	296
2696	111	66	40
2697	97	107	38
2698	107	113	46
2699	724	516	253
2700	0	1	0
2701	221	168	97
2702	1074	959	561
2703	177	156	56
2704	118	114	46
2705	130	124	51
2706	144	123	82
2707	513	366	147
2708	34	33	30
2709	81	78	67
2710	127	119	58
2711	282	235	124
2712	363	299	204
2713	987	855	600
2714	52	78	40
2715	177	115	129
2716	2	0	1
2717	15	13	8
2718	9	2	2
2719	52	36	20
2720	65	64	38
2721	2	0	0
2722	1697	1690	1473
2723	79	65	61
2724	810	796	563
2725	740	713	534
2726	5	11	3
2727	352	252	124
2728	139	94	61
2729	230	232	135
2730	1112	843	647
2731	0	1	1
2732	8	8	4
2733	183	125	64
2734	33	38	5
2735	7	0	0
2736	6	5	1
2737	306	250	135
2738	124	100	60
2739	59	59	44
2740	274	205	76
2741	322	219	134
2742	486	394	185
2743	1203	1003	625
2744	1	0	1
2745	114	69	45
2746	63	32	15
2747	298	219	190
2748	3	1	1
2749	152	148	73
2750	313	272	164
2751	61	56	45
2752	187	149	103
2753	192	155	81
2754	187	165	115
2755	253	180	121
2756	688	582	429
2757	0	1	0
2758	0	2	0
2759	125	107	57
2760	382	366	207
2761	6	7	4
2762	193	158	77
2763	2680	2611	2052
2764	499	308	145
2765	599	441	269
2766	74	50	35
2767	68	80	34
2768	540	503	310
2769	2690	2049	1505
2770	1	0	0
2771	502	417	169
2772	896	697	476
2773	49	40	16
2774	314	265	109
2775	86	66	35
2776	95	84	42
2777	22	16	6
2778	86	55	21
2779	1759	1545	1296
2780	1518	1587	1269
2781	141	99	58
2782	126	50	47
2783	3	4	0
2784	79	51	26
2785	1	1	0
2786	159	116	60
2787	36	34	17
2788	465	304	219
2789	119	129	49
2790	102	99	56
2791	61	49	39
2792	54	49	23
2793	2893	2547	2021
2794	630	490	324
2795	4919	4262	3297
2796	2	3	1
2797	553	531	247
2798	0	0	0
2799	197	179	127
2800	62	46	30
2801	1432	1102	493
2802	115	99	70
2803	207	160	80
2804	421	253	147
2805	76	47	24
2806	1058	725	465
2807	2518	2349	2229
2808	363	255	174
2809	1247	779	472
2810	450	300	215
2811	276	248	115
2812	123	69	48
2813	157	110	80
2814	138	124	49
2815	0	1	0
2816	30	26	11
2817	60	41	30
2818	1	0	0
2819	98	81	50
2820	1913	1766	1323
2821	255	274	85
2822	368	304	151
2823	2	3	0
2824	353	314	162
2825	443	417	268
2826	1090	825	451
2827	99	80	24
2828	17	17	9
2829	99	82	66
2830	2439	2417	2256
2831	785	738	562
2832	763	635	410
2833	0	0	0
2834	1402	1121	882
2835	117	92	55
2836	78	81	39
2837	262	193	107
2838	77	63	27
2839	69	27	25
2840	1190	971	591
2841	138	101	66
2842	15	12	8
2843	18	31	6
2844	366	249	97
2845	175	120	68
2846	3250	2940	2806
2847	106	63	47
2848	136	110	60
2849	5	8	10
2850	179	125	79
2851	409	384	93
2852	144	150	39
2853	349	195	89
2854	425	274	136
2855	189	173	57
2856	325	356	104
2857	32	49	22
2858	353	292	255
2859	195	139	69
2860	18	13	6
2861	98	62	41
2862	258	153	116
2863	82	75	20
2864	405	323	192
2865	361	285	212
2866	1	4	2
2867	263	226	87
2868	0	0	0
2869	2	2	0
2870	0	0	0
2871	982	894	613
2872	0	1	0
2873	373	253	113
2874	696	555	348
2875	1066	1156	642
2876	118	99	42
2877	683	504	219
2878	59	32	37
2879	0	1	0
2880	50	33	22
2881	138	114	26
2882	255	245	130
2883	90	100	40
2884	345	287	112
2885	7	7	4
2886	205	192	97
2887	0	0	0
2888	63	64	31
2889	111	105	54
2890	446	297	174
2891	267	261	172
2892	31	23	11
2893	183	123	62
2894	169	144	74
2895	112	106	50
2896	265	221	189
2897	203	150	52
2898	205	120	54
2899	313	232	92
2900	528	371	215
2901	4	10	4
2902	51	41	35
2903	168	125	54
2904	2437	2197	1657
2905	523	451	222
2906	1305	1054	698
2907	0	3	0
2908	133	84	49
2909	379	291	162
2910	447	330	193
2911	88	60	58
2912	175	120	51
2913	443	397	341
2914	113	114	55
2915	378	372	204
2916	194	172	56
2917	235	198	83
2918	6	10	3
2919	104	67	48
2920	0	0	0
2921	8	6	8
2922	91	72	30
2923	356	279	135
2924	62	63	18
2925	164	148	81
2926	237	182	79
2927	429	338	259
2928	82	52	30
2929	278	242	122
2930	277	231	151
2931	335	209	110
2932	565	499	345
2933	577	461	210
2934	29	26	19
2935	1318	1075	654
2936	43	56	37
2937	2	5	3
2938	378	364	257
2939	620	434	255
2940	672	560	393
2941	445	345	251
2942	140	98	57
2943	143	93	46
2944	471	392	216
2945	285	293	177
2946	476	422	359
2947	40	32	20
2948	300	216	151
2949	274	198	186
2950	22	31	30
2951	977	916	594
2952	0	1	0
2953	66	48	20
2954	47	37	15
2955	124	133	24
2956	209	208	81
2957	156	163	92
2958	77	87	43
2959	2	0	0
2960	439	350	222
2961	125	113	48
2962	547	442	193
2963	368	260	187
2964	120	95	45
2965	81	49	28
2966	470	330	149
2967	0	0	0
2968	18	18	7
2969	74	59	28
2970	82	99	34
2971	1177	1108	722
2972	270	236	143
2973	331	289	181
2974	13	8	4
2975	810	657	243
2976	159	136	98
2977	456	399	180
2978	59	40	18
2979	0	0	0
2980	1	1	0
2981	75	83	27
2982	146	97	64
2983	380	237	179
2984	304	220	153
2985	57	52	40
2986	300	293	194
2987	3958	4079	3622
2988	29	19	11
2989	348	333	196
2990	87	71	34
2991	162	140	111
2992	168	148	136
2993	2	1	0
2994	73	71	24
2995	258	177	90
2996	121	127	37
2997	106	70	28
2998	673	507	334
2999	249	155	91
3000	3117	2088	1760
3001	35	27	18
3002	16	11	14
3003	79	74	45
3004	882	575	415
3005	30	28	17
3006	59	23	19
3007	349	313	235
3008	67	52	48
3009	119	110	71
3010	59	42	36
3011	192	145	84
3012	258	163	71
3013	1297	1224	1006
3014	5	2	3
3015	294	219	121
3016	280	221	112
3017	63	79	37
3018	37	18	24
3019	348	270	172
3020	355	323	179
3021	0	1	0
3022	375	263	169
3023	297	247	149
3024	992	773	665
3025	377	315	117
3026	287	201	136
3027	386	328	167
3028	2712	2527	1788
3029	258	244	131
3030	16	11	8
3031	18	21	12
3032	179	98	64
3033	141	111	60
3034	170	107	93
3035	92	60	55
3036	159	114	68
3037	242	257	101
3038	1075	967	745
3039	936	763	480
3040	415	336	181
3041	1341	1299	1121
3042	39	24	19
3043	500	359	248
3044	69	53	28
3045	239	130	92
3046	232	168	115
3047	1326	1131	479
3048	319	198	83
3049	166	149	58
3050	593	471	359
3051	62	81	25
3052	45	39	36
3053	7	7	4
3054	375	310	156
3055	184	164	108
3056	44	43	34
3057	308	297	144
3058	210	165	92
3059	182	115	78
3060	210	169	91
3061	79	63	47
3062	383	247	184
3063	58	39	38
3064	218	180	141
3065	185	192	120
3066	55	47	38
3067	276	276	178
3068	743	550	378
3069	1	4	1
3070	64	102	49
3071	397	311	259
3072	163	134	62
3073	141	103	43
3074	304	217	146
3075	96	94	75
3076	89	84	63
3077	0	0	0
3078	70	73	46
3079	189	168	74
3080	18	20	25
3081	107	106	102
3082	26	28	21
3083	83	92	58
3084	202	217	135
3085	1	1	0
3086	30	36	20
3087	1393	1172	922
3088	151	170	137
3089	108	155	92
3090	184	175	135
3091	110	76	67
3092	577	523	306
3093	101	87	49
3094	16	12	10
3095	276	246	161
3096	3	4	3
3097	0	2	0
3098	124	115	88
3099	3	8	1
3100	6	4	1
3101	2	2	2
3102	984	821	660
3103	196	188	77
3104	283	264	188
3105	177	209	126
3106	95	83	45
3107	2	4	1
3108	79	61	37
3109	43	43	49
3110	604	535	405
3111	132	112	86
3112	69	60	47
3113	0	0	0
3114	204	179	67
3115	3048	2580	2002
3116	394	319	157
3117	1	0	1
3118	374	346	203
3119	439	392	190
3120	98	67	43
3121	208	238	141
3122	137	165	131
3123	89	56	32
3124	56	46	37
3125	579	448	241
3126	153	92	60
3127	202	173	127
3128	398	291	142
3129	504	365	206
3130	492	331	206
3131	200	229	119
3132	13	14	6
3133	1	6	5
3134	306	272	159
3135	521	405	235
3136	0	0	0
3137	132	95	54
3138	146	105	49
3139	1367	1148	683
3140	62	71	33
3141	0	0	0
3142	1175	736	525
3143	67	73	34
3144	459	399	209
3145	74	62	44
3146	322	250	188
3147	232	188	115
3148	7	14	6
3149	30	30	14
3150	390	346	143
3151	1	3	1
3152	643	502	324
3153	443	315	227
3154	89	77	56
3155	55	28	21
3156	170	149	54
3157	171	151	88
3158	273	262	126
3159	6	4	9
3160	2	4	1
3161	139	84	58
3162	183	124	62
3163	137	80	60
3164	439	375	195
3165	421	460	152
3166	70	60	11
3167	158	124	51
3168	361	349	89
3169	155	145	61
3170	12	15	9
3171	233	229	83
3172	1	3	1
3173	16	17	4
3174	172	110	65
3175	1199	987	862
3176	131	102	123
3177	25	26	14
3178	131	99	36
3179	57	50	34
3180	1347	891	605
3181	5194	5058	3973
3182	3	4	4
3183	256	261	165
3184	12	11	7
3185	180	122	75
3186	630	443	309
3187	454	513	388
3188	953	863	602
3189	7	4	4
3190	475	376	257
3191	26	15	8
3192	71	61	20
3193	34	30	39
3194	7	14	7
3195	143	126	172
3196	473	304	116
3197	37	34	21
3198	1	0	0
3199	858	615	288
3200	265	208	147
3201	5	6	5
3202	56	63	20
3203	42	37	32
3204	118	108	70
3205	169	169	65
3206	4365	4392	4114
3207	335	227	120
3208	373	319	165
3209	748	645	307
3210	137	100	43
3211	18	19	11
3212	32	30	20
3213	115	74	65
3214	798	512	344
3215	325	226	204
3216	11	28	5
3217	12	12	6
3218	771	631	289
3219	470	440	187
3220	266	218	125
3221	132	97	44
3222	1320	1054	685
3223	207	127	86
3224	55	45	24
3225	927	751	561
3226	303	218	96
3227	104	103	49
3228	1218	1177	885
3229	2290	2068	1391
3230	1160	925	540
3231	211	169	41
3232	109	84	63
3233	719	652	320
3234	195	157	57
3235	135	104	50
3236	129	144	112
3237	272	297	164
3238	229	224	227
3239	1408	1236	1006
3240	513	400	202
3241	59	40	19
3242	4253	4412	4182
3243	681	572	491
3244	205	181	148
3245	339	306	124
3246	128	145	45
3247	7	13	8
3248	331	248	91
3249	36	28	11
3250	198	137	80
3251	0	2	3
3252	33	31	14
3253	182	135	94
3254	199	173	90
3255	358	238	138
3256	683	586	340
3257	246	203	101
3258	213	138	80
3259	102	51	33
3260	0	1	1
3261	210	180	97
3262	248	210	100
3263	39	32	21
3264	570	550	353
3265	2	0	0
3266	541	404	216
3267	203	155	65
3268	37	51	28
3269	52	53	45
3270	81	65	33
3271	369	258	193
3272	688	596	446
3273	51	40	15
3274	43	26	19
3275	211	164	77
3276	98	77	57
3277	110	83	60
3278	284	242	134
3279	244	145	110
3280	17	16	9
3281	10	11	12
3282	326	249	117
3283	45	58	24
3284	5	3	1
3285	2	0	0
3286	8	11	7
3287	0	2	1
3288	8	6	5
3289	1	1	0
3290	0	0	0
3291	51	51	29
3292	442	280	166
3293	1907	1520	1147
3294	345	328	159
3295	762	587	342
3296	301	204	126
3297	351	267	102
3298	502	315	156
3299	60	34	27
3300	140	109	71
3301	32	20	25
3302	1256	1251	1053
3303	807	678	583
3304	212	162	68
3305	1203	1115	838
3306	206	184	111
3307	484	441	219
3308	105	65	66
3309	191	223	148
3310	46	32	21
3311	306	258	141
3312	58	51	38
3313	99	99	48
3314	121	95	44
3315	128	135	62
3316	211	205	106
3317	168	118	56
3318	65	61	30
3319	403	353	225
3320	0	1	0
3321	59	63	43
3322	6	4	5
3323	111	87	64
3324	409	352	249
3325	32	32	12
3326	49	41	34
3327	206	196	83
3328	234	188	62
3329	10	4	1
3330	52	45	17
3331	36	30	29
3332	294	270	127
3333	102	61	32
3334	145	94	77
3335	65	36	18
3336	49	29	15
3337	2	2	0
3338	162	126	66
3339	125	106	49
3340	831	670	444
3341	1196	1062	513
3342	342	205	118
3343	1	0	1
3344	1367	978	524
3345	94	83	47
3346	210	172	129
3347	199	175	114
3348	1677	1459	1090
3349	453	286	167
3350	369	424	251
3351	154	122	71
3352	114	116	42
3353	0	0	1
3354	806	749	562
3355	105	89	46
3356	251	242	119
3357	686	678	420
3358	930	661	533
3359	35	23	14
3360	16	15	18
3361	126	123	68
3362	671	435	237
3363	136	115	62
3364	73	56	40
3365	116	135	143
3366	1270	798	415
3367	401	379	112
3368	3	1	1
3369	715	582	264
3370	528	436	224
3371	175	201	101
3372	85	75	31
3373	271	229	134
3374	6	8	6
3375	129	133	46
3376	455	403	220
3377	61	61	39
3378	31	25	22
3379	443	378	360
3380	93	70	41
3381	903	662	344
3382	717	515	351
3383	320	276	211
3384	13	4	4
3385	0	0	0
3386	231	214	55
3387	75	55	29
3388	0	0	0
3389	231	193	73
3390	327	350	185
3391	21	11	10
3392	189	145	111
3393	881	591	431
3394	139	94	60
3395	779	514	270
3396	8	4	1
3397	967	764	416
3398	325	266	130
3399	0	1	1
3400	0	0	0
3401	0	0	0
3402	0	0	0
3403	0	0	0
3404	4	2	2
3405	15	11	10
3406	32	25	19
3407	20	14	11
3408	426	298	176
3409	357	220	168
3410	1	3	1
3411	353	329	129
3412	497	363	208
3413	365	265	140
3414	96	70	40
3415	1	0	0
3416	22	12	17
3417	27	24	16
3418	202	136	71
3419	11	11	4
3420	236	223	138
3421	140	106	53
3422	392	265	112
3423	162	99	44
3424	0	2	2
3425	177	172	141
3426	404	313	114
3427	225	155	76
3428	681	489	291
3429	50	47	22
3430	24	15	8
3431	492	346	227
3432	174	105	44
3433	219	151	61
3434	95	95	29
3435	91	74	32
3436	29	32	19
3437	464	554	156
3438	38	31	25
3439	51	31	19
3440	311	243	102
3441	1766	1272	869
3442	1	1	0
3443	465	402	245
3444	5	8	5
3445	240	214	68
3446	140	128	59
3447	2	9	3
3448	1	4	3
3449	0	0	0
3450	32	30	19
3451	0	0	0
3452	0	1	0
3453	103	76	51
3454	702	495	328
3455	145	121	119
3456	171	130	87
3457	344	231	107
3458	11	8	3
3459	2001	1816	1414
3460	557	484	310
3461	129	106	57
3462	148	139	40
3463	22	10	3
3464	29	11	4
3465	113	92	35
3466	50	41	18
3467	24	26	21
3468	477	356	250
3469	52	38	28
3470	158	136	96
3471	21	19	7
3472	226	222	88
3473	208	155	76
3474	223	193	111
3475	252	225	141
3476	2224	1851	1204
3477	350	365	227
3478	213	159	77
3479	464	431	204
3480	0	1	4
3481	335	309	104
3482	42	22	17
3483	486	583	384
3484	0	0	0
3485	548	443	306
3486	195	133	47
3487	216	205	88
3488	1153	838	562
3489	33	30	20
3490	659	493	273
3491	32	21	17
3492	1932	1586	1280
3493	314	294	128
3494	336	256	160
3495	864	665	321
3496	10	6	11
3497	71	54	33
3498	258	205	75
3499	57	63	63
3500	1085	807	410
3501	487	476	303
3502	166	160	82
3503	56	43	27
3504	49	27	27
3505	25	28	8
3506	168	126	49
3507	337	265	107
3508	35	32	11
3509	1667	1262	1040
3510	168	162	55
3511	923	808	516
3512	435	383	205
3513	187	149	78
3514	118	108	53
3515	583	456	301
3516	376	327	202
3517	8	4	2
3518	113	82	83
3519	477	326	180
3520	859	591	311
3521	347	253	147
3522	58	72	34
3523	67	54	30
3524	84	46	23
3525	646	517	354
3526	7	5	4
3527	1276	970	761
3528	537	548	442
3529	153	116	61
3530	144	152	63
3531	40	36	28
3532	3	3	3
3533	70	63	50
3534	119	109	35
3535	43	35	16
3536	61	47	18
3537	217	169	89
3538	226	159	127
3539	466	352	230
3540	4	3	3
3541	254	215	87
3542	139	115	73
3543	1000	807	490
3544	93	59	40
3545	183	140	69
3546	399	326	212
3547	456	320	146
3548	1	6	2
3549	145	156	103
3550	223	149	110
3551	326	306	109
3552	362	275	176
3553	178	185	55
3554	0	1	0
3555	57	54	19
3556	157	102	55
3557	489	305	152
3558	494	443	274
3559	2	1	1
3560	528	412	167
3561	55	75	19
3562	1495	1029	772
3563	545	344	232
3564	187	147	158
3565	133	85	38
3566	338	247	192
3567	1014	740	291
3568	65	66	35
3569	111	93	46
3570	20	16	8
3571	228	186	145
3572	41	25	9
3573	450	331	215
3574	141	90	53
3575	136	103	42
3576	469	382	207
3577	185	169	68
3578	380	303	192
3579	1210	910	716
3580	19	10	9
3581	2017	1614	1082
3582	150	133	92
3583	12	15	9
3584	325	238	112
3585	0	0	0
3586	472	381	243
3587	213	181	98
3588	577	498	351
3589	45	55	40
3590	279	273	131
3591	200	159	81
3592	536	412	306
3593	255	192	91
3594	718	540	393
3595	464	344	212
3596	367	314	182
3597	19	12	10
3598	79	82	20
3599	649	513	251
3600	127	97	76
3601	395	376	175
3602	11	25	17
3603	117	113	60
3604	183	176	96
3605	8	11	9
3606	975	734	549
3607	19	24	16
3608	2	1	0
3609	4	3	3
3610	326	212	150
3611	243	220	161
3612	73	49	21
3613	285	182	119
3614	189	168	56
3615	169	100	63
3616	274	214	88
3617	0	0	0
3618	16	8	2
3619	164	132	102
3620	135	167	95
3621	53	35	17
3622	144	112	49
3623	54	40	40
3624	149	131	93
3625	258	221	209
3626	50	59	20
3627	111	67	38
3628	470	406	322
3629	84	58	41
3630	1	6	1
3631	57	70	27
3632	281	223	117
3633	819	666	417
3634	1980	1906	1460
3635	1290	1255	931
3636	52	38	21
3637	0	0	1
3638	7	15	10
3639	343	266	153
3640	260	226	127
3641	2	1	0
3642	1199	935	539
3643	0	0	1
3644	171	146	101
3645	84	57	31
3646	827	614	337
3647	35	27	23
3648	245	187	96
3649	17	32	19
3650	150	108	59
3651	0	0	0
3652	6	8	5
3653	304	299	214
3654	142	84	52
3655	0	0	0
3656	200	133	57
3657	1	1	0
3658	65	32	19
3659	734	532	346
3660	127	80	44
3661	663	565	278
3662	392	247	134
3663	65	42	31
3664	30	25	8
3665	53	68	73
3666	242	207	67
3667	74	54	40
3668	312	258	138
3669	1144	1021	626
3670	131	123	76
3671	22	15	7
3672	820	525	329
3673	1	1	0
3674	0	0	1
3675	8751	8948	8564
3676	1946	1665	1196
3677	503	388	169
3678	736	659	459
3679	1730	1249	817
3680	1	2	0
3681	0	0	0
3682	0	0	0
3683	329	265	154
3684	227	212	204
3685	28	17	17
3686	585	485	300
3687	186	135	86
3688	36	32	18
3689	1797	1494	1018
3690	86	80	34
3691	515	382	253
3692	583	523	295
3693	157	111	74
3694	20	21	12
3695	268	153	109
3696	822	548	411
3697	208	178	105
3698	203	163	76
3699	592	489	391
3700	24	40	18
3701	479	392	205
3702	20	19	12
3703	232	197	130
3704	87	107	143
3705	25	18	14
3706	0	0	0
3707	5	3	2
3708	0	0	0
3709	155	138	54
3710	312	182	99
3711	48	49	50
3712	24	34	18
3713	0	0	0
3714	0	1	0
3715	19	17	5
3716	0	0	0
3717	50	46	26
3718	0	0	0
3719	191	188	49
3720	1	1	1
3721	109	101	35
3722	757	601	409
3723	67	47	24
3724	697	544	281
3725	776	499	318
3726	594	415	267
3727	1879	1662	1214
3728	278	192	117
3729	353	257	167
3730	286	162	91
3731	40	40	40
3732	36	10	26
3733	11	8	4
3734	2108	2198	1845
3735	554	438	293
3736	35	20	19
3737	134	125	82
3738	87	61	41
3739	368	262	154
3740	351	316	283
3741	29	37	15
3742	44	75	32
3743	21	30	21
3744	201	162	121
3745	341	280	175
3746	46	61	34
3747	124	101	82
3748	330	281	163
3749	134	136	97
3750	282	241	214
3751	34	48	41
3752	1518	1394	1023
3753	18	11	19
3754	340	271	182
3755	26	17	7
3756	322	301	270
3757	124	117	75
3758	293	277	139
3759	189	168	119
3760	4456	4101	3086
3761	2680	2213	1412
3762	1101	900	499
3763	184	124	83
3764	7	9	9
3765	155	90	59
3766	24	19	8
3767	718	628	411
3768	117	80	61
3769	69	51	40
3770	111	92	47
3771	689	584	388
3772	1219	1070	488
3773	163	164	70
3774	435	362	249
3775	152	124	56
3776	105	77	56
3777	87	117	74
3778	211	218	72
3779	697	580	303
3780	381	275	154
3781	381	398	185
3782	177	152	93
3783	216	200	78
3784	101	107	79
3785	117	91	47
3786	2	0	0
3787	429	403	311
3788	269	236	125
3789	641	477	233
3790	19	18	11
3791	0	0	0
3792	0	0	0
3793	72	40	29
3794	320	204	78
3795	579	453	247
3796	97	56	43
3797	1414	1339	898
3798	0	0	0
3799	210	148	70
3800	171	111	36
3801	294	210	178
3802	40	58	17
3803	480	415	212
3804	391	311	224
3805	760	587	305
3806	256	235	193
3807	69	65	18
3808	259	259	141
3809	1	1	2
3810	12	13	13
3811	103	87	74
3812	144	117	74
3813	159	121	78
3814	173	106	60
3815	241	164	98
3816	276	234	137
3817	204	213	82
3818	0	0	0
3819	831	645	372
3820	228	248	122
3821	82	50	29
3822	5	3	2
3823	212	162	112
3824	1	3	0
3825	1213	905	540
3826	13	18	15
3827	292	196	131
3828	9	6	5
3829	81	61	40
3830	309	262	169
3831	688	546	287
3832	200	148	78
3833	249	222	132
3834	174	112	78
3835	1	0	0
3836	6	6	0
3837	6	3	4
3838	1098	978	475
3839	508	454	157
3840	75	84	53
3841	1149	866	484
3842	460	386	233
3843	72	62	26
3844	291	237	102
3845	52	41	21
3846	341	284	170
3847	12	27	5
3848	97	102	64
3849	43	40	20
3850	16	24	14
3851	605	491	298
3852	121	95	43
3853	157	119	76
3854	74	57	35
3855	280	237	74
3856	4	2	1
3857	83	71	34
3858	307	264	118
3859	137	115	73
3860	0	0	0
3861	54	43	21
3862	426	401	230
3863	511	312	165
3864	149	80	43
3865	51	43	24
3866	87	48	36
3867	204	166	48
3868	38	23	18
3869	149	122	58
3870	63	38	30
3871	237	169	87
3872	93	82	36
3873	20	21	9
3874	553	402	260
3875	28	13	9
3876	157	116	60
3877	164	165	78
3878	146	108	73
3879	173	173	75
3880	355	292	163
3881	571	413	198
3882	1968	1676	1281
3883	1	0	1
3884	120	80	27
3885	0	0	0
3886	7669	7643	6745
3887	19	32	15
3888	397	250	128
3889	184	131	86
3890	71	62	20
3891	459	308	152
3892	1260	916	597
3893	6	7	6
3894	122	85	40
3895	351	346	129
3896	913	872	416
3897	283	240	64
3898	241	196	111
3899	50	62	24
3900	89	89	29
3901	1	0	0
3902	204	174	94
3903	191	178	97
3904	229	188	115
3905	105	84	43
3906	363	237	137
3907	724	606	463
3908	130	93	60
3909	175	113	43
3910	165	131	99
3911	776	569	342
3912	22	18	5
3913	134	81	47
3914	7	6	4
3915	158	130	86
3916	60	46	32
3917	214	147	70
3918	152	108	69
3919	125	51	39
3920	583	497	353
3921	613	432	232
3922	406	386	134
3923	1	0	0
3924	127	132	101
3925	449	325	223
3926	272	230	125
3927	340	273	166
3928	153	151	71
3929	250	232	146
3930	168	100	53
3931	396	396	139
3932	250	145	112
3933	0	0	0
3934	352	337	145
3935	0	0	0
3936	123	82	61
3937	132	99	55
3938	8	5	7
3939	840	749	452
3940	909	778	430
3941	185	160	73
3942	0	1	0
3943	453	382	221
3944	13	7	1
3945	357	270	163
3946	17	13	7
3947	90	88	53
3948	483	461	263
3949	179	147	59
3950	105	93	42
3951	384	342	256
3952	0	0	0
3953	264	251	144
3954	91	105	111
3955	583	477	254
3956	25	19	6
3957	7	11	8
3958	401	278	120
3959	411	278	236
3960	308	239	98
3961	120	112	74
3962	53	29	19
3963	8	5	8
3964	387	306	112
3965	175	119	48
3966	95	67	47
3967	950	730	463
3968	144	130	87
3969	2325	1893	1156
3970	181	146	93
3971	85	89	55
3972	138	120	50
3973	284	228	134
3974	8	7	6
3975	825	651	330
3976	122	90	53
3977	60	45	41
3978	853	699	539
3979	653	613	219
3980	23	19	5
3981	377	300	161
3982	500	464	212
3983	346	287	141
3984	158	151	62
3985	1209	997	613
3986	516	473	220
3987	568	405	149
3988	57	47	12
3989	9	14	6
3990	256	173	105
3991	295	286	149
3992	114	76	33
3993	103	88	52
3994	96	56	54
3995	250	137	83
3996	259	326	116
3997	235	170	94
3998	235	181	99
3999	127	109	49
4000	0	0	1
4001	17	27	10
4002	205	142	78
4003	205	149	112
4004	767	557	377
4005	173	135	111
4006	1531	1221	866
4007	910	949	468
4008	98	53	25
4009	68	56	23
4010	53	49	50
4011	1138	861	568
4012	246	190	91
4013	28	21	7
4014	394	400	126
4015	99	88	72
4016	274	226	115
4017	706	514	265
4018	99	144	131
4019	39	27	42
4020	1	1	2
4021	22	10	6
4022	2999	2848	2670
4023	306	192	101
4024	136	94	55
4025	1002	851	338
4026	156	95	45
4027	130	153	84
4028	382	275	143
4029	875	645	459
4030	850	637	302
4031	254	169	113
4032	346	303	120
4033	99	99	76
4034	80	97	50
4035	493	333	176
4036	119	72	24
4037	0	0	1
4038	2530	1973	1626
4039	696	572	352
4040	129	150	43
4041	198	153	60
4042	26	37	12
4043	107	98	37
4044	361	258	179
4045	732	567	336
4046	62	70	26
4047	163	139	57
4048	123	135	76
4049	339	320	167
4050	334	268	105
4051	19	18	6
4052	38	27	15
4053	72	55	38
4054	385	304	123
4055	123	105	46
4056	30	34	13
4057	667	454	219
4058	227	251	143
4059	0	0	0
4060	91	66	31
4061	435	445	241
4062	1015	844	581
4063	194	139	50
4064	156	138	86
4065	148	111	48
4066	54	58	13
4067	622	437	209
4068	23	18	15
4069	39	39	17
4070	38	15	10
4071	11	9	4
4072	2	2	0
4073	114	69	26
4074	104	109	63
4075	10	9	9
4076	401	384	246
4077	12	6	2
4078	0	0	0
4079	33	25	13
4080	3	1	0
4081	259	200	112
4082	0	0	0
4083	65	48	26
4084	473	324	230
4085	526	495	297
4086	21	17	14
4087	164	164	95
4088	223	153	88
4089	121	80	40
4090	837	719	322
4091	167	148	80
4092	129	71	54
4093	1	4	1
4094	0	0	0
4095	1104	1259	1009
4096	0	1	1
4097	191	242	46
4098	199	168	52
4099	115	87	46
4100	228	191	109
4101	28	27	19
4102	87	82	39
4103	327	217	91
4104	360	286	107
4105	427	255	165
4106	1	0	0
4107	0	0	0
4108	390	304	119
4109	62	65	42
4110	304	275	127
4111	155	118	36
4112	97	79	51
4113	77	94	44
4114	88	92	31
4115	925	597	492
4116	60	58	37
4117	183	180	140
4118	5	7	2
4119	48	45	24
4120	61	66	43
4121	125	131	67
4122	10	16	5
4123	1	0	0
4124	0	0	0
4125	1	0	0
4126	0	0	0
4127	0	0	0
4128	0	0	0
4129	5	7	5
4130	308	365	286
4131	293	223	126
4132	887	625	301
4133	440	341	252
4134	80	86	58
4135	169	202	52
4136	39	65	33
4137	194	176	76
4138	148	100	70
4139	38	49	27
4140	1	1	0
4141	0	0	0
4142	0	0	1
4143	0	0	1
4144	319	287	154
4145	167	123	45
4146	207	213	112
4147	15	8	2
4148	0	0	0
4149	38	34	25
4150	0	0	0
4151	14	12	7
4152	354	248	163
4153	136	107	43
4154	626	478	207
4155	39	23	7
4156	149	177	84
4157	39	30	24
4158	877	818	539
4159	148	101	35
4160	1072	987	820
4161	691	585	298
4162	335	251	132
4163	40	15	11
4164	86	54	26
4165	1011	755	507
4166	35	27	17
4167	231	170	63
4168	258	145	80
4169	236	197	81
4170	3	4	2
4171	794	687	506
4172	107	97	57
4173	161	144	109
4174	444	367	251
4175	218	204	130
4176	442	410	238
4177	530	300	137
4178	669	671	275
4179	13	12	5
4180	3	3	0
4181	4731	4817	4193
4182	172	119	44
4183	211	126	54
4184	10	14	1
4185	7	17	5
4186	67	83	29
4187	39	28	28
4188	87	67	33
4189	231	171	85
4190	833	574	227
4191	389	320	196
4192	2	1	1
4193	3	5	7
4194	116	99	50
4195	46	66	24
4196	65	66	21
4197	2	1	0
4198	587	379	335
4199	216	165	120
4200	32	23	12
4201	216	140	116
4202	108	72	27
4203	129	148	47
4204	4852	5032	4785
4205	24	8	11
4206	168	119	60
4207	154	93	54
4208	159	165	51
4209	154	122	53
4210	76	46	52
4211	1011	874	616
4212	148	91	49
4213	126	87	48
4214	40	45	27
4215	91	90	67
4216	190	171	60
4217	0	0	0
4218	44	21	24
4219	151	130	55
4220	60	77	42
4221	2	2	7
4222	1296	906	603
4223	0	0	0
4224	765	440	300
4225	50	44	22
4226	656	574	294
4227	55	33	36
4228	130	118	86
4229	91	103	73
4230	183	119	116
4231	723	455	392
4232	424	281	201
4233	585	418	249
4234	479	412	221
4235	79	64	35
4236	167	112	78
4237	570	461	353
4238	79	66	75
4239	457	330	192
4240	648	605	445
4241	30	30	21
4242	257	213	154
4243	44	44	34
4244	34	28	28
4245	547	448	343
4246	749	593	498
4247	658	577	359
4248	325	292	212
4249	10	11	7
4250	0	0	0
4251	53	40	38
4252	14	12	15
4253	19	23	14
4254	146	176	136
4255	188	164	137
4256	316	239	166
4257	12	18	11
4258	539	450	324
4259	7	11	2
4260	304	235	148
4261	19	14	12
4262	1773	1262	675
4263	8	6	5
4264	100	104	88
4265	94	125	64
4266	86	76	45
4267	10	8	5
4268	42	47	31
4269	165	163	98
4270	244	222	155
4271	29	25	14
4272	1106	808	431
4273	477	379	218
4274	325	248	143
4275	217	168	94
4276	240	182	97
4277	1186	899	605
4278	260	212	106
4279	392	261	182
4280	41	29	26
4281	4139	3908	3264
4282	65	72	47
4283	166	147	55
4284	218	170	89
4285	167	154	120
4286	241	248	115
4287	344	299	143
4288	2269	2197	1783
4289	10	7	12
4290	1042	1024	847
4291	76	93	70
4292	122	115	45
4293	136	116	51
4294	192	118	94
4295	7	2	1
4296	84	54	33
4297	189	142	56
4298	1345	1079	641
4299	303	253	137
4300	186	133	88
4301	64	42	23
4302	425	317	185
4303	117	99	88
4304	11	8	6
4305	55	54	22
4306	523	428	410
4307	56	75	70
4308	233	163	90
4309	93	110	38
4310	139	96	45
4311	428	228	166
4312	60	54	17
4313	313	265	200
4314	0	0	0
4315	554	395	212
4316	2545	2517	2305
4317	215	142	111
4318	377	333	143
4319	341	323	173
4320	170	142	63
4321	55	56	32
4322	2	4	1
4323	356	315	218
4324	108	133	98
4325	383	333	148
4326	105	105	45
4327	31	34	26
4328	1321	1184	814
4329	115	93	54
4330	132	106	67
4331	91	64	31
4332	511	462	380
4333	235	199	91
4334	33	13	6
4335	350	188	118
4336	1782	1632	748
4337	457	439	177
4338	48	47	34
4339	30	38	26
4340	25	27	16
4341	70	72	37
4342	2	2	1
4343	5	4	5
4344	97	100	49
4345	139	132	63
4346	125	94	50
4347	1038	853	467
4348	12	14	6
4349	118	138	44
4350	18	37	6
4351	485	397	139
4352	518	371	215
4353	28	37	17
4354	2	4	0
4355	53	45	29
4356	226	203	110
4357	102	96	34
4358	172	132	65
4359	60	60	40
4360	138	86	40
4361	33	15	15
4362	7	5	7
4363	252	166	101
4364	261	247	161
4365	127	101	58
4366	263	230	114
4367	0	0	0
4368	1297	1159	917
4369	19	16	20
4370	34	35	13
4371	703	492	290
4372	72	59	31
4373	68	66	47
4374	116	86	52
4375	228	182	94
4376	2	2	3
4377	92	85	60
4378	168	125	51
4379	100	61	48
4380	1	1	1
4381	133	104	21
4382	240	236	101
4383	8	6	5
4384	21	28	14
4385	5	6	1
4386	10	14	6
4387	20	22	10
4388	8	9	4
4389	195	209	148
4390	307	233	123
4391	541	467	413
4392	381	249	128
4393	609	459	285
4394	1117	845	667
4395	142	146	55
4396	2514	2356	1722
4397	460	425	147
4398	1154	917	609
4399	2384	1873	1294
4400	5	2	2
4401	106	85	56
4402	729	586	503
4403	465	325	162
4404	210	188	112
4405	1	0	0
4406	120	104	70
4407	39	64	29
4408	225	160	129
4409	204	118	61
4410	1207	855	416
4411	76	67	37
4412	1	1	0
4413	124	133	119
4414	188	102	71
4415	105	79	50
4416	811	659	357
4417	132	120	80
4418	22	16	9
4419	106	119	35
4420	663	483	205
4421	181	200	96
4422	862	629	461
4423	236	186	95
4424	175	157	89
4425	16	13	18
4426	294	240	145
4427	160	162	41
4428	1241	1035	854
4429	411	257	149
4430	5	5	2
4431	5	7	1
4432	295	296	128
4433	54	46	37
4434	78	34	21
4435	577	442	272
4436	129	68	28
4437	753	467	291
4438	747	763	527
4439	522	404	176
4440	0	0	0
4441	96	62	25
4442	1659	1392	977
4443	4	5	2
4444	163	100	73
4445	152	92	49
4446	221	193	78
4447	172	124	79
4448	146	137	55
4449	43	43	36
4450	19	17	10
4451	9	13	8
4452	225	176	92
4453	596	417	232
4454	1086	985	749
4455	22	16	7
4456	1611	1133	842
4457	136	97	49
4458	79	55	38
4459	851	570	253
4460	26	27	13
4461	95	67	32
4462	206	171	77
4463	437	228	165
4464	677	588	480
4465	315	210	133
4466	550	474	189
4467	414	284	156
4468	394	369	271
4469	469	262	190
4470	12	11	3
4471	1315	1110	569
4472	119	130	32
4473	5	3	2
4474	153	90	48
4475	753	527	249
4476	117	70	49
4477	111	76	56
4478	438	379	263
4479	0	1	1
4480	259	240	111
4481	78	61	55
4482	74	40	39
4483	3	1	0
4484	46	37	33
4485	113	120	29
4486	97	96	45
4487	101	61	29
4488	291	321	182
4489	478	317	219
4490	0	1	1
4491	298	218	132
4492	539	300	166
4493	54	41	26
4494	3	0	5
4495	202	147	111
4496	44	20	9
4497	137	147	113
4498	0	0	2
4499	94	69	40
4500	276	303	191
4501	27	43	30
4502	45	30	10
4503	28	20	8
4504	322	302	104
4505	332	226	113
4506	74	66	35
4507	62	42	36
4508	293	180	105
4509	1	1	0
4510	512	479	260
4511	66	42	21
4512	223	182	113
4513	148	135	85
4514	328	316	134
4515	2	0	0
4516	162	125	41
4517	190	150	44
4518	187	158	76
4519	609	472	267
4520	104	86	44
4521	4	1	2
4522	174	144	62
4523	186	132	64
4524	233	201	121
4525	183	146	79
4526	14	10	9
4527	336	317	185
4528	79	65	25
4529	9	2	0
4530	70	59	26
4531	63	73	16
4532	1	2	2
4533	0	0	2
4534	40	79	36
4535	0	0	0
4536	370	354	234
4537	28	16	7
4538	762	509	308
4539	16	22	14
4540	602	442	237
4541	61	45	37
4542	1139	733	401
4543	27	14	6
4544	370	253	161
4545	712	543	208
4546	174	157	72
4547	145	128	49
4548	1829	1246	811
4549	2	6	1
4550	1036	795	492
4551	276	216	141
4552	174	172	112
4553	0	0	0
4554	370	318	181
4555	185	197	81
4556	70	55	40
4557	62	49	54
4558	147	138	52
4559	196	208	103
4560	652	455	270
4561	26	24	21
4562	1175	896	633
4563	1391	948	617
4564	694	573	264
4565	2112	1733	1413
4566	557	397	221
4567	90	86	40
4568	348	220	178
4569	430	336	149
4570	139	102	73
4571	430	404	201
4572	446	387	153
4573	31	28	17
4574	0	1	0
4575	0	0	0
4576	68	68	28
4577	10	18	6
4578	105	88	57
4579	926	878	331
4580	59	63	44
4581	0	0	0
4582	50	30	30
4583	12	6	5
4584	0	0	0
4585	31	29	16
4586	31	34	32
4587	38	19	20
4588	1707	1380	745
4589	225	140	93
4590	148	153	67
4591	13	22	22
4592	323	319	225
4593	43	47	33
4594	1622	1535	1118
4595	246	161	104
4596	8	8	4
4597	273	246	174
4598	2808	2445	1835
4599	64	52	34
4600	115	108	62
4601	268	185	84
4602	357	288	136
4603	320	268	58
4604	130	75	50
4605	97	77	59
4606	133	136	75
4607	12	6	3
4608	6	15	14
4609	4	1	3
4610	259	206	99
4611	531	359	280
4612	76	52	25
4613	362	303	160
4614	74	62	35
4615	355	310	203
4616	650	543	202
4617	295	294	204
4618	17	13	7
4619	247	174	83
4620	207	183	140
4621	16	18	14
4622	247	186	117
4623	0	0	0
4624	765	558	367
4625	63	71	45
4626	186	88	72
4627	417	366	203
4628	40	39	34
4629	272	239	80
4630	0	0	0
4631	1339	1184	473
4632	104	97	65
4633	197	148	81
4634	2	4	1
4635	289	254	114
4636	6	2	2
4637	224	160	94
4638	170	119	108
4639	53	62	42
4640	942	638	478
4641	88	79	61
4642	692	606	414
4643	183	173	81
4644	80	86	30
4645	4	3	5
4646	1170	917	410
4647	70	57	24
4648	409	358	245
4649	170	143	89
4650	138	142	42
4651	51	57	51
4652	0	0	0
4653	1	2	1
4654	277	364	337
4655	5	1	2
4656	74	64	27
4657	173	116	96
4658	134	98	66
4659	201	183	154
4660	1	0	0
4661	423	400	186
4662	28	23	20
4663	2880	2674	1993
4664	273	168	108
4665	188	166	99
4666	117	98	47
4667	1158	975	711
4668	326	231	161
4669	161	122	107
4670	39	46	35
4671	28	12	27
4672	39	44	31
4673	3	5	0
4674	182	144	118
4675	162	165	122
4676	629	569	388
4677	61	90	55
4678	172	108	99
4679	543	403	266
4680	57	80	56
4681	952	724	495
4682	212	194	84
4683	38	38	25
4684	48	32	38
4685	0	0	0
4686	142	144	116
4687	36	43	17
4688	121	74	65
4689	93	113	74
4690	134	107	73
4691	66	53	36
4692	1	0	0
4693	382	263	153
4694	374	315	115
4695	58	52	24
4696	99	66	41
4697	50	39	20
4698	126	96	70
4699	215	276	140
4700	367	326	93
4701	81	78	58
4702	0	0	0
4703	1	3	1
4704	111	88	86
4705	144	107	46
4706	487	328	213
4707	516	325	175
4708	413	319	213
4709	534	414	332
4710	519	392	252
4711	122	126	25
4712	84	80	49
4713	731	542	317
4714	214	161	147
4715	235	204	101
4716	168	121	62
4717	121	95	48
4718	466	430	352
4719	279	265	94
4720	10	3	1
4721	349	236	121
4722	0	0	1
4723	244	217	150
4724	2	0	0
4725	181	133	85
4726	1859	1494	918
4727	63	67	26
4728	1043	733	539
4729	97	86	72
4730	976	739	591
4731	50	35	24
4732	104	87	45
4733	94	71	57
4734	91	54	45
4735	1593	1424	1074
4736	8	12	12
4737	65	64	46
4738	160	129	86
4739	58	27	16
4740	1299	877	466
4741	187	152	96
4742	1241	1225	1076
4743	1398	1123	688
4744	1377	1160	680
4745	553	397	258
4746	80	74	58
4747	6	6	1
4748	228	169	79
4749	575	505	211
4750	191	195	79
4751	130	179	75
4752	189	208	81
4753	80	59	30
4754	280	251	176
4755	190	117	68
4756	64	39	25
4757	199	142	90
4758	1	5	1
4759	228	173	135
4760	162	114	56
4761	191	110	70
4762	207	123	74
4763	405	341	243
4764	236	170	78
4765	485	349	180
4766	1798	1741	1442
4767	162	103	57
4768	600	427	258
4769	1076	937	794
4770	0	2	2
4771	1	1	1
4772	525	395	243
4773	1546	1182	689
4774	68	68	41
4775	15	10	6
4776	0	0	0
4777	528	361	242
4778	13	13	5
4779	0	1	0
4780	27	18	12
4781	176	196	121
4782	31	20	9
4783	179	111	80
4784	42	42	15
4785	383	339	153
4786	350	277	133
4787	151	92	63
4788	130	66	55
4789	969	807	524
4790	278	213	109
4791	91	70	40
4792	372	275	149
4793	187	162	56
4794	231	183	75
4795	348	315	160
4796	191	134	66
4797	114	128	46
4798	31	17	6
4799	190	179	74
4800	43	39	14
4801	219	161	69
4802	520	421	211
4803	645	482	220
4804	960	688	408
4805	342	171	118
4806	9	4	5
4807	1561	1473	791
4808	212	213	72
4809	706	533	360
4810	266	202	85
4811	250	187	87
4812	92	105	73
4813	95	95	50
4814	182	151	82
4815	2	2	2
4816	809	609	370
4817	189	163	106
4818	56	36	20
4819	1117	858	456
4820	56	50	26
4821	501	352	173
4822	94	91	59
4823	175	79	48
4824	96	63	44
4825	1604	1298	1031
4826	1319	1025	789
4827	315	267	149
4828	25	17	13
4829	41	24	10
4830	2	0	0
4831	36	18	8
4832	98	48	34
4833	413	255	155
4834	1	2	5
4835	233	193	77
4836	32	20	21
4837	184	134	50
4838	235	175	122
4839	3206	2889	2414
4840	2418	2362	1845
4841	601	454	340
4842	473	379	200
4843	86	91	37
4844	319	264	151
4845	677	530	455
4846	143	76	54
4847	33	22	14
4848	167	107	111
4849	671	505	322
4850	11	7	3
4851	215	229	175
4852	332	325	100
4853	174	120	74
4854	187	144	77
4855	95	64	29
4856	307	220	159
4857	7	5	11
4858	0	0	0
4859	0	4	0
4860	82	85	35
4861	4986	4464	3717
4862	579	509	232
4863	148	173	72
4864	522	429	194
4865	0	2	0
4866	12	22	14
4867	25	17	11
4868	565	454	274
4869	332	326	177
4870	46	53	18
4871	0	0	0
4872	2	4	3
4873	199	158	135
4874	152	110	57
4875	138	113	59
4876	47	31	25
4877	123	108	77
4878	1	3	0
4879	8	8	5
4880	3	2	0
4881	0	0	0
4882	0	0	0
4883	0	0	0
4884	0	0	0
4885	23	30	9
4886	62	50	28
4887	96	86	38
4888	472	334	166
4889	709	636	430
4890	730	526	252
4891	228	173	88
4892	0	0	0
4893	13	20	9
4894	1062	932	702
4895	68	93	60
4896	41	41	47
4897	2	7	5
4898	91	75	57
4899	301	182	136
4900	183	114	75
4901	133	116	92
4902	158	119	92
4903	40	25	14
4904	1005	935	699
4905	0	0	0
4906	37	42	18
4907	210	200	65
4908	96	72	38
4909	186	127	79
4910	138	182	84
4911	1013	944	797
4912	287	267	292
4913	87	108	33
4914	795	725	531
4915	3	5	2
4916	76	45	30
4917	92	73	44
4918	231	159	130
4919	432	452	228
4920	694	506	253
4921	376	303	244
4922	605	468	290
4923	376	301	205
4924	148	153	138
4925	0	1	1
4926	668	547	346
4927	94	114	66
4928	415	356	180
4929	192	234	99
4930	0	0	0
4931	904	677	501
4932	384	289	229
4933	19	13	11
4934	340	320	195
4935	371	236	146
4936	573	412	141
4937	81	71	33
4938	239	223	121
4939	165	123	52
4940	147	98	55
4941	201	181	103
4942	1538	1278	808
4943	68	48	32
4944	22	24	18
4945	18	18	6
4946	92	100	52
4947	151	164	58
4948	572	416	262
4949	471	309	190
4950	6	5	7
4951	2	2	0
4952	553	397	230
4953	20	15	13
4954	16	10	8
4955	0	2	4
4956	248	184	101
4957	91	55	45
4958	57	54	40
4959	380	346	167
4960	139	86	32
4961	191	182	127
4962	24	21	33
4963	206	196	109
4964	2702	2587	2108
4965	78	70	31
4966	1028	752	544
4967	12	6	11
4968	10	9	5
4969	2	2	1
4970	33	25	18
4971	250	215	114
4972	1133	809	594
4973	10	8	2
4974	43	22	25
4975	168	165	116
4976	325	211	135
4977	295	200	83
4978	340	295	176
4979	387	329	212
4980	152	87	49
4981	224	175	61
4982	244	287	100
4983	34	26	17
4984	5	3	1
4985	5	8	4
4986	268	143	86
4987	222	208	123
4988	155	95	49
4989	54	50	30
4990	158	220	36
4991	574	473	188
4992	1	1	0
4993	7	7	2
4994	1610	1356	909
4995	26	31	14
4996	115	76	57
4997	568	427	272
4998	368	262	141
4999	880	569	337
5000	118	96	44
5001	171	151	61
5002	37	34	18
5003	2238	1884	1318
5004	859	813	508
5005	28	10	14
5006	10	2	2
5007	448	362	182
5008	27	24	12
5009	579	541	379
5010	293	259	92
5011	47	59	11
5012	69	51	25
5013	38	23	5
5014	548	420	220
5015	602	448	245
5016	960	766	532
5017	18	21	11
5018	131	114	87
5019	389	243	166
5020	2095	1772	828
5021	122	99	52
5022	120	105	52
5023	880	564	293
5024	1015	736	485
5025	279	180	89
5026	608	526	373
5027	150	110	79
5028	454	387	288
5029	445	321	200
5030	99	95	35
5031	104	85	27
5032	143	133	46
5033	180	156	51
5034	437	323	217
5035	841	811	605
5036	194	183	114
5037	387	297	218
5038	182	142	94
5039	10	12	14
5040	0	0	0
5041	0	0	0
5042	120	111	51
5043	337	258	143
5044	51	65	23
5045	26	18	15
5046	1466	1237	728
5047	205	84	80
5048	87	86	45
5049	3	0	2
5050	13	8	6
5051	14	18	17
5052	469	353	238
5053	343	323	139
5054	176	182	128
5055	1529	1243	812
5056	226	208	117
5057	4	4	4
5058	589	404	277
5059	73	68	61
5060	46	39	26
5061	52	64	52
5062	1087	1043	813
5063	44	40	24
5064	2	3	1
5065	19	18	12
5066	14	10	10
5067	13	19	16
5068	5	5	5
5069	191	174	99
5070	3	11	5
5071	57	85	29
5072	545	486	383
5073	425	323	140
5074	938	660	471
5075	22	53	23
5076	883	768	485
5077	252	260	122
5078	222	223	138
5079	56	73	36
5080	79	51	21
5081	35	37	24
5082	67	56	41
5083	28	29	21
5084	68	57	33
5085	225	166	105
5086	1045	992	824
5087	37	31	17
5088	18	15	13
5089	687	499	346
5090	130	158	92
5091	297	294	176
5092	594	444	304
5093	32	55	64
5094	173	133	71
5095	594	452	187
5096	0	0	0
5097	756	458	275
5098	1707	1488	1176
5099	395	258	128
5100	40	31	15
5101	669	598	325
5102	1206	916	596
5103	183	109	58
5104	0	3	2
5105	290	220	136
5106	933	790	511
5107	99	115	69
5108	57	31	22
5109	306	291	168
5110	316	297	182
5111	617	394	211
5112	7	3	3
5113	175	151	73
5114	373	234	161
5115	710	573	335
5116	911	830	586
5117	0	0	0
5118	36	24	23
5119	129	114	78
5120	382	308	138
5121	2285	1710	1061
5122	82	90	34
5123	104	85	53
5124	5	4	11
5125	2546	2167	1747
5126	131	90	58
5127	4614	4115	3140
5128	0	0	1
5129	8	2	2
5130	97	71	30
5131	677	483	232
5132	110	98	63
5133	25	23	16
5134	70	64	40
5135	1	0	0
5136	501	413	169
5137	109	67	43
5138	19	16	10
5139	590	590	523
5140	618	487	315
5141	39	19	4
5142	151	114	53
5143	18	30	13
5144	0	0	0
5145	49	40	46
5146	1041	1103	796
5147	74	65	18
5148	19	17	12
5149	36	50	25
5150	346	278	119
5151	828	692	509
5152	39	46	30
5153	1	2	0
5154	5	10	7
5155	750	451	306
5156	111	86	80
5157	378	208	146
5158	12	12	6
5159	125	84	57
5160	146	122	49
5161	730	567	308
5162	442	311	166
5163	205	168	79
5164	101	63	44
5165	505	365	220
5166	94	92	22
5167	150	144	56
5168	787	591	448
5169	95	75	28
5170	219	169	96
5171	299	225	114
5172	276	169	96
5173	344	315	245
5174	86	66	46
5175	48	25	14
5176	6	4	4
5177	156	136	99
5178	0	0	0
5179	226	161	90
5180	234	203	91
5181	0	0	0
5182	600	414	253
5183	346	329	153
5184	489	327	168
5185	956	725	493
5186	354	260	194
5187	509	343	258
5188	760	539	350
5189	3173	2863	2241
5190	2	4	1
5191	233	199	90
5192	71	40	28
5193	763	440	235
5194	126	95	52
5195	246	270	105
5196	764	722	540
5197	488	374	249
5198	689	499	267
5199	55	42	38
5200	499	466	395
5201	615	473	327
5202	111	101	35
5203	469	362	294
5204	455	374	216
5205	0	1	0
5206	1292	1088	745
5207	0	0	0
5208	479	404	182
5209	175	109	75
5210	151	177	66
5211	279	160	81
5212	309	366	121
5213	680	532	349
5214	121	90	41
5215	368	298	185
5216	727	829	660
5217	1	0	0
5218	0	0	0
5219	180	141	103
5220	211	131	79
5221	199	123	52
5222	337	283	149
5223	1686	1445	927
5224	181	141	84
5225	465	412	132
5226	143	126	62
5227	90	117	66
5228	434	392	262
5229	738	558	367
5230	1061	770	532
5231	412	482	178
5232	42	52	43
5233	32	21	25
5234	85	64	37
5235	2	3	2
5236	575	518	292
5237	0	0	0
5238	0	1	0
5239	1	0	0
5240	0	1	0
5241	27	22	7
5242	260	106	98
5243	294	188	82
5244	199	146	105
5245	36	34	20
5246	104	95	44
5247	204	195	164
5248	346	306	206
5249	243	123	73
5250	212	173	127
5251	916	848	422
5252	187	135	92
5253	96	120	86
5254	483	374	246
5255	157	197	107
5256	489	355	223
5257	10	16	7
5258	86	88	56
5259	584	381	243
5260	221	155	132
5261	194	170	111
5262	373	262	178
5263	9	7	9
5264	276	229	122
5265	109	110	58
5266	809	558	404
5267	340	265	183
5268	60	53	44
5269	99	114	56
5270	20	17	14
5271	125	149	70
5272	35	23	16
5273	0	0	0
5274	158	110	59
5275	0	0	0
5276	0	0	1
5277	54	51	39
5278	70	78	36
5279	446	433	177
5280	350	233	89
5281	315	189	145
5282	10	8	9
5283	437	252	169
5284	977	970	400
5285	99	71	59
5286	9	10	6
5287	131	131	75
5288	161	126	59
5289	229	203	96
5290	366	338	272
5291	445	364	243
5292	1336	1130	695
5293	531	406	294
5294	269	166	87
5295	787	687	355
5296	6	4	1
5297	164	115	81
5298	231	154	84
5299	15	7	7
5300	624	469	267
5301	119	55	66
5302	343	196	81
5303	167	137	72
5304	978	866	273
5305	448	282	188
5306	227	170	99
5307	163	144	72
5308	221	162	67
5309	225	218	79
5310	325	285	157
5311	319	282	130
5312	0	0	0
5313	520	379	182
5314	253	195	120
5315	0	1	0
5316	406	202	125
5317	30	27	25
5318	212	259	118
5319	297	254	220
5320	388	292	127
5321	1771	1583	1177
5322	176	128	90
5323	24	23	24
5324	294	338	126
5325	212	147	93
5326	2	1	2
5327	1411	1165	819
5328	28	29	12
5329	269	218	131
5330	81	79	27
5331	225	216	130
5332	2252	1750	867
5333	326	267	131
5334	46	42	29
5335	220	270	135
5336	206	173	89
5337	2843	2911	2515
5338	30	32	15
5339	256	223	85
5340	1696	1291	926
5341	168	151	78
5342	29	27	22
5343	134	112	66
5344	442	416	253
5345	241	146	93
5346	65	65	38
5347	157	123	45
5348	22	48	13
5349	452	295	181
5350	475	328	117
5351	1000	907	638
5352	116	107	46
5353	419	362	136
5354	188	227	77
5355	25	24	12
5356	693	669	316
5357	203	153	65
5358	223	192	85
5359	68	96	20
5360	23	18	9
5361	96	78	54
5362	1	0	0
5363	0	0	1
5364	571	483	224
5365	54	67	32
5366	161	85	95
5367	315	238	111
5368	161	126	81
5369	659	536	277
5370	180	106	72
5371	98	63	27
5372	64	47	24
5373	255	197	110
5374	169	156	53
5375	391	321	211
5376	52	53	46
5377	7	5	3
5378	3	4	1
5379	1193	738	396
5380	196	137	57
5381	5	2	1
5382	30	33	20
5383	279	201	129
5384	1	0	0
5385	211	210	110
5386	440	297	260
5387	74	91	32
5388	204	121	78
5389	67	73	31
5390	68	60	31
5391	72	66	46
5392	1	3	2
5393	619	437	253
5394	305	250	178
5395	19	19	18
5396	4	1	0
5397	181	127	71
5398	714	595	326
5399	80	42	32
5400	0	1	0
5401	788	737	465
5402	67	47	36
5403	286	198	119
5404	40	35	24
5405	425	363	271
5406	51	82	41
5407	188	167	58
5408	79	88	35
5409	618	447	219
5410	322	387	239
5411	6	5	3
5412	150	112	57
5413	69	92	35
5414	172	179	114
5415	111	120	31
5416	563	440	264
5417	64	93	19
5418	34	36	20
5419	144	106	48
5420	71	106	53
5421	2	0	4
5422	39	37	19
5423	500	435	183
5424	283	195	96
5425	125	94	58
5426	81	60	30
5427	262	228	117
5428	101	84	30
5429	123	97	35
5430	249	157	74
5431	39	59	17
5432	1056	676	555
5433	573	452	302
5434	687	537	276
5435	99	106	42
5436	38	33	29
5437	162	96	44
5438	492	396	230
5439	198	166	70
5440	102	85	75
5441	995	844	518
5442	1569	1483	1108
5443	2545	2460	2291
5444	311	267	168
5445	183	176	76
5446	453	372	280
5447	934	720	409
5448	9	11	8
5449	516	387	249
5450	1040	821	579
5451	610	529	373
5452	176	147	83
5453	1499	1301	899
5454	1343	1009	525
5455	1	2	0
5456	127	145	62
5457	1609	1244	762
5458	0	1	0
5459	42	49	31
5460	41	41	9
5461	44	33	21
5462	70	59	33
5463	935	807	596
5464	80	93	59
5465	314	215	103
5466	1164	857	667
5467	90	90	58
5468	951	701	478
5469	52	37	18
5470	865	727	552
5471	419	287	132
5472	2	1	3
5473	32	25	9
5474	12	6	7
5475	6	15	5
5476	494	407	246
5477	125	126	44
5478	29	27	9
5479	31	25	16
5480	53	70	29
5481	82	104	29
5482	4498	4526	4271
5483	127	114	75
5484	133	114	91
5485	6	2	2
5486	509	452	310
5487	353	260	153
5488	480	394	248
5489	539	531	285
5490	1285	1169	727
5491	349	355	164
5492	1	2	0
5493	0	0	0
5494	4	6	5
5495	0	0	1
5496	43	35	18
5497	316	310	209
5498	4	12	10
5499	68	59	14
5500	819	704	344
5501	4	8	9
5502	1814	1863	1458
5503	156	149	107
5504	65	55	21
5505	86	31	15
5506	743	497	358
5507	107	74	43
5508	21	34	15
5509	2435	2242	1855
5510	17	13	9
5511	40	20	20
5512	198	179	84
5513	37	53	17
5514	40	55	16
5515	184	134	80
5516	144	115	72
5517	6	17	10
5518	0	0	0
5519	261	253	75
5520	166	128	69
5521	317	243	162
5522	30	13	20
5523	100	71	37
5524	48	44	37
5525	0	0	0
5526	0	0	0
5527	0	0	0
5528	201	133	69
5529	40	22	14
5530	619	443	291
5531	4590	4136	3219
5532	75	58	48
5533	0	0	0
5534	480	323	125
5535	712	529	279
5536	283	194	105
5537	83	68	26
5538	27	26	13
5539	36	27	13
5540	2	7	3
5541	1393	1013	678
5542	0	0	0
5543	128	80	58
5544	130	94	71
5545	800	494	220
5546	152	157	125
5547	36	48	42
5548	135	127	59
5549	20	24	14
5550	469	489	260
5551	262	180	127
5552	692	546	381
5553	94	110	86
5554	355	214	155
5555	31	24	15
5556	81	94	70
5557	3	2	11
5558	455	347	212
5559	16	12	5
5560	107	85	38
5561	267	283	157
5562	48	21	20
5563	82	75	58
5564	83	53	35
5565	2288	1983	1416
5566	364	284	123
5567	63	38	26
5568	486	430	274
5569	290	223	110
5570	68	38	21
5571	0	0	0
5572	259	188	68
5573	281	232	103
5574	311	223	108
5575	125	118	21
5576	600	432	190
5577	1745	1331	834
5578	792	748	534
5579	11	25	11
5580	57	65	30
5581	176	168	74
5582	34	35	27
5583	387	340	214
5584	622	360	169
5585	349	254	115
5586	47	50	30
5587	195	152	63
5588	59	37	19
5589	1177	961	734
5590	530	476	360
5591	111	118	76
5592	153	167	55
5593	80	70	48
5594	57	54	35
5595	67	76	33
5596	995	677	400
5597	30	32	26
5598	121	144	92
5599	224	188	147
5600	0	0	0
5601	378	286	150
5602	172	148	53
5603	326	243	154
5604	222	148	105
5605	506	329	234
5606	182	161	96
5607	251	128	68
5608	59	44	30
5609	0	2	0
5610	1295	850	511
5611	214	197	103
5612	185	167	64
5613	265	164	119
5614	841	873	508
5615	139	96	63
5616	0	0	0
5617	82	66	27
5618	341	259	159
5619	634	509	266
5620	1327	1085	864
5621	225	133	68
5622	238	226	85
5623	71	95	49
5624	191	91	50
5625	13	8	5
5626	6	4	4
5627	25	24	34
5628	2	8	6
5629	185	120	77
5630	214	173	90
5631	2	0	0
5632	67	36	27
5633	434	290	168
5634	1214	1095	796
5635	15	8	5
5636	494	375	204
5637	191	185	52
5638	163	135	68
5639	201	190	48
5640	1	2	0
5641	337	289	158
5642	253	143	108
5643	892	735	595
5644	74	44	21
5645	15	10	4
5646	105	54	23
5647	114	138	57
5648	45	35	25
5649	16	11	5
5650	105	73	29
5651	78	77	47
5652	0	0	0
5653	116	89	36
5654	0	1	0
5655	66	62	32
5656	169	131	61
5657	28	24	13
5658	223	203	83
5659	0	0	0
5660	993	715	428
5661	73	86	57
5662	241	202	142
5663	191	190	94
5664	1168	835	445
5665	38	38	19
5666	228	215	75
5667	390	311	196
5668	1377	1198	886
5669	164	140	75
5670	524	373	153
5671	93	106	37
5672	1062	1020	742
5673	1023	963	768
5674	24	26	13
5675	149	117	40
5676	407	433	140
5677	22	18	12
5678	193	180	86
5679	0	0	0
5680	47	49	29
5681	504	449	200
5682	139	77	41
5683	74	63	32
5684	91	72	41
5685	108	112	79
5686	348	312	114
5687	81	84	52
5688	15	11	5
5689	0	0	0
5690	1340	1140	633
5691	1362	1329	1101
5692	68	56	35
5693	476	314	122
5694	152	140	37
5695	4066	3549	2897
5696	740	650	304
5697	46	36	34
5698	579	398	281
5699	343	336	190
5700	171	138	78
5701	5	2	5
5702	125	103	34
5703	0	2	1
5704	5	4	2
5705	465	412	343
5706	24	11	19
5707	21	23	13
5708	512	395	228
5709	334	230	142
5710	169	120	65
5711	874	607	390
5712	34	27	19
5713	815	733	492
5714	73	67	61
5715	21	12	4
5716	0	0	1
5717	72	55	33
5718	11	6	4
5719	35	16	26
5720	2	1	2
5721	197	164	72
5722	1285	876	518
5723	79	66	59
5724	149	107	67
5725	146	114	66
5726	354	248	159
5727	170	105	72
5728	155	124	60
5729	585	411	269
5730	985	917	651
5731	1819	1478	1063
5732	660	475	285
5733	400	370	154
5734	419	361	132
5735	149	137	92
5736	221	178	91
5737	49	62	43
5738	1	5	5
5739	82	78	36
5740	204	134	90
5741	124	136	73
5742	0	0	0
5743	78	54	44
5744	142	109	25
5745	117	116	38
5746	366	298	147
5747	706	561	282
5748	160	108	57
5749	1849	1764	1707
5750	182	158	65
5751	440	358	328
5752	437	297	189
5753	138	130	77
5754	9	9	5
5755	100	92	41
5756	16	14	11
5757	828	713	459
5758	243	233	118
5759	17	15	9
5760	5	7	3
5761	585	573	235
5762	105	101	89
5763	169	138	82
5764	132	198	72
5765	994	1023	840
5766	0	0	0
5767	23	34	15
5768	2	2	0
5769	82	51	22
5770	17	18	21
5771	203	217	81
5772	464	340	217
5773	58	40	28
5774	383	249	182
5775	327	280	143
5776	301	231	108
5777	0	1	0
5778	406	384	156
5779	429	359	149
5780	405	357	221
5781	44	39	13
5782	70	82	53
5783	447	345	220
5784	101	86	59
5785	67	65	49
5786	284	180	138
5787	122	94	55
5788	0	0	0
5789	5827	5548	4949
5790	1195	1035	662
5791	15	14	8
5792	1274	927	513
5793	194	178	104
5794	1533	1454	1177
5795	158	129	80
5796	139	133	67
5797	288	231	137
5798	28	28	10
5799	138	118	71
5800	1262	1057	780
5801	403	358	284
5802	22	4	13
5803	0	0	0
5804	116	73	37
5805	113	109	71
5806	204	160	106
5807	0	0	0
5808	44	41	27
5809	46	26	12
5810	698	500	284
5811	331	306	162
5812	1246	1242	1058
5813	293	253	193
5814	0	0	0
5815	164	179	103
5816	765	559	276
5817	192	151	77
5818	120	128	84
5819	200	166	82
5820	385	324	134
5821	879	578	418
5822	16	20	9
5823	134	195	104
5824	966	851	507
5825	352	202	174
5826	27	20	10
5827	42	36	16
5828	242	193	96
5829	72	66	43
5830	267	339	247
5831	647	527	301
5832	91	65	26
5833	159	129	103
5834	144	137	68
5835	645	483	334
5836	213	131	83
5837	103	80	46
5838	519	332	249
5839	187	179	98
5840	1022	845	524
5841	3	4	3
5842	225	169	111
5843	48	36	25
5844	57	32	17
5845	476	395	205
5846	6	12	5
5847	0	0	0
5848	63	39	42
5849	8	4	7
5850	96	66	30
5851	50	59	13
5852	104	103	54
5853	0	1	0
5854	96	115	65
5855	85	89	52
5856	248	225	114
5857	11	12	12
5858	734	533	349
5859	429	288	168
5860	388	281	194
5861	238	186	112
5862	153	125	49
5863	22	35	18
5864	553	473	287
5865	258	185	112
5866	7	6	3
5867	39	43	30
5868	1	0	0
5869	406	381	209
5870	19	21	21
5871	8	5	4
5872	104	61	21
5873	290	247	214
5874	19	23	14
5875	15	13	14
5876	375	406	232
5877	335	196	103
5878	90	93	48
5879	18	23	8
5880	147	117	42
5881	61	65	23
5882	0	0	0
5883	230	237	120
5884	256	206	117
5885	77	46	34
5886	17	28	21
5887	452	342	179
5888	318	227	123
5889	1298	996	605
5890	332	338	215
5891	134	121	78
5892	2	1	0
5893	18	11	6
5894	2239	1818	1115
5895	240	252	104
5896	1	0	0
5897	68	40	37
5898	1	2	0
5899	753	508	214
5900	29	16	11
5901	20	9	12
5902	253	219	106
5903	255	239	49
5904	41	52	23
5905	264	247	126
5906	344	291	142
5907	476	412	262
5908	146	112	79
5909	18	11	6
5910	41	36	28
5911	30	19	15
5912	174	137	70
5913	140	144	116
5914	147	94	110
5915	682	731	238
5916	677	671	392
5917	446	304	266
5918	427	323	186
5919	30	33	21
5920	14	13	5
5921	194	178	114
5922	5	7	5
5923	239	123	71
5924	5	7	4
5925	1194	890	531
5926	432	349	166
5927	95	82	26
5928	58	36	23
5929	326	307	161
5930	98	106	76
5931	836	742	485
5932	1183	1000	610
5933	331	324	93
5934	79	53	39
5935	64	65	29
5936	1	0	0
5937	247	200	94
5938	3733	2913	1859
5939	88	83	48
5940	199	149	85
5941	66	67	38
5942	188	158	81
5943	55	46	17
5944	0	0	0
5945	3644	3418	2991
5946	335	304	189
5947	220	194	109
5948	922	713	450
5949	284	194	116
5950	36	30	63
5951	199	204	100
5952	39	35	20
5953	172	119	81
5954	164	166	122
5955	824	494	319
5956	283	186	113
5957	495	404	363
5958	120	70	36
5959	79	58	16
5960	415	276	111
5961	803	660	427
5962	1887	1530	879
5963	53	38	35
5964	3	5	0
5965	23	15	11
5966	5	3	3
5967	0	0	0
5968	518	319	211
5969	1095	847	551
5970	717	673	467
5971	108	126	44
5972	184	152	75
5973	51	51	41
5974	495	370	216
5975	456	355	193
5976	3	4	6
5977	0	0	0
5978	5	1	0
5979	454	317	193
5980	732	526	412
5981	409	270	175
5982	943	733	420
5983	0	0	0
5984	133	104	49
5985	610	463	322
5986	221	188	96
5987	125	78	38
5988	64	56	13
5989	170	144	66
5990	231	185	74
5991	694	586	290
5992	306	170	106
5993	842	635	462
5994	86	69	39
5995	110	103	46
5996	17	12	2
5997	46	31	21
5998	520	489	252
5999	540	436	271
6000	202	206	154
6001	261	249	137
6002	52	50	44
6003	209	187	120
6004	18	19	19
6005	129	130	106
6006	12	5	8
6007	70	117	34
6008	757	588	364
6009	285	247	105
6010	240	187	86
6011	1044	770	660
6012	234	160	153
6013	387	303	199
6014	106	77	42
6015	48	46	31
6016	279	190	150
6017	177	163	96
6018	87	97	67
6019	144	120	126
6020	0	0	1
6021	48	37	33
6022	12	6	4
6023	163	169	93
6024	119	99	46
6025	99	71	51
6026	217	203	124
6027	92	116	108
6028	441	351	273
6029	192	212	109
