	-30	-29	-28	-27	-26	-25	-24	-23	-22	-21	-20	-19	-18	-17	-16	-15	-14	-13	-12	-11	-10	-9	-8	-7	-6	-5	-4	-3	-2	-1	0	1	2
ALA_GCT	2521	2458	2487	2582	2522	2422	2535	2478	2275	2516	2469	2441	2465	2414	2410	2565	2439	2398	2525	2467	2403	2630	2482	2482	2556	2406	2489	2519	2571	2066	2582	1788	1951
ALA_GCC	974	967	969	940	967	888	978	1001	950	1013	979	968	1000	941	948	906	977	986	942	989	944	1072	1020	980	1012	974	981	1170	1139	853	915	720	765
ALA_GCA	1015	967	971	927	1002	955	1058	985	920	1132	1040	958	1130	970	958	1027	913	940	1076	1036	948	1051	988	981	1087	953	972	1076	1028	835	975	745	926
ALA_GCG	162	113	136	136	167	125	144	137	137	149	143	143	167	146	143	127	146	125	159	146	143	156	139	141	142	135	128	140	144	112	124	89	105
ARG_CGT	522	499	469	515	519	438	503	522	474	540	450	454	521	566	460	460	475	441	494	503	481	499	475	504	501	521	514	484	504	412	442	457	282
ARG_CGG	72	62	50	67	56	65	77	68	62	64	52	58	111	91	61	67	69	50	80	45	58	59	66	51	61	68	57	60	67	49	79	49	43
ARG_CGC	44	46	49	60	38	35	51	44	47	47	47	50	70	50	44	45	47	40	52	50	46	57	42	41	55	63	43	57	54	54	40	38	28
ARG_CGA	238	212	201	239	206	201	247	250	213	245	209	247	316	268	235	273	265	240	227	277	201	236	267	209	228	277	254	261	257	220	210	241	148
ARG_AGA	2629	2410	2372	2577	2540	2470	2553	2405	2429	2492	2486	2436	2549	2511	2479	2669	2378	2304	2479	2504	2348	2564	2491	2419	2581	2428	2277	2343	2370	2320	2622	2990	2131
ARG_AGG	172	184	181	187	169	165	193	169	148	190	188	166	200	185	181	200	211	191	208	192	170	172	205	173	189	183	169	196	197	178	209	141	115
ASN_AAT	2658	2601	2592	2586	2583	2502	2545	2653	2420	2592	2584	2306	2567	2497	2330	2655	2565	2367	2524	2443	2490	2557	2549	2436	2671	2548	2371	2611	2364	2541	3068	3344	2695
ASN_AAC	1397	1372	1391	1394	1458	1384	1391	1385	1401	1477	1374	1330	1413	1360	1395	1422	1416	1371	1371	1341	1308	1413	1351	1434	1476	1406	1362	1500	1360	1415	1696	1793	1465
ASP_GAT	3525	3462	3379	3543	3583	3407	3604	3580	3482	3542	3519	3326	3387	3484	3527	3550	3470	3401	3537	3650	3569	3618	3520	3458	3511	3353	3283	3432	3273	2970	3658	2982	3776
ASP_GAC	1206	1186	1168	1225	1114	1119	1150	1156	1108	1162	1178	1206	1163	1233	1101	1213	1196	1164	1206	1181	1121	1213	1331	1180	1190	1091	1129	1156	1142	1085	1241	1029	1348
CYS_TGT	519	480	464	550	526	509	533	512	507	527	529	469	584	546	496	555	505	490	501	538	536	481	536	495	504	512	531	520	551	531	512	530	311
CYS_TGC	63	52	57	58	50	74	57	68	63	68	62	67	75	62	72	67	62	65	68	63	48	80	79	75	69	77	69	64	67	62	50	84	49
GLN_CAA	2988	2957	2876	3047	2880	2854	2930	3017	2832	3068	2940	2812	2857	2851	2860	3063	3006	2801	2984	2914	2861	2919	2999	2826	3070	3143	3017	3113	2887	2821	2776	3652	3034
GLN_CAG	469	465	428	451	445	474	483	468	409	509	483	435	473	513	452	495	496	489	482	474	418	482	492	481	462	511	450	559	471	427	444	453	498
GLU_GAA	5108	5257	5103	5140	5216	5072	5287	5119	5199	5208	5081	5162	5290	5283	5165	5143	5106	5281	5172	5086	5029	5352	5120	5036	5317	4924	4953	4934	4956	4537	5113	4342	7327
GLU_GAG	1078	1057	994	1062	1053	972	1018	1051	977	1087	1064	1159	1113	1079	995	1072	1077	1021	1040	1094	1008	1042	1038	980	1068	1018	908	932	1016	886	996	864	1369
GLY_GGT	2572	2506	2381	2535	2477	2414	2623	2473	2477	2545	2448	2450	2605	2524	2442	2663	2685	2466	2635	2686	2415	2613	2609	2506	2622	2599	2517	2482	2607	2223	2036	2066	1620
GLY_GGC	259	259	237	259	262	237	274	249	280	287	301	236	279	280	253	273	252	270	249	252	253	309	272	259	253	272	263	272	310	246	181	243	202
GLY_GGA	951	972	863	913	866	820	893	912	806	919	970	860	987	965	839	931	954	811	955	949	838	894	946	971	861	893	827	853	905	801	659	737	742
GLY_GGG	392	424	369	396	400	383	403	423	382	406	422	370	411	398	375	456	402	374	445	389	384	438	436	384	421	445	400	430	497	450	295	259	343
HIS_CAT	921	898	812	862	877	835	925	878	817	882	881	848	878	872	795	953	962	814	849	889	796	872	920	861	936	959	814	887	803	784	871	1066	750
HIS_CAC	530	484	489	567	549	511	489	485	477	579	553	525	489	494	526	537	496	499	552	518	498	544	508	474	503	514	533	550	474	573	495	572	466
ILE_ATT	2495	2506	2516	2515	2506	2381	2517	2554	2548	2554	2382	2396	2484	2496	2377	2548	2451	2447	2510	2510	2419	2542	2492	2327	2590	2432	2439	2487	2377	2778	2985	2582	2507
ILE_ATC	909	932	904	1038	961	968	985	975	906	989	996	913	967	981	914	932	927	923	950	984	926	925	896	890	965	920	941	1014	934	1092	1062	863	1023
ILE_ATA	783	743	755	804	724	702	779	739	743	729	802	770	796	801	865	835	898	809	797	752	758	829	740	775	798	781	748	725	754	793	975	832	880
LEU_TTA	2361	2283	2272	2346	2416	2167	2437	2319	2262	2340	2346	2203	2342	2339	2172	2449	2246	2254	2388	2360	2255	2381	2319	2127	2314	2353	2178	2340	2538	2637	2417	2485	2164
LEU_TTG	2710	2784	2595	2664	2516	2635	2735	2653	2566	2646	2666	2630	2699	2690	2560	2606	2575	2551	2601	2551	2680	2539	2565	2621	2729	2728	2534	2792	2703	2762	2656	2287	1906
LEU_CTT	465	443	465	462	428	453	435	475	483	496	433	472	512	496	480	418	444	474	492	477	448	435	504	413	496	533	464	529	451	506	476	574	366
LEU_CTC	123	109	127	124	113	126	129	99	95	115	130	108	129	107	120	122	112	113	129	149	132	112	130	111	118	199	114	136	149	129	115	133	96
LEU_CTA	224	250	159	211	219	197	207	207	228	223	222	223	290	267	211	212	229	205	248	215	202	191	179	200	204	198	212	227	217	263	231	240	230
LYS_AAA	4586	4255	4292	4524	4428	4313	4521	4389	4337	4519	4522	4176	4418	4360	4343	4620	4339	4162	4505	4260	4130	4319	4345	4338	4425	4375	4167	4489	4290	4259	4841	5659	5574
LYS_AAG	1912	1896	1930	1919	1984	1957	2060	2085	1874	2027	2003	1926	2054	2014	1918	2060	2016	1853	2134	1927	1929	1995	1970	1892	2033	2045	1827	1896	1960	1872	2151	2366	2019
PHE_TTT	1522	1550	1400	1574	1498	1416	1569	1432	1447	1524	1481	1390	1439	1447	1509	1500	1481	1382	1462	1476	1431	1475	1548	1372	1410	1599	1431	1484	1587	1594	1466	1662	1227
PHE_TTC	1088	951	972	996	992	1012	990	1015	1012	1004	996	966	1037	947	987	1046	1001	962	1038	989	1021	1004	969	910	1027	1010	1015	1066	1181	1171	1008	1059	849
PRO_CCT	721	721	703	764	727	739	734	698	695	791	752	788	740	712	642	804	803	692	804	771	709	741	735	692	766	759	831	875	710	743	720	915	595
PRO_CCC	192	187	173	212	208	186	211	196	175	196	182	185	214	211	177	236	203	208	195	190	191	237	181	209	212	189	205	288	250	228	202	208	169
PRO_CCA	2044	2060	1945	1983	2009	1938	2029	1885	1961	2012	1979	1897	2102	2042	1913	2232	2103	2050	2181	2067	2031	2104	1996	1983	2128	2079	2040	2311	1952	1865	1854	2174	1970
PRO_CCG	157	160	131	165	148	138	162	174	136	151	160	154	178	165	151	168	160	145	215	183	157	187	153	173	167	140	160	193	147	174	165	168	134
SER_TCT	1558	1445	1426	1540	1405	1419	1610	1449	1526	1492	1569	1473	1547	1432	1510	1445	1429	1569	1605	1546	1515	1539	1560	1503	1527	1525	1557	1685	1601	1658	1433	1642	1184
SER_TCC	632	626	626	627	628	607	606	577	666	641	646	619	638	610	623	574	635	632	657	683	622	666	653	650	665	648	663	736	667	731	591	590	516
SER_TCA	1484	1522	1442	1577	1583	1386	1484	1628	1399	1556	1576	1541	1476	1551	1444	1513	1530	1581	1607	1574	1534	1615	1516	1452	1490	1524	1691	1602	1712	1470	1367	1575	1456
SER_TCG	364	362	346	370	394	386	340	376	395	371	396	363	380	362	366	368	346	379	392	362	352	418	379	351	381	368	377	384	389	364	364	340	273
SER_AGT	1006	968	947	1048	989	935	1032	987	946	1011	999	996	984	980	957	1019	998	926	1046	981	951	960	1039	987	1058	1034	972	929	1005	967	961	1164	682
SER_AGC	287	292	299	288	303	306	324	285	267	296	280	274	287	309	297	295	250	286	289	272	264	295	295	281	295	289	263	237	294	297	302	334	212
SER_CTG	183	189	183	180	178	198	186	193	171	170	175	155	235	181	173	189	178	158	175	192	221	198	184	185	195	192	183	182	179	180	217	169	125
THR_ACT	1912	1964	1869	1908	1903	1931	2016	1873	1903	1970	1889	1922	1882	1865	1851	1844	1920	1819	2021	1876	1874	1933	1874	1964	1950	1891	1870	1932	1911	1936	2241	2003	1992
THR_ACC	920	870	917	892	830	879	895	874	900	903	866	845	887	832	891	889	892	895	898	873	864	943	843	922	992	886	968	1003	916	957	1019	804	1094
THR_ACA	992	924	843	940	907	873	949	943	896	948	933	953	970	966	924	897	962	908	940	860	907	998	893	901	946	942	965	993	928	948	1112	965	1127
THR_ACG	218	240	189	220	179	217	207	187	201	201	204	200	221	206	200	229	201	199	211	197	212	198	200	202	243	195	189	227	176	213	244	229	165
TRP_TGG	577	592	539	590	590	528	551	585	579	619	586	613	680	609	581	566	622	558	606	596	591	608	592	563	637	604	561	604	587	648	559	432	468
TYR_TAT	1282	1272	1212	1393	1312	1216	1325	1252	1203	1375	1298	1231	1297	1257	1200	1223	1252	1169	1225	1269	1262	1270	1307	1207	1210	1284	1185	1332	1329	1481	1368	1568	1048
TYR_TAC	810	836	776	857	800	745	785	812	831	842	788	772	800	745	792	835	799	852	787	795	860	800	778	779	791	841	794	879	886	912	719	1042	732
VAL_GTT	2427	2384	2214	2427	2337	2338	2316	2345	2170	2174	2186	2247	2365	2308	2213	2299	2312	2368	2404	2327	2289	2509	2326	2253	2335	2250	2228	2256	2255	2154	2222	1576	2185
VAL_GTC	730	747	800	817	762	828	751	752	743	806	741	766	793	713	766	790	795	825	792	895	776	842	799	794	790	809	790	858	855	796	700	488	764
VAL_GTA	520	465	529	562	484	513	563	516	526	507	491	487	517	529	493	473	532	481	536	532	494	518	493	495	524	483	497	483	494	459	507	373	546
VAL_GTG	675	612	590	604	610	618	619	657	565	635	629	582	683	614	593	643	597	583	620	607	587	672	606	584	604	588	597	654	599	569	655	389	454
TERM_TAA	54	47	38	30	34	38	24	24	39	29	26	26	48	67	32	16	27	33	36	21	31	21	22	21	29	20	20	32	14	19	27	28	31
TERM_TGA	6	6	7	8	6	3	3	5	9	10	7	8	13	20	7	7	5	3	3	5	5	8	4	9	6	3	10	5	5	9	6	1	6
TERM_TAG	13	9	14	9	9	9	8	11	13	10	15	8	18	28	17	11	8	5	7	8	6	2	8	6	6	8	7	11	8	8	1	9	13
MET_ATG	1071	1068	997	1052	1059	1040	1063	1037	1021	1069	1011	996	1073	1086	1025	1004	1064	1021	1051	952	992	1078	1048	1012	1076	1071	1036	1045	1078	998	1327	955	874
