	-27	-26	-25	-24	-23	-22	-21	-20	-19	-18	-17	-16	-15	-14	-13	-12	-11	-10	-9	-8	-7	-6	-5	-4	-3	-2	-1	0	1	2	3	4	5
VAL-ASP_GTAGAC	3	5	0	8	8	2	3	4	8	7	4	7	4	23	3	8	7	5	2	5	5	7	7	7	6	6	4	7	2	4	8	4	2
SER-TYR_AGCTAT	8	2	5	4	6	7	7	4	0	18	7	5	10	25	17	7	7	4	10	4	8	8	3	6	6	9	5	6	7	3	3	12	3
ILE-LEU_ATATTG	27	28	24	26	26	39	22	17	36	48	48	46	42	106	28	25	11	24	37	31	26	34	31	22	38	28	37	54	47	33	22	34	22
ARG-ILE_CGAATA	2	3	3	3	3	3	2	2	1	4	1	2	3	9	6	4	3	6	4	0	6	3	5	3	1	2	2	5	2	2	6	0	2
LEU-PRO_TTGCCC	4	1	4	7	8	9	7	3	7	6	8	3	4	14	6	5	8	4	7	2	2	6	4	4	5	6	3	5	5	11	1	8	3
HIS-ARG_CATCGA	8	5	6	2	4	1	2	4	3	8	8	2	12	13	8	6	5	4	7	5	3	3	3	8	2	6	8	7	7	4	4	7	2
ARG-VAL_CGAGTT	7	5	7	3	10	4	9	3	3	5	3	1	4	13	8	7	5	2	10	11	9	4	7	3	5	5	6	4	2	4	5	1	3
LEU-VAL_CTAGTT	8	1	3	3	6	4	1	2	2	6	4	4	2	9	3	6	1	2	5	8	1	0	2	2	8	9	6	3	3	3	2	3	2
PRO-GLY_CCTGGG	2	6	5	14	11	11	9	4	6	6	6	7	8	17	8	4	6	7	6	6	2	7	7	9	8	6	9	7	14	5	11	2	2
GLY-ILE_GGAATA	15	6	12	9	5	8	9	7	14	5	14	9	14	25	9	13	15	9	13	16	20	12	8	9	7	8	9	6	9	10	8	10	12
HIS-GLY_CATGGC	4	6	5	3	7	5	5	6	5	4	6	9	8	12	4	11	3	5	3	7	2	4	4	5	5	7	3	1	11	3	2	0	6
TYR-ARG_TACCGT	10	7	14	9	9	9	12	13	14	13	11	14	5	24	4	10	7	10	9	8	10	18	14	18	6	10	9	10	9	9	9	8	5
GLY-ASP_GGAGAC	9	12	10	4	8	9	14	10	10	9	15	9	15	24	8	15	13	10	12	11	11	9	16	7	8	12	6	9	6	11	12	7	12
VAL-PRO_GTTCCG	2	4	7	1	2	2	6	4	1	4	2	3	5	8	1	4	5	5	6	5	3	1	4	5	2	6	2	3	6	2	3	3	2
PRO-ILE_CCTATC	3	6	4	10	4	2	1	2	5	3	4	2	10	10	1	5	2	9	3	7	7	4	5	2	6	1	5	4	4	4	5	4	5
ILE-GLN_ATCCAG	9	8	8	9	12	1	6	6	5	10	11	7	4	16	6	5	7	6	6	5	5	6	6	9	10	8	6	10	3	7	10	6	8
ARG-CYS_CGTTGT	0	6	4	2	5	1	5	5	2	6	2	2	2	8	4	3	2	6	4	2	4	2	4	7	5	13	3	3	2	2	1	2	2
ASP-LEU_GATCTA	7	8	2	11	7	6	9	4	6	11	5	9	6	18	5	18	11	8	11	7	7	12	6	6	6	9	13	12	5	8	7	6	8
VAL-CYS_GTTTGT	18	22	14	16	15	22	16	17	18	18	21	18	21	38	19	17	22	16	20	22	21	8	17	14	19	13	12	23	9	10	13	17	14
GLN-ARG_CAACGG	3	1	3	5	3	3	3	5	0	5	1	9	9	8	2	3	5	2	6	1	1	3	7	2	4	3	6	5	5	1	3	2	4
VAL-GLN_GTGCAG	5	5	5	5	2	3	4	4	1	4	1	1	0	8	1	2	2	5	8	6	1	6	4	3	5	9	4	2	2	3	1	4	8
ALA-CYS_GCATGT	5	6	5	8	7	2	9	11	7	2	6	7	6	14	4	14	8	10	7	6	5	5	2	4	6	14	6	7	4	8	9	4	2
GLN-ALA_CAAGCG	4	3	4	3	3	4	5	6	6	3	3	2	4	7	2	4	3	2	7	3	1	2	3	3	5	1	2	1	2	1	3	6	2
GLY-VAL_GGGGTA	6	11	9	4	4	5	7	5	5	7	7	6	9	14	4	10	4	5	10	7	7	7	10	9	12	6	4	1	3	6	6	3	7
HIS-VAL_CATGTC	5	6	7	3	5	9	5	6	5	3	5	0	12	12	4	4	4	3	5	5	4	10	6	8	4	4	4	6	11	7	5	4	9
GLU-GLN_GAGCAG	8	7	8	7	6	7	7	7	5	9	3	3	6	15	10	8	12	3	8	7	8	10	7	9	9	5	5	3	3	9	9	6	11
PRO-CYS_CCATGT	3	11	6	8	8	10	5	7	7	9	14	3	11	16	9	4	7	8	8	8	10	4	10	9	7	7	8	9	5	8	5	7	7
ILE-GLY_ATAGGT	10	5	4	14	4	4	11	9	11	9	9	9	6	16	9	11	5	7	8	11	6	6	9	5	8	5	4	8	9	11	9	7	3
PRO-ASP_CCGGAT	3	7	2	4	6	3	5	4	6	4	4	6	6	8	7	9	6	0	4	3	2	3	3	2	4	1	2	3	3	4	2	3	2
ARG-GLY_CGTGGC	5	3	7	2	3	5	3	2	4	4	1	5	3	7	4	7	3	5	1	1	3	1	7	2	4	6	5	4	3	0	2	2	1
PRO-ARG_CCTCGA	1	2	1	2	6	3	5	5	0	1	1	2	3	7	5	3	4	5	6	2	4	3	5	1	5	6	7	3	2	4	1	8	2
ILE-THR_ATCACA	13	5	7	17	14	13	15	16	15	11	12	14	10	25	14	8	11	13	8	17	13	13	10	12	11	13	10	12	12	11	15	9	13
GLY-LEU_GGCTTG	5	7	3	6	3	5	5	7	4	11	3	4	2	10	4	3	8	2	6	4	5	6	5	2	2	6	3	11	4	5	5	4	5
VAL-LEU_GTGCTT	7	5	1	1	4	5	3	3	3	4	5	1	6	8	3	3	6	6	7	5	3	4	2	3	4	7	4	5	2	3	6	1	3
TRP-VAL_TGGGTG	7	3	2	3	1	4	7	2	2	1	0	0	2	6	3	5	3	5	1	6	4	3	4	5	3	4	5	2	0	1	1	3	2
TRP-THR_TGGACC	1	3	5	0	3	2	4	2	4	4	2	7	7	7	5	6	3	7	2	4	1	5	7	3	2	0	4	0	3	1	6	1	6
GLU-CYS_GAGTGT	6	3	6	6	3	9	5	8	5	4	7	10	6	9	2	2	5	4	2	3	1	4	0	2	5	2	7	5	6	4	2	6	2
SER-PHE_CTGTTT	2	4	8	5	3	6	4	8	1	4	4	7	9	9	0	0	3	1	4	3	4	4	2	6	7	8	6	5	6	9	2	4	3
GLY-SER_GGAAGC	4	7	4	9	7	5	7	6	5	4	4	4	5	11	5	7	8	6	5	8	3	4	4	5	6	8	7	2	1	4	6	9	5
GLN-VAL_CAGGTT	12	3	4	8	8	5	6	4	0	11	6	6	9	12	5	5	5	10	7	3	6	7	5	6	4	7	4	4	7	5	8	1	9
ILE-SER_ATAAGC	5	5	5	2	0	5	5	6	2	2	3	3	8	7	8	3	2	3	1	2	2	4	5	3	3	3	2	4	2	3	5	1	4
LEU-VAL_CTTGTC	3	2	5	6	2	5	4	2	4	4	2	1	4	8	6	6	5	2	0	6	3	7	4	4	7	5	7	4	7	4	3	2	1
GLY-GLN_GGTCAG	4	4	0	5	4	8	2	4	4	2	5	5	1	7	7	1	6	3	4	1	4	3	2	2	4	6	1	1	3	5	3	3	6
LEU-LEU_CTACTA	0	6	1	3	4	2	3	3	9	5	5	4	4	6	2	2	3	3	5	6	1	4	0	2	0	2	5	0	1	5	1	3	3
TRP-CYS_TGGTGT	11	5	8	8	7	9	10	3	12	9	5	3	3	15	7	6	9	7	4	7	5	12	7	12	14	8	9	6	8	8	10	10	1
PRO-VAL_CCGGTG	5	4	4	0	3	5	2	7	1	10	5	1	2	9	4	8	3	5	9	2	4	9	5	6	7	3	8	7	8	3	2	2	2
GLN-PRO_CAACCG	8	3	5	9	5	9	6	5	5	5	5	4	10	13	7	11	9	4	3	7	3	7	10	8	9	6	7	8	5	7	7	6	8
GLY-GLU_GGAGAG	12	13	3	15	16	11	16	9	7	16	10	5	11	20	5	14	8	11	11	7	7	9	9	8	11	10	11	4	11	12	9	13	11
LYS-LEU_AAGCTT	4	5	13	10	6	7	14	9	10	15	7	13	8	16	7	5	7	11	8	8	9	7	6	6	4	7	7	9	9	12	6	9	3
TYR-ALA_TATGCG	9	4	8	4	3	4	2	6	5	5	2	2	4	9	4	3	4	3	7	4	4	10	4	6	5	4	5	4	8	3	4	5	3
