	-27	-26	-25	-24	-23	-22	-21	-20	-19	-18	-17	-16	-15	-14	-13	-12	-11	-10	-9	-8	-7	-6	-5	-4	-3	-2	-1	0	1	2	3	4	5
TRP-CYS (WC)	11	6	8	8	8	9	10	3	12	10	5	3	4	17	9	6	9	7	5	9	5	12	11	14	15	9	11	6	8	9	12	11	1
TRP-ARG (WR)	28	26	28	26	35	18	32	35	27	36	23	33	36	47	27	29	28	29	20	30	32	37	21	31	32	28	31	25	13	26	29	39	15
VAL-CYS (VC)	31	38	27	35	28	36	33	30	35	32	30	36	46	55	39	40	37	31	45	38	38	26	38	28	33	30	36	32	25	22	32	37	26
CYS-MET (CM)	9	8	5	7	8	4	4	7	6	12	5	10	6	10	8	11	5	6	7	3	13	4	6	10	10	5	10	10	5	4	12	5	3
TRP-TRP (WW)	12	11	10	14	5	16	13	15	14	19	16	14	18	16	11	10	12	7	16	8	12	12	12	8	6	11	14	6	10	8	9	11	7
TRP-GLU (WE)	32	38	36	44	40	41	38	45	34	52	39	51	38	56	38	48	38	45	31	38	46	41	53	40	44	53	40	51	22	27	45	45	40
CYS-LEU (CL)	47	47	57	52	41	61	49	43	48	46	40	49	60	67	66	44	49	59	42	70	44	45	49	55	46	60	53	33	54	25	64	43	41
TYR-ARG (YR)	113	78	87	89	88	85	102	103	83	93	77	88	109	129	87	104	88	80	71	105	77	101	113	88	107	101	97	93	135	98	130	104	81
PHE-CYS (FC)	35	23	24	25	29	22	29	17	29	23	24	20	18	33	18	28	21	35	27	34	26	19	28	19	23	27	29	24	30	19	19	22	17
PHE-TRP (FW)	16	21	21	25	16	26	17	29	17	24	28	20	22	30	23	19	26	19	22	26	23	26	25	34	16	23	22	21	24	27	27	17	15
PRO-GLY (PG)	142	152	148	159	161	148	161	149	145	146	157	145	204	210	156	189	170	155	189	178	145	179	160	156	195	164	171	168	180	135	139	141	108
HIS-MET (HM)	28	28	23	19	16	16	18	13	25	18	21	12	18	26	23	23	27	16	25	9	12	18	24	14	13	14	26	25	23	18	31	16	22
ILE-TRP (IW)	25	51	34	42	57	34	32	36	26	50	44	45	60	52	39	34	46	38	32	41	32	45	41	35	54	52	38	39	32	46	39	35	26
PRO-CYS (PC)	19	16	8	15	12	15	13	11	14	14	22	6	22	19	15	14	19	18	16	12	22	9	15	22	15	12	12	15	13	12	11	16	13
ARG-TRP (RW)	29	34	32	39	34	30	39	35	37	32	23	27	23	39	26	20	43	22	38	23	31	33	25	29	38	43	26	36	36	25	26	21	12
MET-HIS (MH)	18	26	17	21	15	21	17	21	15	32	23	17	18	25	23	13	14	25	24	12	23	16	13	21	22	24	24	18	23	17	15	21	14
ASN-MET (NM)	46	54	67	71	78	56	47	53	56	66	47	51	64	77	62	42	53	55	65	56	56	60	62	64	56	67	60	71	71	62	95	55	54
GLY-CYS (GC)	38	32	38	45	43	39	28	52	42	43	32	47	56	51	56	51	36	44	41	59	36	33	44	43	38	42	46	39	41	29	27	24	23
CYS-TYR (CY)	22	22	18	17	15	16	21	21	15	23	21	16	20	24	18	25	21	19	17	26	18	17	18	19	16	14	21	21	21	18	17	16	19
GLY-ASP (GD)	243	257	211	240	234	222	242	246	233	233	277	237	238	287	241	268	263	209	257	235	229	227	255	223	237	229	193	180	179	155	208	182	210
TRP-TYR (WY)	20	16	27	24	22	24	26	27	21	29	23	25	18	28	34	27	19	22	26	27	18	30	32	21	22	17	19	21	14	15	12	21	14
MET-PRO (MP)	39	43	33	60	41	29	43	45	36	53	50	32	33	49	36	41	38	42	42	41	47	40	23	37	39	34	32	71	34	25	26	36	31
HIS-TYR (HY)	40	49	28	58	38	56	49	45	42	62	47	38	39	56	44	46	45	32	42	46	50	51	48	36	49	38	40	48	67	43	55	44	27
CYS-THR (CT)	32	37	29	22	35	26	31	23	33	39	30	27	29	38	30	28	30	38	30	26	25	27	30	36	19	39	39	37	29	25	46	19	34
HIS-THR (HT)	72	43	63	64	56	54	77	69	85	63	53	55	51	75	55	48	54	51	69	53	62	71	71	65	43	49	57	65	69	53	73	53	73
ILE-LEU (IL)	347	333	325	313	308	321	328	316	335	343	343	360	331	394	290	312	267	281	305	282	296	315	317	294	345	324	316	408	354	430	300	325	261
MET-LEU (ML)	83	87	94	82	76	78	89	80	89	80	83	87	94	103	86	74	73	77	87	95	89	73	96	80	87	77	92	113	85	79	60	126	64
GLY-GLY (GG)	424	375	356	400	381	365	415	415	351	402	415	373	431	451	396	415	423	360	386	459	336	403	420	379	365	450	310	254	353	254	242	310	273
HIS-ARG (HR)	81	72	77	86	77	55	75	73	69	70	77	68	116	95	65	70	82	78	93	87	77	95	83	89	85	74	79	72	97	59	95	82	73
GLY-ARG (GR)	263	234	214	235	245	220	242	234	218	247	246	230	271	261	224	224	191	205	225	244	225	227	225	232	242	210	195	139	165	152	177	209	150
ASP-PRO (DP)	158	152	162	174	157	146	148	143	126	134	143	138	167	184	146	170	157	142	194	177	134	157	138	167	151	162	165	200	134	165	147	158	120
GLY-HIS (GH)	78	63	75	72	65	78	72	87	61	97	93	69	79	89	71	82	85	64	90	86	88	73	74	91	85	89	80	59	59	47	58	62	60
ASN-PRO (NP)	175	151	169	157	152	166	203	138	144	183	153	159	181	201	160	162	150	155	181	164	161	165	167	171	188	151	157	194	227	162	231	188	148
PHE-MET (FM)	44	41	37	52	36	39	50	36	45	50	31	34	41	50	41	44	40	48	34	39	31	48	50	46	46	44	49	43	44	45	52	36	32
TRP-ASN (WN)	42	37	25	40	44	24	42	30	27	37	36	33	28	39	30	36	28	30	33	24	31	34	36	36	41	23	30	38	29	28	40	31	30
GLU-GLY (EG)	253	248	240	243	246	203	244	280	264	280	260	253	280	292	272	269	262	240	244	255	253	294	249	243	216	248	234	241	236	328	209	182	153
PRO-GLU (PE)	246	249	216	248	216	233	257	214	234	230	256	215	254	286	254	267	233	241	235	256	231	267	252	261	281	232	233	210	288	197	228	234	308
TRP-MET (WM)	8	16	14	6	9	10	8	13	10	13	6	14	9	13	15	7	13	13	17	13	12	19	10	10	8	14	6	14	6	4	14	16	7
ARG-GLN (RQ)	151	149	159	132	162	143	149	133	134	187	163	127	153	173	119	141	159	115	153	147	120	143	147	132	149	162	164	136	167	124	170	182	139
ALA-ARG (AR)	232	242	205	231	242	213	248	227	239	216	238	232	245	272	236	280	242	226	245	242	255	274	244	250	283	236	194	238	148	169	225	241	176
MET-VAL (MV)	69	56	66	54	52	76	78	62	47	55	77	58	60	72	63	78	65	56	60	69	69	70	67	48	62	66	61	78	54	53	59	33	42
PHE-LEU (FL)	192	186	184	183	182	172	188	217	163	163	176	188	164	212	152	188	178	168	162	202	164	178	188	193	191	231	168	195	234	169	170	161	137
ASN-ARG (NR)	174	160	162	155	175	153	190	175	164	194	164	157	170	192	166	157	149	127	159	155	143	182	176	133	174	150	143	160	200	173	193	183	126
PRO-TRP (PW)	19	25	17	18	29	20	24	32	22	29	22	22	21	28	21	35	18	18	26	29	26	27	26	20	36	23	22	25	31	16	27	20	19
GLY-TRP (GW)	38	31	32	35	37	38	30	32	36	43	39	40	52	43	59	48	47	44	41	32	39	43	32	42	30	36	36	28	20	35	29	26	29
GLY-GLN (GQ)	143	126	125	150	143	162	143	170	174	175	149	157	149	175	150	155	155	150	145	161	162	147	146	144	135	178	149	159	156	108	132	171	137
HIS-VAL (HV)	91	70	71	77	74	74	94	70	71	79	78	79	102	88	57	95	95	67	59	68	74	75	64	85	66	56	73	64	89	67	76	50	113
THR-TYR (TY)	108	104	85	101	101	104	110	104	110	125	114	100	110	128	100	120	94	118	108	108	98	108	96	113	129	103	115	123	123	169	106	135	91
PRO-HIS (PH)	77	76	73	69	61	64	74	93	94	85	83	82	75	85	48	89	84	74	62	79	56	82	67	70	77	74	71	80	67	58	51	78	84
HIS-ASN (HN)	96	81	58	63	86	68	59	77	63	75	80	68	84	93	73	73	94	65	73	75	82	54	80	69	87	80	80	90	90	78	111	175	96
