	F0	F1	F2
0	1	0	0
1	3	1	0
2	47	48	56
3	55	56	47
4	11	17	9
5	4	4	7
6	1	1	1
7	10	7	6
8	20	14	10
9	1	3	1
10	17	13	11
11	10	29	41
12	20	11	4
13	161	158	150
14	1	1	0
15	155	168	122
16	0	0	0
17	0	0	0
18	14	16	11
19	12	18	13
20	3	5	8
21	4	5	7
22	0	0	0
23	8	9	9
24	0	1	2
25	3	8	4
26	1	1	3
27	37	37	31
28	5	1	0
29	0	1	0
30	0	0	0
31	9	5	8
32	8	2	7
33	2	5	4
34	1	2	0
35	3	2	2
36	2	1	4
37	34	26	29
38	3	5	2
39	1	1	0
40	1	3	3
41	69	67	63
42	0	1	4
43	19	29	26
44	1	3	1
45	4	5	2
46	3	3	0
47	8	6	7
48	2	2	1
49	16	13	16
50	17	22	28
51	2	1	0
52	28	39	42
53	7	8	7
54	9	11	4
55	5	2	1
56	0	0	0
57	45	37	37
58	17	27	13
59	6	7	4
60	0	3	2
61	1	0	0
62	8	2	2
63	5	2	2
64	7	4	6
65	0	5	6
66	7	8	5
67	24	28	25
68	1	0	0
69	1	0	0
70	1	0	0
71	8	2	5
72	12	19	12
73	0	2	1
74	4	0	1
75	0	1	0
76	14	14	18
77	0	1	1
78	1	1	0
79	3	8	5
80	2	1	1
81	3	3	2
82	4	3	4
83	3	1	1
84	10	7	4
85	80	77	65
86	0	0	1
87	9	10	9
88	45	43	38
89	3	2	1
90	1	1	1
91	19	19	12
92	4	4	2
93	12	8	12
94	16	17	13
95	2	6	5
96	5	3	1
97	16	25	19
98	9	8	11
99	0	2	3
100	2	0	3
101	36	31	41
102	13	12	14
103	19	15	15
104	2	0	3
105	6	11	6
106	5	11	4
107	2	2	0
108	0	0	0
109	3	2	4
110	0	1	0
111	5	3	1
112	0	0	0
113	0	0	0
114	6	7	3
115	0	0	0
116	0	2	4
117	0	0	1
118	6	6	9
119	5	6	5
120	30	44	38
121	1	2	1
122	1	0	0
123	120	130	141
124	3	11	9
125	33	39	47
126	7	2	6
127	10	6	3
128	1	1	1
129	4	3	4
130	0	0	0
131	11	11	7
132	2	8	4
133	10	3	10
134	82	72	77
135	8	7	7
136	0	0	0
137	2	1	1
138	49	28	30
139	3	1	2
140	5	4	6
141	41	42	36
142	6	4	6
143	6	3	2
144	79	78	74
145	16	16	13
146	0	0	0
147	0	0	1
148	5	3	3
149	91	92	89
150	2	0	2
151	4	10	6
152	3	5	3
153	11	5	9
154	52	49	39
155	8	12	13
156	2	2	1
157	0	0	4
158	3	2	2
159	0	1	1
160	0	2	2
161	40	37	29
162	15	11	14
163	1	0	0
164	3	6	1
165	2	0	0
166	1	0	1
167	4	4	4
168	23	22	12
169	8	5	7
170	3	4	1
171	12	8	3
172	1	4	0
173	15	23	17
174	43	39	51
175	1	1	0
176	0	3	4
177	0	0	0
178	0	0	0
179	0	1	0
180	0	0	0
181	1	0	2
182	3	1	2
183	1	3	0
184	0	0	0
185	2	0	3
186	5	5	6
187	4	7	3
188	0	0	0
189	0	0	2
190	2	1	2
191	2	3	1
192	1	0	1
193	19	14	16
194	3	2	1
195	2	1	1
196	0	1	0
197	0	0	0
198	1	1	1
199	7	3	8
200	0	0	0
201	26	13	16
202	1	0	1
203	32	23	27
204	18	21	17
205	1	1	0
206	1	1	5
207	0	0	0
208	6	8	8
209	1	3	1
210	1	1	0
211	0	1	0
212	0	1	4
213	21	17	16
214	37	30	29
215	0	0	1
216	11	6	7
217	0	0	1
218	5	3	5
219	7	10	3
220	6	3	2
221	139	143	163
222	17	19	16
223	3	4	1
224	5	14	3
225	241	203	191
226	2	1	0
227	1	3	2
228	7	3	5
229	0	1	1
230	1	2	3
231	0	0	0
232	5	7	11
233	0	0	0
234	0	0	0
235	6	3	3
236	3	6	3
237	24	16	20
238	1	1	4
239	0	1	0
240	3	2	2
241	5	0	7
242	1	2	1
243	0	0	0
244	0	1	0
245	0	0	0
246	0	0	0
247	15	15	15
248	5	8	2
249	0	1	1
250	2	2	0
251	12	10	12
252	13	9	4
253	0	0	2
254	3	6	6
255	32	14	26
256	0	0	1
257	14	11	7
258	15	16	12
259	2	17	5
260	0	5	2
261	1	3	4
262	4	8	2
263	4	1	3
264	10	7	5
265	1	4	1
266	4	4	5
267	10	10	5
268	5	7	8
269	1	2	1
270	2	4	0
271	0	0	0
272	4	7	4
273	4	1	3
274	0	2	0
275	0	2	2
276	0	0	0
277	24	16	25
278	88	84	101
279	68	63	58
280	1	0	1
281	11	3	4
282	23	22	26
283	21	18	14
284	4	10	10
285	52	49	55
286	11	18	14
287	26	40	25
288	4	4	3
289	19	15	17
290	0	0	1
291	0	0	1
292	4	7	4
293	1	3	1
294	0	1	0
295	31	32	26
296	6	6	5
297	12	20	18
298	66	63	65
299	12	7	10
300	1	1	1
301	3	9	3
302	6	3	3
303	0	1	0
304	11	30	25
305	24	21	10
306	5	8	9
307	7	2	2
308	1	1	0
309	2	1	0
310	4	4	3
311	36	30	33
312	82	63	73
313	224	202	205
314	14	14	7
315	1	3	1
316	5	3	2
317	15	30	8
318	1	1	0
319	6	2	1
320	17	23	16
321	4	8	4
322	0	0	0
323	2	7	7
324	3	2	0
325	5	1	7
326	3	1	5
327	29	27	31
328	3	7	1
329	2	1	1
330	7	5	5
331	7	11	10
332	0	0	0
333	2	2	3
334	0	1	1
335	4	4	4
336	4	2	2
337	6	2	0
338	6	10	11
339	0	0	0
340	5	4	1
341	14	11	7
342	3	3	3
343	44	26	19
344	4	4	1
345	7	4	3
346	2	2	2
347	0	0	0
348	10	5	11
349	4	4	12
350	9	15	14
351	223	284	304
352	2	1	2
353	1	0	0
354	2	1	0
355	5	3	4
356	4	3	3
357	16	13	16
358	2	3	0
359	0	0	0
360	0	0	0
361	2	1	0
362	15	13	12
363	1	2	1
364	6	12	10
365	18	15	12
366	0	0	0
367	12	6	6
368	0	1	1
369	1	3	2
370	5	3	3
371	0	0	0
372	1	0	0
373	4	4	3
374	43	39	41
375	0	0	0
376	0	1	0
377	1	0	3
378	2	1	0
379	7	3	6
380	12	3	7
381	0	0	0
382	9	18	12
383	37	54	54
384	0	1	0
385	0	0	0
386	0	3	2
387	22	12	20
388	26	33	24
389	1	2	2
390	14	16	16
391	32	49	41
392	0	2	2
393	9	13	13
394	15	7	10
395	10	20	12
396	0	0	2
397	0	0	2
398	31	40	43
399	166	154	192
400	0	0	1
401	4	2	8
402	45	32	55
403	1	1	0
404	6	2	3
405	4	1	4
406	4	5	1
407	7	5	7
408	86	97	76
409	32	33	27
410	2	3	3
411	14	17	18
412	2	0	0
413	0	0	0
414	4	3	7
415	1	0	0
416	2	1	0
417	5	3	7
418	13	10	14
419	1	0	1
420	5	1	4
421	5	1	6
422	3	1	2
423	4	4	4
424	0	1	1
425	2	1	1
426	2	2	0
427	2	3	3
428	0	0	1
429	14	12	12
430	22	37	32
431	53	57	75
432	4	7	0
433	4	6	4
434	0	0	0
435	5	4	6
436	5	4	7
437	7	7	8
438	0	0	0
439	1	2	2
440	1	3	4
441	0	0	0
442	7	8	16
443	1	0	0
444	0	0	0
445	5	4	4
446	18	18	18
447	8	15	11
448	5	13	4
449	0	0	0
450	8	4	9
451	2	0	2
452	20	26	24
453	0	1	0
454	13	9	6
455	1	0	0
456	7	1	1
457	49	47	44
458	4	1	2
459	0	0	0
460	0	0	0
461	0	0	0
462	29	27	25
463	6	7	6
464	203	171	194
465	6	4	4
466	12	9	10
467	15	22	12
468	0	1	0
469	0	2	3
470	1	1	1
471	22	18	27
472	16	25	22
473	7	8	1
474	0	0	0
475	5	3	0
476	0	0	0
477	8	5	12
478	4	1	2
479	0	0	2
480	0	0	0
481	2	1	1
482	9	10	6
483	0	1	1
484	1	2	3
485	9	13	5
486	18	13	10
487	0	0	1
488	2	4	0
489	26	20	17
490	1	0	0
491	3	4	4
492	12	13	14
493	0	1	0
494	30	28	31
495	15	15	14
496	0	2	0
497	0	1	0
498	8	1	5
499	1	2	0
500	9	11	8
501	1	3	5
502	9	7	8
503	9	6	15
504	2	2	2
505	6	3	2
506	1	0	1
507	36	22	23
508	0	0	0
509	0	0	0
510	4	0	6
511	4	3	1
512	2	0	0
513	2	2	6
514	25	22	33
515	1	0	1
516	0	0	0
517	5	5	4
518	3	3	1
519	3	2	2
520	1	0	0
521	7	8	2
522	0	0	0
523	32	36	24
524	18	17	13
525	1	3	8
526	16	21	18
527	1	2	5
528	0	0	0
529	0	0	0
530	0	0	0
531	0	0	0
532	24	31	28
533	2	2	1
534	18	18	16
535	0	0	0
536	3	1	0
537	9	9	14
538	0	0	0
539	0	1	1
540	2	1	4
541	0	0	0
542	0	0	0
543	1	0	0
544	10	12	19
545	1	2	2
546	0	0	0
547	4	7	1
548	0	0	0
549	5	4	7
550	4	6	3
551	0	1	0
552	3	7	2
553	18	23	18
554	1	1	0
555	4	6	5
556	0	0	0
557	1	3	1
558	1	0	1
559	0	0	0
560	5	9	2
561	3	4	4
562	1	0	1
563	1	3	2
564	6	1	2
565	21	20	18
566	3	6	2
567	2	2	3
568	6	2	5
569	93	92	99
570	5	2	3
571	2	0	0
572	11	9	9
573	0	0	0
574	0	0	0
575	42	40	40
576	0	2	0
577	4	3	3
578	0	1	0
579	0	0	0
580	5	4	4
581	5	5	8
582	0	0	0
583	3	5	3
584	1	0	1
585	8	15	12
586	0	0	0
587	8	11	6
588	6	2	1
589	0	0	0
590	0	0	0
591	0	0	0
592	6	6	6
593	5	10	5
594	4	5	7
595	0	0	0
596	10	10	4
597	350	341	373
598	37	28	30
599	23	28	29
600	1	5	3
601	2	2	1
602	2	4	1
603	10	9	10
604	79	84	96
605	11	2	13
606	34	41	37
607	7	6	5
608	0	1	0
609	368	362	322
610	10	14	12
611	31	27	31
612	0	0	0
613	0	0	0
614	6	7	12
615	0	0	1
616	3	2	0
617	2	4	2
618	1	6	7
619	6	5	3
620	2	6	4
621	3	3	5
622	3	0	2
623	2	1	1
624	7	6	5
625	11	11	12
626	0	0	1
627	9	8	8
628	6	2	5
629	2	1	3
630	6	5	4
631	5	3	2
632	11	6	8
633	0	0	0
634	9	15	11
635	0	0	0
636	0	0	0
637	0	0	0
638	90	75	93
639	9	7	8
640	8	11	11
641	0	0	3
642	28	34	29
643	2	4	2
644	24	32	32
645	3	0	1
646	1	3	1
647	12	5	5
648	5	2	4
649	13	4	7
650	5	9	3
651	0	0	0
652	7	11	9
653	0	1	0
654	16	32	20
655	0	0	1
656	11	9	7
657	2	5	2
658	63	74	48
659	4	7	12
660	22	18	22
661	20	25	17
662	0	0	1
663	0	0	0
664	3	3	1
665	4	3	0
666	9	8	14
667	4	4	8
668	9	10	7
669	0	0	0
670	1	0	0
671	15	9	10
672	2	1	1
673	2	5	1
674	5	2	6
675	0	0	0
676	1	0	2
677	31	27	30
678	0	0	1
679	5	9	3
680	1	1	4
681	17	12	20
682	1	9	5
683	11	12	10
684	33	25	36
685	0	0	0
686	0	0	0
687	4	12	5
688	0	1	1
689	11	9	3
690	0	0	0
691	5	6	5
692	35	37	34
693	1	4	1
694	15	14	10
695	0	0	0
696	11	8	9
697	1	1	1
698	3	1	2
699	2	3	4
700	0	0	0
701	4	7	2
702	3	1	3
703	0	0	2
704	0	0	0
705	4	1	3
706	0	0	0
707	0	0	0
708	1	1	4
709	0	0	0
710	3	5	5
711	7	7	8
712	7	6	2
713	11	17	22
714	22	29	24
715	17	27	13
716	2	8	4
717	2	1	4
718	2	1	2
719	3	3	2
720	2	3	0
721	1	1	1
722	1	0	1
723	30	29	38
724	6	9	6
725	13	26	15
726	2	2	2
727	7	8	10
728	14	17	14
729	2	1	0
730	2	8	14
731	7	5	6
732	15	13	10
733	0	0	1
734	0	1	0
735	28	35	28
736	3	7	3
737	21	7	23
738	4	1	1
739	0	0	0
740	62	62	56
741	0	2	2
742	0	2	2
743	6	8	3
744	115	124	114
745	1	7	2
746	38	39	36
747	16	10	8
748	3	2	4
749	0	2	1
750	0	0	0
751	25	20	18
752	5	3	2
753	37	33	39
754	1	3	4
755	2	0	1
756	44	47	55
757	15	9	10
758	0	1	0
759	3	2	1
760	2	2	5
761	24	30	23
762	66	56	49
763	24	20	14
764	2	4	2
765	19	13	20
766	1	2	0
767	0	0	1
768	0	0	0
769	30	48	38
770	8	9	8
771	166	166	149
772	4	2	3
773	10	11	10
774	3	3	1
775	13	5	8
776	3	5	2
777	0	1	2
778	7	4	5
779	3	5	2
780	10	4	6
781	1	1	1
782	9	2	5
783	35	42	40
784	1	1	1
785	0	1	1
786	0	0	0
787	5	2	8
788	14	21	21
789	8	4	11
790	1	1	1
791	2	1	3
792	16	13	7
793	40	39	44
794	1	7	4
795	6	0	8
796	4	7	6
797	3	4	2
798	0	3	1
799	1	3	1
800	5	4	10
801	4	9	6
802	0	1	3
803	99	100	99
804	9	19	11
805	2	2	4
806	26	19	21
807	0	0	1
808	3	5	4
809	0	0	0
810	4	5	2
811	0	0	0
812	4	3	4
813	34	33	40
814	0	0	0
815	0	0	0
816	0	0	0
817	1	2	0
818	1	6	4
819	27	33	20
820	4	4	2
821	0	0	0
822	1	2	2
823	3	3	2
824	7	5	8
825	2	3	2
826	1	1	1
827	16	13	5
828	8	7	6
829	20	14	16
830	0	0	1
831	13	5	9
832	1	1	1
833	6	8	3
834	10	7	5
835	0	0	0
836	6	4	2
837	34	33	35
838	9	14	9
839	2	5	0
840	1	2	1
841	1	3	1
842	2	0	1
843	0	1	2
844	0	0	0
845	0	0	0
846	18	10	14
847	1	1	5
848	3	5	3
849	1	3	1
850	5	7	7
851	0	0	2
852	2	1	1
853	1	0	0
854	4	2	0
855	5	2	0
856	0	0	1
857	19	13	13
858	1	6	1
859	0	0	0
860	0	0	0
861	1	2	4
862	11	5	1
863	1	1	1
864	9	8	8
865	13	12	9
866	9	4	8
867	2	5	2
868	1	2	4
869	0	0	0
870	0	0	0
871	6	3	1
872	2	1	0
873	12	15	16
874	21	32	18
875	2	5	2
876	0	0	0
877	42	36	41
878	1	0	0
879	8	2	16
880	2	0	3
881	2	1	0
882	15	10	11
883	0	0	0
884	2	2	1
885	0	0	0
886	0	0	0
887	1	0	1
888	2	2	1
889	6	3	0
890	12	12	18
891	32	29	43
892	1	0	0
893	4	8	5
894	0	0	0
895	10	10	16
896	3	1	1
897	0	0	0
898	16	21	11
899	5	5	11
900	1	4	4
901	0	0	0
902	1	0	4
903	6	3	2
904	0	0	0
905	3	2	4
906	8	1	5
907	2	8	8
908	7	6	5
909	0	0	0
910	12	26	13
911	3	1	2
912	4	7	9
913	15	7	12
914	4	9	7
915	0	0	0
916	0	0	0
917	1	1	2
918	3	9	5
919	0	0	0
920	0	0	0
921	5	0	2
922	1	1	1
923	8	6	3
924	0	5	0
925	1	6	4
926	6	5	3
927	19	16	18
928	11	15	12
929	17	10	10
930	4	4	4
931	0	0	0
932	0	0	0
933	5	3	4
934	2	3	5
935	28	25	33
936	4	5	4
937	1	0	1
938	21	35	21
939	1	1	1
940	2	4	0
941	20	29	17
942	0	0	0
943	0	1	0
944	9	8	2
945	4	3	2
946	28	27	35
947	7	12	12
948	12	16	12
949	0	0	0
950	1	1	4
951	57	53	52
952	3	2	2
953	2	2	0
954	0	0	0
955	0	0	1
956	0	0	0
957	0	1	0
958	0	0	0
959	0	0	0
960	15	24	28
961	9	10	7
962	13	20	14
963	21	31	29
964	3	2	1
965	0	0	0
966	6	3	1
967	0	0	0
968	33	29	34
969	6	9	7
970	1	1	2
971	7	10	4
972	90	54	51
973	9	11	4
974	0	0	0
975	0	0	0
976	0	0	0
977	4	5	5
978	12	12	10
979	0	0	0
980	0	0	0
981	0	0	0
982	1	2	2
983	31	24	25
984	160	129	137
985	0	1	2
986	9	8	9
987	14	22	14
988	7	6	7
989	102	111	99
990	24	30	27
991	0	3	1
992	1	3	2
993	0	1	1
994	3	3	4
995	2	6	0
996	1	1	1
997	3	1	2
998	3	4	4
999	1	1	0
1000	0	2	1
1001	50	45	48
1002	0	7	1
1003	0	0	0
1004	9	5	6
1005	0	0	2
1006	18	11	17
1007	0	0	0
1008	3	2	4
1009	17	14	41
1010	15	4	5
1011	3	1	3
1012	1	10	7
1013	1	0	1
1014	5	3	1
1015	10	6	8
1016	30	44	33
1017	7	2	7
1018	58	64	60
1019	0	0	0
1020	7	4	4
1021	51	48	58
1022	0	3	2
1023	0	0	0
1024	4	7	3
1025	6	5	4
1026	0	0	1
1027	45	39	43
1028	12	13	13
1029	5	4	4
1030	0	4	5
1031	0	0	2
1032	5	1	5
1033	10	11	4
1034	0	2	1
1035	1	0	1
1036	0	4	4
1037	3	0	1
1038	4	4	0
1039	3	4	0
1040	10	14	11
1041	14	10	5
1042	22	18	30
1043	0	1	1
1044	6	5	8
1045	3	1	2
1046	0	0	0
1047	0	1	0
1048	3	3	4
1049	0	0	0
1050	8	3	4
1051	11	9	5
1052	0	0	0
1053	2	3	4
1054	0	0	0
1055	10	13	10
1056	25	19	22
1057	3	3	7
1058	5	8	7
1059	0	1	0
1060	80	91	68
1061	0	1	1
1062	144	114	132
1063	10	15	11
1064	37	33	37
1065	11	13	15
1066	0	0	0
1067	4	5	3
1068	0	0	0
1069	3	4	2
1070	0	2	1
1071	6	2	4
1072	0	0	0
1073	28	20	39
1074	16	25	12
1075	3	0	3
1076	0	1	1
1077	0	1	0
1078	43	52	40
1079	0	0	0
1080	2	0	1
1081	0	0	0
1082	1	0	0
1083	0	1	1
1084	15	12	11
1085	5	5	2
1086	0	2	1
1087	0	1	0
1088	1	4	2
1089	0	0	0
1090	0	0	0
1091	2	1	3
1092	35	34	20
1093	3	8	4
1094	1	2	3
1095	4	2	3
1096	60	52	34
1097	2	1	3
1098	1	1	0
1099	5	4	4
1100	0	0	0
1101	23	30	26
1102	16	26	30
1103	8	6	5
1104	0	0	1
1105	18	11	10
1106	1	0	0
1107	23	31	32
1108	28	32	25
1109	0	2	2
1110	0	0	1
1111	0	0	0
1112	12	6	6
1113	0	1	0
1114	0	1	3
1115	0	0	1
1116	2	1	3
1117	1	1	6
1118	0	0	0
1119	52	44	37
1120	0	1	1
1121	2	0	2
1122	0	0	1
1123	0	0	0
1124	2	3	0
1125	0	0	1
1126	4	4	6
1127	0	1	5
1128	0	0	0
1129	0	0	0
1130	0	1	0
1131	2	2	4
1132	5	4	5
1133	0	0	1
1134	3	5	6
1135	7	13	13
1136	3	1	2
1137	69	67	46
1138	0	2	1
1139	7	10	11
1140	2	1	1
1141	0	0	0
1142	1	1	2
1143	4	5	11
1144	13	20	12
1145	6	16	13
1146	0	0	0
1147	4	10	8
1148	11	18	17
1149	6	8	7
1150	0	0	2
1151	25	26	18
1152	160	142	143
1153	1	0	2
1154	23	10	12
1155	5	2	2
1156	2	1	0
1157	46	49	33
1158	0	0	0
1159	0	0	1
1160	10	9	18
1161	4	3	4
1162	1	4	1
1163	1	2	5
1164	4	2	0
1165	19	12	8
1166	0	0	0
1167	1	1	1
1168	1	0	1
1169	0	1	2
1170	29	27	29
1171	2	2	3
1172	99	110	101
1173	1	2	2
1174	0	0	0
1175	0	0	1
1176	13	16	20
1177	6	6	11
1178	8	8	9
1179	0	0	0
1180	0	1	0
1181	1	6	4
1182	0	0	0
1183	2	1	1
1184	10	6	9
1185	5	2	0
1186	49	44	43
1187	247	207	194
1188	5	3	2
1189	4	4	1
1190	0	0	0
1191	4	2	1
1192	1	5	4
1193	3	6	9
1194	1	0	0
1195	0	0	0
1196	0	3	0
1197	0	0	0
1198	1	0	0
1199	1	1	2
1200	0	0	0
1201	0	0	0
1202	0	1	0
1203	0	0	0
1204	4	4	6
1205	33	39	25
1206	7	6	8
1207	10	16	15
1208	0	0	0
1209	18	20	24
1210	71	62	63
1211	28	39	34
1212	7	1	4
1213	0	0	1
1214	0	0	0
1215	40	49	41
1216	9	3	7
1217	9	10	14
1218	3	3	5
1219	0	0	0
1220	10	13	11
1221	0	0	0
1222	2	2	2
1223	1	4	5
1224	2	3	10
1225	0	0	0
1226	3	3	2
1227	6	4	6
1228	0	0	1
1229	4	2	6
1230	0	0	0
1231	72	54	53
1232	2	8	2
1233	6	4	6
1234	7	7	7
1235	9	10	7
1236	2	2	1
1237	7	9	5
1238	3	5	5
1239	0	0	1
1240	3	0	5
1241	0	0	0
1242	52	24	42
1243	0	0	0
1244	0	0	0
1245	0	0	0
1246	0	0	0
1247	67	67	70
1248	1	1	2
1249	6	3	1
1250	3	1	5
1251	7	4	5
1252	8	11	6
1253	3	2	2
1254	2	10	3
1255	12	7	6
1256	0	0	0
1257	2	1	0
1258	1	0	2
1259	89	104	97
1260	1	2	0
1261	2	6	5
1262	1	2	1
1263	2	4	2
1264	0	1	0
1265	25	27	30
1266	6	6	3
1267	10	7	11
1268	0	0	0
1269	69	71	49
1270	5	8	0
1271	1	2	5
1272	1	0	0
1273	10	8	5
1274	0	1	0
1275	64	75	71
1276	0	0	0
1277	0	0	0
1278	69	36	33
1279	9	1	3
1280	20	11	16
1281	5	3	5
1282	0	0	0
1283	21	23	24
1284	0	0	0
1285	7	9	2
1286	7	10	13
1287	3	2	3
1288	8	7	8
1289	11	9	6
1290	9	9	9
1291	0	1	0
1292	3	3	2
1293	8	10	2
1294	1	1	0
1295	0	0	0
1296	5	3	4
1297	0	0	0
1298	0	0	0
1299	0	1	0
1300	1	5	5
1301	8	4	10
1302	5	3	5
1303	42	33	42
1304	8	10	4
1305	1	4	1
1306	39	39	48
1307	2	1	1
1308	8	6	7
1309	97	50	51
1310	5	4	3
1311	4	17	14
1312	12	11	12
1313	0	0	0
1314	0	0	0
1315	0	1	0
1316	7	3	11
1317	8	19	20
1318	8	14	4
1319	14	20	19
1320	3	9	5
1321	101	103	93
1322	1	0	1
1323	99	112	98
1324	127	111	138
1325	9	5	8
1326	4	1	2
1327	3	3	5
1328	4	3	3
1329	56	71	58
1330	0	3	1
1331	7	8	5
1332	3	4	0
1333	1	3	3
1334	8	7	7
1335	1	4	2
1336	5	3	5
1337	4	4	2
1338	16	11	5
1339	9	11	13
1340	20	19	31
1341	21	19	23
1342	2	2	1
1343	2	1	1
1344	9	1	4
1345	50	31	54
1346	10	6	10
1347	3	0	0
1348	1	0	0
1349	0	0	0
1350	0	0	0
1351	0	0	0
1352	1	4	2
1353	11	30	27
1354	66	39	38
1355	0	0	0
1356	29	23	23
1357	144	135	120
1358	5	4	4
1359	6	6	2
1360	1	1	1
1361	1	1	3
1362	13	13	17
1363	76	65	51
1364	1	1	1
1365	2	2	3
1366	9	10	11
1367	1	0	1
1368	11	7	10
1369	5	6	9
1370	33	14	25
1371	9	17	10
1372	4	2	3
1373	0	0	0
1374	1	0	0
1375	15	20	13
1376	1	0	0
1377	1	0	1
1378	6	11	7
1379	10	19	10
1380	0	0	0
1381	1	1	2
1382	14	8	4
1383	1	2	1
1384	8	5	5
1385	11	13	8
1386	6	3	7
1387	27	24	27
1388	4	2	1
1389	7	5	5
1390	97	83	83
1391	2	0	2
1392	33	30	29
1393	1	0	0
1394	5	8	3
1395	0	0	0
1396	14	14	13
1397	0	0	0
1398	23	12	12
1399	1	3	2
1400	0	0	0
1401	3	4	2
1402	5	2	3
1403	0	0	0
1404	0	0	0
1405	8	8	8
1406	2	0	3
1407	3	4	2
1408	1	0	2
1409	0	0	0
1410	2	2	3
1411	0	0	0
1412	0	1	0
1413	5	6	5
1414	0	0	0
1415	0	0	1
1416	1	0	0
1417	21	15	18
1418	22	26	20
1419	5	5	0
1420	20	15	15
1421	3	3	4
1422	0	0	0
1423	0	1	0
1424	0	0	0
1425	1	0	1
1426	2	0	0
1427	7	4	4
1428	0	0	0
1429	4	0	1
1430	29	22	24
1431	6	1	3
1432	7	9	9
1433	0	0	0
1434	0	0	1
1435	5	2	2
1436	0	0	1
1437	0	0	0
1438	0	0	0
1439	0	0	0
1440	5	7	3
1441	0	0	0
1442	1	0	0
1443	2	4	1
1444	9	7	6
1445	14	18	12
1446	3	2	3
1447	0	0	0
1448	3	6	3
1449	0	0	0
1450	0	0	0
1451	0	0	2
1452	9	6	3
1453	2	1	0
1454	6	7	5
1455	41	38	40
1456	19	11	16
1457	0	0	0
1458	3	3	6
1459	1	1	3
1460	11	6	6
1461	0	0	0
1462	1	0	2
1463	22	11	16
1464	4	6	1
1465	8	13	8
1466	4	0	0
1467	6	9	2
1468	1	1	0
1469	1	3	6
1470	3	6	7
1471	8	4	2
1472	12	10	5
1473	5	3	3
1474	1	2	2
1475	5	9	6
1476	5	6	3
1477	5	9	3
1478	47	30	50
1479	3	4	3
1480	28	18	20
1481	14	10	13
1482	7	9	9
1483	6	4	9
1484	4	7	4
1485	0	0	1
1486	0	0	1
1487	0	0	0
1488	10	10	16
1489	51	57	64
1490	1	1	3
1491	0	0	0
1492	5	2	7
1493	0	0	0
1494	15	8	11
1495	0	1	1
1496	11	19	7
1497	10	7	5
1498	0	0	0
1499	3	3	8
1500	4	2	1
1501	11	5	7
1502	97	97	56
1503	0	8	3
1504	0	0	0
1505	26	34	28
1506	0	0	0
1507	0	0	0
1508	14	9	14
1509	17	16	16
1510	3	2	0
1511	15	8	7
1512	0	0	0
1513	3	0	1
1514	1	1	0
1515	5	7	0
1516	0	3	0
1517	0	1	0
1518	70	90	90
1519	0	0	0
1520	10	7	8
1521	2	3	1
1522	5	3	4
1523	16	19	18
1524	1	0	1
1525	1	0	1
1526	1	1	1
1527	21	19	17
1528	8	7	7
1529	0	0	1
1530	9	5	9
1531	12	15	10
1532	2	4	2
1533	7	7	5
1534	2	1	0
1535	21	26	21
1536	4	5	7
1537	0	0	0
1538	6	5	6
1539	11	17	9
1540	23	15	15
1541	22	15	28
1542	2	1	0
1543	0	0	0
1544	15	23	12
1545	94	106	78
1546	0	0	0
1547	5	11	5
1548	0	0	0
1549	0	0	0
1550	19	23	14
1551	12	11	16
1552	5	7	6
1553	0	1	1
1554	3	7	5
1555	18	17	10
1556	12	7	8
1557	0	0	0
1558	0	0	0
1559	5	1	1
1560	7	7	3
1561	8	8	5
1562	5	4	7
1563	7	5	4
1564	0	0	0
1565	4	4	6
1566	23	17	22
1567	5	3	3
1568	0	0	0
1569	17	23	21
1570	11	12	9
1571	2	1	0
1572	12	11	18
1573	14	25	17
1574	0	0	0
1575	1	0	2
1576	1	0	2
1577	16	22	27
1578	11	15	11
1579	3	2	4
1580	65	69	64
1581	9	9	11
1582	0	0	0
1583	7	5	13
1584	27	35	21
1585	4	7	8
1586	2	3	1
1587	0	0	0
1588	125	119	146
1589	0	0	0
1590	0	0	0
1591	1	1	1
1592	8	3	2
1593	0	0	0
1594	0	1	0
1595	2	2	1
1596	6	2	2
1597	2	3	4
1598	1	3	1
1599	0	1	1
1600	4	6	6
1601	5	4	3
1602	0	4	1
1603	9	4	8
1604	20	11	22
1605	8	14	5
1606	6	5	4
1607	0	0	0
1608	20	23	22
1609	48	30	34
1610	0	0	1
1611	0	0	0
1612	0	0	1
1613	2	1	3
1614	0	1	2
1615	15	12	12
1616	1	3	3
1617	0	0	0
1618	9	6	11
1619	3	1	4
1620	0	11	1
1621	1	6	6
1622	0	0	0
1623	0	0	0
1624	0	1	1
1625	17	25	20
1626	1	1	1
1627	0	0	0
1628	1	2	0
1629	48	48	59
1630	6	3	2
1631	10	20	13
1632	15	19	8
1633	7	7	6
1634	1	1	2
1635	0	4	0
1636	0	0	0
1637	6	5	5
1638	21	18	14
1639	2	0	1
1640	14	15	14
1641	5	6	3
1642	231	255	236
1643	0	0	0
1644	0	0	1
1645	1	1	3
1646	10	4	9
1647	1	0	3
1648	23	28	19
1649	0	0	0
1650	232	237	205
1651	3	5	5
1652	0	0	0
1653	11	4	3
1654	7	6	4
1655	48	59	38
1656	0	0	2
1657	2	0	0
1658	27	37	28
1659	14	11	17
1660	0	1	0
1661	3	3	4
1662	7	4	5
1663	2	4	6
1664	9	4	3
1665	1	0	3
1666	0	1	0
1667	16	30	27
1668	0	1	0
1669	36	43	34
1670	22	24	26
1671	3	2	4
1672	10	13	8
1673	4	3	5
1674	2	2	0
1675	0	1	0
1676	4	4	4
1677	10	11	9
1678	22	23	26
1679	1	1	0
1680	22	27	14
1681	11	3	6
1682	1	3	1
1683	9	9	7
1684	32	27	17
1685	14	17	13
1686	0	0	1
1687	1	1	0
1688	0	0	1
1689	0	0	1
1690	1	0	1
1691	0	0	0
1692	0	0	2
1693	0	0	0
1694	0	0	0
1695	1	1	3
1696	3	2	0
1697	0	0	0
1698	0	0	0
1699	2	6	2
1700	11	7	15
1701	0	5	4
1702	47	35	34
1703	0	2	1
1704	38	33	48
1705	49	63	63
1706	67	73	65
1707	18	20	11
1708	1	1	1
1709	1	4	0
1710	0	0	1
1711	0	0	0
1712	17	16	14
1713	4	3	0
1714	5	4	6
1715	11	9	8
1716	32	35	31
1717	6	11	7
1718	133	115	137
1719	1	0	1
1720	6	4	2
1721	29	29	25
1722	0	0	0
1723	0	0	0
1724	1	1	2
1725	4	9	7
1726	1	1	0
1727	18	16	27
1728	1	6	6
1729	243	224	212
1730	0	0	0
1731	3	0	2
1732	0	0	0
1733	53	37	34
1734	19	12	13
1735	16	28	17
1736	0	0	0
1737	1	3	1
1738	0	4	4
1739	7	9	1
1740	3	1	3
1741	109	93	76
1742	2	1	0
1743	3	6	5
1744	1	2	0
1745	2	6	1
1746	4	7	2
1747	2	0	1
1748	0	0	1
1749	0	0	4
1750	0	0	3
1751	6	6	3
1752	57	47	56
1753	2	4	0
1754	1	2	0
1755	1	0	0
1756	7	9	11
1757	12	4	2
1758	1	1	2
1759	8	4	2
1760	0	0	0
1761	11	4	8
1762	3	2	2
1763	0	0	0
1764	0	0	0
1765	0	0	0
1766	1	0	0
1767	1	4	2
1768	0	0	0
1769	0	0	0
1770	44	38	36
1771	74	61	58
1772	2	0	3
1773	1	1	0
1774	1	7	2
1775	4	4	2
1776	36	27	23
1777	2	2	3
1778	79	91	87
1779	15	19	20
1780	5	10	3
1781	94	74	66
1782	103	84	102
1783	9	5	5
1784	18	10	23
1785	5	2	4
1786	0	0	0
1787	23	18	7
1788	15	20	18
1789	4	2	4
1790	0	0	1
1791	2	2	1
1792	0	1	0
1793	0	0	0
1794	0	0	2
1795	1	10	3
1796	72	64	55
1797	197	199	176
1798	4	4	4
1799	4	0	0
1800	0	0	2
1801	4	0	3
1802	0	1	0
1803	38	24	26
1804	8	3	2
1805	129	159	128
1806	0	1	6
1807	15	7	13
1808	5	1	4
1809	19	18	15
1810	4	3	0
1811	0	0	0
1812	6	4	6
1813	1	0	0
1814	7	8	2
1815	1	3	3
1816	0	1	1
1817	1	3	1
1818	1	4	4
1819	0	0	1
1820	1	0	0
1821	0	0	0
1822	41	21	43
1823	30	31	27
1824	4	7	9
1825	0	1	1
1826	5	2	3
1827	3	4	3
1828	22	25	17
1829	1	2	2
1830	0	2	0
1831	1	0	0
1832	3	7	3
1833	1	0	0
1834	16	6	9
1835	24	21	13
1836	0	1	0
1837	13	13	13
1838	19	7	15
1839	0	0	0
1840	2	1	2
1841	13	8	9
1842	12	6	8
1843	13	12	5
1844	10	11	9
1845	1	1	0
1846	0	0	0
1847	19	12	17
1848	2	4	2
1849	1	0	0
1850	0	0	0
1851	53	43	51
1852	1	0	3
1853	0	0	1
1854	51	52	49
1855	1	4	8
1856	1	0	0
1857	0	0	0
1858	5	10	4
1859	1	1	1
1860	4	2	1
1861	32	23	33
1862	7	4	2
1863	0	1	2
1864	2	2	2
1865	3	1	1
1866	39	26	30
1867	0	0	0
1868	74	95	73
1869	2	0	1
1870	38	32	25
1871	8	2	5
1872	29	37	39
1873	6	1	3
1874	11	11	5
1875	1	0	2
1876	2	1	0
1877	11	12	13
1878	3	8	7
1879	3	1	2
1880	3	1	6
1881	47	59	54
1882	14	13	12
1883	0	1	2
1884	3	3	2
1885	18	13	10
1886	32	25	19
1887	2	1	2
1888	0	0	0
1889	7	3	4
1890	5	7	7
1891	0	4	2
1892	0	0	1
1893	0	1	0
1894	7	10	6
1895	0	0	0
1896	16	19	11
1897	9	16	13
1898	0	2	1
1899	0	0	0
1900	0	1	0
1901	1	0	0
1902	2	0	0
1903	4	0	2
1904	1	1	0
1905	1	2	5
1906	6	9	9
1907	3	2	2
1908	1	1	5
1909	0	0	0
1910	1	0	1
1911	8	7	5
1912	30	29	18
1913	12	14	17
1914	7	10	11
1915	0	1	0
1916	11	3	3
1917	0	0	0
1918	30	24	24
1919	0	0	0
1920	10	13	11
1921	0	0	0
1922	19	11	13
1923	22	14	18
1924	4	2	3
1925	0	2	0
1926	12	11	10
1927	3	0	0
1928	14	20	15
1929	0	0	0
1930	0	0	0
1931	5	2	1
1932	8	3	5
1933	2	0	0
1934	8	8	6
1935	7	12	13
1936	1	0	0
1937	0	1	0
1938	0	0	0
1939	39	21	19
1940	0	1	1
1941	30	33	28
1942	12	13	4
1943	0	0	1
1944	0	0	1
1945	1	1	0
1946	4	4	3
1947	3	4	7
1948	0	2	1
1949	5	0	1
1950	1	2	0
1951	0	1	2
1952	19	14	17
1953	0	0	1
1954	1	0	0
1955	0	0	0
1956	5	5	6
1957	0	0	0
1958	0	0	0
1959	0	0	0
1960	54	67	58
1961	6	6	2
1962	0	2	2
1963	11	7	9
1964	6	0	6
1965	1	4	1
1966	1	0	0
1967	2	0	1
1968	1	0	0
1969	18	29	32
1970	33	29	22
1971	2	0	0
1972	1	1	0
1973	1	1	0
1974	1	4	3
1975	1	0	0
1976	1	2	4
1977	27	27	19
1978	10	8	8
1979	29	26	25
1980	0	0	0
1981	7	2	2
1982	18	21	15
1983	1	0	0
1984	0	0	2
1985	0	0	0
1986	2	5	1
1987	1	3	2
1988	0	0	0
1989	2	1	0
1990	3	1	1
1991	6	7	4
1992	29	37	32
1993	0	0	0
1994	0	1	0
1995	12	7	11
1996	35	20	33
1997	6	2	3
1998	4	8	7
1999	4	7	8
2000	2	2	2
2001	0	0	0
2002	1	1	1
2003	6	10	3
2004	6	8	5
2005	7	4	2
2006	1	4	0
2007	29	31	14
2008	2	2	0
2009	1	2	0
2010	12	9	8
2011	0	0	0
2012	39	28	39
2013	5	3	5
2014	6	5	11
2015	1	1	1
2016	4	4	2
2017	1	0	0
2018	0	0	0
2019	1	1	3
2020	0	0	0
2021	0	0	0
2022	9	8	11
2023	0	3	1
2024	15	13	24
2025	9	7	4
2026	29	35	21
2027	13	12	10
2028	33	34	19
2029	14	15	15
2030	3	3	4
2031	79	71	65
2032	21	14	13
2033	0	4	2
2034	2	3	2
2035	4	4	3
2036	2	2	2
2037	0	3	1
2038	6	10	7
2039	7	10	6
2040	21	15	17
2041	16	16	7
2042	7	8	6
2043	11	8	1
2044	0	0	1
2045	2	4	2
2046	0	0	0
2047	2	6	3
2048	5	7	12
2049	48	54	49
2050	1	0	0
2051	0	0	0
2052	4	7	8
2053	16	19	24
2054	24	22	21
2055	0	0	0
2056	1	0	0
2057	3	3	2
2058	4	6	3
2059	13	12	11
2060	21	36	34
2061	4	0	2
2062	2	3	1
2063	0	0	0
2064	0	0	0
2065	0	4	2
2066	10	8	3
2067	114	108	117
2068	1	2	0
2069	0	1	2
2070	0	0	0
2071	0	0	0
2072	1	0	2
2073	5	12	4
2074	3	1	2
2075	7	6	5
2076	0	0	0
2077	1	1	5
2078	0	0	0
2079	1	1	0
2080	11	6	8
2081	8	11	11
2082	1	0	0
2083	1	0	1
2084	45	27	27
2085	4	1	6
2086	4	6	2
2087	30	36	25
2088	0	3	1
2089	48	33	29
2090	61	69	53
2091	8	12	8
2092	0	0	0
2093	48	54	50
2094	0	0	0
2095	0	0	0
2096	2	1	2
2097	0	0	1
2098	0	0	0
2099	0	1	1
2100	4	2	2
2101	3	1	0
2102	1	0	1
2103	14	15	10
2104	0	0	0
2105	0	0	0
2106	0	0	0
2107	57	63	57
2108	2	3	1
2109	0	1	0
2110	0	0	0
2111	16	21	13
2112	0	0	0
2113	7	11	2
2114	1	2	5
2115	1	0	1
2116	4	5	0
2117	8	6	6
2118	0	1	0
2119	0	0	0
2120	0	0	0
2121	0	0	0
2122	234	197	199
2123	2	2	5
2124	0	1	0
2125	0	0	0
2126	1	0	1
2127	0	0	0
2128	41	39	41
2129	0	0	0
2130	1	1	0
2131	40	24	34
2132	1	6	2
2133	32	30	19
2134	1	0	2
2135	0	0	0
2136	13	9	11
2137	5	4	2
2138	9	19	20
2139	14	17	20
2140	6	6	8
2141	0	0	0
2142	133	104	105
2143	1	4	0
2144	10	16	11
2145	0	1	0
2146	25	22	25
2147	1	0	0
2148	11	9	10
2149	0	0	1
2150	5	7	2
2151	3	2	2
2152	0	0	0
2153	0	2	1
2154	4	6	6
2155	13	16	18
2156	19	19	20
2157	2	1	3
2158	0	0	0
2159	277	267	272
2160	0	0	0
2161	4	7	6
2162	6	9	7
2163	3	4	2
2164	15	16	22
2165	0	0	0
2166	1	0	1
2167	3	0	0
2168	2	1	0
2169	20	20	18
2170	4	1	2
2171	0	0	0
2172	0	0	0
2173	1	0	1
2174	0	3	1
2175	27	50	20
2176	2	3	1
2177	2	0	1
2178	0	0	1
2179	0	1	0
2180	0	0	0
2181	3	3	1
2182	2	2	1
2183	1	0	0
2184	1	0	1
2185	20	22	20
2186	0	0	0
2187	54	72	44
2188	4	3	0
2189	35	16	28
2190	1	1	1
2191	0	0	0
2192	26	19	8
2193	0	0	0
2194	0	0	0
2195	13	7	10
2196	5	4	3
2197	2	0	0
2198	5	6	3
2199	0	1	2
2200	1	1	1
2201	21	17	28
2202	1	1	4
2203	2	0	0
2204	0	0	3
2205	6	8	7
2206	0	0	0
2207	0	1	0
2208	10	5	9
2209	0	0	1
2210	111	104	99
2211	0	0	0
2212	0	0	0
2213	0	1	7
2214	7	5	7
2215	8	6	5
2216	8	8	7
2217	5	2	3
2218	3	10	3
2219	16	13	8
2220	111	124	127
2221	4	3	4
2222	6	1	1
2223	0	3	1
2224	0	2	0
2225	0	2	3
2226	13	11	16
2227	4	9	6
2228	3	6	3
2229	3	2	1
2230	3	5	3
2231	6	4	1
2232	0	0	0
2233	1	0	0
2234	5	4	4
2235	6	4	0
2236	0	0	0
2237	7	7	9
2238	31	23	24
2239	12	18	15
2240	3	1	1
2241	3	3	3
2242	10	6	3
2243	0	0	0
2244	0	5	1
2245	22	31	21
2246	4	2	1
2247	21	26	22
2248	7	10	12
2249	3	8	5
2250	5	3	0
2251	0	4	3
2252	0	6	3
2253	0	0	0
2254	0	0	0
2255	0	0	0
2256	1	3	1
2257	0	0	1
2258	0	0	0
2259	0	1	0
2260	7	5	5
2261	0	2	0
2262	2	4	2
2263	1	0	2
2264	0	1	0
2265	0	0	0
2266	21	11	10
2267	8	14	9
2268	6	7	10
2269	2	0	1
2270	1	3	4
2271	1	2	2
2272	45	55	34
2273	0	0	0
2274	3	3	3
2275	0	0	0
2276	20	20	19
2277	17	13	13
2278	1	1	0
2279	0	0	0
2280	3	6	1
2281	40	26	21
2282	3	3	4
2283	40	30	47
2284	5	3	4
2285	1	0	2
2286	1	0	2
2287	0	0	0
2288	1	1	1
2289	2	3	1
2290	0	0	0
2291	9	7	4
2292	0	1	0
2293	8	14	9
2294	7	2	8
2295	0	0	2
2296	2	2	3
2297	39	32	24
2298	1	0	7
2299	48	37	43
2300	4	7	3
2301	58	31	42
2302	1	0	0
2303	2	6	9
2304	0	0	0
2305	0	0	0
2306	2	3	1
2307	8	3	7
2308	7	10	7
2309	1	1	1
2310	5	7	6
2311	8	15	5
2312	0	0	0
2313	3	5	6
2314	1	1	4
2315	2	7	1
2316	18	20	19
2317	1	2	0
2318	90	92	85
2319	1	3	2
2320	25	19	32
2321	1	1	1
2322	7	2	9
2323	1	0	0
2324	1	2	3
2325	206	134	150
2326	0	1	0
2327	2	1	6
2328	0	1	1
2329	25	28	15
2330	8	13	6
2331	8	10	7
2332	3	3	4
2333	5	2	4
2334	58	49	37
2335	2	1	3
2336	0	0	0
2337	16	18	14
2338	18	17	9
2339	5	12	13
2340	1	1	1
2341	0	0	0
2342	3	5	2
2343	1	6	5
2344	10	17	13
2345	0	1	1
2346	4	2	3
2347	56	44	34
2348	14	13	10
2349	12	12	12
2350	0	0	0
2351	0	0	0
2352	1	3	2
2353	16	14	17
2354	119	147	124
2355	7	3	6
2356	19	21	11
2357	1	0	1
2358	74	59	58
2359	0	0	0
2360	0	1	0
2361	5	5	4
2362	2	3	3
2363	0	2	5
2364	0	0	0
2365	2	6	6
2366	1	0	0
2367	0	0	0
2368	0	0	0
2369	18	24	19
2370	57	50	52
2371	7	17	12
2372	26	41	21
2373	11	11	7
2374	10	22	13
2375	4	0	2
2376	1	0	0
2377	2	0	1
2378	21	21	14
2379	8	10	6
2380	11	4	8
2381	7	11	6
2382	21	25	20
2383	2	3	3
2384	0	0	0
2385	4	3	2
2386	0	0	0
2387	9	12	13
2388	0	0	0
2389	0	0	0
2390	50	32	30
2391	20	27	25
2392	6	4	8
2393	2	2	1
2394	6	5	8
2395	1	1	1
2396	6	3	1
2397	1	0	1
2398	2	1	0
2399	2	1	1
2400	21	39	26
2401	8	10	6
2402	33	33	49
2403	0	3	0
2404	1	0	0
2405	0	0	0
2406	1	0	0
2407	0	0	0
2408	5	4	5
2409	5	5	5
2410	0	1	2
2411	2	3	9
2412	1	3	0
2413	20	32	25
2414	8	6	10
2415	3	3	1
2416	8	10	7
2417	344	367	419
2418	11	24	9
2419	2	3	2
2420	8	7	15
2421	4	7	4
2422	0	2	2
2423	11	2	2
2424	7	3	12
2425	1	4	3
2426	6	2	4
2427	3	6	4
2428	4	3	5
2429	93	109	104
2430	5	4	9
2431	44	36	35
2432	5	2	5
2433	3	1	2
2434	6	4	4
2435	2	3	4
2436	1	0	0
2437	2	3	4
2438	3	1	1
2439	1	1	3
2440	14	17	10
2441	0	0	0
2442	192	169	191
2443	4	4	9
2444	8	8	8
2445	1	0	0
2446	1	0	0
2447	1	0	0
2448	2	1	3
2449	8	3	5
2450	1	1	1
2451	2	0	0
2452	2	1	0
2453	2	0	0
2454	0	2	1
2455	6	4	2
2456	2	2	2
2457	28	25	22
2458	8	11	11
2459	4	4	6
2460	14	7	7
2461	34	34	30
2462	6	3	7
2463	0	1	0
2464	0	0	0
2465	26	23	20
2466	2	5	2
2467	1	0	1
2468	10	10	13
2469	5	6	7
2470	0	3	0
2471	6	9	4
2472	1	0	0
2473	46	33	44
2474	2	3	4
2475	0	0	0
2476	8	10	13
2477	0	0	1
2478	2	1	2
2479	0	1	1
2480	4	7	6
2481	0	0	1
2482	9	15	8
2483	3	2	1
2484	0	1	0
2485	1	2	1
2486	87	90	129
2487	8	18	8
2488	13	5	5
2489	12	27	19
2490	12	16	16
2491	0	0	0
2492	11	5	6
2493	15	14	21
2494	1	0	3
2495	5	2	1
2496	3	3	6
2497	6	5	1
2498	24	19	21
2499	2	0	1
2500	7	7	7
2501	0	0	0
2502	2	2	3
2503	5	5	6
2504	1	2	1
2505	12	8	1
2506	14	14	7
2507	14	13	10
2508	31	21	24
2509	0	1	2
2510	0	0	0
2511	4	8	5
2512	15	24	17
2513	3	6	6
2514	0	2	1
2515	6	10	9
2516	22	28	22
2517	23	18	22
2518	2	0	2
2519	2	7	5
2520	15	12	14
2521	22	22	32
2522	0	1	1
2523	30	24	25
2524	0	0	0
2525	1	2	1
2526	0	0	0
2527	0	0	0
2528	3	2	5
2529	2	2	1
2530	0	0	0
2531	0	2	1
2532	26	31	29
2533	39	31	36
2534	0	0	0
2535	28	39	33
2536	6	7	9
2537	36	31	31
2538	0	0	0
2539	0	0	0
2540	2	2	2
2541	1	0	3
2542	0	0	2
2543	60	58	59
2544	6	3	6
2545	21	19	18
2546	1	0	0
2547	36	32	36
2548	56	66	61
2549	3	5	5
2550	15	8	9
2551	29	45	42
2552	1	0	0
2553	3	2	3
2554	8	1	0
2555	22	19	20
2556	3	10	1
2557	0	0	0
2558	12	12	16
2559	0	0	0
2560	21	32	20
2561	5	4	2
2562	1	0	0
2563	4	4	1
2564	3	1	4
2565	0	0	0
2566	0	0	0
2567	64	71	85
2568	0	0	0
2569	6	9	9
2570	6	9	8
2571	7	9	6
2572	10	8	8
2573	7	15	6
2574	0	0	2
2575	0	1	0
2576	0	0	2
2577	91	76	78
2578	3	3	4
2579	43	38	49
2580	5	9	8
2581	0	0	0
2582	0	0	0
2583	4	1	1
2584	0	2	0
2585	7	7	11
2586	0	0	0
2587	0	1	1
2588	39	24	32
2589	4	4	1
2590	1	0	2
2591	2	1	1
2592	1	2	2
2593	0	1	0
2594	0	0	0
2595	6	1	1
2596	6	2	5
2597	1	4	1
2598	7	13	10
2599	2	0	2
2600	0	0	0
2601	0	0	0
2602	20	24	15
2603	2	0	1
2604	47	49	65
2605	0	0	0
2606	0	0	0
2607	0	1	0
2608	0	1	0
2609	23	24	17
2610	4	0	2
2611	1	0	0
2612	1	1	1
2613	1	0	0
2614	1	0	0
2615	0	0	0
2616	2	1	0
2617	1	0	1
2618	4	6	1
2619	0	0	0
2620	6	6	6
2621	5	6	5
2622	29	36	25
2623	5	5	6
2624	0	0	0
2625	0	0	0
2626	0	0	0
2627	1	1	1
2628	0	0	0
2629	4	2	3
2630	11	11	13
2631	0	3	1
2632	0	1	0
2633	1	2	2
2634	0	2	4
2635	1	4	6
2636	12	12	11
2637	0	2	0
2638	0	0	0
2639	2	1	1
2640	0	0	0
2641	9	7	9
2642	1	0	0
2643	7	8	5
2644	1	1	3
2645	1	0	1
2646	1	0	0
2647	0	0	1
2648	0	0	0
2649	20	10	14
2650	33	23	33
2651	5	1	1
2652	6	2	7
2653	5	1	6
2654	7	13	6
2655	2	0	0
2656	1	1	2
2657	9	11	8
2658	6	6	6
2659	0	5	1
2660	1	0	1
2661	0	1	1
2662	1	1	1
2663	2	3	4
2664	2	4	2
2665	31	27	35
2666	1	1	0
2667	5	4	4
2668	1	1	5
2669	0	1	1
2670	1	0	4
2671	1	0	1
2672	0	0	0
2673	0	0	0
2674	6	4	3
2675	7	5	7
2676	0	0	1
2677	5	4	2
2678	1	2	2
2679	6	8	7
2680	0	0	0
2681	0	0	0
2682	5	9	6
2683	0	0	0
2684	0	1	0
2685	0	0	0
2686	0	0	0
2687	0	0	0
2688	19	19	17
2689	5	8	8
2690	9	8	4
2691	2	6	4
2692	0	0	0
2693	7	5	3
2694	0	0	0
2695	5	8	6
2696	0	0	3
2697	8	3	4
2698	2	0	1
2699	10	4	8
2700	0	0	0
2701	5	5	2
2702	11	13	8
2703	1	2	5
2704	4	0	4
2705	0	3	3
2706	4	5	1
2707	8	6	5
2708	1	0	1
2709	5	7	8
2710	7	4	5
2711	7	10	8
2712	6	4	2
2713	8	11	19
2714	1	1	0
2715	8	7	7
2716	0	0	0
2717	0	0	0
2718	1	0	1
2719	1	3	0
2720	6	1	8
2721	0	0	0
2722	12	6	9
2723	2	7	8
2724	59	37	42
2725	51	36	38
2726	0	0	0
2727	8	5	10
2728	0	2	0
2729	6	6	2
2730	16	14	15
2731	0	0	0
2732	0	0	0
2733	1	1	1
2734	0	0	0
2735	0	0	0
2736	0	0	0
2737	7	2	5
2738	2	4	5
2739	0	0	2
2740	4	8	3
2741	0	1	0
2742	16	13	6
2743	33	39	28
2744	0	0	0
2745	1	1	5
2746	2	2	1
2747	5	7	7
2748	0	0	0
2749	5	1	5
2750	13	9	10
2751	3	3	4
2752	1	1	3
2753	4	3	6
2754	3	8	7
2755	3	4	5
2756	36	43	33
2757	0	0	0
2758	0	0	0
2759	6	8	7
2760	13	15	9
2761	0	0	0
2762	7	14	8
2763	163	149	124
2764	5	9	1
2765	8	7	12
2766	3	1	2
2767	2	4	4
2768	0	3	2
2769	154	141	135
2770	0	0	0
2771	6	1	2
2772	19	12	15
2773	0	0	0
2774	0	3	1
2775	1	3	1
2776	10	9	3
2777	0	0	0
2778	0	0	1
2779	195	186	183
2780	51	44	42
2781	7	2	5
2782	3	6	7
2783	0	1	0
2784	2	0	2
2785	0	0	0
2786	3	3	0
2787	1	0	3
2788	25	21	21
2789	8	6	4
2790	5	3	4
2791	0	2	0
2792	5	2	1
2793	181	180	209
2794	23	29	21
2795	128	111	119
2796	0	0	0
2797	29	27	19
2798	0	0	0
2799	3	3	6
2800	4	2	4
2801	43	61	59
2802	8	5	7
2803	1	2	1
2804	8	5	2
2805	0	2	1
2806	11	13	5
2807	213	197	195
2808	5	6	7
2809	70	63	58
2810	5	8	1
2811	8	9	5
2812	1	1	1
2813	4	3	3
2814	2	3	2
2815	0	0	0
2816	2	3	3
2817	2	1	2
2818	0	0	0
2819	1	0	2
2820	35	37	42
2821	3	3	2
2822	4	7	0
2823	0	0	0
2824	7	8	9
2825	17	14	14
2826	63	44	50
2827	1	3	6
2828	1	0	0
2829	1	2	0
2830	605	602	592
2831	76	81	62
2832	34	47	32
2833	0	0	0
2834	51	27	29
2835	3	2	3
2836	2	1	0
2837	3	5	12
2838	1	0	2
2839	1	0	1
2840	68	44	68
2841	4	10	6
2842	1	0	0
2843	0	1	0
2844	9	14	11
2845	3	2	1
2846	190	196	185
2847	2	1	1
2848	0	2	2
2849	0	0	1
2850	15	9	9
2851	0	3	5
2852	2	5	4
2853	5	3	3
2854	0	1	0
2855	7	4	1
2856	6	10	1
2857	2	0	0
2858	18	22	22
2859	2	1	2
2860	1	1	0
2861	4	1	0
2862	2	2	5
2863	1	2	0
2864	1	0	0
2865	2	6	3
2866	0	0	0
2867	1	4	3
2868	0	0	0
2869	0	0	0
2870	0	0	0
2871	70	80	64
2872	0	0	0
2873	8	7	3
2874	55	66	57
2875	11	5	13
2876	5	4	4
2877	27	24	12
2878	0	0	1
2879	0	0	0
2880	2	2	3
2881	1	2	0
2882	6	2	5
2883	0	2	2
2884	2	10	3
2885	2	3	4
2886	4	5	7
2887	0	0	0
2888	2	2	1
2889	3	10	5
2890	11	16	14
2891	11	6	7
2892	0	0	0
2893	1	1	1
2894	6	3	7
2895	7	4	11
2896	8	7	9
2897	0	0	2
2898	3	4	2
2899	16	10	8
2900	8	10	11
2901	0	2	1
2902	1	0	0
2903	14	8	6
2904	35	31	40
2905	6	9	15
2906	51	66	44
2907	0	0	0
2908	0	1	0
2909	9	6	4
2910	21	24	18
2911	2	6	3
2912	4	3	4
2913	30	31	31
2914	4	4	3
2915	8	5	3
2916	0	3	0
2917	8	6	5
2918	2	0	2
2919	2	1	1
2920	0	0	0
2921	3	0	1
2922	1	1	0
2923	11	12	10
2924	0	0	1
2925	7	6	8
2926	1	2	0
2927	27	17	19
2928	6	4	3
2929	3	0	2
2930	1	2	3
2931	6	3	2
2932	25	28	22
2933	29	28	21
2934	2	3	4
2935	24	15	32
2936	3	5	2
2937	0	2	0
2938	10	12	11
2939	8	12	11
2940	16	9	12
2941	3	7	2
2942	4	0	1
2943	3	2	1
2944	5	4	8
2945	11	10	9
2946	34	42	24
2947	1	0	0
2948	5	9	7
2949	1	1	1
2950	0	1	1
2951	43	40	51
2952	0	0	0
2953	1	6	2
2954	0	0	1
2955	0	0	1
2956	3	2	1
2957	4	5	0
2958	0	3	0
2959	1	1	0
2960	0	1	2
2961	3	3	3
2962	2	9	10
2963	12	5	9
2964	14	14	5
2965	1	0	3
2966	7	5	6
2967	0	0	0
2968	0	1	0
2969	1	0	1
2970	1	2	1
2971	6	10	11
2972	11	9	8
2973	27	19	15
2974	0	0	0
2975	16	8	3
2976	4	9	7
2977	8	11	11
2978	4	4	3
2979	0	0	0
2980	0	0	0
2981	0	0	0
2982	4	0	2
2983	14	15	9
2984	26	22	20
2985	0	0	1
2986	0	0	0
2987	68	75	76
2988	0	0	0
2989	7	7	8
2990	2	1	0
2991	8	3	7
2992	1	0	2
2993	0	0	0
2994	2	2	1
2995	3	4	5
2996	4	3	9
2997	2	2	0
2998	34	50	32
2999	5	3	1
3000	142	142	153
3001	2	2	1
3002	1	0	2
3003	1	0	0
3004	4	6	2
3005	0	0	0
3006	0	2	1
3007	2	7	8
3008	1	2	9
3009	19	28	26
3010	2	0	0
3011	0	7	3
3012	3	3	3
3013	26	26	30
3014	0	0	0
3015	14	7	14
3016	12	12	10
3017	0	4	0
3018	0	0	0
3019	5	5	1
3020	3	10	10
3021	0	0	0
3022	12	16	6
3023	30	37	31
3024	26	26	32
3025	0	0	0
3026	5	9	9
3027	6	9	6
3028	194	199	205
3029	27	14	13
3030	0	1	0
3031	0	0	0
3032	1	3	0
3033	2	2	1
3034	4	1	4
3035	4	3	5
3036	5	5	3
3037	9	3	4
3038	42	32	42
3039	22	20	15
3040	4	2	1
3041	12	7	8
3042	1	1	1
3043	29	18	22
3044	2	0	1
3045	10	9	9
3046	3	3	9
3047	21	17	11
3048	1	0	1
3049	3	1	5
3050	76	75	64
3051	0	1	0
3052	0	1	0
3053	0	0	0
3054	12	10	6
3055	11	7	14
3056	2	1	1
3057	16	15	13
3058	4	5	3
3059	1	1	6
3060	4	4	4
3061	4	7	2
3062	15	13	15
3063	2	1	2
3064	4	5	3
3065	7	9	11
3066	1	2	2
3067	13	21	20
3068	21	19	27
3069	0	0	0
3070	6	1	2
3071	26	26	31
3072	2	1	0
3073	4	4	6
3074	2	7	8
3075	2	1	2
3076	2	2	2
3077	0	0	0
3078	3	4	2
3079	6	3	1
3080	0	1	1
3081	1	1	1
3082	8	1	5
3083	11	14	11
3084	13	18	17
3085	0	0	0
3086	2	4	0
3087	42	54	40
3088	20	13	18
3089	14	39	26
3090	11	11	8
3091	16	12	4
3092	126	127	121
3093	3	2	3
3094	1	2	4
3095	16	23	21
3096	0	1	0
3097	0	0	0
3098	4	11	13
3099	1	0	2
3100	0	1	0
3101	0	2	1
3102	29	24	24
3103	5	7	6
3104	35	32	37
3105	3	0	5
3106	1	2	0
3107	0	0	0
3108	5	0	1
3109	0	0	2
3110	39	59	36
3111	5	10	2
3112	5	1	5
3113	0	0	0
3114	4	6	5
3115	175	171	184
3116	14	9	14
3117	0	0	0
3118	16	20	14
3119	7	13	10
3120	3	1	3
3121	6	8	14
3122	14	15	15
3123	5	2	2
3124	1	1	0
3125	46	40	21
3126	1	2	2
3127	10	7	2
3128	31	30	40
3129	8	9	7
3130	8	9	14
3131	0	0	0
3132	0	0	0
3133	0	0	0
3134	11	14	7
3135	35	20	15
3136	0	0	0
3137	6	6	3
3138	5	4	10
3139	59	53	44
3140	4	2	0
3141	0	0	0
3142	47	60	46
3143	4	3	1
3144	15	13	16
3145	0	0	1
3146	14	17	13
3147	18	15	13
3148	0	0	0
3149	0	0	0
3150	4	8	4
3151	0	0	0
3152	2	2	8
3153	22	20	26
3154	5	2	5
3155	0	0	2
3156	12	8	16
3157	2	3	4
3158	17	13	7
3159	0	0	0
3160	0	0	0
3161	6	2	4
3162	5	3	8
3163	6	4	5
3164	8	7	15
3165	20	23	26
3166	0	0	3
3167	0	2	2
3168	7	8	10
3169	3	5	4
3170	0	0	0
3171	5	11	5
3172	0	0	0
3173	0	0	0
3174	8	2	9
3175	57	52	63
3176	13	5	9
3177	3	5	0
3178	0	1	3
3179	1	1	1
3180	10	6	5
3181	481	518	517
3182	0	0	0
3183	0	0	0
3184	1	1	0
3185	0	0	0
3186	22	34	32
3187	12	13	16
3188	101	91	113
3189	1	1	0
3190	44	42	32
3191	1	1	0
3192	0	0	0
3193	2	1	4
3194	1	1	0
3195	2	3	3
3196	9	10	8
3197	0	1	3
3198	0	0	0
3199	25	28	17
3200	6	8	10
3201	0	0	0
3202	1	0	1
3203	1	0	3
3204	2	3	4
3205	7	11	10
3206	934	832	852
3207	8	11	2
3208	22	24	16
3209	39	51	34
3210	9	9	4
3211	0	2	0
3212	0	0	0
3213	4	2	1
3214	14	5	18
3215	8	13	14
3216	1	0	1
3217	6	5	3
3218	61	75	69
3219	70	45	49
3220	8	6	5
3221	5	3	6
3222	50	51	45
3223	2	2	1
3224	2	3	1
3225	77	86	92
3226	8	5	4
3227	0	3	1
3228	92	90	93
3229	37	29	25
3230	0	1	0
3231	2	9	6
3232	7	5	7
3233	26	27	26
3234	1	5	2
3235	1	5	1
3236	2	3	3
3237	5	7	10
3238	29	25	34
3239	112	105	120
3240	12	9	12
3241	0	0	1
3242	149	149	146
3243	5	1	2
3244	5	7	4
3245	4	7	7
3246	10	6	16
3247	1	0	0
3248	9	9	14
3249	1	0	0
3250	2	4	1
3251	0	0	0
3252	0	0	0
3253	7	14	9
3254	7	18	11
3255	2	4	1
3256	17	17	21
3257	6	2	0
3258	0	1	1
3259	4	6	1
3260	0	0	0
3261	13	6	2
3262	3	6	2
3263	1	1	1
3264	33	43	42
3265	0	0	0
3266	38	40	37
3267	2	5	1
3268	4	4	4
3269	6	5	5
3270	1	0	2
3271	20	16	24
3272	85	63	95
3273	3	2	0
3274	0	0	0
3275	4	1	2
3276	0	0	0
3277	1	0	1
3278	6	2	2
3279	7	12	3
3280	1	2	0
3281	1	0	2
3282	9	13	14
3283	1	7	1
3284	1	0	2
3285	0	0	0
3286	0	0	0
3287	0	0	0
3288	0	0	0
3289	0	0	0
3290	0	0	0
3291	3	0	3
3292	4	6	7
3293	168	141	172
3294	7	8	8
3295	22	18	11
3296	5	9	4
3297	27	19	17
3298	4	8	3
3299	1	2	1
3300	1	0	1
3301	1	0	1
3302	69	54	95
3303	33	42	59
3304	10	9	7
3305	8	7	7
3306	1	4	4
3307	30	29	25
3308	4	4	3
3309	3	0	1
3310	3	1	1
3311	8	2	5
3312	1	1	1
3313	22	29	26
3314	15	11	8
3315	1	0	3
3316	10	5	4
3317	15	14	11
3318	5	5	5
3319	18	25	16
3320	0	0	0
3321	1	2	2
3322	0	1	0
3323	6	4	13
3324	26	29	39
3325	0	0	0
3326	1	0	1
3327	6	1	5
3328	6	7	8
3329	0	0	0
3330	3	1	1
3331	0	0	0
3332	9	10	7
3333	1	1	0
3334	1	2	4
3335	0	0	1
3336	2	4	6
3337	1	0	0
3338	2	7	3
3339	4	0	4
3340	41	58	47
3341	103	86	94
3342	9	6	2
3343	0	0	0
3344	143	122	127
3345	5	3	1
3346	9	13	15
3347	6	4	6
3348	88	148	107
3349	8	8	10
3350	9	12	13
3351	1	1	3
3352	5	4	4
3353	0	0	0
3354	99	86	93
3355	1	0	0
3356	31	27	15
3357	36	46	26
3358	42	36	49
3359	0	0	0
3360	0	0	0
3361	14	22	13
3362	19	24	18
3363	6	1	6
3364	7	2	3
3365	10	10	4
3366	51	25	46
3367	8	5	5
3368	0	0	0
3369	72	43	53
3370	26	26	24
3371	12	6	9
3372	3	0	1
3373	15	16	16
3374	0	0	0
3375	9	6	10
3376	45	47	48
3377	2	0	1
3378	1	0	0
3379	0	0	0
3380	0	0	0
3381	36	43	32
3382	29	37	35
3383	18	16	21
3384	0	0	0
3385	0	0	0
3386	4	9	4
3387	2	2	3
3388	0	0	0
3389	0	0	0
3390	4	6	10
3391	0	0	1
3392	3	2	4
3393	5	10	8
3394	5	7	5
3395	12	12	5
3396	0	0	0
3397	95	82	96
3398	6	10	10
3399	0	0	0
3400	0	0	0
3401	0	0	0
3402	0	0	0
3403	0	0	0
3404	0	0	0
3405	1	1	0
3406	0	1	2
3407	0	3	1
3408	31	30	26
3409	17	10	11
3410	0	0	1
3411	2	6	3
3412	31	19	20
3413	4	0	1
3414	0	0	3
3415	0	0	1
3416	4	2	5
3417	0	1	0
3418	1	8	3
3419	0	0	0
3420	1	2	2
3421	4	3	6
3422	7	12	11
3423	0	2	2
3424	0	0	0
3425	12	15	7
3426	13	14	11
3427	5	2	4
3428	72	68	55
3429	3	1	1
3430	0	1	1
3431	30	27	15
3432	3	2	2
3433	5	5	7
3434	2	3	3
3435	2	2	4
3436	2	1	2
3437	18	14	11
3438	3	3	3
3439	3	2	4
3440	2	7	6
3441	76	68	64
3442	0	0	1
3443	8	8	6
3444	1	1	1
3445	3	2	1
3446	0	3	6
3447	0	0	0
3448	1	0	0
3449	0	0	0
3450	0	0	0
3451	0	0	0
3452	0	0	0
3453	3	4	3
3454	22	22	33
3455	1	0	1
3456	16	6	23
3457	3	2	3
3458	0	0	0
3459	32	33	23
3460	9	11	10
3461	11	8	5
3462	4	3	1
3463	0	0	0
3464	0	0	0
3465	2	2	3
3466	4	1	2
3467	0	1	2
3468	34	48	38
3469	1	3	1
3470	13	12	12
3471	0	0	0
3472	3	1	3
3473	7	7	2
3474	0	0	1
3475	5	2	1
3476	15	11	7
3477	19	13	21
3478	0	1	1
3479	10	10	8
3480	0	0	0
3481	24	19	13
3482	0	0	0
3483	13	13	14
3484	0	0	0
3485	13	13	20
3486	5	3	3
3487	12	16	8
3488	41	60	62
3489	6	2	1
3490	39	49	40
3491	0	0	0
3492	182	153	178
3493	12	14	19
3494	39	30	37
3495	83	89	86
3496	2	3	3
3497	1	2	4
3498	7	1	3
3499	2	3	1
3500	72	79	65
3501	4	7	6
3502	17	11	5
3503	1	4	1
3504	0	0	0
3505	2	2	1
3506	2	3	2
3507	25	15	25
3508	1	2	0
3509	71	72	78
3510	5	8	3
3511	19	11	14
3512	26	18	9
3513	10	3	6
3514	1	5	1
3515	0	2	1
3516	10	12	16
3517	0	0	0
3518	3	5	3
3519	11	16	11
3520	12	17	11
3521	9	10	11
3522	1	1	5
3523	1	0	0
3524	4	2	1
3525	25	24	29
3526	0	0	0
3527	46	38	43
3528	13	11	6
3529	4	5	5
3530	4	3	8
3531	0	3	1
3532	0	1	0
3533	0	2	0
3534	1	4	4
3535	2	1	4
3536	0	3	1
3537	3	9	5
3538	10	13	19
3539	46	37	41
3540	0	0	0
3541	8	6	5
3542	10	8	7
3543	2	0	0
3544	5	5	3
3545	11	5	8
3546	56	38	38
3547	32	22	20
3548	0	0	0
3549	4	6	3
3550	3	9	9
3551	10	13	12
3552	20	25	19
3553	4	4	5
3554	0	0	0
3555	0	3	2
3556	1	0	3
3557	14	13	10
3558	18	20	12
3559	0	0	1
3560	14	17	16
3561	0	0	1
3562	219	231	248
3563	18	19	12
3564	4	2	0
3565	2	1	0
3566	3	4	2
3567	22	25	14
3568	1	2	1
3569	4	3	4
3570	0	0	0
3571	25	26	22
3572	0	0	0
3573	4	9	15
3574	5	7	5
3575	13	6	10
3576	7	2	3
3577	3	5	6
3578	15	12	9
3579	16	22	12
3580	0	2	1
3581	22	19	20
3582	3	3	3
3583	0	2	0
3584	9	5	8
3585	0	0	0
3586	36	25	33
3587	12	11	9
3588	107	99	93
3589	0	2	0
3590	11	8	11
3591	1	3	4
3592	50	48	42
3593	9	10	6
3594	49	60	69
3595	13	16	18
3596	21	10	10
3597	2	1	3
3598	0	0	0
3599	42	32	35
3600	7	5	2
3601	28	15	11
3602	8	3	6
3603	0	0	1
3604	9	16	15
3605	0	0	0
3606	56	64	67
3607	1	1	1
3608	0	0	0
3609	0	3	1
3610	6	1	1
3611	1	9	8
3612	1	0	0
3613	1	2	2
3614	3	3	2
3615	11	5	3
3616	14	13	10
3617	0	0	0
3618	1	0	0
3619	7	10	8
3620	6	19	17
3621	0	3	2
3622	3	3	1
3623	2	1	2
3624	4	3	8
3625	15	15	28
3626	1	2	1
3627	0	0	1
3628	58	66	67
3629	2	1	1
3630	0	0	0
3631	7	3	2
3632	2	4	6
3633	22	19	20
3634	21	20	14
3635	184	179	169
3636	0	1	0
3637	0	0	0
3638	1	1	0
3639	3	6	4
3640	17	17	12
3641	0	0	0
3642	58	55	48
3643	0	0	0
3644	10	7	5
3645	6	2	1
3646	62	51	55
3647	0	1	0
3648	8	8	7
3649	2	0	1
3650	3	7	6
3651	0	0	0
3652	0	0	0
3653	11	17	6
3654	3	6	12
3655	0	0	0
3656	2	5	8
3657	0	0	0
3658	2	1	1
3659	12	17	17
3660	2	5	4
3661	55	44	48
3662	12	7	11
3663	1	2	1
3664	5	0	0
3665	1	0	1
3666	5	3	2
3667	6	3	0
3668	2	4	2
3669	59	55	33
3670	1	2	3
3671	0	1	1
3672	171	150	146
3673	0	0	1
3674	0	0	0
3675	101	89	91
3676	22	14	28
3677	10	12	6
3678	51	70	76
3679	91	68	81
3680	0	0	0
3681	0	0	0
3682	0	0	0
3683	14	14	12
3684	7	9	11
3685	0	0	1
3686	38	37	20
3687	5	6	4
3688	1	0	0
3689	63	62	77
3690	3	3	2
3691	7	13	12
3692	19	13	18
3693	2	2	2
3694	0	0	0
3695	10	4	14
3696	22	27	16
3697	9	15	15
3698	14	26	22
3699	46	47	38
3700	2	1	5
3701	33	34	25
3702	1	1	0
3703	8	16	17
3704	3	1	3
3705	0	0	0
3706	0	0	0
3707	0	1	0
3708	0	0	0
3709	3	4	0
3710	5	2	3
3711	5	3	0
3712	0	2	0
3713	0	0	0
3714	0	0	0
3715	1	1	4
3716	0	0	0
3717	0	0	0
3718	0	0	0
3719	6	5	6
3720	0	0	0
3721	1	2	0
3722	57	71	61
3723	4	0	1
3724	39	39	41
3725	6	8	6
3726	50	35	41
3727	52	39	37
3728	14	6	8
3729	13	29	26
3730	6	10	4
3731	1	1	4
3732	1	0	0
3733	1	1	1
3734	76	85	71
3735	58	38	57
3736	2	2	1
3737	2	6	1
3738	8	7	5
3739	30	16	21
3740	2	4	4
3741	2	0	0
3742	0	0	0
3743	8	9	5
3744	17	16	13
3745	21	20	12
3746	6	8	1
3747	4	3	3
3748	7	5	7
3749	7	8	6
3750	2	3	2
3751	3	1	1
3752	62	58	58
3753	0	2	1
3754	2	4	3
3755	0	0	0
3756	22	24	21
3757	1	0	1
3758	4	6	6
3759	6	8	7
3760	90	128	104
3761	200	170	175
3762	52	62	44
3763	3	5	4
3764	0	0	0
3765	1	3	1
3766	0	0	0
3767	17	28	31
3768	5	2	1
3769	2	1	3
3770	3	2	1
3771	40	44	56
3772	47	40	67
3773	2	1	4
3774	29	29	24
3775	0	1	2
3776	7	3	7
3777	3	3	4
3778	13	18	23
3779	0	0	0
3780	11	20	11
3781	9	8	7
3782	3	6	3
3783	0	1	2
3784	3	4	5
3785	3	1	2
3786	0	0	0
3787	35	31	30
3788	5	1	6
3789	14	8	8
3790	6	8	5
3791	0	0	0
3792	0	0	0
3793	0	3	1
3794	3	4	6
3795	12	26	19
3796	2	2	2
3797	39	29	26
3798	0	0	0
3799	11	7	13
3800	0	0	0
3801	11	11	11
3802	2	1	0
3803	9	0	3
3804	19	19	18
3805	5	2	1
3806	6	16	11
3807	0	0	1
3808	8	14	14
3809	0	0	0
3810	2	1	1
3811	1	2	1
3812	8	1	2
3813	3	2	6
3814	11	12	5
3815	3	4	1
3816	10	15	12
3817	5	5	4
3818	0	0	0
3819	14	4	15
3820	6	12	16
3821	0	1	1
3822	0	0	0
3823	0	1	1
3824	0	0	0
3825	4	2	6
3826	3	7	3
3827	4	5	4
3828	0	0	0
3829	0	1	0
3830	6	3	2
3831	16	11	7
3832	6	2	2
3833	3	4	6
3834	4	5	5
3835	0	0	1
3836	0	0	0
3837	0	0	0
3838	23	14	18
3839	14	13	7
3840	4	6	2
3841	33	35	38
3842	12	4	10
3843	9	7	3
3844	2	5	7
3845	0	2	1
3846	16	20	17
3847	1	0	0
3848	3	4	4
3849	1	1	0
3850	0	1	1
3851	23	20	17
3852	7	3	3
3853	0	1	1
3854	9	10	5
3855	4	8	11
3856	0	0	0
3857	4	0	2
3858	5	1	4
3859	4	2	3
3860	0	0	0
3861	0	0	0
3862	8	6	3
3863	11	27	13
3864	3	2	2
3865	0	0	0
3866	0	0	0
3867	0	0	2
3868	1	2	0
3869	6	2	6
3870	0	2	1
3871	8	6	9
3872	0	2	1
3873	0	0	1
3874	11	20	26
3875	0	0	0
3876	1	0	7
3877	5	5	7
3878	17	14	11
3879	1	0	2
3880	13	10	10
3881	8	8	10
3882	171	170	182
3883	0	0	0
3884	0	1	1
3885	0	0	0
3886	516	463	505
3887	0	1	2
3888	20	12	16
3889	4	5	6
3890	1	1	0
3891	6	6	5
3892	96	95	82
3893	0	0	0
3894	2	4	7
3895	7	13	8
3896	25	24	17
3897	7	3	2
3898	6	11	10
3899	6	3	4
3900	4	2	2
3901	0	0	0
3902	5	6	7
3903	11	23	22
3904	13	16	12
3905	3	2	5
3906	7	5	2
3907	112	116	92
3908	4	3	2
3909	9	4	2
3910	9	10	7
3911	37	51	45
3912	0	0	0
3913	0	4	0
3914	0	0	0
3915	1	7	5
3916	2	0	2
3917	3	3	1
3918	4	6	9
3919	2	10	4
3920	12	10	11
3921	21	17	28
3922	16	13	17
3923	0	0	0
3924	2	9	16
3925	55	48	50
3926	3	10	6
3927	9	9	10
3928	3	1	5
3929	9	11	15
3930	5	1	3
3931	9	10	7
3932	7	2	4
3933	0	0	0
3934	19	18	22
3935	0	0	0
3936	1	4	4
3937	6	3	5
3938	0	0	0
3939	25	28	33
3940	22	20	21
3941	5	2	0
3942	0	0	0
3943	32	31	29
3944	0	2	1
3945	9	3	11
3946	0	1	2
3947	0	3	1
3948	9	8	9
3949	3	1	2
3950	7	2	4
3951	8	5	4
3952	0	0	0
3953	1	6	2
3954	2	1	2
3955	17	25	19
3956	1	1	0
3957	0	0	0
3958	3	1	0
3959	6	7	4
3960	0	1	0
3961	1	2	0
3962	0	0	0
3963	0	0	0
3964	1	0	0
3965	3	2	6
3966	1	0	0
3967	121	110	106
3968	10	12	6
3969	28	24	17
3970	17	12	14
3971	5	11	4
3972	3	4	3
3973	5	9	4
3974	0	0	0
3975	16	18	13
3976	4	1	2
3977	0	3	1
3978	12	12	12
3979	8	12	9
3980	13	12	7
3981	24	31	21
3982	45	33	37
3983	0	0	0
3984	1	0	1
3985	43	50	37
3986	15	15	9
3987	19	24	15
3988	0	0	0
3989	0	0	0
3990	5	3	5
3991	10	5	3
3992	0	3	0
3993	0	4	2
3994	3	1	0
3995	6	6	6
3996	6	10	3
3997	2	8	8
3998	4	6	10
3999	4	4	4
4000	0	0	0
4001	0	1	0
4002	0	2	5
4003	5	3	2
4004	55	62	59
4005	3	1	4
4006	31	23	29
4007	37	60	45
4008	0	1	0
4009	0	2	0
4010	2	3	3
4011	10	7	10
4012	13	14	10
4013	0	0	0
4014	10	12	9
4015	5	11	7
4016	18	11	12
4017	15	17	14
4018	48	55	45
4019	7	9	13
4020	0	0	0
4021	0	0	0
4022	188	141	148
4023	6	1	3
4024	6	7	3
4025	19	21	24
4026	4	1	0
4027	4	14	12
4028	2	1	4
4029	55	44	42
4030	55	42	51
4031	6	20	22
4032	14	21	14
4033	3	7	5
4034	1	0	0
4035	18	12	13
4036	2	5	3
4037	0	0	0
4038	40	30	39
4039	12	11	13
4040	3	6	7
4041	38	23	21
4042	1	0	0
4043	6	4	3
4044	5	12	10
4045	7	8	9
4046	2	0	0
4047	2	1	1
4048	6	7	6
4049	7	18	5
4050	3	4	4
4051	0	0	0
4052	0	0	0
4053	1	0	0
4054	5	0	0
4055	2	2	0
4056	0	0	1
4057	7	5	1
4058	0	0	1
4059	0	0	0
4060	0	1	1
4061	17	20	27
4062	32	38	35
4063	0	4	0
4064	6	5	6
4065	2	2	1
4066	1	1	0
4067	22	13	12
4068	0	0	0
4069	0	0	0
4070	0	0	1
4071	5	6	10
4072	0	0	0
4073	2	0	1
4074	2	8	5
4075	1	1	0
4076	20	22	11
4077	0	0	0
4078	0	0	0
4079	0	2	1
4080	0	0	0
4081	2	7	4
4082	0	0	0
4083	1	0	1
4084	5	5	4
4085	3	7	8
4086	0	0	1
4087	5	13	3
4088	3	2	1
4089	2	0	2
4090	9	6	8
4091	0	1	2
4092	2	2	0
4093	0	1	0
4094	0	0	0
4095	163	158	203
4096	0	0	0
4097	7	6	1
4098	1	3	6
4099	2	1	0
4100	9	11	13
4101	1	1	0
4102	2	0	1
4103	10	5	5
4104	2	0	3
4105	4	2	2
4106	0	0	0
4107	0	0	0
4108	16	6	7
4109	9	3	5
4110	12	6	12
4111	1	0	0
4112	0	3	3
4113	1	2	2
4114	0	0	1
4115	38	41	43
4116	1	0	0
4117	16	26	18
4118	0	0	0
4119	1	0	0
4120	3	3	2
4121	8	11	4
4122	0	1	0
4123	0	0	0
4124	0	0	0
4125	0	0	0
4126	0	0	0
4127	0	0	0
4128	0	0	0
4129	0	0	0
4130	4	4	7
4131	8	10	6
4132	12	11	5
4133	9	7	12
4134	2	0	2
4135	5	4	5
4136	3	1	0
4137	6	2	3
4138	1	5	4
4139	0	2	0
4140	0	0	0
4141	0	0	0
4142	0	0	0
4143	0	0	0
4144	11	13	15
4145	1	4	1
4146	1	4	2
4147	0	0	1
4148	0	0	0
4149	1	1	0
4150	0	0	0
4151	5	3	7
4152	17	22	18
4153	1	1	2
4154	6	9	7
4155	1	1	0
4156	2	4	3
4157	0	0	0
4158	28	25	18
4159	1	0	1
4160	38	44	36
4161	64	82	62
4162	2	5	2
4163	2	0	0
4164	0	0	1
4165	41	35	42
4166	1	0	1
4167	0	1	1
4168	8	8	9
4169	9	4	4
4170	0	0	0
4171	25	28	24
4172	1	1	1
4173	0	1	1
4174	34	38	23
4175	16	15	13
4176	22	21	13
4177	5	4	3
4178	17	18	14
4179	1	0	2
4180	0	0	0
4181	43	40	31
4182	3	5	10
4183	6	6	4
4184	0	0	0
4185	0	0	0
4186	0	1	1
4187	9	3	7
4188	2	0	0
4189	4	7	3
4190	10	9	9
4191	16	16	31
4192	0	0	1
4193	0	0	1
4194	4	5	3
4195	7	3	3
4196	1	2	1
4197	0	0	0
4198	11	9	16
4199	6	9	3
4200	0	0	0
4201	16	6	10
4202	0	2	2
4203	3	1	1
4204	55	61	49
4205	0	0	1
4206	5	5	1
4207	8	10	10
4208	7	13	2
4209	4	0	1
4210	5	6	5
4211	32	45	43
4212	3	1	1
4213	0	1	2
4214	6	2	2
4215	2	3	7
4216	5	4	2
4217	0	0	0
4218	0	0	0
4219	6	4	0
4220	2	1	2
4221	7	3	7
4222	27	21	28
4223	0	0	0
4224	12	5	14
4225	0	0	3
4226	29	18	31
4227	1	2	1
4228	1	3	3
4229	3	5	7
4230	6	7	6
4231	7	8	7
4232	3	4	4
4233	12	7	10
4234	12	14	8
4235	2	4	5
4236	12	5	5
4237	24	20	25
4238	4	1	0
4239	14	15	11
4240	16	12	12
4241	0	0	0
4242	20	12	12
4243	1	0	1
4244	1	0	0
4245	19	18	15
4246	10	7	4
4247	28	41	24
4248	24	41	41
4249	0	2	0
4250	0	0	0
4251	1	4	2
4252	1	0	0
4253	2	1	0
4254	4	5	4
4255	11	6	9
4256	9	1	5
4257	2	0	1
4258	81	63	72
4259	0	0	1
4260	9	3	9
4261	1	0	0
4262	97	95	72
4263	0	0	1
4264	8	12	10
4265	4	1	4
4266	5	8	5
4267	0	0	1
4268	2	4	3
4269	8	4	0
4270	18	12	12
4271	2	4	1
4272	11	8	7
4273	2	5	2
4274	19	18	17
4275	5	8	6
4276	12	9	11
4277	13	16	16
4278	9	5	5
4279	30	23	22
4280	2	1	2
4281	544	510	461
4282	0	3	1
4283	7	3	6
4284	5	3	7
4285	10	13	9
4286	4	5	0
4287	15	23	17
4288	10	18	21
4289	3	1	0
4290	0	0	0
4291	23	32	33
4292	16	12	9
4293	2	3	2
4294	3	10	2
4295	0	1	0
4296	1	0	2
4297	11	6	6
4298	65	54	52
4299	12	11	9
4300	7	1	10
4301	2	2	1
4302	16	12	8
4303	8	7	7
4304	0	1	0
4305	1	4	0
4306	16	31	24
4307	4	2	23
4308	14	15	16
4309	2	0	1
4310	8	14	5
4311	2	2	2
4312	2	2	1
4313	7	8	9
4314	0	0	0
4315	62	72	56
4316	30	25	29
4317	6	5	4
4318	6	4	11
4319	23	19	11
4320	11	21	9
4321	6	10	8
4322	0	1	0
4323	7	11	9
4324	2	0	0
4325	0	0	1
4326	0	2	2
4327	0	0	0
4328	26	21	19
4329	4	3	1
4330	4	4	3
4331	2	4	0
4332	43	46	45
4333	1	1	2
4334	0	0	1
4335	0	0	0
4336	107	105	101
4337	0	0	0
4338	1	0	0
4339	0	0	0
4340	0	1	0
4341	13	7	5
4342	0	0	0
4343	0	0	0
4344	0	0	2
4345	10	19	17
4346	5	1	4
4347	2	1	4
4348	0	0	0
4349	0	1	2
4350	1	0	0
4351	6	7	4
4352	5	2	0
4353	0	1	3
4354	0	0	0
4355	1	2	1
4356	25	23	15
4357	0	2	2
4358	12	9	10
4359	1	1	0
4360	5	4	4
4361	4	0	3
4362	0	1	1
4363	13	13	13
4364	20	17	19
4365	2	0	1
4366	7	2	5
4367	0	0	0
4368	77	70	85
4369	0	3	0
4370	1	4	4
4371	29	29	15
4372	0	1	0
4373	2	2	4
4374	0	0	3
4375	3	3	0
4376	0	0	0
4377	2	1	0
4378	28	19	29
4379	1	0	1
4380	0	0	0
4381	0	4	1
4382	9	4	12
4383	0	1	3
4384	1	0	0
4385	0	0	0
4386	4	4	4
4387	1	1	1
4388	0	1	0
4389	15	11	11
4390	35	34	37
4391	67	72	77
4392	19	16	11
4393	82	70	71
4394	37	30	39
4395	6	6	6
4396	211	220	220
4397	5	3	6
4398	51	34	36
4399	13	14	22
4400	0	0	0
4401	3	6	7
4402	40	30	29
4403	17	17	19
4404	17	18	15
4405	0	0	0
4406	3	4	4
4407	3	2	3
4408	25	28	20
4409	2	7	4
4410	10	9	11
4411	1	1	3
4412	0	0	0
4413	17	8	9
4414	15	9	10
4415	6	3	6
4416	101	82	84
4417	4	9	4
4418	0	0	1
4419	2	1	0
4420	25	32	19
4421	3	2	4
4422	24	48	30
4423	15	12	17
4424	4	2	3
4425	2	0	0
4426	7	11	4
4427	4	4	3
4428	44	32	40
4429	7	6	3
4430	0	0	0
4431	0	0	0
4432	4	4	6
4433	9	4	5
4434	1	0	1
4435	24	22	29
4436	8	10	6
4437	30	25	27
4438	18	11	15
4439	16	11	14
4440	0	0	0
4441	1	2	1
4442	109	118	112
4443	1	0	0
4444	7	10	6
4445	4	4	0
4446	3	5	6
4447	3	1	3
4448	3	0	1
4449	3	0	2
4450	0	0	1
4451	0	0	0
4452	5	8	6
4453	14	22	14
4454	33	27	29
4455	1	0	0
4456	107	111	137
4457	3	2	2
4458	4	5	4
4459	40	37	29
4460	0	0	3
4461	6	8	2
4462	4	9	3
4463	2	4	5
4464	109	93	90
4465	20	16	18
4466	1	1	3
4467	11	15	10
4468	24	32	36
4469	4	3	8
4470	0	0	0
4471	169	164	153
4472	4	0	1
4473	0	0	0
4474	2	4	2
4475	19	12	6
4476	1	2	0
4477	3	3	8
4478	3	6	4
4479	0	0	0
4480	14	14	10
4481	2	1	1
4482	2	1	0
4483	0	0	0
4484	0	2	1
4485	0	0	0
4486	7	6	2
4487	0	1	0
4488	37	33	42
4489	25	37	32
4490	0	0	0
4491	16	21	18
4492	16	6	9
4493	9	2	2
4494	1	0	0
4495	7	8	4
4496	1	0	1
4497	4	4	9
4498	0	0	0
4499	4	4	5
4500	22	17	16
4501	2	0	0
4502	0	2	0
4503	2	0	0
4504	11	13	15
4505	9	5	5
4506	1	1	0
4507	0	0	1
4508	30	24	20
4509	0	1	0
4510	15	10	10
4511	1	1	1
4512	6	4	6
4513	2	1	2
4514	5	2	7
4515	0	2	0
4516	6	4	8
4517	8	6	8
4518	7	5	6
4519	34	35	31
4520	3	2	1
4521	0	0	0
4522	9	9	11
4523	7	2	3
4524	8	10	12
4525	0	2	3
4526	0	1	1
4527	19	22	20
4528	3	1	3
4529	1	1	0
4530	5	8	6
4531	0	0	0
4532	1	0	0
4533	0	0	0
4534	3	2	2
4535	0	0	0
4536	38	42	39
4537	1	0	0
4538	25	25	16
4539	0	1	1
4540	23	26	18
4541	5	1	3
4542	19	11	14
4543	3	3	0
4544	16	13	20
4545	9	5	12
4546	2	3	2
4547	6	6	7
4548	1	0	0
4549	0	0	0
4550	10	4	5
4551	2	3	1
4552	0	1	1
4553	0	0	0
4554	29	25	23
4555	3	3	3
4556	5	5	1
4557	0	0	0
4558	8	7	6
4559	2	3	4
4560	28	29	28
4561	1	0	0
4562	3	1	5
4563	22	29	27
4564	5	7	4
4565	112	88	85
4566	6	8	12
4567	6	4	5
4568	28	24	19
4569	13	18	21
4570	8	14	11
4571	28	29	23
4572	11	15	7
4573	1	0	1
4574	0	0	0
4575	0	1	0
4576	2	0	0
4577	2	0	0
4578	0	1	1
4579	20	23	26
4580	2	3	0
4581	0	0	0
4582	0	1	0
4583	0	0	0
4584	0	0	2
4585	0	0	0
4586	2	5	4
4587	1	0	1
4588	104	95	90
4589	4	2	4
4590	4	3	1
4591	6	9	4
4592	31	38	51
4593	7	3	5
4594	75	69	87
4595	6	3	9
4596	0	1	0
4597	12	15	11
4598	44	43	25
4599	1	2	4
4600	4	5	2
4601	11	7	11
4602	6	2	4
4603	3	4	2
4604	5	1	2
4605	5	4	1
4606	74	75	84
4607	0	0	0
4608	1	0	0
4609	0	1	0
4610	10	4	7
4611	31	43	42
4612	1	0	1
4613	8	7	9
4614	2	3	2
4615	24	25	27
4616	7	14	13
4617	30	22	16
4618	2	2	1
4619	0	4	7
4620	20	8	8
4621	1	1	0
4622	3	10	10
4623	0	0	0
4624	20	19	20
4625	4	15	8
4626	5	1	2
4627	33	38	30
4628	17	21	24
4629	17	12	16
4630	0	0	0
4631	86	91	86
4632	5	4	8
4633	21	17	9
4634	0	0	0
4635	2	5	9
4636	1	0	0
4637	10	14	14
4638	11	11	9
4639	5	4	5
4640	89	84	61
4641	4	5	3
4642	39	48	54
4643	24	16	20
4644	4	2	0
4645	0	0	1
4646	116	100	100
4647	4	3	1
4648	57	50	40
4649	3	5	2
4650	5	4	4
4651	12	15	21
4652	0	0	0
4653	0	0	0
4654	0	3	2
4655	0	1	0
4656	2	9	5
4657	9	5	5
4658	7	8	7
4659	4	4	6
4660	1	0	0
4661	37	32	27
4662	0	1	1
4663	139	143	124
4664	26	21	6
4665	4	7	7
4666	3	11	8
4667	86	87	123
4668	18	19	12
4669	11	9	10
4670	2	1	1
4671	1	0	0
4672	4	1	2
4673	2	0	0
4674	23	29	20
4675	27	22	34
4676	54	58	36
4677	5	5	8
4678	4	3	1
4679	43	33	28
4680	5	3	3
4681	58	52	59
4682	8	12	9
4683	2	0	2
4684	0	2	1
4685	1	1	1
4686	4	2	0
4687	0	0	0
4688	4	2	2
4689	5	5	3
4690	6	10	7
4691	2	9	6
4692	0	2	1
4693	10	6	9
4694	2	3	2
4695	4	2	3
4696	1	2	0
4697	2	2	1
4698	1	2	0
4699	8	16	14
4700	8	7	8
4701	0	2	1
4702	0	0	0
4703	1	0	0
4704	1	5	2
4705	1	0	0
4706	9	13	9
4707	19	4	16
4708	7	7	12
4709	19	13	22
4710	4	6	8
4711	0	0	0
4712	3	0	3
4713	16	18	25
4714	2	0	2
4715	19	21	13
4716	0	0	0
4717	41	40	33
4718	23	22	29
4719	2	4	2
4720	0	0	0
4721	11	3	7
4722	0	0	0
4723	8	12	5
4724	0	0	0
4725	3	5	7
4726	140	135	148
4727	0	0	1
4728	50	46	51
4729	3	3	7
4730	54	57	51
4731	0	1	0
4732	5	8	10
4733	2	2	5
4734	2	1	2
4735	48	48	48
4736	0	0	0
4737	1	1	1
4738	11	8	5
4739	0	1	0
4740	13	13	7
4741	2	3	5
4742	68	52	48
4743	55	31	49
4744	4	6	8
4745	9	12	10
4746	0	0	3
4747	2	1	0
4748	0	0	1
4749	24	17	8
4750	5	5	1
4751	1	9	3
4752	3	2	6
4753	0	1	1
4754	22	27	19
4755	4	6	6
4756	5	6	3
4757	4	4	2
4758	0	0	0
4759	8	5	5
4760	6	8	6
4761	3	5	3
4762	0	2	1
4763	1	2	3
4764	5	3	4
4765	4	1	6
4766	33	40	36
4767	6	10	4
4768	13	16	12
4769	50	48	63
4770	0	0	0
4771	0	1	0
4772	3	6	4
4773	48	48	53
4774	3	3	1
4775	0	0	0
4776	0	0	0
4777	28	28	18
4778	1	0	2
4779	0	0	0
4780	0	0	0
4781	5	3	3
4782	0	0	0
4783	4	6	2
4784	0	0	1
4785	12	24	14
4786	5	2	1
4787	6	3	4
4788	1	3	1
4789	28	23	24
4790	4	4	4
4791	0	1	5
4792	1	1	1
4793	1	0	0
4794	2	5	3
4795	21	18	10
4796	10	12	13
4797	3	2	0
4798	1	0	0
4799	5	1	6
4800	0	0	0
4801	0	1	1
4802	25	23	21
4803	49	61	62
4804	11	16	17
4805	2	1	1
4806	0	0	0
4807	52	50	58
4808	7	8	9
4809	19	11	15
4810	3	3	3
4811	0	1	1
4812	3	4	5
4813	0	3	3
4814	3	1	4
4815	0	0	0
4816	62	60	62
4817	0	1	0
4818	1	1	1
4819	51	50	33
4820	1	3	2
4821	1	7	4
4822	0	0	0
4823	6	9	8
4824	2	1	0
4825	31	27	24
4826	15	11	8
4827	9	14	17
4828	1	2	1
4829	2	1	5
4830	0	0	0
4831	3	1	0
4832	1	2	1
4833	6	3	3
4834	0	0	0
4835	0	2	1
4836	0	0	1
4837	0	0	0
4838	9	9	20
4839	107	123	127
4840	11	10	18
4841	23	15	22
4842	7	1	3
4843	2	2	3
4844	23	16	11
4845	43	49	46
4846	3	4	2
4847	0	2	2
4848	0	1	4
4849	21	24	11
4850	0	0	1
4851	5	8	3
4852	2	3	0
4853	2	1	1
4854	1	1	2
4855	3	4	1
4856	10	7	10
4857	1	0	0
4858	0	0	0
4859	0	0	0
4860	5	4	2
4861	404	417	475
4862	1	9	6
4863	3	7	4
4864	6	8	8
4865	0	0	2
4866	0	0	0
4867	1	0	0
4868	15	14	14
4869	26	20	20
4870	4	0	0
4871	0	0	0
4872	0	0	0
4873	2	1	1
4874	7	4	2
4875	3	1	2
4876	0	0	0
4877	12	16	14
4878	0	0	0
4879	0	0	2
4880	0	0	0
4881	0	0	0
4882	0	0	0
4883	0	0	0
4884	0	0	0
4885	0	0	0
4886	0	0	1
4887	0	0	0
4888	14	9	6
4889	56	45	39
4890	15	20	10
4891	21	25	14
4892	0	0	0
4893	0	0	1
4894	9	7	13
4895	1	2	2
4896	0	0	0
4897	0	0	0
4898	4	1	1
4899	9	8	11
4900	3	0	1
4901	2	3	3
4902	5	5	11
4903	1	1	0
4904	46	61	35
4905	0	0	0
4906	1	0	2
4907	6	4	1
4908	0	1	0
4909	16	13	16
4910	1	1	2
4911	121	120	157
4912	32	25	33
4913	1	1	0
4914	42	34	36
4915	0	0	0
4916	0	0	1
4917	2	4	3
4918	6	2	1
4919	7	3	11
4920	9	7	10
4921	6	8	4
4922	24	26	22
4923	18	22	16
4924	9	3	6
4925	0	0	0
4926	51	43	40
4927	2	2	2
4928	22	25	24
4929	3	1	0
4930	0	0	0
4931	25	18	25
4932	84	81	59
4933	0	0	1
4934	7	11	9
4935	7	5	3
4936	10	11	7
4937	4	1	1
4938	9	0	6
4939	10	6	10
4940	15	7	11
4941	2	1	0
4942	85	97	103
4943	0	1	0
4944	0	2	0
4945	0	0	0
4946	0	2	2
4947	7	4	4
4948	8	17	14
4949	13	8	7
4950	0	2	0
4951	0	0	0
4952	14	14	24
4953	1	0	2
4954	0	0	0
4955	0	0	0
4956	7	4	7
4957	1	2	1
4958	0	3	1
4959	1	1	2
4960	3	0	2
4961	9	6	13
4962	0	3	1
4963	7	6	7
4964	78	88	93
4965	0	0	0
4966	239	244	202
4967	0	0	0
4968	0	1	0
4969	0	0	0
4970	1	0	0
4971	9	6	5
4972	12	10	23
4973	0	0	1
4974	1	0	0
4975	3	1	2
4976	4	6	4
4977	3	3	1
4978	6	7	3
4979	23	21	19
4980	9	3	1
4981	0	0	0
4982	0	0	0
4983	1	1	2
4984	0	0	0
4985	0	0	0
4986	8	8	5
4987	3	3	5
4988	1	2	0
4989	3	0	0
4990	4	4	1
4991	14	13	9
4992	0	0	0
4993	0	0	0
4994	0	0	0
4995	0	1	1
4996	0	0	4
4997	13	10	11
4998	9	14	12
4999	39	31	29
5000	0	1	1
5001	7	8	6
5002	0	2	1
5003	33	31	29
5004	45	40	33
5005	0	0	0
5006	0	0	0
5007	5	13	12
5008	0	1	0
5009	8	10	6
5010	13	14	8
5011	0	0	0
5012	3	2	5
5013	1	0	0
5014	13	7	10
5015	17	12	11
5016	32	30	30
5017	0	0	0
5018	1	3	4
5019	1	7	5
5020	140	153	134
5021	0	0	0
5022	1	0	0
5023	4	3	3
5024	71	71	97
5025	1	1	1
5026	13	13	7
5027	2	2	4
5028	16	15	18
5029	12	9	9
5030	0	0	0
5031	0	0	1
5032	4	4	3
5033	1	1	1
5034	29	24	22
5035	108	103	110
5036	14	14	9
5037	13	26	21
5038	5	4	6
5039	1	1	1
5040	0	0	0
5041	0	0	0
5042	2	3	1
5043	2	2	2
5044	2	1	0
5045	1	0	0
5046	30	47	26
5047	2	3	3
5048	3	6	4
5049	1	0	0
5050	0	0	1
5051	1	0	0
5052	24	20	33
5053	10	12	15
5054	7	4	3
5055	44	62	54
5056	7	6	7
5057	0	0	0
5058	21	23	14
5059	2	4	5
5060	2	4	1
5061	2	1	1
5062	165	171	175
5063	3	9	5
5064	0	0	0
5065	5	2	3
5066	0	0	0
5067	10	5	8
5068	1	0	1
5069	16	14	25
5070	0	1	0
5071	4	2	6
5072	48	51	39
5073	31	23	30
5074	23	16	20
5075	1	0	1
5076	46	35	26
5077	24	28	17
5078	10	8	11
5079	1	0	0
5080	2	7	3
5081	0	1	2
5082	1	1	0
5083	1	0	2
5084	0	1	0
5085	6	3	7
5086	3	8	5
5087	1	0	2
5088	1	0	0
5089	34	24	19
5090	1	6	6
5091	6	3	5
5092	26	18	15
5093	0	1	1
5094	5	5	7
5095	15	9	9
5096	0	0	0
5097	8	10	9
5098	49	37	53
5099	7	6	13
5100	0	1	1
5101	13	10	11
5102	20	22	18
5103	2	8	10
5104	0	0	0
5105	9	12	13
5106	107	111	88
5107	4	0	5
5108	0	0	0
5109	4	2	4
5110	40	38	40
5111	14	15	8
5112	2	3	5
5113	2	0	1
5114	4	3	1
5115	5	4	5
5116	67	48	55
5117	0	0	0
5118	1	2	0
5119	3	8	4
5120	8	6	5
5121	42	18	28
5122	1	8	1
5123	1	3	0
5124	0	0	0
5125	1	0	0
5126	1	4	1
5127	175	199	175
5128	0	0	0
5129	0	0	0
5130	4	0	4
5131	29	32	23
5132	4	5	2
5133	0	1	1
5134	0	0	2
5135	0	0	0
5136	0	3	1
5137	2	0	0
5138	1	1	0
5139	8	5	6
5140	15	21	18
5141	0	1	2
5142	4	2	5
5143	2	1	1
5144	0	0	0
5145	4	3	2
5146	25	29	22
5147	0	0	0
5148	1	1	1
5149	0	0	2
5150	13	12	11
5151	15	8	11
5152	1	1	0
5153	0	0	0
5154	8	1	1
5155	25	13	16
5156	1	2	3
5157	12	16	8
5158	0	0	0
5159	9	7	5
5160	3	5	3
5161	1	1	0
5162	14	6	13
5163	4	5	5
5164	2	0	0
5165	19	21	14
5166	10	2	1
5167	3	1	0
5168	15	21	15
5169	1	2	0
5170	15	12	15
5171	6	6	6
5172	5	0	4
5173	22	25	22
5174	1	0	1
5175	1	0	0
5176	0	0	0
5177	12	8	11
5178	1	0	0
5179	11	10	13
5180	11	14	10
5181	0	0	0
5182	14	15	12
5183	6	10	10
5184	7	6	10
5185	49	56	50
5186	11	12	17
5187	14	12	14
5188	21	19	18
5189	2	11	3
5190	0	0	0
5191	7	9	3
5192	0	1	1
5193	7	2	6
5194	4	3	2
5195	4	3	4
5196	2	4	3
5197	12	8	5
5198	18	17	9
5199	1	0	0
5200	0	2	0
5201	5	8	11
5202	4	2	1
5203	38	32	40
5204	27	36	23
5205	0	0	0
5206	121	98	116
5207	0	0	0
5208	10	17	13
5209	3	2	1
5210	7	2	4
5211	2	6	0
5212	11	8	4
5213	15	16	12
5214	6	4	1
5215	22	11	10
5216	14	14	12
5217	0	0	0
5218	0	0	0
5219	1	3	2
5220	2	9	5
5221	3	0	1
5222	13	11	19
5223	47	43	54
5224	4	6	3
5225	14	14	23
5226	7	4	4
5227	6	0	0
5228	20	17	18
5229	8	14	21
5230	16	20	24
5231	12	13	6
5232	1	0	2
5233	2	0	1
5234	5	2	2
5235	0	0	0
5236	34	22	27
5237	0	0	0
5238	0	0	0
5239	0	0	0
5240	0	0	0
5241	1	1	0
5242	2	4	4
5243	2	2	3
5244	5	7	10
5245	1	2	0
5246	0	0	1
5247	2	7	3
5248	2	5	4
5249	7	6	3
5250	13	15	9
5251	39	48	33
5252	0	2	0
5253	1	0	0
5254	50	27	41
5255	0	1	3
5256	8	13	6
5257	0	0	0
5258	2	0	0
5259	8	14	11
5260	14	13	12
5261	8	7	7
5262	7	6	4
5263	1	0	0
5264	11	16	7
5265	1	2	3
5266	61	39	40
5267	0	0	1
5268	0	0	0
5269	2	7	4
5270	0	1	0
5271	2	1	1
5272	0	0	0
5273	0	0	0
5274	12	11	17
5275	0	0	0
5276	0	0	0
5277	2	1	2
5278	1	5	2
5279	21	18	18
5280	2	1	2
5281	15	16	13
5282	0	0	0
5283	17	11	8
5284	33	46	56
5285	3	3	2
5286	0	0	0
5287	3	4	3
5288	0	1	0
5289	14	10	9
5290	22	20	19
5291	7	10	12
5292	65	50	52
5293	6	6	6
5294	1	4	0
5295	36	14	20
5296	0	0	0
5297	1	3	2
5298	9	10	6
5299	0	0	0
5300	22	17	21
5301	5	4	3
5302	0	1	1
5303	16	12	8
5304	3	3	4
5305	9	16	7
5306	14	13	5
5307	2	4	3
5308	3	5	3
5309	13	5	8
5310	11	10	10
5311	4	5	6
5312	0	0	0
5313	10	1	4
5314	3	1	1
5315	0	0	0
5316	4	0	2
5317	0	0	0
5318	0	0	1
5319	3	3	7
5320	8	13	8
5321	104	87	98
5322	4	6	4
5323	0	0	0
5324	9	6	11
5325	4	4	2
5326	1	0	0
5327	171	165	164
5328	0	0	0
5329	6	2	4
5330	0	0	0
5331	13	13	12
5332	206	209	232
5333	6	4	4
5334	2	0	0
5335	1	1	3
5336	8	5	3
5337	214	189	215
5338	0	0	1
5339	4	3	4
5340	56	38	47
5341	1	5	2
5342	1	1	2
5343	1	3	2
5344	47	28	28
5345	3	4	6
5346	1	1	0
5347	0	1	0
5348	2	1	0
5349	30	33	28
5350	12	4	8
5351	27	30	22
5352	2	3	2
5353	6	3	5
5354	4	3	8
5355	0	1	1
5356	16	19	15
5357	9	7	7
5358	1	2	2
5359	0	0	0
5360	0	1	0
5361	0	0	1
5362	0	0	0
5363	0	0	0
5364	4	5	8
5365	2	0	1
5366	2	4	1
5367	8	10	4
5368	2	1	4
5369	17	12	17
5370	2	3	4
5371	1	1	4
5372	2	0	1
5373	9	9	7
5374	2	0	2
5375	10	18	14
5376	1	2	2
5377	0	0	0
5378	0	0	0
5379	24	22	13
5380	2	0	3
5381	0	0	0
5382	3	1	1
5383	9	18	17
5384	0	0	0
5385	4	5	4
5386	19	20	24
5387	2	0	0
5388	2	3	2
5389	2	0	3
5390	3	3	0
5391	3	2	4
5392	0	0	2
5393	2	2	6
5394	8	18	5
5395	2	2	2
5396	0	2	0
5397	2	3	1
5398	44	41	32
5399	5	2	2
5400	0	0	0
5401	58	37	42
5402	2	3	6
5403	13	18	13
5404	0	1	0
5405	15	16	13
5406	0	0	0
5407	4	0	2
5408	1	1	0
5409	8	8	1
5410	18	20	8
5411	0	0	0
5412	0	0	0
5413	1	3	0
5414	8	12	8
5415	4	2	0
5416	21	25	29
5417	0	0	0
5418	0	0	0
5419	1	3	1
5420	2	0	1
5421	1	0	0
5422	1	1	0
5423	7	6	12
5424	8	9	8
5425	2	4	0
5426	2	2	5
5427	4	9	3
5428	1	0	0
5429	8	1	3
5430	2	3	2
5431	0	0	0
5432	46	53	54
5433	37	20	30
5434	14	13	13
5435	3	1	2
5436	3	3	4
5437	0	2	1
5438	22	24	26
5439	2	0	1
5440	1	2	1
5441	61	47	41
5442	28	24	28
5443	351	331	306
5444	55	54	48
5445	5	8	7
5446	68	92	63
5447	25	39	24
5448	0	0	2
5449	9	19	16
5450	68	59	51
5451	58	38	40
5452	5	3	2
5453	49	51	63
5454	0	0	0
5455	0	0	0
5456	10	4	11
5457	34	53	42
5458	0	0	0
5459	0	0	0
5460	0	1	0
5461	0	0	1
5462	1	1	1
5463	72	93	73
5464	0	0	0
5465	1	3	4
5466	145	132	129
5467	0	0	3
5468	10	13	14
5469	0	0	0
5470	38	29	34
5471	3	3	4
5472	0	0	1
5473	0	0	1
5474	1	0	1
5475	0	0	0
5476	30	24	19
5477	1	0	2
5478	0	1	0
5479	0	0	0
5480	0	0	1
5481	2	0	3
5482	25	47	44
5483	1	0	0
5484	1	2	3
5485	0	0	0
5486	17	14	10
5487	8	9	6
5488	8	22	14
5489	9	12	18
5490	3	5	5
5491	3	5	2
5492	0	0	0
5493	0	0	0
5494	0	0	0
5495	0	0	0
5496	1	2	0
5497	9	5	10
5498	0	0	0
5499	3	1	3
5500	19	17	15
5501	0	0	0
5502	42	24	30
5503	35	30	22
5504	0	0	0
5505	2	4	2
5506	12	18	11
5507	2	1	1
5508	1	0	0
5509	64	74	55
5510	0	0	0
5511	1	2	3
5512	35	37	21
5513	2	0	0
5514	1	1	4
5515	1	4	0
5516	4	7	5
5517	0	0	0
5518	0	0	0
5519	3	3	4
5520	3	3	1
5521	4	11	12
5522	2	1	1
5523	4	1	1
5524	0	0	0
5525	0	0	0
5526	0	0	0
5527	0	0	0
5528	1	6	5
5529	2	1	1
5530	36	40	49
5531	33	37	42
5532	4	2	2
5533	0	0	0
5534	28	28	21
5535	15	17	8
5536	3	4	5
5537	0	0	1
5538	0	0	1
5539	0	2	2
5540	0	0	0
5541	42	34	22
5542	0	0	0
5543	0	0	3
5544	1	2	5
5545	7	9	10
5546	19	14	10
5547	8	15	10
5548	4	3	2
5549	0	2	0
5550	19	20	14
5551	1	0	3
5552	3	1	2
5553	0	0	0
5554	11	8	13
5555	0	0	1
5556	3	5	3
5557	0	1	0
5558	1	4	2
5559	0	2	0
5560	0	2	1
5561	4	2	0
5562	1	0	0
5563	1	2	2
5564	8	0	1
5565	283	280	267
5566	5	5	3
5567	3	1	1
5568	16	20	13
5569	6	4	5
5570	0	1	0
5571	0	0	0
5572	3	2	1
5573	9	6	8
5574	5	9	8
5575	0	0	0
5576	11	5	6
5577	123	107	102
5578	28	11	17
5579	4	4	2
5580	4	3	0
5581	1	3	1
5582	0	0	1
5583	5	7	7
5584	10	16	10
5585	2	1	2
5586	0	0	0
5587	1	0	1
5588	0	2	1
5589	30	27	20
5590	9	13	14
5591	2	1	1
5592	2	5	2
5593	2	0	1
5594	3	2	2
5595	1	1	2
5596	21	29	22
5597	0	2	1
5598	6	3	1
5599	7	11	9
5600	0	0	0
5601	4	8	5
5602	0	0	0
5603	10	5	10
5604	11	11	8
5605	38	26	23
5606	12	18	8
5607	5	6	5
5608	2	1	2
5609	0	0	0
5610	25	18	16
5611	3	2	2
5612	3	1	5
5613	3	7	4
5614	32	46	52
5615	4	0	0
5616	0	0	0
5617	24	21	5
5618	12	11	7
5619	96	64	78
5620	7	12	9
5621	0	0	0
5622	3	1	1
5623	4	3	5
5624	0	0	2
5625	0	0	0
5626	1	0	2
5627	1	1	2
5628	0	0	1
5629	4	4	4
5630	1	4	4
5631	0	0	0
5632	1	1	2
5633	7	9	5
5634	19	17	10
5635	0	0	0
5636	8	3	4
5637	1	2	0
5638	3	4	5
5639	6	2	1
5640	0	0	0
5641	2	5	5
5642	9	11	10
5643	37	34	27
5644	0	0	1
5645	0	0	0
5646	1	1	1
5647	4	1	2
5648	2	4	1
5649	0	0	0
5650	1	0	0
5651	0	0	0
5652	0	0	0
5653	6	10	13
5654	1	2	0
5655	1	1	2
5656	1	2	2
5657	2	7	4
5658	2	4	1
5659	0	0	0
5660	53	44	36
5661	1	2	0
5662	2	5	7
5663	4	6	3
5664	30	25	23
5665	0	0	1
5666	6	1	3
5667	24	24	20
5668	16	33	23
5669	3	4	2
5670	5	3	4
5671	0	0	1
5672	13	18	12
5673	26	19	31
5674	1	0	0
5675	2	0	0
5676	7	15	7
5677	0	0	0
5678	2	5	3
5679	0	0	0
5680	1	3	2
5681	27	28	27
5682	1	3	2
5683	1	3	2
5684	0	0	2
5685	0	0	1
5686	5	10	7
5687	10	11	11
5688	1	0	0
5689	0	0	0
5690	52	47	36
5691	34	20	29
5692	2	0	2
5693	8	12	10
5694	6	7	7
5695	499	484	507
5696	2	2	2
5697	9	1	6
5698	12	8	2
5699	30	22	21
5700	10	14	6
5701	0	2	0
5702	5	3	1
5703	0	0	0
5704	0	0	0
5705	3	4	5
5706	0	0	1
5707	1	2	0
5708	62	50	58
5709	26	32	19
5710	9	9	9
5711	13	22	14
5712	3	10	7
5713	66	60	80
5714	29	23	19
5715	0	0	0
5716	0	0	0
5717	4	3	2
5718	22	14	15
5719	49	39	33
5720	0	0	1
5721	2	2	4
5722	48	41	64
5723	0	3	3
5724	6	8	10
5725	8	7	8
5726	21	25	20
5727	1	1	3
5728	1	0	2
5729	21	24	22
5730	44	47	42
5731	177	183	149
5732	83	64	53
5733	19	24	10
5734	12	11	10
5735	2	1	0
5736	0	0	2
5737	3	2	0
5738	0	0	0
5739	1	2	2
5740	10	11	14
5741	10	12	6
5742	0	0	0
5743	8	9	7
5744	2	4	4
5745	3	5	7
5746	3	1	3
5747	25	25	21
5748	0	3	2
5749	168	137	135
5750	3	2	3
5751	76	79	54
5752	4	8	3
5753	1	0	3
5754	0	0	0
5755	4	4	3
5756	1	0	1
5757	38	43	25
5758	11	11	8
5759	0	3	4
5760	0	0	0
5761	52	69	71
5762	4	4	2
5763	2	1	3
5764	6	10	6
5765	8	9	5
5766	0	0	0
5767	1	0	0
5768	0	0	0
5769	0	1	1
5770	0	0	1
5771	10	14	7
5772	9	7	10
5773	4	1	2
5774	16	15	16
5775	30	15	28
5776	7	11	7
5777	0	0	0
5778	8	6	15
5779	22	14	19
5780	11	14	11
5781	1	1	2
5782	3	5	5
5783	25	42	27
5784	2	6	2
5785	3	3	4
5786	7	14	9
5787	0	0	0
5788	0	0	0
5789	893	834	875
5790	87	99	120
5791	0	3	4
5792	158	157	119
5793	7	7	6
5794	193	158	186
5795	18	10	8
5796	2	14	8
5797	6	11	13
5798	2	0	0
5799	10	21	7
5800	131	121	131
5801	47	34	40
5802	1	4	2
5803	0	0	0
5804	2	2	3
5805	6	9	10
5806	8	12	11
5807	0	0	0
5808	2	3	2
5809	0	0	0
5810	26	25	17
5811	24	19	26
5812	53	49	53
5813	14	8	12
5814	0	1	0
5815	6	4	5
5816	32	40	33
5817	49	39	31
5818	12	17	17
5819	6	10	5
5820	10	14	8
5821	47	36	44
5822	0	1	1
5823	7	7	5
5824	120	112	101
5825	15	14	17
5826	0	0	0
5827	0	0	0
5828	3	2	5
5829	3	1	2
5830	3	11	8
5831	52	39	53
5832	1	2	1
5833	11	9	17
5834	3	4	5
5835	6	5	7
5836	12	8	12
5837	7	1	2
5838	15	16	12
5839	13	6	4
5840	73	66	67
5841	0	0	0
5842	15	15	15
5843	0	2	2
5844	0	0	0
5845	17	14	12
5846	0	0	0
5847	0	0	0
5848	0	0	1
5849	0	0	0
5850	0	1	0
5851	3	5	7
5852	3	2	7
5853	0	0	0
5854	4	5	10
5855	9	2	6
5856	17	15	16
5857	0	0	1
5858	27	37	24
5859	26	19	23
5860	17	16	19
5861	5	14	9
5862	6	4	3
5863	2	1	2
5864	4	6	10
5865	10	13	11
5866	0	0	0
5867	0	0	0
5868	0	0	0
5869	7	15	8
5870	1	0	0
5871	1	0	3
5872	0	2	2
5873	30	27	16
5874	2	1	5
5875	1	0	0
5876	24	35	24
5877	1	1	0
5878	0	0	0
5879	0	1	0
5880	2	0	1
5881	0	1	0
5882	0	0	0
5883	24	11	21
5884	6	3	5
5885	10	12	11
5886	1	2	0
5887	7	8	5
5888	15	7	5
5889	33	40	55
5890	35	24	34
5891	4	7	8
5892	0	0	0
5893	0	0	0
5894	114	108	111
5895	7	10	13
5896	0	0	0
5897	2	6	2
5898	1	0	1
5899	10	5	11
5900	0	0	0
5901	0	1	2
5902	18	15	19
5903	9	8	7
5904	1	0	1
5905	15	9	17
5906	21	9	18
5907	9	9	11
5908	27	14	10
5909	0	2	0
5910	1	1	1
5911	0	1	3
5912	3	4	2
5913	6	8	9
5914	13	16	8
5915	12	6	9
5916	44	54	46
5917	79	82	72
5918	47	70	67
5919	2	1	1
5920	0	1	1
5921	17	9	4
5922	0	0	0
5923	7	7	2
5924	0	1	1
5925	126	153	111
5926	18	17	17
5927	4	1	5
5928	7	6	0
5929	20	18	21
5930	0	1	2
5931	22	28	29
5932	159	179	192
5933	12	7	7
5934	2	3	3
5935	1	0	0
5936	0	0	0
5937	28	33	18
5938	65	81	52
5939	2	0	1
5940	8	7	6
5941	2	1	6
5942	0	4	3
5943	0	1	5
5944	0	0	0
5945	697	696	698
5946	11	17	14
5947	7	5	3
5948	129	119	92
5949	17	20	13
5950	0	0	3
5951	13	10	11
5952	1	1	0
5953	6	7	5
5954	1	1	2
5955	18	16	10
5956	7	10	14
5957	0	0	0
5958	8	8	10
5959	0	0	2
5960	7	4	7
5961	106	88	78
5962	70	77	78
5963	3	4	0
5964	0	0	1
5965	0	0	1
5966	0	0	0
5967	0	0	0
5968	22	17	23
5969	59	77	71
5970	4	11	8
5971	1	2	2
5972	14	20	14
5973	1	3	2
5974	48	47	49
5975	31	17	19
5976	0	0	0
5977	0	0	0
5978	0	0	0
5979	37	25	25
5980	11	13	21
5981	16	10	12
5982	56	50	42
5983	0	0	0
5984	4	4	1
5985	21	33	30
5986	5	7	3
5987	4	4	5
5988	4	1	0
5989	9	7	8
5990	7	7	3
5991	64	52	63
5992	2	3	4
5993	16	20	9
5994	1	0	1
5995	15	10	9
5996	1	3	1
5997	2	3	3
5998	29	26	31
5999	34	26	34
6000	14	3	1
6001	10	10	11
6002	5	12	12
6003	7	5	9
6004	2	8	7
6005	26	13	18
6006	3	1	0
6007	0	4	2
6008	59	61	43
6009	11	12	10
6010	19	25	21
6011	181	198	160
6012	2	2	3
6013	20	16	25
6014	3	1	2
6015	3	6	2
6016	19	19	16
6017	4	3	6
6018	20	12	11
6019	1	1	1
6020	0	0	0
6021	3	2	3
6022	2	2	2
6023	20	17	12
6024	7	4	7
6025	6	8	7
6026	6	5	9
6027	3	1	2
6028	16	20	9
6029	44	50	70
