	-24	-23	-22	-21	-20	-19	-18	-17	-16	-15	-14	-13	-12	-11	-10	-9	-8	-7	-6	-5	-4	-3	-2	-1	0	1	2	3	4	5	6	7	8
HIS-SER-TYR (HSY)	4	1	4	1	2	2	2	0	2	11	3	1	5	22	6	1	3	2	2	0	4	0	2	3	1	4	4	3	3	5	1	3	1
VAL-TYR-ARG (VYR)	0	3	5	2	5	3	3	2	6	2	1	3	5	15	6	5	2	0	3	2	2	4	4	2	9	3	8	2	5	5	4	3	3
TYR-ALA-VAL (YAV)	5	5	6	4	6	7	6	7	2	5	8	5	5	18	4	2	6	4	2	6	2	5	5	8	3	3	5	1	1	7	2	5	1
ASP-HIS-TYR (DHY)	4	3	3	7	1	3	5	1	2	3	5	0	2	10	2	6	1	3	3	1	4	5	3	3	3	0	3	2	6	2	1	1	2
THR-ASN-ARG (TNR)	6	4	4	4	8	5	4	6	5	4	6	5	11	15	4	4	2	4	6	3	8	5	8	0	3	4	2	5	4	5	5	8	4
ASN-TYR-ARG (NYR)	6	3	3	5	2	1	3	6	4	4	0	3	7	11	1	4	4	2	3	4	3	3	4	4	3	7	11	4	2	3	5	4	0
PRO-HIS-TYR (PHY)	3	1	1	5	2	8	2	2	2	2	1	2	2	9	3	3	2	2	4	6	2	5	7	1	1	2	4	0	8	3	5	7	2
ARG-HIS-PHE (RHF)	2	4	2	6	4	2	2	4	5	6	6	2	1	10	10	2	1	5	7	2	2	7	2	3	1	2	0	3	6	2	7	2	3
PHE-HIS-ASP (FHD)	1	3	1	5	5	6	4	3	1	5	3	2	2	9	2	6	2	8	5	2	3	0	6	5	5	1	3	0	2	2	1	3	5
GLU-ILE-LEU (EIL)	43	44	38	45	42	60	40	35	47	32	45	59	42	123	35	44	35	41	41	39	37	42	45	46	53	33	48	49	62	68	39	41	26
CYS-TRP-GLU (CWE)	0	2	4	3	5	0	1	2	1	3	2	4	1	8	1	5	2	4	2	5	3	6	3	3	4	5	1	5	1	4	5	1	4
TYR-GLN-ALA (YQA)	1	9	4	9	1	1	2	3	4	6	9	3	4	13	5	3	2	7	1	8	3	7	7	7	5	4	5	4	3	7	7	3	6
TYR-SER-PHE (YSF)	1	3	6	5	4	8	3	5	3	4	1	3	3	9	1	3	3	4	4	3	3	6	5	1	1	6	1	2	3	5	5	2	0
GLY-PRO-GLY (GPG)	6	9	13	12	8	8	5	6	12	9	12	11	7	27	14	10	15	13	9	18	15	9	10	11	5	10	13	10	10	8	7	9	9
GLY-MET-VAL (GMV)	4	4	4	6	10	4	3	8	3	6	6	4	5	12	3	14	3	3	6	7	5	5	3	4	4	2	5	1	3	3	3	2	6
TYR-GLN-ASP (YQD)	4	7	7	8	9	5	7	7	7	7	9	5	7	19	6	4	2	5	13	10	11	14	9	7	10	6	8	11	6	5	7	5	9
HIS-ALA-ALA (HAA)	4	8	10	7	16	4	8	5	7	4	8	6	3	14	4	8	5	5	5	5	2	8	3	4	5	3	2	2	4	2	9	5	4
VAL-HIS-LEU (VHL)	7	6	6	5	6	4	5	6	4	2	6	3	5	11	5	5	4	3	5	4	8	9	3	3	1	1	2	3	4	2	4	5	2
LYS-THR-MET (KTM)	7	5	4	1	4	2	5	5	5	5	5	4	4	9	2	1	3	1	3	1	1	3	4	2	1	5	6	7	2	4	6	2	3
TYR-GLU-GLN (YEQ)	8	4	9	7	2	4	2	4	9	4	3	0	4	15	8	7	5	6	7	5	6	7	7	6	7	8	5	8	5	12	6	10	4
VAL-ARG-MET (VRM)	6	2	2	5	6	3	4	7	0	2	3	6	13	10	6	2	3	8	4	2	1	3	3	2	12	2	3	4	2	3	2	4	2
GLY-ILE-HIS (GIH)	4	4	13	5	7	5	8	9	3	6	4	5	7	13	4	11	7	3	4	8	6	4	4	4	2	5	2	5	3	1	4	7	3
ASP-TYR-HIS (DYH)	6	2	4	4	3	0	1	6	3	2	5	5	4	8	2	7	3	3	4	1	6	1	3	4	1	2	4	1	3	6	4	0	3
ASP-HIS-ALA (DHA)	4	2	4	5	4	2	3	2	4	4	1	7	5	9	3	5	7	5	0	2	5	7	7	2	4	5	4	2	2	2	2	3	2
LYS-LEU-MET (KLM)	13	9	8	16	10	7	12	6	7	10	12	10	9	23	5	8	8	12	13	12	9	7	1	6	11	11	5	15	14	8	13	6	4
GLU-TYR-THR (EYT)	10	4	5	5	8	3	7	5	7	4	9	4	6	15	4	2	7	5	4	4	5	3	3	8	6	9	14	12	8	1	9	8	5
PHE-ARG-ILE (FRI)	5	6	7	7	3	6	11	3	4	7	2	6	12	14	5	8	2	5	2	3	4	10	1	5	11	9	4	7	5	2	9	4	9
TYR-ASN-HIS (YNH)	6	3	2	1	7	8	3	4	4	8	0	4	1	9	3	3	4	4	7	1	1	3	4	4	1	7	2	4	5	2	10	2	1
ASP-ASN-MET (DNM)	3	7	4	4	2	2	0	4	5	4	3	0	5	7	1	3	2	4	1	2	2	1	1	5	4	3	6	1	2	2	5	2	3
ARG-HIS-LEU (RHL)	4	3	6	5	3	5	2	4	4	4	7	5	8	12	5	7	4	2	3	5	5	2	9	5	4	5	6	7	7	8	2	4	10
ALA-HIS-GLU (AHE)	4	5	3	6	10	6	4	5	7	4	3	4	16	15	15	13	3	6	6	5	6	1	8	6	2	1	6	4	3	7	5	7	20
HIS-GLN-GLU (HQE)	4	4	3	2	5	3	5	4	5	9	2	6	9	12	4	4	6	4	12	6	5	3	5	3	11	2	5	7	5	7	5	3	3
ARG-GLN-ASP (RQD)	2	4	3	1	3	6	4	2	1	2	3	4	2	7	4	5	4	7	4	3	3	0	2	6	2	1	3	5	3	2	2	1	0
GLY-ILE-MET (GIM)	3	3	4	3	6	4	1	5	3	3	3	2	2	7	5	2	3	3	2	5	2	3	1	6	5	1	3	5	2	2	1	1	0
SER-CYS-LEU (SCL)	1	8	3	2	4	4	1	1	5	1	2	3	5	7	6	2	2	4	1	3	3	2	7	1	2	1	1	1	1	3	2	7	5
ALA-GLN-GLY (AQG)	8	10	9	10	10	9	9	7	9	8	8	15	11	19	5	5	4	9	8	9	8	8	5	3	8	8	7	5	12	10	7	8	4
ASN-ARG-GLN (NRQ)	5	7	1	5	5	4	4	6	2	4	3	6	5	11	3	5	7	2	10	4	3	2	4	2	5	7	5	3	5	7	7	4	7
TRP-GLU-LYS (WEK)	3	5	8	6	3	8	7	4	5	6	5	5	3	10	3	1	6	2	1	4	4	3	3	8	5	0	3	4	6	3	4	5	4
PHE-VAL-TYR (FVY)	7	4	5	3	1	2	4	5	3	2	1	4	1	7	2	3	3	4	3	1	2	2	2	3	2	6	3	2	0	4	5	7	0
PRO-VAL-MET (PVM)	3	7	5	5	3	3	2	3	3	4	3	2	2	7	6	5	4	3	1	2	5	2	2	3	2	1	0	5	1	1	6	0	2
MET-LYS-THR (MKT)	5	4	1	6	3	4	5	7	3	6	7	3	3	10	6	7	3	3	8	3	5	3	2	3	6	1	3	5	8	4	6	2	3
ASP-TYR-ILE (DYI)	8	6	10	10	5	10	7	8	8	12	8	8	13	20	7	12	11	5	11	7	13	7	13	5	9	11	5	5	7	11	11	5	9
ARG-GLY-PRO (RGP)	2	4	1	2	4	0	3	5	7	2	4	4	5	7	3	2	4	5	3	1	5	3	3	2	2	1	4	3	1	5	3	2	2
PRO-PRO-GLY (PPG)	9	15	9	8	7	3	10	10	6	16	9	11	25	21	9	4	8	7	17	10	11	10	7	7	7	7	9	10	4	8	9	6	3
VAL-GLY-ASP (VGD)	21	19	8	15	4	12	10	10	9	15	11	14	14	26	13	10	13	10	9	14	9	17	20	4	17	10	2	6	11	5	5	15	9
CYS-LEU-ALA (CLA)	0	2	6	3	4	5	5	2	8	6	9	10	1	11	14	3	9	6	4	6	5	5	4	11	3	5	0	4	2	3	4	4	1
PHE-ARG-GLU (FRE)	3	6	5	3	3	4	6	6	3	8	4	6	3	11	8	4	6	3	7	5	3	6	4	4	5	3	6	2	5	4	7	4	9
ASP-HIS-GLY (DHG)	7	9	6	9	2	3	5	7	5	7	6	6	5	10	3	2	2	5	4	5	3	4	3	4	4	2	6	1	3	5	4	1	3
ALA-HIS-LYS (AHK)	6	2	2	5	3	3	2	3	3	2	3	1	5	8	4	3	6	5	1	4	4	3	6	2	8	1	3	2	5	2	4	4	6
TRP-LYS-GLU (WKE)	2	4	4	5	4	5	4	8	4	4	2	8	3	8	2	4	6	5	2	4	2	3	2	2	2	3	2	1	2	2	4	3	5
