	-27	-26	-25	-24	-23	-22	-21	-20	-19	-18	-17	-16	-15	-14	-13	-12	-11	-10	-9	-8	-7	-6	-5	-4	-3	-2	-1	0	1	2	3	4	5
ARG-SER_AGGAGC	0	3	1	4	4	1	3	6	1	2	1	3	1	45	2	1	3	1	7	3	5	1	4	3	2	1	1	7	0	4	4	1	4
ARG-ALA_CGAGCG	1	1	1	2	3	2	4	2	0	2	3	3	18	29	4	5	3	3	2	3	4	1	1	2	3	1	5	2	0	1	1	3	0
ARG-ARG_CGACGA	3	6	5	7	4	2	8	6	5	14	13	2	34	38	4	7	15	3	1	11	5	5	7	4	2	1	5	2	5	5	5	3	5
ARG-ARG_AGGCGA	5	4	2	5	2	3	0	7	1	1	1	4	13	13	0	9	2	1	4	7	1	3	3	0	3	3	4	3	1	2	1	5	3
HIS-PRO_CACCCC	3	6	2	7	7	4	4	4	3	7	4	1	10	19	3	5	3	4	8	6	2	4	7	2	2	5	9	8	7	8	4	2	2
GLU-ARG_GAGCGG	5	4	5	3	2	1	3	4	4	9	4	3	8	15	1	4	4	3	4	4	6	3	4	4	3	7	2	2	3	10	2	2	1
PRO-GLY_CCGGGC	2	3	3	4	2	1	2	4	3	4	6	3	3	13	1	1	4	7	5	4	2	6	2	10	5	3	3	2	4	2	5	5	4
GLY-ALA_GGAGCG	5	4	3	8	6	10	6	2	2	4	5	6	8	15	4	1	3	8	1	9	1	3	2	5	7	4	1	2	1	1	6	4	1
PRO-GLY_CCTGGG	23	24	23	30	16	20	22	31	28	25	18	23	86	94	27	28	29	26	32	20	15	35	26	25	34	25	20	30	54	17	16	7	21
LEU-ALA_CTAGCG	4	6	3	2	4	7	4	6	6	10	5	3	8	18	6	6	6	6	5	5	9	3	3	7	6	6	16	5	7	2	7	2	2
HIS-ARG_CACCGC	6	2	3	4	3	2	5	6	2	4	2	3	3	9	0	5	4	4	4	2	4	1	3	2	2	2	0	3	3	5	3	0	2
GLY-LEU_GGGCTA	8	15	9	18	14	7	7	9	12	8	5	16	11	30	10	8	12	6	15	8	20	9	5	10	12	14	16	4	6	16	6	8	7
GLN-CYS_CAATGC	7	7	12	14	13	5	7	8	6	6	11	10	12	26	9	6	9	6	7	13	11	10	9	9	12	10	1	8	10	13	11	12	6
PRO-ARG_CCTAGG	7	1	3	9	5	5	3	6	6	1	2	2	2	12	6	3	10	1	3	2	4	6	3	6	10	6	3	5	5	4	3	0	2
ARG-LEU_CGACTA	5	6	5	2	5	6	1	2	4	3	5	4	23	14	4	10	6	6	4	2	7	7	6	3	9	3	3	4	3	3	5	3	3
THR-GLY_ACCGGC	12	8	4	5	11	8	11	11	9	6	12	16	12	25	3	11	9	5	12	11	3	10	7	5	10	11	4	13	5	19	12	10	5
ILE-ARG_ATTCGC	5	3	5	3	3	1	2	8	1	1	4	5	2	8	8	1	1	4	1	3	0	7	5	1	1	7	3	3	1	2	4	4	0
GLY-ARG_GGACGC	7	2	2	2	4	3	1	3	4	4	5	2	7	8	2	3	1	1	3	4	3	3	1	5	3	4	3	3	7	2	4	5	0
SER-PRO_TCCCCG	9	6	12	6	8	3	6	6	5	20	9	5	5	17	4	8	10	5	2	13	4	5	2	6	6	11	6	7	12	6	6	5	2
PHE-ARG_TTCCGG	5	5	3	3	3	0	5	0	2	4	6	3	12	10	2	7	5	6	6	3	5	7	5	3	4	3	9	2	2	3	5	2	0
LEU-ASN_CTCAAC	32	19	18	25	27	25	73	21	15	49	29	20	20	63	51	29	19	20	27	25	24	21	26	15	25	24	27	31	30	17	32	16	13
SER-ALA_CTGGCG	3	1	7	8	0	4	5	1	2	0	4	1	12	7	1	2	2	1	4	1	1	3	2	4	2	1	4	4	4	1	4	3	3
SER-VAL_CTGGTC	9	5	6	5	12	8	9	4	3	11	2	3	2	12	3	5	4	2	3	3	10	8	2	5	5	4	2	10	3	7	4	2	4
ILE-ARG_ATTCGG	4	9	2	6	9	5	7	5	4	6	17	8	14	19	10	15	7	5	10	13	11	10	8	6	7	5	9	11	13	7	14	3	2
PRO-THR_CCGACT	12	5	7	8	14	10	17	14	10	14	10	15	7	25	11	19	13	4	10	13	9	6	16	9	14	12	8	15	14	2	13	11	6
PRO-SER_CCCCTG	2	11	9	15	5	5	11	16	8	13	12	7	16	21	10	10	7	8	8	4	5	10	6	12	7	9	16	12	16	5	6	10	4
VAL-SER_GTACTG	6	7	3	6	7	6	2	2	5	6	8	11	7	11	3	7	4	5	4	5	5	3	4	8	3	5	3	4	4	9	2	3	2
ARG-THR_CGAACA	12	6	10	24	11	9	12	9	10	21	13	7	19	32	10	16	17	18	25	12	10	23	13	13	20	21	15	20	10	13	20	7	17
GLY-ARG_GGCAGG	8	11	6	8	5	3	8	11	2	2	8	6	6	16	9	9	8	4	10	9	17	6	15	6	9	4	3	8	4	7	9	5	6
LEU-CYS_CTATGT	8	1	5	2	5	5	6	6	4	4	4	3	3	10	1	4	1	8	0	5	6	3	3	7	5	3	7	8	8	2	7	7	4
SER-PRO_TCCCCC	0	10	4	9	5	5	7	4	5	5	7	4	11	12	6	7	3	3	3	3	2	1	7	2	3	5	8	14	8	9	9	3	2
SER-LEU_CTGCTA	4	4	5	4	5	1	5	4	2	1	6	4	5	8	1	2	2	4	4	3	4	6	4	3	6	5	8	5	3	0	3	1	2
PRO-VAL_CCGGTG	25	35	13	21	26	25	22	13	22	27	33	19	43	45	13	17	13	13	16	17	15	22	22	15	15	9	39	21	21	12	22	16	11
GLY-ILE_GGCATC	8	20	7	15	7	8	11	10	4	7	5	6	4	15	7	9	2	3	11	5	5	8	9	6	2	10	7	1	6	3	5	5	3
SER-ALA_AGCGCT	12	2	5	2	4	7	7	5	8	5	5	7	3	11	4	4	1	3	4	11	1	9	1	3	9	3	7	6	10	4	5	4	2
TRP-ALA_TGGGCG	2	4	5	7	4	4	1	4	5	9	11	5	18	15	10	12	7	8	8	10	10	10	6	7	11	9	9	7	4	2	4	4	6
GLY-ARG_GGTCGC	2	6	4	6	3	1	6	5	7	7	2	8	10	9	7	4	5	3	9	1	1	7	4	3	3	2	5	5	0	0	3	5	1
ILE-ARG_ATACGC	4	3	9	7	1	3	3	9	3	5	1	18	3	9	5	4	5	3	3	5	1	4	5	3	2	4	1	8	6	2	2	0	3
LEU-SER_CTAAGC	9	6	7	1	3	5	9	5	10	7	8	5	10	13	7	7	8	4	8	2	3	10	7	8	1	4	5	5	11	6	5	6	3
PRO-GLY_CCCGGC	8	6	4	3	3	4	3	5	1	1	3	5	6	7	3	1	1	0	3	3	5	4	2	6	5	2	4	2	1	1	6	3	2
ALA-GLY_GCGGGA	9	6	7	7	8	6	9	6	7	14	2	6	10	14	3	8	11	1	7	5	7	3	5	10	9	4	3	10	11	4	3	7	6
PRO-SER_CCGTCC	3	6	3	4	2	5	4	2	3	2	6	4	3	8	3	4	3	3	7	1	6	2	7	4	5	3	4	9	3	5	4	0	4
GLY-VAL_GGCGTA	3	5	2	6	2	3	7	5	2	3	3	3	6	9	3	2	2	3	6	8	11	6	4	4	2	4	5	2	9	3	6	2	8
GLY-ARG_GGGCGT	4	2	6	5	6	4	3	1	5	1	5	2	6	7	5	4	0	5	0	6	3	3	2	4	2	6	5	4	1	2	2	1	4
PRO-GLY_CCAGGA	91	86	82	90	70	64	74	76	97	96	95	77	128	165	81	112	102	69	76	86	69	92	76	74	95	84	59	65	92	55	53	79	64
ARG-ARG_CGTCGG	1	4	1	2	4	3	2	1	2	2	6	2	7	6	3	6	9	4	3	1	1	2	5	7	1	3	2	2	2	1	0	1	5
ARG-GLN_CGGCAA	4	1	2	3	2	3	3	0	1	11	10	5	2	6	2	4	4	3	4	3	7	1	2	1	2	2	2	6	0	1	2	1	1
PRO-PRO_CCGCCG	6	8	3	7	10	7	7	4	6	5	8	10	11	12	4	7	9	7	4	8	4	2	2	4	2	6	6	9	6	6	6	2	4
ALA-ALA_GCAGCG	21	18	9	12	10	6	9	11	9	17	16	11	34	27	18	11	6	11	13	19	18	12	12	17	17	18	6	11	16	8	13	7	13
PRO-GLY_CCTGGT	102	89	85	125	116	100	125	113	103	148	92	76	174	216	126	127	146	93	97	92	102	92	121	128	136	104	93	106	133	79	68	68	75
