	-24	-23	-22	-21	-20	-19	-18	-17	-16	-15	-14	-13	-12	-11	-10	-9	-8	-7	-6	-5	-4	-3	-2	-1	0	1	2	3	4	5	6	7	8
ILE-VAL-TRP (IVW)	3	7	6	9	4	6	6	4	3	9	5	3	9	27	9	6	2	8	5	6	10	5	3	3	8	6	5	5	7	11	3	4	6
TRP-GLY-PHE (WGF)	3	7	2	5	3	12	7	7	4	13	4	6	2	17	3	4	5	4	4	1	1	6	4	4	4	1	5	4	2	2	3	4	0
TRP-PHE-ALA (WFA)	1	4	1	7	6	2	10	8	6	5	2	10	8	13	2	2	5	3	2	1	3	2	5	4	4	4	0	2	2	0	2	0	4
ARG-PHE-MET (RFM)	5	5	8	3	3	7	3	5	4	5	7	8	7	19	4	5	6	5	6	8	6	2	6	7	5	7	3	9	6	5	27	2	3
LEU-HIS-TRP (LHW)	4	8	5	6	5	2	2	6	3	5	8	9	11	17	4	10	13	10	10	1	1	4	3	12	6	4	1	5	4	3	6	2	1
CYS-PRO-GLY (CPG)	8	11	8	12	6	8	8	12	5	7	4	6	23	29	11	11	13	8	10	14	6	7	13	15	9	8	6	14	26	10	6	2	4
ILE-TYR-CYS (IYC)	5	1	7	4	3	4	6	5	5	1	4	7	3	12	4	6	1	1	3	3	2	1	4	5	5	3	4	11	4	6	4	5	2
THR-ASN-ARG (TNR)	32	20	26	20	26	17	33	14	16	17	20	24	89	79	30	31	27	24	26	23	25	29	28	25	33	23	20	38	25	24	26	26	14
TRP-LYS-THR (WKT)	9	7	3	10	5	6	8	9	7	15	6	5	7	22	12	6	9	12	8	8	5	11	12	6	7	4	3	6	11	7	5	10	4
ILE-PRO-GLY (IPG)	48	49	47	80	42	48	60	55	62	65	64	49	158	181	64	77	65	67	75	70	42	62	61	59	96	86	72	54	80	42	42	49	41
HIS-SER-TYR (HSY)	5	10	11	11	14	15	7	13	12	30	9	8	13	30	20	5	14	7	16	4	10	6	6	1	7	11	11	20	12	3	12	11	5
THR-TRP-LEU (TWL)	18	14	16	5	9	11	13	10	14	23	11	17	10	35	12	10	15	21	12	11	16	11	15	15	18	9	14	5	8	12	6	9	8
TRP-ASN-VAL (WNV)	3	3	5	6	5	5	1	7	4	3	2	1	4	14	4	9	7	5	5	6	5	6	5	9	5	2	2	8	13	2	5	6	7
SER-HIS-CYS (SHC)	2	0	2	5	1	1	2	2	2	5	2	5	4	8	0	9	3	4	2	4	2	3	3	5	6	3	2	1	1	3	3	5	0
GLN-ASN-CYS (QNC)	2	2	4	2	3	3	3	5	1	4	2	5	5	9	3	1	2	1	2	4	4	1	2	2	7	4	3	4	6	7	3	3	4
CYS-PHE-GLY (CFG)	11	4	6	9	10	9	14	10	14	12	15	11	7	30	10	15	8	9	12	9	12	27	10	16	16	9	7	17	11	11	4	4	10
HIS-ALA-PHE (HAF)	8	11	9	6	7	7	6	6	9	10	6	8	6	23	8	14	10	7	7	7	6	14	10	6	7	16	7	7	3	14	11	11	4
GLU-ALA-CYS (EAC)	8	3	7	9	12	4	9	5	7	4	7	8	7	19	8	7	5	8	11	4	5	10	8	5	9	10	8	6	6	10	6	4	4
PRO-PRO-GLY (PPG)	47	27	30	32	27	31	42	36	40	64	48	30	119	97	27	33	39	29	20	29	36	37	38	42	26	30	32	29	40	22	16	26	26
MET-TYR-ARG (MYR)	9	5	3	10	6	3	7	4	10	7	1	2	4	14	4	11	7	4	4	8	3	5	6	5	3	5	2	2	6	3	7	6	4
TRP-GLY-ALA (WGA)	22	11	8	15	11	26	14	9	6	14	4	17	15	30	14	20	15	11	10	10	11	8	8	6	16	7	3	14	6	8	5	7	5
TRP-ASP-PRO (WDP)	7	5	2	4	6	4	5	7	6	5	7	5	9	16	2	7	7	3	7	6	4	10	2	4	9	5	6	25	2	4	10	3	3
PRO-TRP-VAL (PWV)	2	1	2	7	6	3	0	5	1	1	3	5	4	10	3	3	4	6	4	4	8	6	5	3	4	5	4	1	2	4	11	5	1
ASP-PRO-PRO (DPP)	19	19	17	25	15	27	14	18	8	26	17	20	29	53	23	26	25	16	24	23	13	22	19	32	31	18	29	15	15	12	15	20	21
GLU-PRO-CYS (EPC)	13	5	2	3	6	2	5	6	2	3	6	3	8	12	3	4	7	2	4	4	8	7	3	2	9	3	4	2	5	6	4	1	6
MET-TRP-ALA (MWA)	6	9	1	4	5	3	4	2	3	6	3	3	7	11	7	8	3	4	3	4	2	6	3	4	8	5	3	5	5	0	5	4	1
TRP-PHE-PRO (WFP)	3	2	1	3	6	1	5	3	3	7	6	3	4	8	2	2	2	5	1	3	1	3	2	4	2	2	4	4	2	1	7	3	2
GLN-MET-GLU (QME)	12	14	9	15	7	20	8	8	29	10	8	7	10	33	14	16	5	9	11	10	11	14	14	10	11	15	13	23	22	7	14	21	16
THR-GLN-CYS (TQC)	1	3	4	1	3	1	4	2	3	0	2	6	4	8	6	9	1	4	6	2	2	4	4	3	7	1	1	2	3	3	6	3	1
ASN-GLN-CYS (NQC)	8	4	5	5	9	2	5	5	2	2	2	1	9	10	6	5	2	6	5	3	3	2	4	4	0	2	4	4	3	4	6	6	2
SER-GLY-CYS (SGC)	9	7	10	3	9	6	8	7	7	11	10	5	3	16	6	5	5	8	12	7	2	2	10	9	6	8	8	6	2	3	4	8	2
PRO-HIS-ALA (PHA)	9	6	7	11	15	8	10	12	16	17	15	13	15	30	11	12	12	16	16	11	18	17	13	18	10	11	17	8	13	6	10	8	11
GLY-PRO-GLU (GPE)	26	45	23	28	28	23	27	33	18	26	26	23	27	59	25	30	23	23	27	27	20	27	34	29	19	13	15	20	17	15	23	16	21
TRP-GLY-TYR (WGY)	5	6	3	9	9	3	10	7	12	5	9	6	8	15	4	8	6	3	12	3	6	10	5	7	11	3	5	5	0	1	6	8	4
TRP-GLU-ALA (WEA)	7	9	10	5	1	8	7	4	5	9	9	7	6	14	8	5	7	6	9	5	3	7	6	7	2	3	1	9	4	3	5	6	3
MET-TRP-ASN (MWN)	7	9	2	3	7	5	5	4	7	6	8	4	10	16	9	9	6	12	13	5	6	3	9	7	7	7	9	8	9	4	3	4	7
HIS-THR-TRP (HTW)	2	4	6	4	5	5	5	6	2	10	9	9	12	13	10	3	0	2	5	4	3	11	7	1	3	2	4	7	6	3	1	3	20
ASN-TRP-PRO (NWP)	5	5	4	7	4	5	3	6	2	11	4	5	4	10	2	6	5	5	5	4	2	5	1	3	5	2	4	9	1	2	1	4	3
ALA-CYS-TYR (ACY)	6	4	3	2	3	2	4	0	2	1	6	5	1	7	1	4	2	3	3	5	3	6	5	2	3	1	6	2	1	4	4	1	1
CYS-HIS-LEU (CHL)	5	5	3	7	7	2	5	4	4	5	6	8	8	15	6	9	10	6	6	6	4	3	8	18	12	10	2	11	5	7	5	4	5
THR-MET-LEU (TML)	18	23	29	34	22	25	22	27	26	21	22	30	29	50	13	14	18	12	14	15	20	21	27	24	23	19	27	31	12	16	16	33	5
VAL-PRO-GLY (VPG)	65	65	64	85	68	77	71	74	68	88	77	74	164	176	76	100	86	76	73	92	60	98	108	63	72	50	63	61	89	55	48	67	61
CYS-LYS-MET (CKM)	3	2	6	6	5	2	3	5	4	4	2	4	2	8	2	3	2	7	6	2	6	5	0	1	0	2	1	1	3	5	5	7	5
PHE-HIS-PHE (FHF)	11	13	13	10	11	11	6	6	8	6	6	13	7	21	12	13	15	6	7	8	1	3	8	5	11	7	4	9	20	13	15	8	6
VAL-MET-ASN (VMN)	8	9	17	12	10	6	18	12	11	18	16	12	18	35	17	15	9	13	12	13	9	10	10	16	29	11	26	12	7	15	19	70	9
MET-VAL-MET (MVM)	10	5	2	9	1	5	4	1	4	3	3	2	6	11	9	10	11	3	3	5	5	8	4	1	6	4	2	8	3	1	7	3	6
CYS-VAL-PRO (CVP)	9	12	14	5	6	9	15	9	8	11	11	11	14	24	13	13	26	9	12	17	18	7	7	8	9	7	8	10	2	10	8	10	9
GLN-PRO-GLY (QPG)	22	21	16	27	22	9	17	12	22	32	22	18	40	48	20	33	43	22	12	19	24	13	19	14	23	20	14	20	36	16	20	16	21
TYR-PRO-VAL (YPV)	16	21	10	16	16	23	14	16	14	18	13	11	17	33	11	21	17	10	10	13	16	14	13	19	11	19	13	19	13	11	18	9	11
ARG-HIS-LYS (RHK)	13	10	10	22	24	17	20	25	19	19	19	26	45	46	16	14	26	14	17	21	18	23	16	33	27	34	11	23	25	17	23	14	20
