	-27	-26	-25	-24	-23	-22	-21	-20	-19	-18	-17	-16	-15	-14	-13	-12	-11	-10	-9	-8	-7	-6	-5	-4	-3	-2	-1	0	1	2	3	4	5
PRO-GLY (PG)	474	465	434	503	483	426	492	476	426	536	503	444	886	826	510	682	562	506	553	559	402	556	587	512	579	507	493	496	659	411	350	403	369
GLY-TRP (GW)	133	155	117	151	134	109	131	154	133	134	135	128	172	187	131	151	136	139	154	138	168	142	131	120	160	160	136	85	123	148	144	71	103
PRO-CYS (PC)	54	46	33	34	54	37	63	37	45	46	51	49	52	63	46	37	55	48	49	40	58	45	38	50	57	57	57	43	46	42	36	36	33
PRO-TRP (PW)	71	87	79	80	89	76	85	85	75	82	86	94	107	119	72	115	89	100	106	92	96	113	83	80	123	97	87	91	79	89	80	51	59
ASN-ARG (NR)	586	559	530	545	550	467	596	562	557	600	516	467	764	764	577	563	578	543	659	571	480	621	547	487	624	536	552	625	811	560	655	648	456
HIS-CYS (HC)	51	55	38	52	63	60	71	52	56	57	50	46	65	72	56	60	48	58	73	66	54	48	41	50	71	48	54	43	90	49	58	51	35
TRP-HIS (WH)	29	31	23	25	31	20	36	21	21	48	28	16	28	34	27	26	20	23	31	30	20	21	27	20	24	31	38	36	12	22	21	38	17
GLY-GLY (GG)	1425	1378	1169	1437	1443	1243	1394	1418	1210	1414	1446	1292	1637	1705	1289	1498	1584	1287	1505	1541	1325	1452	1448	1189	1459	1730	1233	958	1302	1040	789	940	937
PHE-MET (FM)	154	121	139	149	152	128	131	128	137	143	155	133	125	167	141	128	134	108	130	143	106	126	140	121	147	106	138	133	151	99	205	140	103
GLY-ASP (GD)	822	873	843	891	856	833	910	902	857	959	942	734	939	1064	899	972	921	857	964	935	904	881	932	909	940	1152	881	572	659	561	714	652	823
VAL-TRP (VW)	128	126	124	115	107	79	119	133	120	147	133	110	148	141	135	139	113	115	116	92	113	102	125	124	116	117	103	97	94	153	124	52	62
PRO-ASP (PD)	560	529	476	548	542	481	559	484	510	557	579	485	743	655	530	690	592	464	513	514	515	554	518	542	666	555	532	476	504	348	570	493	571
GLY-ARG (GR)	858	800	732	807	834	691	884	836	787	980	924	790	989	950	807	869	851	791	927	858	693	826	860	746	904	942	773	545	468	539	565	694	555
GLN-CYS (QC)	56	64	45	63	63	78	63	55	60	59	50	61	51	72	62	68	55	56	59	69	57	90	66	65	53	52	56	48	90	64	57	58	44
VAL-CYS (VC)	126	128	120	135	109	113	128	146	116	142	125	140	149	142	124	122	108	113	126	126	106	119	128	123	133	160	90	144	87	95	86	100	64
ARG-MET (RM)	209	147	156	243	210	185	197	152	171	194	187	184	221	215	185	223	177	149	208	171	185	160	184	147	188	163	147	162	219	129	307	148	118
ALA-HIS (AH)	239	208	231	243	209	223	232	219	213	248	274	209	254	268	232	227	273	202	273	246	235	218	215	233	236	326	185	283	155	156	172	246	188
ARG-ARG (RR)	846	854	754	878	821	770	863	895	799	971	922	866	985	1024	765	1013	967	840	900	991	870	975	947	805	858	875	752	761	932	707	1237	903	674
ASP-TRP (DW)	189	157	137	163	150	145	170	165	124	174	146	143	176	183	136	138	163	158	195	191	155	178	158	175	162	176	137	167	157	187	131	81	125
ASN-MET (NM)	214	196	173	251	188	178	201	218	186	208	165	170	216	242	197	203	181	205	207	188	205	231	234	180	208	189	209	262	273	205	327	180	178
ASP-PRO (DP)	530	475	498	580	528	501	571	574	451	589	535	508	607	632	534	618	624	456	727	597	482	570	515	533	569	523	488	658	488	587	526	515	388
GLY-ALA (GA)	926	874	827	884	864	853	869	828	835	965	928	905	989	999	812	934	988	875	962	937	896	986	920	862	918	1047	822	685	796	620	696	594	591
CYS-GLN (CQ)	86	76	63	77	71	74	82	88	77	92	69	64	76	86	65	67	79	61	63	64	94	74	80	66	78	80	89	75	61	38	94	66	80
TYR-ALA (YA)	485	519	451	434	496	424	448	480	366	476	443	378	493	514	455	400	401	395	444	420	421	468	477	444	564	490	485	467	626	350	458	279	324
VAL-HIS (VH)	269	218	197	286	240	252	268	241	241	253	211	228	209	268	225	239	217	239	296	263	226	261	246	228	232	232	209	258	126	200	193	265	180
HIS-MET (HM)	53	63	50	81	80	62	90	68	56	62	69	58	60	72	48	79	48	59	65	57	54	57	62	52	75	34	67	58	109	42	87	53	45
ARG-SER (RS)	774	723	683	805	742	703	793	735	723	865	785	696	748	843	664	798	767	644	786	793	707	852	782	697	799	701	679	666	905	531	815	620	517
ILE-TRP (IW)	156	164	116	143	150	129	145	124	91	116	136	135	151	155	132	132	143	108	109	142	111	143	133	126	149	162	146	178	133	161	144	127	107
HIS-PRO (HP)	266	290	272	284	234	263	238	270	221	269	232	236	289	297	247	287	259	219	272	296	248	246	245	255	270	233	276	280	308	234	324	233	233
PHE-TRP (FW)	82	109	74	66	82	70	89	86	64	87	65	89	107	90	71	77	66	70	87	77	76	66	82	79	89	91	80	101	76	71	83	59	55
GLY-THR (GT)	704	732	689	704	718	671	734	738	711	792	747	638	726	789	716	776	679	670	850	720	645	762	746	625	731	750	608	560	620	509	763	590	633
PRO-ALA (PA)	631	585	570	689	583	545	615	650	542	647	646	566	716	702	602	756	610	650	702	653	586	709	599	673	750	592	594	641	773	424	697	531	444
HIS-ARG (HR)	269	252	242	236	224	245	263	275	226	266	261	260	302	308	264	265	280	286	294	309	274	286	336	244	351	278	326	240	338	219	333	306	221
ARG-PRO (RP)	453	456	418	460	439	410	443	405	447	525	522	424	519	510	419	459	455	433	530	475	419	455	503	391	436	446	451	523	567	369	466	504	308
GLY-MET (GM)	233	259	177	241	200	198	220	242	224	251	219	215	215	233	225	265	238	174	246	222	211	198	213	184	231	222	194	119	134	152	239	164	116
MET-ALA (MA)	175	200	197	170	181	172	207	172	172	191	232	169	233	207	195	196	165	159	187	200	177	196	172	174	193	186	175	300	202	102	198	144	115
GLY-ILE (GI)	813	788	767	877	777	762	862	782	812	827	910	798	910	882	795	902	895	837	860	916	729	912	850	751	804	885	669	546	581	566	764	564	665
GLU-TRP (EW)	178	188	126	145	129	132	123	140	148	160	145	185	183	170	132	168	136	180	154	181	165	152	130	138	143	167	114	169	136	284	138	80	121
PHE-PHE (FF)	352	350	308	319	317	301	323	332	269	326	324	278	326	353	298	357	326	289	334	314	258	308	342	266	315	312	340	342	387	273	374	326	227
ALA-ALA (AA)	1538	1483	1400	1526	1449	1305	1451	1432	1325	1573	1528	1346	1593	1544	1362	1494	1540	1412	1499	1473	1239	1664	1346	1287	1510	1414	1064	1449	1437	895	1253	1063	1074
ALA-SER (AS)	1108	1090	1071	1162	1149	1040	1178	1220	1179	1315	1132	1148	1207	1225	1082	1137	1119	1078	1223	1098	1062	1224	1163	974	1201	1361	854	1182	856	923	1015	972	775
PHE-CYS (FC)	103	77	85	93	98	81	95	98	103	115	83	91	96	102	66	87	85	65	106	86	91	103	112	100	102	84	101	108	114	80	95	75	63
HIS-GLU (HE)	354	326	313	303	311	305	326	318	280	330	301	287	369	365	324	331	298	338	345	278	317	318	335	344	361	280	265	307	371	258	329	272	799
ASN-TRP (NW)	150	130	132	153	154	106	150	124	120	156	118	141	189	155	153	122	115	108	168	128	136	143	176	107	149	132	136	161	173	158	176	120	121
ALA-THR (AT)	945	791	798	891	863	757	887	818	827	923	819	832	865	908	878	838	858	841	937	824	807	886	776	836	966	891	621	811	635	586	900	696	825
GLY-VAL (GV)	915	861	886	949	884	820	928	868	844	1031	930	836	979	954	921	914	908	866	888	913	843	1015	978	852	1042	1130	958	654	660	646	713	527	629
ILE-CYS (IC)	127	116	90	109	136	123	120	145	110	131	126	114	141	136	104	117	121	105	137	105	141	148	154	118	106	131	126	168	145	141	111	132	65
TYR-ARG (YR)	349	323	267	322	304	278	321	324	301	327	315	304	363	375	302	339	341	318	339	399	298	378	379	334	376	390	390	326	502	319	414	398	288
HIS-THR (HT)	218	205	209	227	235	180	223	179	245	221	219	199	228	233	159	216	197	216	227	190	179	225	229	204	264	187	178	224	257	155	317	204	179
PRO-GLU (PE)	931	858	835	879	856	786	825	848	791	897	875	790	994	931	830	908	834	763	867	802	796	882	892	831	1018	812	844	794	921	537	842	698	1140
