	ID	Name	position_from_start	position_from_term	actual_count	downsampled_count
0	rna-XM_713978.2	XM_713978.2	9	759	66.0	19.0
1	rna-XM_713978.2	XM_713978.2	53	715	74.0	19.0
2	rna-XM_713978.2	XM_713978.2	251	517	35.0	19.0
3	rna-XM_713957.1	XM_713957.1	0	1203	54.0	19.0
4	rna-XM_713957.1	XM_713957.1	1	1202	24.0	19.0
5	rna-XM_713957.1	XM_713957.1	14	1189	20.0	19.0
6	rna-XM_713957.1	XM_713957.1	17	1186	20.0	19.0
7	rna-XM_713957.1	XM_713957.1	20	1183	20.0	19.0
8	rna-XM_713957.1	XM_713957.1	28	1175	22.0	19.0
9	rna-XM_713957.1	XM_713957.1	40	1163	24.0	19.0
10	rna-XM_713957.1	XM_713957.1	43	1160	33.0	19.0
11	rna-XM_713957.1	XM_713957.1	47	1156	30.0	19.0
12	rna-XM_713957.1	XM_713957.1	48	1155	31.0	19.0
13	rna-XM_713957.1	XM_713957.1	50	1153	33.0	19.0
14	rna-XM_713957.1	XM_713957.1	51	1152	21.0	19.0
15	rna-XM_713957.1	XM_713957.1	53	1150	24.0	19.0
16	rna-XM_713957.1	XM_713957.1	54	1149	21.0	19.0
17	rna-XM_713957.1	XM_713957.1	55	1148	49.0	19.0
18	rna-XM_713957.1	XM_713957.1	94	1109	52.0	19.0
19	rna-XM_713954.1	XM_713954.1	91	512	219.0	19.0
20	rna-XM_713954.1	XM_713954.1	127	476	51.0	19.0
21	rna-XM_713954.1	XM_713954.1	369	234	34.0	19.0
22	rna-XM_713954.1	XM_713954.1	397	206	20.0	19.0
23	rna-XM_019475060.1	XM_019475060.1	1637	2599	20.0	19.0
24	rna-XM_019475060.1	XM_019475060.1	2611	1625	20.0	19.0
25	rna-XM_019475064.1	XM_019475064.1	14	250	48.0	19.0
26	rna-XM_019475064.1	XM_019475064.1	166	98	45.0	19.0
27	rna-XM_713064.2	XM_713064.2	28	722	26.0	19.0
28	rna-XM_713064.2	XM_713064.2	43	707	20.0	19.0
29	rna-XM_713064.2	XM_713064.2	46	704	22.0	19.0
30	rna-XM_019475067.1	XM_019475067.1	339	450	32.0	19.0
31	rna-XM_019475067.1	XM_019475067.1	364	425	29.0	19.0
32	rna-XM_019475067.1	XM_019475067.1	491	298	30.0	19.0
33	rna-XM_707863.2	XM_707863.2	308	3517	87.0	19.0
34	rna-XM_716341.2	XM_716341.2	9	654	23.0	19.0
35	rna-XM_716341.2	XM_716341.2	36	627	59.0	19.0
36	rna-XM_716341.2	XM_716341.2	49	614	54.0	19.0
37	rna-XM_716341.2	XM_716341.2	63	600	27.0	19.0
38	rna-XM_716341.2	XM_716341.2	70	593	20.0	19.0
39	rna-XM_716341.2	XM_716341.2	72	591	31.0	19.0
40	rna-XM_716341.2	XM_716341.2	94	569	20.0	19.0
41	rna-XM_716341.2	XM_716341.2	95	568	21.0	19.0
42	rna-XM_716341.2	XM_716341.2	107	556	21.0	19.0
43	rna-XM_716341.2	XM_716341.2	147	516	182.0	19.0
44	rna-XM_716371.1	XM_716371.1	216	837	74.0	19.0
45	rna-XM_716388.2	XM_716388.2	80	1033	22.0	19.0
46	rna-XM_716397.1	XM_716397.1	141	180	37.0	19.0
47	rna-XM_716399.1	XM_716399.1	428	181	62.0	19.0
48	rna-XM_716399.1	XM_716399.1	475	134	33.0	19.0
49	rna-XM_716399.1	XM_716399.1	522	87	118.0	19.0
50	rna-XM_716407.2	XM_716407.2	661	110	58.0	19.0
51	rna-XM_716419.1	XM_716419.1	113	682	24.0	19.0
52	rna-XM_716419.1	XM_716419.1	154	641	20.0	19.0
53	rna-XM_716442.2	XM_716442.2	529	1361	21.0	19.0
54	rna-XM_716442.2	XM_716442.2	582	1308	231.0	19.0
55	rna-XM_716442.2	XM_716442.2	616	1274	24.0	19.0
56	rna-XM_716442.2	XM_716442.2	626	1264	38.0	19.0
57	rna-XM_716447.2	XM_716447.2	619	206	37.0	19.0
58	rna-XM_708542.1	XM_708542.1	134	1147	43.0	19.0
59	rna-XM_708542.1	XM_708542.1	168	1113	28.0	19.0
60	rna-XM_708542.1	XM_708542.1	178	1103	834.0	19.0
61	rna-XM_708542.1	XM_708542.1	179	1102	24.0	19.0
62	rna-XM_708542.1	XM_708542.1	194	1087	22.0	19.0
63	rna-XM_708542.1	XM_708542.1	196	1085	20.0	19.0
64	rna-XM_708542.1	XM_708542.1	224	1057	20.0	19.0
65	rna-XM_708542.1	XM_708542.1	230	1051	64.0	19.0
66	rna-XM_708542.1	XM_708542.1	242	1039	21.0	19.0
67	rna-XM_708542.1	XM_708542.1	245	1036	33.0	19.0
68	rna-XM_708542.1	XM_708542.1	246	1035	26.0	19.0
69	rna-XM_708542.1	XM_708542.1	257	1024	25.0	19.0
70	rna-XM_708542.1	XM_708542.1	260	1021	23.0	19.0
71	rna-XM_708542.1	XM_708542.1	269	1012	21.0	19.0
72	rna-XM_708542.1	XM_708542.1	307	974	28.0	19.0
73	rna-XM_708542.1	XM_708542.1	311	970	26.0	19.0
74	rna-XM_708542.1	XM_708542.1	332	949	80.0	19.0
75	rna-XM_708542.1	XM_708542.1	335	946	20.0	19.0
76	rna-XM_708542.1	XM_708542.1	338	943	54.0	19.0
77	rna-XM_708542.1	XM_708542.1	341	940	22.0	19.0
78	rna-XM_708542.1	XM_708542.1	344	937	30.0	19.0
79	rna-XM_708542.1	XM_708542.1	347	934	50.0	19.0
80	rna-XM_708542.1	XM_708542.1	350	931	27.0	19.0
81	rna-XM_708542.1	XM_708542.1	352	929	20.0	19.0
82	rna-XM_708542.1	XM_708542.1	353	928	59.0	19.0
83	rna-XM_708542.1	XM_708542.1	359	922	26.0	19.0
84	rna-XM_708542.1	XM_708542.1	456	825	21.0	19.0
85	rna-XM_708542.1	XM_708542.1	470	811	30.0	19.0
86	rna-XM_708542.1	XM_708542.1	473	808	28.0	19.0
87	rna-XM_708542.1	XM_708542.1	527	754	76.0	19.0
88	rna-XM_708542.1	XM_708542.1	534	747	70.0	19.0
89	rna-XM_708542.1	XM_708542.1	566	715	21.0	19.0
90	rna-XM_708553.2	XM_708553.2	798	690	33.0	19.0
91	rna-XM_708563.1	XM_708563.1	226	167	22.0	19.0
92	rna-XM_019475091.1	XM_019475091.1	698	589	21.0	19.0
93	rna-XM_708570.1	XM_708570.1	164	154	24.0	19.0
94	rna-XM_708576.2	XM_708576.2	239	1699	36.0	19.0
95	rna-XM_708576.2	XM_708576.2	629	1309	109.0	19.0
96	rna-XM_708576.2	XM_708576.2	1080	858	20.0	19.0
97	rna-XM_708576.2	XM_708576.2	1205	733	38.0	19.0
98	rna-XM_707150.2	XM_707150.2	212	1519	22.0	19.0
99	rna-XM_705770.2	XM_705770.2	2111	1981	24.0	19.0
100	rna-XM_705770.2	XM_705770.2	2114	1978	20.0	19.0
101	rna-XM_705770.2	XM_705770.2	2150	1942	26.0	19.0
102	rna-XM_705770.2	XM_705770.2	2156	1936	20.0	19.0
103	rna-XM_705770.2	XM_705770.2	2174	1918	33.0	19.0
104	rna-XM_705770.2	XM_705770.2	2234	1858	20.0	19.0
105	rna-XM_705770.2	XM_705770.2	2308	1784	22.0	19.0
106	rna-XM_710785.1	XM_710785.1	211	377	25.0	19.0
107	rna-XM_019475109.1	XM_019475109.1	708	18	22.0	19.0
108	rna-XM_713365.1	XM_713365.1	1441	665	45.0	19.0
109	rna-XM_019475113.1	XM_019475113.1	21	378	21.0	19.0
110	rna-XM_019475113.1	XM_019475113.1	80	319	26.0	19.0
111	rna-XM_019475113.1	XM_019475113.1	101	298	21.0	19.0
112	rna-XM_019475113.1	XM_019475113.1	128	271	23.0	19.0
113	rna-XM_019475113.1	XM_019475113.1	206	193	21.0	19.0
114	rna-XM_713748.2	XM_713748.2	4	434	29.0	19.0
115	rna-XM_713748.2	XM_713748.2	40	398	21.0	19.0
116	rna-XM_713748.2	XM_713748.2	41	397	24.0	19.0
117	rna-XM_713748.2	XM_713748.2	42	396	29.0	19.0
118	rna-XM_713748.2	XM_713748.2	57	381	29.0	19.0
119	rna-XM_713748.2	XM_713748.2	60	378	21.0	19.0
120	rna-XM_713748.2	XM_713748.2	80	358	21.0	19.0
121	rna-XM_713748.2	XM_713748.2	116	322	23.0	19.0
122	rna-XM_713748.2	XM_713748.2	126	312	20.0	19.0
123	rna-XM_713748.2	XM_713748.2	127	311	26.0	19.0
124	rna-XM_713748.2	XM_713748.2	144	294	63.0	19.0
125	rna-XM_713748.2	XM_713748.2	145	293	20.0	19.0
126	rna-XM_713748.2	XM_713748.2	156	282	31.0	19.0
127	rna-XM_713748.2	XM_713748.2	157	281	24.0	19.0
128	rna-XM_713748.2	XM_713748.2	193	245	31.0	19.0
129	rna-XM_713748.2	XM_713748.2	195	243	34.0	19.0
130	rna-XM_713748.2	XM_713748.2	204	234	21.0	19.0
131	rna-XM_713748.2	XM_713748.2	205	233	20.0	19.0
132	rna-XM_713748.2	XM_713748.2	206	232	21.0	19.0
133	rna-XM_713748.2	XM_713748.2	208	230	36.0	19.0
134	rna-XM_713748.2	XM_713748.2	209	229	32.0	19.0
135	rna-XM_713748.2	XM_713748.2	210	228	40.0	19.0
136	rna-XM_713748.2	XM_713748.2	221	217	22.0	19.0
137	rna-XM_713748.2	XM_713748.2	229	209	24.0	19.0
138	rna-XM_713748.2	XM_713748.2	238	200	26.0	19.0
139	rna-XM_713748.2	XM_713748.2	280	158	32.0	19.0
140	rna-XM_713748.2	XM_713748.2	299	139	40.0	19.0
141	rna-XM_713748.2	XM_713748.2	437	1	46.0	19.0
142	rna-XM_019475120.1	XM_019475120.1	185	184	33.0	19.0
143	rna-XM_712516.2	XM_712516.2	2272	20	26.0	19.0
144	rna-XM_712519.2	XM_712519.2	1343	532	29.0	19.0
145	rna-XM_712522.2	XM_712522.2	117	384	28.0	19.0
146	rna-XM_712526.2	XM_712526.2	683	2371	25.0	19.0
147	rna-XM_712555.2	XM_712555.2	1877	157	66.0	19.0
148	rna-XM_712560.1	XM_712560.1	634	827	28.0	19.0
149	rna-XM_712562.2	XM_712562.2	611	766	25.0	19.0
150	rna-XM_706789.2	XM_706789.2	1002	384	21.0	19.0
151	rna-XM_019475138.1	XM_019475138.1	963	132	23.0	19.0
152	rna-XM_718485.1	XM_718485.1	272	451	29.0	19.0
153	rna-XM_718485.1	XM_718485.1	386	337	34.0	19.0
154	rna-XM_718485.1	XM_718485.1	454	269	32.0	19.0
155	rna-XM_019475144.1	XM_019475144.1	51	270	28.0	19.0
156	rna-XM_706117.2	XM_706117.2	623	904	33.0	19.0
157	rna-XM_706117.2	XM_706117.2	753	774	177.0	19.0
158	rna-XM_705625.1	XM_705625.1	1039	401	20.0	19.0
159	rna-XM_705625.1	XM_705625.1	1065	375	21.0	19.0
160	rna-XM_705625.1	XM_705625.1	1084	356	27.0	19.0
161	rna-XM_705625.1	XM_705625.1	1088	352	22.0	19.0
162	rna-XM_705625.1	XM_705625.1	1130	310	20.0	19.0
163	rna-XM_019475145.1	XM_019475145.1	1997	1690	24.0	19.0
164	rna-XM_019475147.1	XM_019475147.1	263	151	297.0	19.0
165	rna-XM_708831.2	XM_708831.2	1134	885	22.0	19.0
166	rna-XM_019475156.1	XM_019475156.1	63	210	22.0	19.0
167	rna-XM_019475156.1	XM_019475156.1	207	66	23.0	19.0
168	rna-XM_708702.2	XM_708702.2	687	390	27.0	19.0
169	rna-XM_708702.2	XM_708702.2	776	301	98.0	19.0
170	rna-XM_708702.2	XM_708702.2	813	264	20.0	19.0
171	rna-XM_019475165.1	XM_019475165.1	45	366	20.0	19.0
172	rna-XM_019475165.1	XM_019475165.1	266	145	20.0	19.0
173	rna-XM_019475165.1	XM_019475165.1	323	88	75.0	19.0
174	rna-XM_019475165.1	XM_019475165.1	364	47	21.0	19.0
175	rna-XM_706488.2	XM_706488.2	3485	916	33.0	19.0
176	rna-XM_706471.2	XM_706471.2	1748	1045	42.0	19.0
177	rna-XM_706471.2	XM_706471.2	2310	483	69.0	19.0
178	rna-XM_706471.2	XM_706471.2	2357	436	27.0	19.0
179	rna-XM_019475174.1	XM_019475174.1	4	392	33.0	19.0
180	rna-XM_019475180.1	XM_019475180.1	2537	439	62.0	19.0
181	rna-XM_717124.1	XM_717124.1	1536	99	25.0	19.0
182	rna-XM_717126.1	XM_717126.1	2665	2021	24.0	19.0
183	rna-XM_709943.1	XM_709943.1	23	817	26.0	19.0
184	rna-XM_709943.1	XM_709943.1	24	816	24.0	19.0
185	rna-XM_709943.1	XM_709943.1	32	808	29.0	19.0
186	rna-XM_709943.1	XM_709943.1	33	807	26.0	19.0
187	rna-XM_709943.1	XM_709943.1	34	806	31.0	19.0
188	rna-XM_709943.1	XM_709943.1	35	805	25.0	19.0
189	rna-XM_709943.1	XM_709943.1	44	796	44.0	19.0
190	rna-XM_709943.1	XM_709943.1	51	789	794.0	19.0
191	rna-XM_709943.1	XM_709943.1	52	788	27.0	19.0
192	rna-XM_709943.1	XM_709943.1	60	780	21.0	19.0
193	rna-XM_709943.1	XM_709943.1	62	778	22.0	19.0
194	rna-XM_709943.1	XM_709943.1	65	775	21.0	19.0
195	rna-XM_709943.1	XM_709943.1	69	771	21.0	19.0
196	rna-XM_709943.1	XM_709943.1	86	754	36.0	19.0
197	rna-XM_709943.1	XM_709943.1	114	726	72.0	19.0
198	rna-XM_709943.1	XM_709943.1	138	702	27.0	19.0
199	rna-XM_709943.1	XM_709943.1	148	692	20.0	19.0
200	rna-XM_019475187.1	XM_019475187.1	1625	358	30.0	19.0
201	rna-XM_709968.1	XM_709968.1	68	871	58.0	19.0
202	rna-XM_705397.2	XM_705397.2	31	500	126.0	19.0
203	rna-XM_705397.2	XM_705397.2	53	478	179.0	19.0
204	rna-XM_705396.2	XM_705396.2	1182	489	48.0	19.0
205	rna-XM_705390.2	XM_705390.2	4	1142	21.0	19.0
206	rna-XM_705388.2	XM_705388.2	36	1668	35.0	19.0
207	rna-XM_705388.2	XM_705388.2	44	1660	25.0	19.0
208	rna-XM_705388.2	XM_705388.2	47	1657	47.0	19.0
209	rna-XM_705388.2	XM_705388.2	51	1653	25.0	19.0
210	rna-XM_705388.2	XM_705388.2	1452	252	20.0	19.0
211	rna-XM_714455.1	XM_714455.1	640	242	21.0	19.0
212	rna-XM_717410.1	XM_717410.1	224	2647	24.0	19.0
213	rna-XM_717419.1	XM_717419.1	1231	1115	21.0	19.0
214	rna-XM_717427.1	XM_717427.1	13	347	133.0	19.0
215	rna-XM_717427.1	XM_717427.1	21	339	232.0	19.0
216	rna-XM_717427.1	XM_717427.1	73	287	167.0	19.0
217	rna-XM_717427.1	XM_717427.1	108	252	51.0	19.0
218	rna-XM_717518.2	XM_717518.2	29	3499	22.0	19.0
219	rna-XM_717527.2	XM_717527.2	104	5065	59.0	19.0
220	rna-XM_717527.2	XM_717527.2	221	4948	64.0	19.0
221	rna-XM_717527.2	XM_717527.2	239	4930	241.0	19.0
222	rna-XM_019475213.1	XM_019475213.1	126	2403	29.0	19.0
223	rna-XM_019475213.1	XM_019475213.1	168	2361	33.0	19.0
224	rna-XM_019475213.1	XM_019475213.1	185	2344	33.0	19.0
225	rna-XM_019475213.1	XM_019475213.1	587	1942	34.0	19.0
226	rna-XM_019475213.1	XM_019475213.1	1439	1090	32.0	19.0
227	rna-XM_019475213.1	XM_019475213.1	1444	1085	20.0	19.0
228	rna-XM_710225.2	XM_710225.2	6542	3319	40.0	19.0
229	rna-XM_715872.2	XM_715872.2	59	2032	88.0	19.0
230	rna-XM_019475216.1	XM_019475216.1	94	389	54.0	19.0
231	rna-XM_019475216.1	XM_019475216.1	237	246	29.0	19.0
232	rna-XM_019475216.1	XM_019475216.1	336	147	23.0	19.0
233	rna-XM_019475217.1	XM_019475217.1	22	548	20.0	19.0
234	rna-XM_715866.2	XM_715866.2	1933	428	28.0	19.0
235	rna-XM_019475220.1	XM_019475220.1	1	299	25.0	19.0
236	rna-XM_019475220.1	XM_019475220.1	70	230	27.0	19.0
237	rna-XM_019475220.1	XM_019475220.1	72	228	34.0	19.0
238	rna-XM_019475220.1	XM_019475220.1	74	226	29.0	19.0
239	rna-XM_019475220.1	XM_019475220.1	82	218	22.0	19.0
240	rna-XM_019475220.1	XM_019475220.1	141	159	39.0	19.0
241	rna-XM_019475220.1	XM_019475220.1	143	157	21.0	19.0
242	rna-XM_019475220.1	XM_019475220.1	162	138	20.0	19.0
243	rna-XM_715844.1	XM_715844.1	212	1867	58.0	19.0
244	rna-XM_715844.1	XM_715844.1	996	1083	30.0	19.0
245	rna-XM_715844.1	XM_715844.1	1081	998	36.0	19.0
246	rna-XM_715844.1	XM_715844.1	1134	945	32.0	19.0
247	rna-XM_715844.1	XM_715844.1	1170	909	76.0	19.0
248	rna-XM_715844.1	XM_715844.1	1259	820	38.0	19.0
249	rna-XM_715844.1	XM_715844.1	1266	813	21.0	19.0
250	rna-XM_715844.1	XM_715844.1	1267	812	20.0	19.0
251	rna-XM_715844.1	XM_715844.1	1284	795	24.0	19.0
252	rna-XM_715844.1	XM_715844.1	1290	789	52.0	19.0
253	rna-XM_715844.1	XM_715844.1	1431	648	22.0	19.0
254	rna-XM_715840.2	XM_715840.2	965	403	22.0	19.0
255	rna-XM_707825.2	XM_707825.2	101	1183	35.0	19.0
256	rna-XM_707823.1	XM_707823.1	42	516	23.0	19.0
257	rna-XM_707823.1	XM_707823.1	157	401	27.0	19.0
258	rna-XM_707823.1	XM_707823.1	186	372	28.0	19.0
259	rna-XM_707822.2	XM_707822.2	845	2071	53.0	19.0
260	rna-XM_707822.2	XM_707822.2	866	2050	28.0	19.0
261	rna-XM_707822.2	XM_707822.2	947	1969	22.0	19.0
262	rna-XM_705509.1	XM_705509.1	394	71	23.0	19.0
263	rna-XM_705523.2	XM_705523.2	1292	1159	23.0	19.0
264	rna-XM_709806.2	XM_709806.2	2057	292	22.0	19.0
265	rna-XM_709841.1	XM_709841.1	403	1112	23.0	19.0
266	rna-XM_709841.1	XM_709841.1	913	602	22.0	19.0
267	rna-XM_707710.1	XM_707710.1	373	248	53.0	19.0
268	rna-XM_710962.1	XM_710962.1	302	1201	43.0	19.0
269	rna-XM_019475256.1	XM_019475256.1	7	350	21.0	19.0
270	rna-XM_019475256.1	XM_019475256.1	15	342	22.0	19.0
271	rna-XM_019475256.1	XM_019475256.1	18	339	56.0	19.0
272	rna-XM_705056.2	XM_705056.2	15	1362	21.0	19.0
273	rna-XM_705056.2	XM_705056.2	17	1360	26.0	19.0
274	rna-XM_705056.2	XM_705056.2	174	1203	55.0	19.0
275	rna-XM_705056.2	XM_705056.2	190	1187	33.0	19.0
276	rna-XM_705056.2	XM_705056.2	324	1053	74.0	19.0
277	rna-XM_709369.2	XM_709369.2	1582	20	21.0	19.0
278	rna-XM_707506.1	XM_707506.1	712	1037	170.0	19.0
279	rna-XM_707492.2	XM_707492.2	4	578	36.0	19.0
280	rna-XM_709171.2	XM_709171.2	1109	655	35.0	19.0
281	rna-XM_705590.2	XM_705590.2	107	1063	46.0	19.0
282	rna-XM_705590.2	XM_705590.2	534	636	37.0	19.0
283	rna-XM_705590.2	XM_705590.2	539	631	21.0	19.0
284	rna-XM_705590.2	XM_705590.2	911	259	85.0	19.0
285	rna-XM_709322.1	XM_709322.1	116	217	50.0	19.0
286	rna-XM_709306.2	XM_709306.2	173	2104	27.0	19.0
287	rna-XM_712043.2	XM_712043.2	2102	5146	31.0	19.0
288	rna-XM_712045.1	XM_712045.1	380	3190	27.0	19.0
289	rna-XM_712051.1	XM_712051.1	0	789	21.0	19.0
290	rna-XM_712051.1	XM_712051.1	236	553	22.0	19.0
291	rna-XM_712051.1	XM_712051.1	290	499	73.0	19.0
292	rna-XM_712051.1	XM_712051.1	512	277	20.0	19.0
293	rna-XM_712051.1	XM_712051.1	591	198	38.0	19.0
294	rna-XM_712051.1	XM_712051.1	757	32	116.0	19.0
295	rna-XM_712744.1	XM_712744.1	123	285	30.0	19.0
296	rna-XM_712709.1	XM_712709.1	32	628	56.0	19.0
297	rna-XM_712709.1	XM_712709.1	152	508	21.0	19.0
298	rna-XM_712666.2	XM_712666.2	1145	1543	42.0	19.0
299	rna-XM_712666.2	XM_712666.2	1996	692	61.0	19.0
300	rna-XM_712666.2	XM_712666.2	2429	259	21.0	19.0
301	rna-XM_713429.2	XM_713429.2	203	3430	299.0	19.0
302	rna-XM_713429.2	XM_713429.2	3280	353	22.0	19.0
303	rna-XM_716679.2	XM_716679.2	22	539	21.0	19.0
304	rna-XM_716679.2	XM_716679.2	35	526	21.0	19.0
305	rna-XM_716671.2	XM_716671.2	56	2248	25.0	19.0
306	rna-XM_716626.1	XM_716626.1	314	307	44.0	19.0
307	rna-XM_716619.1	XM_716619.1	332	166	41.0	19.0
308	rna-XM_714842.1	XM_714842.1	366	210	60.0	19.0
309	rna-XM_714842.1	XM_714842.1	542	34	20.0	19.0
310	rna-XM_714845.2	XM_714845.2	2943	966	35.0	19.0
311	rna-XM_714889.1	XM_714889.1	345	45	24.0	19.0
312	rna-XM_714941.1	XM_714941.1	578	1147	73.0	19.0
313	rna-XM_707632.2	XM_707632.2	380	19	58.0	19.0
314	rna-XM_019475311.1	XM_019475311.1	54	354	21.0	19.0
315	rna-XM_019475318.1	XM_019475318.1	405	237	22.0	19.0
316	rna-XM_019475320.1	XM_019475320.1	3	570	34.0	19.0
317	rna-XM_019475320.1	XM_019475320.1	213	360	26.0	19.0
318	rna-XM_019475320.1	XM_019475320.1	229	344	25.0	19.0
319	rna-XM_718026.1	XM_718026.1	45	258	38.0	19.0
320	rna-XM_019475322.1	XM_019475322.1	72	357	21.0	19.0
321	rna-XM_019475322.1	XM_019475322.1	92	337	39.0	19.0
322	rna-XM_019475322.1	XM_019475322.1	97	332	22.0	19.0
323	rna-XM_019475322.1	XM_019475322.1	106	323	21.0	19.0
324	rna-XM_019475322.1	XM_019475322.1	109	320	21.0	19.0
325	rna-XM_019475322.1	XM_019475322.1	126	303	69.0	19.0
326	rna-XM_019475322.1	XM_019475322.1	127	302	20.0	19.0
327	rna-XM_019475322.1	XM_019475322.1	132	297	22.0	19.0
328	rna-XM_019475322.1	XM_019475322.1	160	269	21.0	19.0
329	rna-XM_019475322.1	XM_019475322.1	163	266	22.0	19.0
330	rna-XM_019475322.1	XM_019475322.1	173	256	23.0	19.0
331	rna-XM_019475322.1	XM_019475322.1	175	254	21.0	19.0
332	rna-XM_019475322.1	XM_019475322.1	176	253	27.0	19.0
333	rna-XM_019475322.1	XM_019475322.1	177	252	33.0	19.0
334	rna-XM_019475322.1	XM_019475322.1	192	237	38.0	19.0
335	rna-XM_019475322.1	XM_019475322.1	271	158	31.0	19.0
336	rna-XM_718047.1	XM_718047.1	156	180	42.0	19.0
337	rna-XM_718047.1	XM_718047.1	163	173	27.0	19.0
338	rna-XM_019475323.1	XM_019475323.1	44	760	142.0	19.0
339	rna-XM_019475323.1	XM_019475323.1	301	503	23.0	19.0
340	rna-XM_019475323.1	XM_019475323.1	598	206	33.0	19.0
341	rna-XM_019475325.1	XM_019475325.1	0	363	43.0	19.0
342	rna-XM_019475325.1	XM_019475325.1	4	359	20.0	19.0
343	rna-XM_019475325.1	XM_019475325.1	5	358	20.0	19.0
344	rna-XM_019475325.1	XM_019475325.1	30	333	28.0	19.0
345	rna-XM_019475325.1	XM_019475325.1	40	323	23.0	19.0
346	rna-XM_019475325.1	XM_019475325.1	41	322	22.0	19.0
347	rna-XM_019475325.1	XM_019475325.1	44	319	101.0	19.0
348	rna-XM_019475325.1	XM_019475325.1	46	317	97.0	19.0
349	rna-XM_019475325.1	XM_019475325.1	51	312	23.0	19.0
350	rna-XM_019475325.1	XM_019475325.1	52	311	101.0	19.0
351	rna-XM_019475325.1	XM_019475325.1	53	310	20.0	19.0
352	rna-XM_019475325.1	XM_019475325.1	54	309	28.0	19.0
353	rna-XM_019475325.1	XM_019475325.1	62	301	24.0	19.0
354	rna-XM_019475325.1	XM_019475325.1	63	300	28.0	19.0
355	rna-XM_019475325.1	XM_019475325.1	70	293	21.0	19.0
356	rna-XM_019475325.1	XM_019475325.1	73	290	33.0	19.0
357	rna-XM_019475325.1	XM_019475325.1	76	287	20.0	19.0
358	rna-XM_019475325.1	XM_019475325.1	81	282	30.0	19.0
359	rna-XM_019475325.1	XM_019475325.1	98	265	224.0	19.0
360	rna-XM_019475325.1	XM_019475325.1	127	236	46.0	19.0
361	rna-XM_019475325.1	XM_019475325.1	129	234	20.0	19.0
362	rna-XM_019475325.1	XM_019475325.1	181	182	25.0	19.0
363	rna-XM_718085.1	XM_718085.1	208	1025	21.0	19.0
364	rna-XM_019475328.1	XM_019475328.1	23	415	20.0	19.0
365	rna-XM_019475328.1	XM_019475328.1	36	402	32.0	19.0
366	rna-XM_019475328.1	XM_019475328.1	61	377	24.0	19.0
367	rna-XM_019475328.1	XM_019475328.1	72	366	30.0	19.0
368	rna-XM_019475328.1	XM_019475328.1	74	364	34.0	19.0
369	rna-XM_019475328.1	XM_019475328.1	75	363	20.0	19.0
370	rna-XM_019475328.1	XM_019475328.1	81	357	31.0	19.0
371	rna-XM_019475328.1	XM_019475328.1	104	334	136.0	19.0
372	rna-XM_019475328.1	XM_019475328.1	105	333	22.0	19.0
373	rna-XM_019475328.1	XM_019475328.1	111	327	24.0	19.0
374	rna-XM_019475328.1	XM_019475328.1	132	306	27.0	19.0
375	rna-XM_019475328.1	XM_019475328.1	145	293	24.0	19.0
376	rna-XM_019475328.1	XM_019475328.1	146	292	21.0	19.0
377	rna-XM_019475328.1	XM_019475328.1	165	273	20.0	19.0
378	rna-XM_019475328.1	XM_019475328.1	167	271	32.0	19.0
379	rna-XM_019475328.1	XM_019475328.1	169	269	21.0	19.0
380	rna-XM_019475328.1	XM_019475328.1	171	267	32.0	19.0
381	rna-XM_019475328.1	XM_019475328.1	188	250	46.0	19.0
382	rna-XM_019475328.1	XM_019475328.1	189	249	22.0	19.0
383	rna-XM_019475328.1	XM_019475328.1	194	244	24.0	19.0
384	rna-XM_019475328.1	XM_019475328.1	202	236	38.0	19.0
385	rna-XM_019475328.1	XM_019475328.1	208	230	21.0	19.0
386	rna-XM_019475328.1	XM_019475328.1	231	207	27.0	19.0
387	rna-XM_019475328.1	XM_019475328.1	234	204	22.0	19.0
388	rna-XM_019475328.1	XM_019475328.1	238	200	20.0	19.0
389	rna-XM_019475328.1	XM_019475328.1	239	199	20.0	19.0
390	rna-XM_019475328.1	XM_019475328.1	245	193	20.0	19.0
391	rna-XM_019475328.1	XM_019475328.1	251	187	24.0	19.0
392	rna-XM_019475328.1	XM_019475328.1	252	186	41.0	19.0
393	rna-XM_019475328.1	XM_019475328.1	253	185	28.0	19.0
394	rna-XM_019475328.1	XM_019475328.1	254	184	31.0	19.0
395	rna-XM_019475328.1	XM_019475328.1	255	183	44.0	19.0
396	rna-XM_019475328.1	XM_019475328.1	256	182	22.0	19.0
397	rna-XM_019475328.1	XM_019475328.1	318	120	57.0	19.0
398	rna-XM_019475328.1	XM_019475328.1	330	108	44.0	19.0
399	rna-XM_019475329.1	XM_019475329.1	490	296	20.0	19.0
400	rna-XM_019475329.1	XM_019475329.1	571	215	84.0	19.0
401	rna-XM_019475329.1	XM_019475329.1	689	97	30.0	19.0
402	rna-XM_019475333.1	XM_019475333.1	353	238	20.0	19.0
403	rna-XM_714766.1	XM_714766.1	1690	1904	23.0	19.0
404	rna-XM_714755.1	XM_714755.1	66	816	34.0	19.0
405	rna-XM_714749.1	XM_714749.1	581	166	32.0	19.0
406	rna-XM_714740.2	XM_714740.2	1333	914	37.0	19.0
407	rna-XM_705854.1	XM_705854.1	901	188	20.0	19.0
408	rna-XM_705855.1	XM_705855.1	135	375	28.0	19.0
409	rna-XM_705855.1	XM_705855.1	165	345	21.0	19.0
410	rna-XM_705238.2	XM_705238.2	31	647	167.0	19.0
411	rna-XM_705238.2	XM_705238.2	53	625	156.0	19.0
412	rna-XM_019475351.1	XM_019475351.1	574	728	35.0	19.0
413	rna-XM_708236.1	XM_708236.1	220	389	30.0	19.0
414	rna-XM_019475352.1	XM_019475352.1	1289	226	32.0	19.0
415	rna-XM_717669.2	XM_717669.2	12420	2688	186.0	19.0
416	rna-XM_717669.2	XM_717669.2	13118	1990	36.0	19.0
417	rna-XM_717669.2	XM_717669.2	13232	1876	45.0	19.0
418	rna-XM_717669.2	XM_717669.2	13250	1858	43.0	19.0
419	rna-XM_717669.2	XM_717669.2	14944	164	34.0	19.0
420	rna-XM_019475360.1	XM_019475360.1	173	538	74.0	19.0
421	rna-XM_019475360.1	XM_019475360.1	250	461	21.0	19.0
422	rna-XM_019475360.1	XM_019475360.1	264	447	33.0	19.0
423	rna-XM_019475360.1	XM_019475360.1	265	446	31.0	19.0
424	rna-XM_019475360.1	XM_019475360.1	274	437	22.0	19.0
425	rna-XM_019475360.1	XM_019475360.1	275	436	23.0	19.0
426	rna-XM_019475360.1	XM_019475360.1	276	435	37.0	19.0
427	rna-XM_019475360.1	XM_019475360.1	277	434	27.0	19.0
428	rna-XM_019475360.1	XM_019475360.1	278	433	58.0	19.0
429	rna-XM_019475360.1	XM_019475360.1	279	432	59.0	19.0
430	rna-XM_019475360.1	XM_019475360.1	280	431	66.0	19.0
431	rna-XM_019475360.1	XM_019475360.1	281	430	48.0	19.0
432	rna-XM_019475360.1	XM_019475360.1	282	429	57.0	19.0
433	rna-XM_019475360.1	XM_019475360.1	283	428	34.0	19.0
434	rna-XM_019475360.1	XM_019475360.1	284	427	44.0	19.0
435	rna-XM_019475360.1	XM_019475360.1	285	426	46.0	19.0
436	rna-XM_019475360.1	XM_019475360.1	286	425	35.0	19.0
437	rna-XM_019475360.1	XM_019475360.1	287	424	27.0	19.0
438	rna-XM_019475360.1	XM_019475360.1	297	414	24.0	19.0
439	rna-XM_019475360.1	XM_019475360.1	312	399	24.0	19.0
440	rna-XM_019475360.1	XM_019475360.1	314	397	20.0	19.0
441	rna-XM_019475360.1	XM_019475360.1	315	396	31.0	19.0
442	rna-XM_019475360.1	XM_019475360.1	320	391	79.0	19.0
443	rna-XM_019475360.1	XM_019475360.1	321	390	37.0	19.0
444	rna-XM_019475360.1	XM_019475360.1	322	389	26.0	19.0
445	rna-XM_019475360.1	XM_019475360.1	330	381	48.0	19.0
446	rna-XM_019475360.1	XM_019475360.1	333	378	21.0	19.0
447	rna-XM_019475360.1	XM_019475360.1	334	377	23.0	19.0
448	rna-XM_019475360.1	XM_019475360.1	339	372	20.0	19.0
449	rna-XM_019475360.1	XM_019475360.1	341	370	20.0	19.0
450	rna-XM_019475360.1	XM_019475360.1	343	368	20.0	19.0
451	rna-XM_019475360.1	XM_019475360.1	344	367	43.0	19.0
452	rna-XM_019475360.1	XM_019475360.1	346	365	24.0	19.0
453	rna-XM_019475360.1	XM_019475360.1	348	363	86.0	19.0
454	rna-XM_019475360.1	XM_019475360.1	358	353	22.0	19.0
455	rna-XM_019475360.1	XM_019475360.1	359	352	48.0	19.0
456	rna-XM_019475360.1	XM_019475360.1	360	351	23.0	19.0
457	rna-XM_019475360.1	XM_019475360.1	369	342	26.0	19.0
458	rna-XM_019475360.1	XM_019475360.1	372	339	26.0	19.0
459	rna-XM_019475360.1	XM_019475360.1	373	338	21.0	19.0
460	rna-XM_019475360.1	XM_019475360.1	376	335	22.0	19.0
461	rna-XM_019475360.1	XM_019475360.1	380	331	20.0	19.0
462	rna-XM_019475360.1	XM_019475360.1	381	330	31.0	19.0
463	rna-XM_019475360.1	XM_019475360.1	382	329	30.0	19.0
464	rna-XM_019475360.1	XM_019475360.1	384	327	23.0	19.0
465	rna-XM_019475360.1	XM_019475360.1	386	325	31.0	19.0
466	rna-XM_019475360.1	XM_019475360.1	388	323	37.0	19.0
467	rna-XM_019475360.1	XM_019475360.1	390	321	25.0	19.0
468	rna-XM_019475360.1	XM_019475360.1	391	320	40.0	19.0
469	rna-XM_019475360.1	XM_019475360.1	392	319	45.0	19.0
470	rna-XM_019475360.1	XM_019475360.1	393	318	41.0	19.0
471	rna-XM_019475360.1	XM_019475360.1	394	317	52.0	19.0
472	rna-XM_019475360.1	XM_019475360.1	395	316	43.0	19.0
473	rna-XM_019475360.1	XM_019475360.1	396	315	141.0	19.0
474	rna-XM_019475360.1	XM_019475360.1	397	314	34.0	19.0
475	rna-XM_019475360.1	XM_019475360.1	398	313	26.0	19.0
476	rna-XM_019475360.1	XM_019475360.1	399	312	37.0	19.0
477	rna-XM_019475360.1	XM_019475360.1	401	310	24.0	19.0
478	rna-XM_019475360.1	XM_019475360.1	402	309	24.0	19.0
479	rna-XM_019475360.1	XM_019475360.1	403	308	24.0	19.0
480	rna-XM_019475360.1	XM_019475360.1	408	303	20.0	19.0
481	rna-XM_019475360.1	XM_019475360.1	409	302	21.0	19.0
482	rna-XM_019475360.1	XM_019475360.1	411	300	34.0	19.0
483	rna-XM_019475360.1	XM_019475360.1	414	297	23.0	19.0
484	rna-XM_019475360.1	XM_019475360.1	415	296	25.0	19.0
485	rna-XM_019475360.1	XM_019475360.1	417	294	20.0	19.0
486	rna-XM_019475360.1	XM_019475360.1	418	293	34.0	19.0
487	rna-XM_019475360.1	XM_019475360.1	420	291	42.0	19.0
488	rna-XM_019475360.1	XM_019475360.1	421	290	24.0	19.0
489	rna-XM_019475360.1	XM_019475360.1	422	289	22.0	19.0
490	rna-XM_019475360.1	XM_019475360.1	424	287	40.0	19.0
491	rna-XM_019475360.1	XM_019475360.1	425	286	38.0	19.0
492	rna-XM_019475360.1	XM_019475360.1	426	285	101.0	19.0
493	rna-XM_019475360.1	XM_019475360.1	427	284	46.0	19.0
494	rna-XM_019475360.1	XM_019475360.1	428	283	35.0	19.0
495	rna-XM_019475360.1	XM_019475360.1	429	282	46.0	19.0
496	rna-XM_019475360.1	XM_019475360.1	430	281	60.0	19.0
497	rna-XM_019475360.1	XM_019475360.1	431	280	29.0	19.0
498	rna-XM_019475360.1	XM_019475360.1	432	279	22.0	19.0
499	rna-XM_019475360.1	XM_019475360.1	433	278	29.0	19.0
500	rna-XM_019475360.1	XM_019475360.1	438	273	50.0	19.0
501	rna-XM_019475360.1	XM_019475360.1	439	272	28.0	19.0
502	rna-XM_019475360.1	XM_019475360.1	440	271	21.0	19.0
503	rna-XM_019475360.1	XM_019475360.1	441	270	23.0	19.0
504	rna-XM_019475360.1	XM_019475360.1	445	266	40.0	19.0
505	rna-XM_019475360.1	XM_019475360.1	446	265	26.0	19.0
506	rna-XM_019475360.1	XM_019475360.1	447	264	36.0	19.0
507	rna-XM_019475360.1	XM_019475360.1	448	263	22.0	19.0
508	rna-XM_019475360.1	XM_019475360.1	449	262	23.0	19.0
509	rna-XM_019475360.1	XM_019475360.1	450	261	29.0	19.0
510	rna-XM_019475360.1	XM_019475360.1	451	260	31.0	19.0
511	rna-XM_019475360.1	XM_019475360.1	452	259	95.0	19.0
512	rna-XM_019475360.1	XM_019475360.1	453	258	95.0	19.0
513	rna-XM_019475360.1	XM_019475360.1	454	257	30.0	19.0
514	rna-XM_019475360.1	XM_019475360.1	455	256	57.0	19.0
515	rna-XM_019475360.1	XM_019475360.1	456	255	21.0	19.0
516	rna-XM_019475360.1	XM_019475360.1	457	254	23.0	19.0
517	rna-XM_019475360.1	XM_019475360.1	458	253	24.0	19.0
518	rna-XM_019475360.1	XM_019475360.1	462	249	35.0	19.0
519	rna-XM_019475360.1	XM_019475360.1	464	247	30.0	19.0
520	rna-XM_019475360.1	XM_019475360.1	465	246	26.0	19.0
521	rna-XM_019475360.1	XM_019475360.1	467	244	21.0	19.0
522	rna-XM_019475360.1	XM_019475360.1	468	243	22.0	19.0
523	rna-XM_019475360.1	XM_019475360.1	472	239	20.0	19.0
524	rna-XM_019475360.1	XM_019475360.1	476	235	46.0	19.0
525	rna-XM_019475360.1	XM_019475360.1	477	234	39.0	19.0
526	rna-XM_019475360.1	XM_019475360.1	478	233	20.0	19.0
527	rna-XM_019475360.1	XM_019475360.1	480	231	50.0	19.0
528	rna-XM_019475360.1	XM_019475360.1	481	230	26.0	19.0
529	rna-XM_019475360.1	XM_019475360.1	482	229	141.0	19.0
530	rna-XM_019475360.1	XM_019475360.1	483	228	31.0	19.0
531	rna-XM_019475360.1	XM_019475360.1	485	226	20.0	19.0
532	rna-XM_019475360.1	XM_019475360.1	486	225	25.0	19.0
533	rna-XM_019475360.1	XM_019475360.1	487	224	41.0	19.0
534	rna-XM_019475360.1	XM_019475360.1	489	222	22.0	19.0
535	rna-XM_019475360.1	XM_019475360.1	490	221	28.0	19.0
536	rna-XM_019475360.1	XM_019475360.1	491	220	30.0	19.0
537	rna-XM_019475360.1	XM_019475360.1	498	213	33.0	19.0
538	rna-XM_019475360.1	XM_019475360.1	499	212	21.0	19.0
539	rna-XM_019475360.1	XM_019475360.1	500	211	22.0	19.0
540	rna-XM_019475360.1	XM_019475360.1	501	210	46.0	19.0
541	rna-XM_019475360.1	XM_019475360.1	502	209	48.0	19.0
542	rna-XM_019475360.1	XM_019475360.1	503	208	62.0	19.0
543	rna-XM_019475360.1	XM_019475360.1	504	207	29.0	19.0
544	rna-XM_019475360.1	XM_019475360.1	505	206	33.0	19.0
545	rna-XM_019475360.1	XM_019475360.1	506	205	32.0	19.0
546	rna-XM_019475360.1	XM_019475360.1	507	204	39.0	19.0
547	rna-XM_019475360.1	XM_019475360.1	508	203	29.0	19.0
548	rna-XM_019475360.1	XM_019475360.1	510	201	20.0	19.0
549	rna-XM_019475360.1	XM_019475360.1	511	200	28.0	19.0
550	rna-XM_019475360.1	XM_019475360.1	513	198	215.0	19.0
551	rna-XM_019475360.1	XM_019475360.1	522	189	21.0	19.0
552	rna-XM_019475360.1	XM_019475360.1	523	188	23.0	19.0
553	rna-XM_019475360.1	XM_019475360.1	525	186	20.0	19.0
554	rna-XM_019475360.1	XM_019475360.1	530	181	22.0	19.0
555	rna-XM_019475360.1	XM_019475360.1	531	180	20.0	19.0
556	rna-XM_019475360.1	XM_019475360.1	534	177	45.0	19.0
557	rna-XM_019475360.1	XM_019475360.1	537	174	24.0	19.0
558	rna-XM_019475360.1	XM_019475360.1	546	165	106.0	19.0
559	rna-XM_019475360.1	XM_019475360.1	547	164	22.0	19.0
560	rna-XM_019475360.1	XM_019475360.1	551	160	25.0	19.0
561	rna-XM_019475360.1	XM_019475360.1	553	158	24.0	19.0
562	rna-XM_019475360.1	XM_019475360.1	554	157	23.0	19.0
563	rna-XM_019475360.1	XM_019475360.1	555	156	33.0	19.0
564	rna-XM_019475360.1	XM_019475360.1	556	155	50.0	19.0
565	rna-XM_019475360.1	XM_019475360.1	557	154	28.0	19.0
566	rna-XM_019475360.1	XM_019475360.1	558	153	38.0	19.0
567	rna-XM_019475360.1	XM_019475360.1	559	152	42.0	19.0
568	rna-XM_019475360.1	XM_019475360.1	560	151	38.0	19.0
569	rna-XM_019475360.1	XM_019475360.1	561	150	29.0	19.0
570	rna-XM_019475360.1	XM_019475360.1	571	140	33.0	19.0
571	rna-XM_019475360.1	XM_019475360.1	573	138	26.0	19.0
572	rna-XM_019475360.1	XM_019475360.1	578	133	26.0	19.0
573	rna-XM_019475360.1	XM_019475360.1	579	132	29.0	19.0
574	rna-XM_019475360.1	XM_019475360.1	580	131	23.0	19.0
575	rna-XM_019475360.1	XM_019475360.1	584	127	30.0	19.0
576	rna-XM_019475360.1	XM_019475360.1	585	126	24.0	19.0
577	rna-XM_019475360.1	XM_019475360.1	586	125	35.0	19.0
578	rna-XM_019475360.1	XM_019475360.1	587	124	20.0	19.0
579	rna-XM_019475360.1	XM_019475360.1	588	123	34.0	19.0
580	rna-XM_019475360.1	XM_019475360.1	589	122	38.0	19.0
581	rna-XM_019475360.1	XM_019475360.1	598	113	22.0	19.0
582	rna-XM_019475360.1	XM_019475360.1	601	110	27.0	19.0
583	rna-XM_019475360.1	XM_019475360.1	603	108	24.0	19.0
584	rna-XM_019475360.1	XM_019475360.1	606	105	38.0	19.0
585	rna-XM_019475360.1	XM_019475360.1	608	103	28.0	19.0
586	rna-XM_019475360.1	XM_019475360.1	609	102	24.0	19.0
587	rna-XM_019475360.1	XM_019475360.1	612	99	22.0	19.0
588	rna-XM_019475360.1	XM_019475360.1	617	94	24.0	19.0
589	rna-XM_019475360.1	XM_019475360.1	618	93	35.0	19.0
590	rna-XM_019475360.1	XM_019475360.1	620	91	51.0	19.0
591	rna-XM_019475360.1	XM_019475360.1	621	90	26.0	19.0
592	rna-XM_019475360.1	XM_019475360.1	622	89	30.0	19.0
593	rna-XM_019475360.1	XM_019475360.1	624	87	28.0	19.0
594	rna-XM_019475360.1	XM_019475360.1	628	83	25.0	19.0
595	rna-XM_019475360.1	XM_019475360.1	630	81	20.0	19.0
596	rna-XM_019475360.1	XM_019475360.1	631	80	20.0	19.0
597	rna-XM_019475360.1	XM_019475360.1	634	77	26.0	19.0
598	rna-XM_019475360.1	XM_019475360.1	650	61	21.0	19.0
599	rna-XM_019475360.1	XM_019475360.1	653	58	70.0	19.0
600	rna-XM_019475360.1	XM_019475360.1	660	51	23.0	19.0
601	rna-XM_717611.1	XM_717611.1	285	234	24.0	19.0
602	rna-XM_717601.2	XM_717601.2	965	193	31.0	19.0
603	rna-XM_717597.2	XM_717597.2	828	252	24.0	19.0
604	rna-XM_717597.2	XM_717597.2	866	214	26.0	19.0
605	rna-XM_717597.2	XM_717597.2	886	194	35.0	19.0
606	rna-XM_717597.2	XM_717597.2	888	192	28.0	19.0
607	rna-XM_717564.2	XM_717564.2	638	1189	42.0	19.0
608	rna-XM_717540.1	XM_717540.1	215	1174	59.0	19.0
609	rna-XM_717540.1	XM_717540.1	457	932	25.0	19.0
610	rna-XM_715396.1	XM_715396.1	56	1663	145.0	19.0
611	rna-XM_715367.2	XM_715367.2	55	1229	30.0	19.0
612	rna-XM_715367.2	XM_715367.2	140	1144	60.0	19.0
613	rna-XM_715327.1	XM_715327.1	376	515	22.0	19.0
614	rna-XM_712005.2	XM_712005.2	944	196	28.0	19.0
615	rna-XM_019475383.1	XM_019475383.1	198	444	20.0	19.0
616	rna-XM_019475383.1	XM_019475383.1	248	394	23.0	19.0
617	rna-XM_019475383.1	XM_019475383.1	262	380	21.0	19.0
618	rna-XM_019475383.1	XM_019475383.1	290	352	26.0	19.0
619	rna-XM_712147.1	XM_712147.1	77	676	21.0	19.0
620	rna-XM_712142.1	XM_712142.1	149	682	49.0	19.0
621	rna-XM_712127.1	XM_712127.1	263	2587	41.0	19.0
622	rna-XM_712101.2	XM_712101.2	282	186	52.0	19.0
623	rna-XM_705028.2	XM_705028.2	5330	1099	1837.0	19.0
624	rna-XM_705028.2	XM_705028.2	5331	1098	42.0	19.0
625	rna-XM_711482.2	XM_711482.2	149	1237	85.0	19.0
626	rna-XM_710444.2	XM_710444.2	416	2575	53.0	19.0
627	rna-XM_710444.2	XM_710444.2	618	2373	71.0	19.0
628	rna-XM_710444.2	XM_710444.2	645	2346	27.0	19.0
629	rna-XM_710444.2	XM_710444.2	646	2345	27.0	19.0
630	rna-XM_710440.1	XM_710440.1	152	1552	54.0	19.0
631	rna-XM_710440.1	XM_710440.1	444	1260	22.0	19.0
632	rna-XM_710440.1	XM_710440.1	767	937	33.0	19.0
633	rna-XM_710440.1	XM_710440.1	1499	205	50.0	19.0
634	rna-XM_019475397.1	XM_019475397.1	239	517	77.0	19.0
635	rna-XM_710435.2	XM_710435.2	1667	259	36.0	19.0
636	rna-XM_710354.1	XM_710354.1	449	502	21.0	19.0
637	rna-XM_710354.1	XM_710354.1	900	51	50.0	19.0
638	rna-XM_710346.2	XM_710346.2	146	676	23.0	19.0
639	rna-XM_710314.2	XM_710314.2	2481	3483	21.0	19.0
640	rna-XM_710304.1	XM_710304.1	69	513	40.0	19.0
641	rna-XM_710304.1	XM_710304.1	81	501	34.0	19.0
642	rna-XM_710304.1	XM_710304.1	85	497	56.0	19.0
643	rna-XM_710304.1	XM_710304.1	333	249	20.0	19.0
644	rna-XM_710304.1	XM_710304.1	350	232	20.0	19.0
645	rna-XM_705430.2	XM_705430.2	0	1644	29.0	19.0
646	rna-XM_711724.1	XM_711724.1	1849	4265	32.0	19.0
647	rna-XM_711723.2	XM_711723.2	1211	919	35.0	19.0
648	rna-XM_711723.2	XM_711723.2	1268	862	137.0	19.0
649	rna-XM_711709.1	XM_711709.1	3239	868	31.0	19.0
650	rna-XM_711707.1	XM_711707.1	76	458	21.0	19.0
651	rna-XM_711707.1	XM_711707.1	275	259	23.0	19.0
652	rna-XM_711687.1	XM_711687.1	749	157	43.0	19.0
653	rna-XM_706255.2	XM_706255.2	173	256	22.0	19.0
654	rna-XM_019475412.1	XM_019475412.1	29	439	27.0	19.0
655	rna-XM_019475412.1	XM_019475412.1	42	426	23.0	19.0
656	rna-XM_019475412.1	XM_019475412.1	113	355	57.0	19.0
657	rna-XM_706264.2	XM_706264.2	2491	662	23.0	19.0
658	rna-XM_706264.2	XM_706264.2	2515	638	39.0	19.0
659	rna-XM_706264.2	XM_706264.2	2636	517	76.0	19.0
660	rna-XM_706264.2	XM_706264.2	2688	465	45.0	19.0
661	rna-XM_706264.2	XM_706264.2	2709	444	24.0	19.0
662	rna-XM_706264.2	XM_706264.2	2795	358	20.0	19.0
663	rna-XM_706264.2	XM_706264.2	2802	351	39.0	19.0
664	rna-XM_706264.2	XM_706264.2	2852	301	322.0	19.0
665	rna-XM_706264.2	XM_706264.2	2882	271	63.0	19.0
666	rna-XM_706264.2	XM_706264.2	2900	253	37.0	19.0
667	rna-XM_706264.2	XM_706264.2	2955	198	23.0	19.0
668	rna-XM_706059.2	XM_706059.2	3265	2582	33.0	19.0
669	rna-XM_709501.1	XM_709501.1	1139	451	34.0	19.0
670	rna-XM_715438.2	XM_715438.2	479	73	21.0	19.0
671	rna-XM_715445.2	XM_715445.2	565	419	21.0	19.0
672	rna-XM_019475419.1	XM_019475419.1	3098	2032	144.0	19.0
673	rna-XM_715498.2	XM_715498.2	109	899	27.0	19.0
674	rna-XM_715526.2	XM_715526.2	51	2262	20.0	19.0
675	rna-XM_715526.2	XM_715526.2	52	2261	23.0	19.0
676	rna-XM_715526.2	XM_715526.2	70	2243	21.0	19.0
677	rna-XM_715548.1	XM_715548.1	261	417	55.0	19.0
678	rna-XM_715548.1	XM_715548.1	298	380	27.0	19.0
679	rna-XM_715548.1	XM_715548.1	377	301	20.0	19.0
680	rna-XM_715548.1	XM_715548.1	471	207	23.0	19.0
681	rna-XM_715548.1	XM_715548.1	575	103	95.0	19.0
682	rna-XM_715548.1	XM_715548.1	590	88	20.0	19.0
683	rna-XM_715548.1	XM_715548.1	625	53	38.0	19.0
684	rna-XM_715548.1	XM_715548.1	647	31	21.0	19.0
685	rna-XM_715548.1	XM_715548.1	657	21	31.0	19.0
686	rna-XM_706938.2	XM_706938.2	408	714	70.0	19.0
687	rna-XM_706324.1	XM_706324.1	28	290	29.0	19.0
688	rna-XM_019475428.1	XM_019475428.1	7	248	22.0	19.0
689	rna-XM_019475428.1	XM_019475428.1	140	115	21.0	19.0
690	rna-XM_716866.2	XM_716866.2	1173	333	21.0	19.0
691	rna-XM_716866.2	XM_716866.2	1197	309	21.0	19.0
692	rna-XM_716869.2	XM_716869.2	31	728	20.0	19.0
693	rna-XM_716869.2	XM_716869.2	53	706	34.0	19.0
694	rna-XM_705398.2	XM_705398.2	181	1802	28.0	19.0
695	rna-XM_707223.1	XM_707223.1	1034	517	27.0	19.0
696	rna-XM_707223.1	XM_707223.1	1049	502	22.0	19.0
697	rna-XM_707223.1	XM_707223.1	1081	470	21.0	19.0
698	rna-XM_707223.1	XM_707223.1	1083	468	24.0	19.0
699	rna-XM_707223.1	XM_707223.1	1092	459	20.0	19.0
700	rna-XM_707223.1	XM_707223.1	1103	448	21.0	19.0
701	rna-XM_707223.1	XM_707223.1	1108	443	23.0	19.0
702	rna-XM_707223.1	XM_707223.1	1130	421	21.0	19.0
703	rna-XM_707223.1	XM_707223.1	1140	411	33.0	19.0
704	rna-XM_707223.1	XM_707223.1	1159	392	33.0	19.0
705	rna-XM_707223.1	XM_707223.1	1162	389	36.0	19.0
706	rna-XM_707223.1	XM_707223.1	1164	387	23.0	19.0
707	rna-XM_707223.1	XM_707223.1	1166	385	40.0	19.0
708	rna-XM_707223.1	XM_707223.1	1168	383	20.0	19.0
709	rna-XM_707223.1	XM_707223.1	1170	381	20.0	19.0
710	rna-XM_707223.1	XM_707223.1	1210	341	25.0	19.0
711	rna-XM_707223.1	XM_707223.1	1214	337	34.0	19.0
712	rna-XM_707223.1	XM_707223.1	1218	333	24.0	19.0
713	rna-XM_707223.1	XM_707223.1	1219	332	26.0	19.0
714	rna-XM_707223.1	XM_707223.1	1226	325	24.0	19.0
715	rna-XM_707223.1	XM_707223.1	1230	321	20.0	19.0
716	rna-XM_707223.1	XM_707223.1	1254	297	25.0	19.0
717	rna-XM_707223.1	XM_707223.1	1263	288	54.0	19.0
718	rna-XM_706164.2	XM_706164.2	262	644	21.0	19.0
719	rna-XM_019475443.1	XM_019475443.1	297	159	27.0	19.0
720	rna-XM_019475444.1	XM_019475444.1	323	88	35.0	19.0
721	rna-XM_019475454.1	XM_019475454.1	330	147	21.0	19.0
722	rna-XM_019475454.1	XM_019475454.1	389	88	23.0	19.0
723	rna-XM_711638.2	XM_711638.2	408	960	20.0	19.0
724	rna-XM_711618.2	XM_711618.2	280	377	24.0	19.0
725	rna-XM_705744.2	XM_705744.2	980	4000	21.0	19.0
726	rna-XM_707412.1	XM_707412.1	51	603	65.0	19.0
727	rna-XM_707422.1	XM_707422.1	584	718	25.0	19.0
728	rna-XM_714063.2	XM_714063.2	674	886	46.0	19.0
729	rna-XM_714063.2	XM_714063.2	757	803	22.0	19.0
730	rna-XM_714094.2	XM_714094.2	829	278	34.0	19.0
731	rna-XM_714096.1	XM_714096.1	84	300	49.0	19.0
732	rna-XM_714096.1	XM_714096.1	264	120	23.0	19.0
733	rna-XM_714096.1	XM_714096.1	290	94	72.0	19.0
734	rna-XM_019475468.1	XM_019475468.1	1087	515	53.0	19.0
735	rna-XM_019475468.1	XM_019475468.1	1205	397	22.0	19.0
736	rna-XM_019475468.1	XM_019475468.1	1262	340	27.0	19.0
737	rna-XM_713013.2	XM_713013.2	140	1450	27.0	19.0
738	rna-XM_705132.2	XM_705132.2	1150	1388	25.0	19.0
739	rna-XM_707011.2	XM_707011.2	1293	774	77.0	19.0
740	rna-XM_707011.2	XM_707011.2	1349	718	36.0	19.0
741	rna-XM_707011.2	XM_707011.2	1397	670	135.0	19.0
742	rna-XM_707320.2	XM_707320.2	62	3205	25.0	19.0
743	rna-XM_715321.2	XM_715321.2	0	795	39.0	19.0
744	rna-XM_715286.1	XM_715286.1	623	526	53.0	19.0
745	rna-XM_715266.1	XM_715266.1	1142	2134	67.0	19.0
746	rna-XM_715266.1	XM_715266.1	2731	545	21.0	19.0
747	rna-XM_019475476.1	XM_019475476.1	0	204	22.0	19.0
748	rna-XM_019475476.1	XM_019475476.1	56	148	42.0	19.0
749	rna-XM_019475476.1	XM_019475476.1	172	32	33.0	19.0
750	rna-XM_019475476.1	XM_019475476.1	183	21	22.0	19.0
751	rna-XM_716286.1	XM_716286.1	245	652	69.0	19.0
752	rna-XM_716286.1	XM_716286.1	625	272	85.0	19.0
753	rna-XM_716260.1	XM_716260.1	399	1725	25.0	19.0
754	rna-XM_716260.1	XM_716260.1	434	1690	103.0	19.0
755	rna-XM_716260.1	XM_716260.1	435	1689	22.0	19.0
756	rna-XM_716260.1	XM_716260.1	449	1675	40.0	19.0
757	rna-XM_716260.1	XM_716260.1	456	1668	21.0	19.0
758	rna-XM_716260.1	XM_716260.1	457	1667	54.0	19.0
759	rna-XM_716260.1	XM_716260.1	460	1664	27.0	19.0
760	rna-XM_716260.1	XM_716260.1	482	1642	45.0	19.0
761	rna-XM_716260.1	XM_716260.1	529	1595	23.0	19.0
762	rna-XM_716260.1	XM_716260.1	581	1543	33.0	19.0
763	rna-XM_716260.1	XM_716260.1	584	1540	53.0	19.0
764	rna-XM_716260.1	XM_716260.1	605	1519	93.0	19.0
765	rna-XM_716260.1	XM_716260.1	656	1468	40.0	19.0
766	rna-XM_716260.1	XM_716260.1	967	1157	45.0	19.0
767	rna-XM_019475491.1	XM_019475491.1	316	77	250.0	19.0
768	rna-XM_019475491.1	XM_019475491.1	343	50	20.0	19.0
769	rna-XM_019475491.1	XM_019475491.1	370	23	121.0	19.0
770	rna-XM_019475491.1	XM_019475491.1	372	21	21.0	19.0
771	rna-XM_019475491.1	XM_019475491.1	373	20	116.0	19.0
772	rna-XM_019475491.1	XM_019475491.1	379	14	33.0	19.0
773	rna-XM_019475491.1	XM_019475491.1	382	11	23.0	19.0
774	rna-XM_705023.2	XM_705023.2	2555	2146	256.0	19.0
775	rna-XM_711899.2	XM_711899.2	1835	1081	20.0	19.0
776	rna-XM_711899.2	XM_711899.2	2044	872	99.0	19.0
777	rna-XM_711860.2	XM_711860.2	1385	295	45.0	19.0
778	rna-XM_711858.2	XM_711858.2	417	777	25.0	19.0
779	rna-XM_707061.1	XM_707061.1	1383	276	139.0	19.0
780	rna-XM_710152.1	XM_710152.1	179	2059	22.0	19.0
781	rna-XM_710152.1	XM_710152.1	1018	1220	31.0	19.0
782	rna-XM_710148.1	XM_710148.1	1250	781	139.0	19.0
783	rna-XM_710134.1	XM_710134.1	138	714	40.0	19.0
784	rna-XM_710134.1	XM_710134.1	416	436	75.0	19.0
785	rna-XM_710134.1	XM_710134.1	522	330	29.0	19.0
786	rna-XM_710117.1	XM_710117.1	4	842	20.0	19.0
787	rna-XM_710106.1	XM_710106.1	109	824	62.0	19.0
788	rna-XM_710094.1	XM_710094.1	49	4157	27.0	19.0
789	rna-XM_710094.1	XM_710094.1	53	4153	33.0	19.0
790	rna-XM_710085.1	XM_710085.1	9	519	25.0	19.0
791	rna-XM_713565.1	XM_713565.1	207	1101	31.0	19.0
792	rna-XM_713565.1	XM_713565.1	357	951	23.0	19.0
793	rna-XM_713565.1	XM_713565.1	812	496	37.0	19.0
794	rna-XM_713563.1	XM_713563.1	1010	196	20.0	19.0
795	rna-XM_713531.1	XM_713531.1	627	6189	26.0	19.0
796	rna-XM_713531.1	XM_713531.1	6240	576	26.0	19.0
797	rna-XM_019475509.1	XM_019475509.1	87	210	36.0	19.0
798	rna-XM_713113.2	XM_713113.2	1148	604	106.0	19.0
799	rna-XM_713178.1	XM_713178.1	2308	194	76.0	19.0
800	rna-XM_708320.2	XM_708320.2	475	335	33.0	19.0
801	rna-XM_708320.2	XM_708320.2	482	328	168.0	19.0
802	rna-XM_019475520.1	XM_019475520.1	1064	625	39.0	19.0
803	rna-XM_710688.2	XM_710688.2	2723	3034	26.0	19.0
804	rna-XM_710688.2	XM_710688.2	2771	2986	24.0	19.0
805	rna-XM_710697.1	XM_710697.1	443	844	40.0	19.0
806	rna-XM_710697.1	XM_710697.1	467	820	109.0	19.0
807	rna-XM_710697.1	XM_710697.1	484	803	23.0	19.0
808	rna-XM_710697.1	XM_710697.1	514	773	21.0	19.0
809	rna-XM_710697.1	XM_710697.1	515	772	27.0	19.0
810	rna-XM_710697.1	XM_710697.1	543	744	22.0	19.0
811	rna-XM_710697.1	XM_710697.1	563	724	25.0	19.0
812	rna-XM_710697.1	XM_710697.1	597	690	23.0	19.0
813	rna-XM_710697.1	XM_710697.1	599	688	26.0	19.0
814	rna-XM_710697.1	XM_710697.1	602	685	23.0	19.0
815	rna-XM_710697.1	XM_710697.1	608	679	22.0	19.0
816	rna-XM_710697.1	XM_710697.1	623	664	20.0	19.0
817	rna-XM_019475522.1	XM_019475522.1	15	435	22.0	19.0
818	rna-XM_019475522.1	XM_019475522.1	17	433	23.0	19.0
819	rna-XM_019475522.1	XM_019475522.1	27	423	27.0	19.0
820	rna-XM_019475522.1	XM_019475522.1	28	422	24.0	19.0
821	rna-XM_019475522.1	XM_019475522.1	31	419	21.0	19.0
822	rna-XM_019475522.1	XM_019475522.1	34	416	24.0	19.0
823	rna-XM_019475522.1	XM_019475522.1	44	406	38.0	19.0
824	rna-XM_019475522.1	XM_019475522.1	46	404	20.0	19.0
825	rna-XM_019475522.1	XM_019475522.1	80	370	23.0	19.0
826	rna-XM_019475522.1	XM_019475522.1	84	366	29.0	19.0
827	rna-XM_019475522.1	XM_019475522.1	175	275	47.0	19.0
828	rna-XM_019475522.1	XM_019475522.1	215	235	124.0	19.0
829	rna-XM_019475522.1	XM_019475522.1	230	220	38.0	19.0
830	rna-XM_019475522.1	XM_019475522.1	254	196	21.0	19.0
831	rna-XM_019475522.1	XM_019475522.1	307	143	44.0	19.0
832	rna-XM_019475522.1	XM_019475522.1	384	66	282.0	19.0
833	rna-XM_019475522.1	XM_019475522.1	407	43	24.0	19.0
834	rna-XM_019475522.1	XM_019475522.1	413	37	21.0	19.0
835	rna-XM_710046.2	XM_710046.2	297	2739	25.0	19.0
836	rna-XM_710038.2	XM_710038.2	221	2491	25.0	19.0
837	rna-XM_712251.1	XM_712251.1	998	445	30.0	19.0
838	rna-XM_712263.2	XM_712263.2	1	614	29.0	19.0
839	rna-XM_712263.2	XM_712263.2	16	599	24.0	19.0
840	rna-XM_712263.2	XM_712263.2	50	565	35.0	19.0
841	rna-XM_712263.2	XM_712263.2	58	557	28.0	19.0
842	rna-XM_712263.2	XM_712263.2	67	548	49.0	19.0
843	rna-XM_712263.2	XM_712263.2	78	537	26.0	19.0
844	rna-XM_712263.2	XM_712263.2	81	534	31.0	19.0
845	rna-XM_712263.2	XM_712263.2	86	529	43.0	19.0
846	rna-XM_712263.2	XM_712263.2	88	527	30.0	19.0
847	rna-XM_712263.2	XM_712263.2	89	526	25.0	19.0
848	rna-XM_712263.2	XM_712263.2	90	525	27.0	19.0
849	rna-XM_712263.2	XM_712263.2	91	524	28.0	19.0
850	rna-XM_712263.2	XM_712263.2	92	523	41.0	19.0
851	rna-XM_712263.2	XM_712263.2	93	522	58.0	19.0
852	rna-XM_712263.2	XM_712263.2	94	521	48.0	19.0
853	rna-XM_712263.2	XM_712263.2	95	520	37.0	19.0
854	rna-XM_712263.2	XM_712263.2	96	519	22.0	19.0
855	rna-XM_712263.2	XM_712263.2	98	517	25.0	19.0
856	rna-XM_712263.2	XM_712263.2	100	515	44.0	19.0
857	rna-XM_712263.2	XM_712263.2	104	511	98.0	19.0
858	rna-XM_712263.2	XM_712263.2	105	510	20.0	19.0
859	rna-XM_712263.2	XM_712263.2	124	491	24.0	19.0
860	rna-XM_712263.2	XM_712263.2	127	488	21.0	19.0
861	rna-XM_712263.2	XM_712263.2	135	480	21.0	19.0
862	rna-XM_712263.2	XM_712263.2	138	477	39.0	19.0
863	rna-XM_712263.2	XM_712263.2	147	468	23.0	19.0
864	rna-XM_712263.2	XM_712263.2	151	464	23.0	19.0
865	rna-XM_712263.2	XM_712263.2	152	463	21.0	19.0
866	rna-XM_712263.2	XM_712263.2	153	462	45.0	19.0
867	rna-XM_712263.2	XM_712263.2	190	425	31.0	19.0
868	rna-XM_712263.2	XM_712263.2	191	424	22.0	19.0
869	rna-XM_712263.2	XM_712263.2	193	422	28.0	19.0
870	rna-XM_712263.2	XM_712263.2	197	418	20.0	19.0
871	rna-XM_712263.2	XM_712263.2	201	414	20.0	19.0
872	rna-XM_712263.2	XM_712263.2	220	395	33.0	19.0
873	rna-XM_712263.2	XM_712263.2	262	353	37.0	19.0
874	rna-XM_712263.2	XM_712263.2	277	338	27.0	19.0
875	rna-XM_712267.2	XM_712267.2	655	683	147.0	19.0
876	rna-XM_712282.2	XM_712282.2	2882	247	31.0	19.0
877	rna-XM_712292.1	XM_712292.1	1040	2197	60.0	19.0
878	rna-XM_712292.1	XM_712292.1	2187	1050	43.0	19.0
879	rna-XM_712298.1	XM_712298.1	32	2827	53.0	19.0
880	rna-XM_019475540.1	XM_019475540.1	246	21	20.0	19.0
881	rna-XM_019475540.1	XM_019475540.1	247	20	33.0	19.0
882	rna-XM_706005.2	XM_706005.2	308	448	33.0	19.0
883	rna-XM_705713.1	XM_705713.1	1587	558	23.0	19.0
884	rna-XM_705713.1	XM_705713.1	1640	505	21.0	19.0
885	rna-XM_705713.1	XM_705713.1	1644	501	29.0	19.0
886	rna-XM_705713.1	XM_705713.1	1647	498	30.0	19.0
887	rna-XM_705713.1	XM_705713.1	1651	494	21.0	19.0
888	rna-XM_705713.1	XM_705713.1	1653	492	24.0	19.0
889	rna-XM_705713.1	XM_705713.1	1659	486	24.0	19.0
890	rna-XM_705713.1	XM_705713.1	1660	485	23.0	19.0
891	rna-XM_705713.1	XM_705713.1	1663	482	21.0	19.0
892	rna-XM_705713.1	XM_705713.1	1672	473	69.0	19.0
893	rna-XM_705713.1	XM_705713.1	1674	471	21.0	19.0
894	rna-XM_705713.1	XM_705713.1	1677	468	40.0	19.0
895	rna-XM_705713.1	XM_705713.1	1678	467	25.0	19.0
896	rna-XM_705713.1	XM_705713.1	1680	465	25.0	19.0
897	rna-XM_705713.1	XM_705713.1	1684	461	20.0	19.0
898	rna-XM_705713.1	XM_705713.1	1686	459	26.0	19.0
899	rna-XM_705713.1	XM_705713.1	1687	458	25.0	19.0
900	rna-XM_705713.1	XM_705713.1	1696	449	22.0	19.0
901	rna-XM_705713.1	XM_705713.1	1698	447	20.0	19.0
902	rna-XM_705713.1	XM_705713.1	1699	446	22.0	19.0
903	rna-XM_705713.1	XM_705713.1	1701	444	25.0	19.0
904	rna-XM_705713.1	XM_705713.1	1703	442	24.0	19.0
905	rna-XM_705713.1	XM_705713.1	1705	440	30.0	19.0
906	rna-XM_705713.1	XM_705713.1	1706	439	24.0	19.0
907	rna-XM_705713.1	XM_705713.1	1707	438	23.0	19.0
908	rna-XM_705713.1	XM_705713.1	1708	437	31.0	19.0
909	rna-XM_705713.1	XM_705713.1	1713	432	22.0	19.0
910	rna-XM_705713.1	XM_705713.1	1715	430	27.0	19.0
911	rna-XM_705713.1	XM_705713.1	1731	414	21.0	19.0
912	rna-XM_705713.1	XM_705713.1	1732	413	26.0	19.0
913	rna-XM_705713.1	XM_705713.1	1749	396	20.0	19.0
914	rna-XM_705713.1	XM_705713.1	1752	393	24.0	19.0
915	rna-XM_705713.1	XM_705713.1	1758	387	21.0	19.0
916	rna-XM_705713.1	XM_705713.1	1775	370	23.0	19.0
917	rna-XM_705713.1	XM_705713.1	1780	365	21.0	19.0
918	rna-XM_705713.1	XM_705713.1	1795	350	27.0	19.0
919	rna-XM_705713.1	XM_705713.1	1797	348	20.0	19.0
920	rna-XM_705713.1	XM_705713.1	1812	333	20.0	19.0
921	rna-XM_705713.1	XM_705713.1	1819	326	23.0	19.0
922	rna-XM_705713.1	XM_705713.1	1877	268	37.0	19.0
923	rna-XM_706622.2	XM_706622.2	1880	400	31.0	19.0
924	rna-XM_706622.2	XM_706622.2	1881	399	25.0	19.0
925	rna-XM_706619.1	XM_706619.1	186	486	23.0	19.0
926	rna-XM_706599.2	XM_706599.2	73	755	35.0	19.0
927	rna-XM_708401.1	XM_708401.1	978	777	21.0	19.0
928	rna-XM_707557.2	XM_707557.2	6350	301	45.0	19.0
929	rna-XM_707557.2	XM_707557.2	6389	262	24.0	19.0
930	rna-XM_707557.2	XM_707557.2	6539	112	21.0	19.0
931	rna-XM_707997.2	XM_707997.2	740	658	48.0	19.0
932	rna-XM_707260.2	XM_707260.2	179	325	26.0	19.0
933	rna-XM_707250.2	XM_707250.2	503	427	122.0	19.0
934	rna-XM_707240.2	XM_707240.2	203	1123	23.0	19.0
935	rna-XM_019475555.1	XM_019475555.1	44	205	20.0	19.0
936	rna-XM_019475555.1	XM_019475555.1	229	20	33.0	19.0
937	rna-XM_705951.2	XM_705951.2	146	1675	23.0	19.0
938	rna-XM_705951.2	XM_705951.2	158	1663	31.0	19.0
939	rna-XM_711115.2	XM_711115.2	0	1842	40.0	19.0
940	rna-XM_711115.2	XM_711115.2	3	1839	22.0	19.0
941	rna-XM_711115.2	XM_711115.2	8	1834	23.0	19.0
942	rna-XM_711115.2	XM_711115.2	36	1806	21.0	19.0
943	rna-XM_711115.2	XM_711115.2	37	1805	32.0	19.0
944	rna-XM_711115.2	XM_711115.2	53	1789	30.0	19.0
945	rna-XM_711115.2	XM_711115.2	62	1780	20.0	19.0
946	rna-XM_711115.2	XM_711115.2	86	1756	22.0	19.0
947	rna-XM_711115.2	XM_711115.2	110	1732	56.0	19.0
948	rna-XM_711115.2	XM_711115.2	317	1525	28.0	19.0
949	rna-XM_711115.2	XM_711115.2	388	1454	83.0	19.0
950	rna-XM_711115.2	XM_711115.2	588	1254	25.0	19.0
951	rna-XM_711115.2	XM_711115.2	709	1133	23.0	19.0
952	rna-XM_711115.2	XM_711115.2	751	1091	59.0	19.0
953	rna-XM_711115.2	XM_711115.2	1634	208	24.0	19.0
954	rna-XM_711122.1	XM_711122.1	38	322	44.0	19.0
955	rna-XM_711122.1	XM_711122.1	162	198	71.0	19.0
956	rna-XM_711122.1	XM_711122.1	176	184	20.0	19.0
957	rna-XM_711122.1	XM_711122.1	209	151	21.0	19.0
958	rna-XM_711122.1	XM_711122.1	250	110	21.0	19.0
959	rna-XM_711122.1	XM_711122.1	323	37	29.0	19.0
960	rna-XM_019475560.1	XM_019475560.1	201	126	22.0	19.0
961	rna-XM_019475562.1	XM_019475562.1	357	129	22.0	19.0
962	rna-XM_019475562.1	XM_019475562.1	395	91	39.0	19.0
963	rna-XM_711162.1	XM_711162.1	900	1629	35.0	19.0
964	rna-XM_711162.1	XM_711162.1	918	1611	21.0	19.0
965	rna-XM_711169.1	XM_711169.1	154	506	20.0	19.0
966	rna-XM_706199.2	XM_706199.2	447	900	24.0	19.0
967	rna-XM_706199.2	XM_706199.2	457	890	61.0	19.0
968	rna-XM_706199.2	XM_706199.2	546	801	20.0	19.0
969	rna-XM_714221.1	XM_714221.1	1013	1606	31.0	19.0
970	rna-XM_714238.1	XM_714238.1	893	658	77.0	19.0
971	rna-XM_714238.1	XM_714238.1	981	570	45.0	19.0
972	rna-XM_714238.1	XM_714238.1	997	554	27.0	19.0
973	rna-XM_714238.1	XM_714238.1	999	552	30.0	19.0
974	rna-XM_714238.1	XM_714238.1	1038	513	21.0	19.0
975	rna-XM_714238.1	XM_714238.1	1039	512	20.0	19.0
976	rna-XM_714238.1	XM_714238.1	1079	472	20.0	19.0
977	rna-XM_714238.1	XM_714238.1	1086	465	22.0	19.0
978	rna-XM_714238.1	XM_714238.1	1087	464	25.0	19.0
979	rna-XM_714238.1	XM_714238.1	1090	461	27.0	19.0
980	rna-XM_714238.1	XM_714238.1	1092	459	34.0	19.0
981	rna-XM_714238.1	XM_714238.1	1093	458	29.0	19.0
982	rna-XM_714238.1	XM_714238.1	1110	441	20.0	19.0
983	rna-XM_714238.1	XM_714238.1	1111	440	20.0	19.0
984	rna-XM_714238.1	XM_714238.1	1149	402	23.0	19.0
985	rna-XM_714238.1	XM_714238.1	1164	387	37.0	19.0
986	rna-XM_714238.1	XM_714238.1	1165	386	30.0	19.0
987	rna-XM_714238.1	XM_714238.1	1166	385	43.0	19.0
988	rna-XM_714238.1	XM_714238.1	1168	383	22.0	19.0
989	rna-XM_714238.1	XM_714238.1	1169	382	27.0	19.0
990	rna-XM_714238.1	XM_714238.1	1175	376	20.0	19.0
991	rna-XM_714238.1	XM_714238.1	1181	370	32.0	19.0
992	rna-XM_714238.1	XM_714238.1	1185	366	24.0	19.0
993	rna-XM_714238.1	XM_714238.1	1187	364	22.0	19.0
994	rna-XM_714238.1	XM_714238.1	1188	363	22.0	19.0
995	rna-XM_714238.1	XM_714238.1	1191	360	22.0	19.0
996	rna-XM_714238.1	XM_714238.1	1203	348	26.0	19.0
997	rna-XM_714238.1	XM_714238.1	1205	346	38.0	19.0
998	rna-XM_714238.1	XM_714238.1	1210	341	21.0	19.0
999	rna-XM_714238.1	XM_714238.1	1212	339	31.0	19.0
1000	rna-XM_714238.1	XM_714238.1	1213	338	26.0	19.0
1001	rna-XM_714238.1	XM_714238.1	1215	336	39.0	19.0
1002	rna-XM_714238.1	XM_714238.1	1216	335	41.0	19.0
1003	rna-XM_714238.1	XM_714238.1	1218	333	60.0	19.0
1004	rna-XM_714238.1	XM_714238.1	1220	331	25.0	19.0
1005	rna-XM_714238.1	XM_714238.1	1223	328	28.0	19.0
1006	rna-XM_714238.1	XM_714238.1	1225	326	20.0	19.0
1007	rna-XM_714238.1	XM_714238.1	1228	323	20.0	19.0
1008	rna-XM_714238.1	XM_714238.1	1230	321	22.0	19.0
1009	rna-XM_714238.1	XM_714238.1	1234	317	29.0	19.0
1010	rna-XM_714238.1	XM_714238.1	1235	316	24.0	19.0
1011	rna-XM_714238.1	XM_714238.1	1236	315	36.0	19.0
1012	rna-XM_714238.1	XM_714238.1	1237	314	35.0	19.0
1013	rna-XM_714238.1	XM_714238.1	1240	311	22.0	19.0
1014	rna-XM_714238.1	XM_714238.1	1263	288	21.0	19.0
1015	rna-XM_714238.1	XM_714238.1	1267	284	108.0	19.0
1016	rna-XM_714238.1	XM_714238.1	1272	279	21.0	19.0
1017	rna-XM_714238.1	XM_714238.1	1282	269	21.0	19.0
1018	rna-XM_714238.1	XM_714238.1	1301	250	26.0	19.0
1019	rna-XM_714238.1	XM_714238.1	1331	220	21.0	19.0
1020	rna-XM_714238.1	XM_714238.1	1332	219	21.0	19.0
1021	rna-XM_714238.1	XM_714238.1	1337	214	24.0	19.0
1022	rna-XM_714238.1	XM_714238.1	1383	168	22.0	19.0
1023	rna-XM_714241.1	XM_714241.1	1480	2444	28.0	19.0
1024	rna-XM_714241.1	XM_714241.1	2890	1034	20.0	19.0
1025	rna-XM_714345.2	XM_714345.2	9	813	36.0	19.0
1026	rna-XM_714345.2	XM_714345.2	31	791	122.0	19.0
1027	rna-XM_714345.2	XM_714345.2	53	769	132.0	19.0
1028	rna-XM_713957.1	XM_713957.1	-27	1230	29.0	19.0
1029	rna-XM_713957.1	XM_713957.1	-25	1228	27.0	19.0
1030	rna-XM_713957.1	XM_713957.1	-24	1227	20.0	19.0
1031	rna-XM_713957.1	XM_713957.1	-14	1217	139.0	19.0
1032	rna-XM_713957.1	XM_713957.1	-12	1215	37.0	19.0
1033	rna-XM_713957.1	XM_713957.1	-10	1213	25.0	19.0
1034	rna-XM_713957.1	XM_713957.1	-8	1211	26.0	19.0
1035	rna-XM_713957.1	XM_713957.1	-4	1207	24.0	19.0
1036	rna-XM_713954.1	XM_713954.1	-17	620	25.0	19.0
1037	rna-XM_713954.1	XM_713954.1	-11	614	22.0	19.0
1038	rna-XM_713954.1	XM_713954.1	-8	611	51.0	19.0
1039	rna-XM_713931.1	XM_713931.1	-66	387	20.0	19.0
1040	rna-XM_019475064.1	XM_019475064.1	-29	293	28.0	19.0
1041	rna-XM_019475064.1	XM_019475064.1	-26	290	45.0	19.0
1042	rna-XM_713064.2	XM_713064.2	-89	839	194.0	19.0
1043	rna-XM_713064.2	XM_713064.2	-82	832	97.0	19.0
1044	rna-XM_713064.2	XM_713064.2	-81	831	166.0	19.0
1045	rna-XM_713064.2	XM_713064.2	-80	830	704.0	19.0
1046	rna-XM_713064.2	XM_713064.2	-78	828	29.0	19.0
1047	rna-XM_713064.2	XM_713064.2	-67	817	24.0	19.0
1048	rna-XM_713064.2	XM_713064.2	-60	810	44.0	19.0
1049	rna-XM_713064.2	XM_713064.2	-59	809	21.0	19.0
1050	rna-XM_713064.2	XM_713064.2	-32	782	26.0	19.0
1051	rna-XM_713064.2	XM_713064.2	-23	773	37.0	19.0
1052	rna-XM_713064.2	XM_713064.2	-22	772	79.0	19.0
1053	rna-XM_713064.2	XM_713064.2	-21	771	20.0	19.0
1054	rna-XM_713064.2	XM_713064.2	-9	759	33.0	19.0
1055	rna-XM_713064.2	XM_713064.2	-6	756	20.0	19.0
1056	rna-XM_716341.2	XM_716341.2	-9	672	20.0	19.0
1057	rna-XM_716399.1	XM_716399.1	-24	633	44.0	19.0
1058	rna-XM_019475076.1	XM_019475076.1	-16	445	45.0	19.0
1059	rna-XM_708542.1	XM_708542.1	-49	1330	37.0	19.0
1060	rna-XM_708542.1	XM_708542.1	-27	1308	67.0	19.0
1061	rna-XM_708558.2	XM_708558.2	-53	2603	20.0	19.0
1062	rna-XM_708558.2	XM_708558.2	-49	2599	25.0	19.0
1063	rna-XM_707148.2	XM_707148.2	-38	1076	51.0	19.0
1064	rna-XM_707148.2	XM_707148.2	-28	1066	52.0	19.0
1065	rna-XM_707148.2	XM_707148.2	-26	1064	23.0	19.0
1066	rna-XM_705770.2	XM_705770.2	-43	4135	26.0	19.0
1067	rna-XM_019475113.1	XM_019475113.1	-39	438	26.0	19.0
1068	rna-XM_019475113.1	XM_019475113.1	-21	420	21.0	19.0
1069	rna-XM_019475113.1	XM_019475113.1	-19	418	22.0	19.0
1070	rna-XM_019475113.1	XM_019475113.1	-13	412	67.0	19.0
1071	rna-XM_019475113.1	XM_019475113.1	-10	409	28.0	19.0
1072	rna-XM_713748.2	XM_713748.2	-35	473	73.0	19.0
1073	rna-XM_713748.2	XM_713748.2	-20	458	24.0	19.0
1074	rna-XM_713748.2	XM_713748.2	-18	456	50.0	19.0
1075	rna-XM_713748.2	XM_713748.2	-13	451	284.0	19.0
1076	rna-XM_713748.2	XM_713748.2	-10	448	164.0	19.0
1077	rna-XM_713748.2	XM_713748.2	-7	445	78.0	19.0
1078	rna-XM_713748.2	XM_713748.2	-5	443	21.0	19.0
1079	rna-XM_713748.2	XM_713748.2	-4	442	22.0	19.0
1080	rna-XM_713748.2	XM_713748.2	-1	439	25.0	19.0
1081	rna-XM_019475120.1	XM_019475120.1	-29	398	23.0	19.0
1082	rna-XM_019475120.1	XM_019475120.1	-23	392	24.0	19.0
1083	rna-XM_019475120.1	XM_019475120.1	-17	386	29.0	19.0
1084	rna-XM_019475120.1	XM_019475120.1	-14	383	31.0	19.0
1085	rna-XM_019475120.1	XM_019475120.1	-11	380	30.0	19.0
1086	rna-XM_019475121.1	XM_019475121.1	-4	475	21.0	19.0
1087	rna-XM_712522.2	XM_712522.2	-52	553	27.0	19.0
1088	rna-XM_712526.2	XM_712526.2	-41	3095	25.0	19.0
1089	rna-XM_712526.2	XM_712526.2	-38	3092	23.0	19.0
1090	rna-XM_706787.1	XM_706787.1	-35	470	20.0	19.0
1091	rna-XM_019475137.1	XM_019475137.1	-21	246	22.0	19.0
1092	rna-XM_718352.1	XM_718352.1	-49	547	40.0	19.0
1093	rna-XM_019475144.1	XM_019475144.1	-31	352	35.0	19.0
1094	rna-XM_019475144.1	XM_019475144.1	-28	349	340.0	19.0
1095	rna-XM_019475144.1	XM_019475144.1	-18	339	47.0	19.0
1096	rna-XM_019475144.1	XM_019475144.1	-17	338	29.0	19.0
1097	rna-XM_019475147.1	XM_019475147.1	-20	434	81.0	19.0
1098	rna-XM_019475147.1	XM_019475147.1	-10	424	24.0	19.0
1099	rna-XM_019475147.1	XM_019475147.1	428	-14	730.0	19.0
1100	rna-XM_019475153.1	XM_019475153.1	-22	787	30.0	19.0
1101	rna-XM_708720.1	XM_708720.1	-47	1457	26.0	19.0
1102	rna-XM_019475156.1	XM_019475156.1	285	-12	21.0	19.0
1103	rna-XM_707943.1	XM_707943.1	-61	868	26.0	19.0
1104	rna-XM_711256.2	XM_711256.2	-86	1748	24.0	19.0
1105	rna-XM_711255.1	XM_711255.1	-52	475	21.0	19.0
1106	rna-XM_019475165.1	XM_019475165.1	-20	431	51.0	19.0
1107	rna-XM_019475165.1	XM_019475165.1	463	-52	53.0	19.0
1108	rna-XM_019475174.1	XM_019475174.1	-24	420	106.0	19.0
1109	rna-XM_019475184.1	XM_019475184.1	-33	1521	41.0	19.0
1110	rna-XM_709943.1	XM_709943.1	-62	902	23.0	19.0
1111	rna-XM_709943.1	XM_709943.1	-59	899	28.0	19.0
1112	rna-XM_709943.1	XM_709943.1	-54	894	37.0	19.0
1113	rna-XM_709943.1	XM_709943.1	-51	891	33.0	19.0
1114	rna-XM_709943.1	XM_709943.1	-43	883	108.0	19.0
1115	rna-XM_709943.1	XM_709943.1	-39	879	42.0	19.0
1116	rna-XM_709943.1	XM_709943.1	-36	876	33.0	19.0
1117	rna-XM_709943.1	XM_709943.1	-30	870	78.0	19.0
1118	rna-XM_709943.1	XM_709943.1	-27	867	73.0	19.0
1119	rna-XM_709943.1	XM_709943.1	-25	865	28.0	19.0
1120	rna-XM_709943.1	XM_709943.1	-20	860	20.0	19.0
1121	rna-XM_709943.1	XM_709943.1	-17	857	22.0	19.0
1122	rna-XM_709945.1	XM_709945.1	-30	891	32.0	19.0
1123	rna-XM_709945.1	XM_709945.1	-21	882	43.0	19.0
1124	rna-XM_709945.1	XM_709945.1	-18	879	40.0	19.0
1125	rna-XM_709954.1	XM_709954.1	-94	2080	24.0	19.0
1126	rna-XM_709954.1	XM_709954.1	-83	2069	24.0	19.0
1127	rna-XM_709960.2	XM_709960.2	-7	229	34.0	19.0
1128	rna-XM_705396.2	XM_705396.2	-6	1677	48.0	19.0
1129	rna-XM_705388.2	XM_705388.2	1778	-74	21.0	19.0
1130	rna-XM_705387.2	XM_705387.2	1416	-72	35.0	19.0
1131	rna-XM_705387.2	XM_705387.2	1424	-80	25.0	19.0
1132	rna-XM_705387.2	XM_705387.2	1427	-83	47.0	19.0
1133	rna-XM_705387.2	XM_705387.2	1431	-87	25.0	19.0
1134	rna-XM_714443.2	XM_714443.2	-53	3845	23.0	19.0
1135	rna-XM_717410.1	XM_717410.1	-33	2904	49.0	19.0
1136	rna-XM_717410.1	XM_717410.1	-28	2899	29.0	19.0
1137	rna-XM_717410.1	XM_717410.1	-23	2894	23.0	19.0
1138	rna-XM_717410.1	XM_717410.1	-19	2890	30.0	19.0
1139	rna-XM_717410.1	XM_717410.1	-16	2887	67.0	19.0
1140	rna-XM_717427.1	XM_717427.1	-8	368	23.0	19.0
1141	rna-XM_717427.1	XM_717427.1	-7	367	42.0	19.0
1142	rna-XM_717427.1	XM_717427.1	-6	366	36.0	19.0
1143	rna-XM_717427.1	XM_717427.1	-5	365	20.0	19.0
1144	rna-XM_717427.1	XM_717427.1	360	0	50.0	19.0
1145	rna-XM_717441.1	XM_717441.1	-47	389	21.0	19.0
1146	rna-XM_710276.1	XM_710276.1	-36	2190	23.0	19.0
1147	rna-XM_710260.2	XM_710260.2	-36	1302	21.0	19.0
1148	rna-XM_019475216.1	XM_019475216.1	-25	508	24.0	19.0
1149	rna-XM_019475216.1	XM_019475216.1	-24	507	37.0	19.0
1150	rna-XM_019475216.1	XM_019475216.1	-20	503	35.0	19.0
1151	rna-XM_019475216.1	XM_019475216.1	-19	502	275.0	19.0
1152	rna-XM_019475216.1	XM_019475216.1	-13	496	29.0	19.0
1153	rna-XM_019475217.1	XM_019475217.1	-26	596	21.0	19.0
1154	rna-XM_019475217.1	XM_019475217.1	-23	593	167.0	19.0
1155	rna-XM_019475217.1	XM_019475217.1	-19	589	21.0	19.0
1156	rna-XM_019475217.1	XM_019475217.1	-6	576	22.0	19.0
1157	rna-XM_019475217.1	XM_019475217.1	-3	573	22.0	19.0
1158	rna-XM_019475220.1	XM_019475220.1	-35	335	24.0	19.0
1159	rna-XM_019475220.1	XM_019475220.1	-31	331	64.0	19.0
1160	rna-XM_019475220.1	XM_019475220.1	-18	318	30.0	19.0
1161	rna-XM_019475220.1	XM_019475220.1	-13	313	21.0	19.0
1162	rna-XM_715844.1	XM_715844.1	-48	2127	45.0	19.0
1163	rna-XM_715844.1	XM_715844.1	-46	2125	24.0	19.0
1164	rna-XM_707825.2	XM_707825.2	-45	1329	31.0	19.0
1165	rna-XM_707825.2	XM_707825.2	-37	1321	66.0	19.0
1166	rna-XM_707825.2	XM_707825.2	-29	1313	26.0	19.0
1167	rna-XM_707825.2	XM_707825.2	-22	1306	22.0	19.0
1168	rna-XM_707823.1	XM_707823.1	-42	600	27.0	19.0
1169	rna-XM_707823.1	XM_707823.1	-30	588	27.0	19.0
1170	rna-XM_709806.2	XM_709806.2	-46	2395	53.0	19.0
1171	rna-XM_019475231.1	XM_019475231.1	-31	370	256.0	19.0
1172	rna-XM_019475231.1	XM_019475231.1	-28	367	23.0	19.0
1173	rna-XM_709849.2	XM_709849.2	-97	1255	37.0	19.0
1174	rna-XM_019475235.1	XM_019475235.1	-71	284	22.0	19.0
1175	rna-XM_019475249.1	XM_019475249.1	-24	549	20.0	19.0
1176	rna-XM_710931.1	XM_710931.1	-35	1865	35.0	19.0
1177	rna-XM_019475256.1	XM_019475256.1	-25	382	50.0	19.0
1178	rna-XM_019475256.1	XM_019475256.1	-22	379	322.0	19.0
1179	rna-XM_019475256.1	XM_019475256.1	-19	376	25.0	19.0
1180	rna-XM_019475256.1	XM_019475256.1	-11	368	26.0	19.0
1181	rna-XM_705056.2	XM_705056.2	-23	1400	76.0	19.0
1182	rna-XM_705056.2	XM_705056.2	-19	1396	26.0	19.0
1183	rna-XM_705056.2	XM_705056.2	-5	1382	21.0	19.0
1184	rna-XM_709379.2	XM_709379.2	-67	1354	25.0	19.0
1185	rna-XM_709379.2	XM_709379.2	-62	1349	23.0	19.0
1186	rna-XM_709379.2	XM_709379.2	-57	1344	36.0	19.0
1187	rna-XM_709379.2	XM_709379.2	-54	1341	23.0	19.0
1188	rna-XM_709379.2	XM_709379.2	-45	1332	26.0	19.0
1189	rna-XM_707492.2	XM_707492.2	-62	644	32.0	19.0
1190	rna-XM_707492.2	XM_707492.2	-56	638	54.0	19.0
1191	rna-XM_707492.2	XM_707492.2	-47	629	20.0	19.0
1192	rna-XM_707492.2	XM_707492.2	-28	610	66.0	19.0
1193	rna-XM_705590.2	XM_705590.2	-27	1197	73.0	19.0
1194	rna-XM_705590.2	XM_705590.2	-9	1179	23.0	19.0
1195	rna-XM_712051.1	XM_712051.1	-28	817	27.0	19.0
1196	rna-XM_712051.1	XM_712051.1	-26	815	29.0	19.0
1197	rna-XM_712051.1	XM_712051.1	-23	812	117.0	19.0
1198	rna-XM_712051.1	XM_712051.1	-20	809	27.0	19.0
1199	rna-XM_712061.1	XM_712061.1	-21	486	24.0	19.0
1200	rna-XM_712077.1	XM_712077.1	-5	1619	25.0	19.0
1201	rna-XM_712744.1	XM_712744.1	-16	424	79.0	19.0
1202	rna-XM_712744.1	XM_712744.1	-14	422	75.0	19.0
1203	rna-XM_712744.1	XM_712744.1	-10	418	31.0	19.0
1204	rna-XM_712744.1	XM_712744.1	-9	417	66.0	19.0
1205	rna-XM_712712.1	XM_712712.1	-52	406	20.0	19.0
1206	rna-XM_712709.1	XM_712709.1	-36	696	25.0	19.0
1207	rna-XM_712709.1	XM_712709.1	-33	693	53.0	19.0
1208	rna-XM_712709.1	XM_712709.1	-29	689	291.0	19.0
1209	rna-XM_712708.1	XM_712708.1	2114	-86	25.0	19.0
1210	rna-XM_712708.1	XM_712708.1	2117	-89	53.0	19.0
1211	rna-XM_712708.1	XM_712708.1	2121	-93	291.0	19.0
1212	rna-XM_712666.2	XM_712666.2	-7	2695	28.0	19.0
1213	rna-XM_712666.2	XM_712666.2	2689	-1	23.0	19.0
1214	rna-XM_712666.2	XM_712666.2	2690	-2	21.0	19.0
1215	rna-XM_716679.2	XM_716679.2	-70	631	27.0	19.0
1216	rna-XM_716679.2	XM_716679.2	-46	607	143.0	19.0
1217	rna-XM_716679.2	XM_716679.2	-42	603	245.0	19.0
1218	rna-XM_716679.2	XM_716679.2	-38	599	127.0	19.0
1219	rna-XM_716679.2	XM_716679.2	-28	589	45.0	19.0
1220	rna-XM_716679.2	XM_716679.2	-24	585	27.0	19.0
1221	rna-XM_716676.2	XM_716676.2	-45	1107	31.0	19.0
1222	rna-XM_716645.2	XM_716645.2	-52	1675	27.0	19.0
1223	rna-XM_716630.2	XM_716630.2	-23	2549	25.0	19.0
1224	rna-XM_716619.1	XM_716619.1	-26	524	118.0	19.0
1225	rna-XM_714842.1	XM_714842.1	-31	607	118.0	19.0
1226	rna-XM_714874.2	XM_714874.2	-54	1431	21.0	19.0
1227	rna-XM_019475320.1	XM_019475320.1	-22	595	20.0	19.0
1228	rna-XM_718032.1	XM_718032.1	-33	3234	22.0	19.0
1229	rna-XM_019475322.1	XM_019475322.1	-22	451	61.0	19.0
1230	rna-XM_019475322.1	XM_019475322.1	-19	448	28.0	19.0
1231	rna-XM_019475322.1	XM_019475322.1	-17	446	84.0	19.0
1232	rna-XM_019475322.1	XM_019475322.1	-16	445	22.0	19.0
1233	rna-XM_019475322.1	XM_019475322.1	-10	439	319.0	19.0
1234	rna-XM_718047.1	XM_718047.1	-69	405	20.0	19.0
1235	rna-XM_718047.1	XM_718047.1	-68	404	128.0	19.0
1236	rna-XM_019475323.1	XM_019475323.1	-43	847	35.0	19.0
1237	rna-XM_019475325.1	XM_019475325.1	-49	412	28.0	19.0
1238	rna-XM_019475325.1	XM_019475325.1	-35	398	34.0	19.0
1239	rna-XM_019475325.1	XM_019475325.1	-32	395	54.0	19.0
1240	rna-XM_019475325.1	XM_019475325.1	-28	391	21.0	19.0
1241	rna-XM_019475325.1	XM_019475325.1	-24	387	27.0	19.0
1242	rna-XM_019475325.1	XM_019475325.1	-23	386	171.0	19.0
1243	rna-XM_019475325.1	XM_019475325.1	-21	384	44.0	19.0
1244	rna-XM_019475325.1	XM_019475325.1	-20	383	79.0	19.0
1245	rna-XM_019475325.1	XM_019475325.1	-19	382	29.0	19.0
1246	rna-XM_019475325.1	XM_019475325.1	-18	381	25.0	19.0
1247	rna-XM_019475325.1	XM_019475325.1	-17	380	21.0	19.0
1248	rna-XM_019475325.1	XM_019475325.1	-9	372	79.0	19.0
1249	rna-XM_019475325.1	XM_019475325.1	-7	370	21.0	19.0
1250	rna-XM_019475325.1	XM_019475325.1	-4	367	27.0	19.0
1251	rna-XM_019475325.1	XM_019475325.1	-1	364	27.0	19.0
1252	rna-XM_019475326.1	XM_019475326.1	-22	583	66.0	19.0
1253	rna-XM_019475328.1	XM_019475328.1	-26	464	554.0	19.0
1254	rna-XM_019475328.1	XM_019475328.1	-22	460	20.0	19.0
1255	rna-XM_019475328.1	XM_019475328.1	-16	454	59.0	19.0
1256	rna-XM_019475328.1	XM_019475328.1	-7	445	26.0	19.0
1257	rna-XM_019475328.1	XM_019475328.1	-6	444	30.0	19.0
1258	rna-XM_019475328.1	XM_019475328.1	-4	442	26.0	19.0
1259	rna-XM_019475328.1	XM_019475328.1	-3	441	38.0	19.0
1260	rna-XM_711514.1	XM_711514.1	-86	1148	22.0	19.0
1261	rna-XM_710995.1	XM_710995.1	-43	829	41.0	19.0
1262	rna-XM_710995.1	XM_710995.1	-34	820	70.0	19.0
1263	rna-XM_714719.1	XM_714719.1	2075	-98	50.0	19.0
1264	rna-XM_714717.1	XM_714717.1	-21	1359	50.0	19.0
1265	rna-XM_714717.1	XM_714717.1	-18	1356	110.0	19.0
1266	rna-XM_714717.1	XM_714717.1	-15	1353	27.0	19.0
1267	rna-XM_019475352.1	XM_019475352.1	-54	1569	28.0	19.0
1268	rna-XM_019475352.1	XM_019475352.1	-49	1564	23.0	19.0
1269	rna-XM_019475358.1	XM_019475358.1	244	-85	26.0	19.0
1270	rna-XM_019475360.1	XM_019475360.1	-22	733	50.0	19.0
1271	rna-XM_717611.1	XM_717611.1	601	-82	33.0	19.0
1272	rna-XM_715424.2	XM_715424.2	-51	393	155.0	19.0
1273	rna-XM_715424.2	XM_715424.2	-45	387	32.0	19.0
1274	rna-XM_715374.2	XM_715374.2	-33	1728	26.0	19.0
1275	rna-XM_715374.2	XM_715374.2	-31	1726	33.0	19.0
1276	rna-XM_715367.2	XM_715367.2	-42	1326	60.0	19.0
1277	rna-XM_019475375.1	XM_019475375.1	-50	302	28.0	19.0
1278	rna-XM_019475375.1	XM_019475375.1	-39	291	38.0	19.0
1279	rna-XM_019475381.1	XM_019475381.1	-27	402	64.0	19.0
1280	rna-XM_019475381.1	XM_019475381.1	-23	398	20.0	19.0
1281	rna-XM_711465.2	XM_711465.2	-30	1017	45.0	19.0
1282	rna-XM_711465.2	XM_711465.2	-8	995	39.0	19.0
1283	rna-XM_710478.2	XM_710478.2	-50	1631	20.0	19.0
1284	rna-XM_710478.2	XM_710478.2	-43	1624	20.0	19.0
1285	rna-XM_710354.1	XM_710354.1	-82	1033	36.0	19.0
1286	rna-XM_710293.2	XM_710293.2	-4	403	21.0	19.0
1287	rna-XM_705435.1	XM_705435.1	-9	819	28.0	19.0
1288	rna-XM_711707.1	XM_711707.1	-58	592	94.0	19.0
1289	rna-XM_711676.2	XM_711676.2	-66	972	26.0	19.0
1290	rna-XM_019475412.1	XM_019475412.1	-33	501	33.0	19.0
1291	rna-XM_019475412.1	XM_019475412.1	-31	499	32.0	19.0
1292	rna-XM_019475412.1	XM_019475412.1	-25	493	109.0	19.0
1293	rna-XM_019475412.1	XM_019475412.1	-24	492	92.0	19.0
1294	rna-XM_019475412.1	XM_019475412.1	-22	490	26.0	19.0
1295	rna-XM_019475412.1	XM_019475412.1	-20	488	233.0	19.0
1296	rna-XM_019475412.1	XM_019475412.1	-18	486	237.0	19.0
1297	rna-XM_019475412.1	XM_019475412.1	-17	485	29.0	19.0
1298	rna-XM_019475412.1	XM_019475412.1	-6	474	62.0	19.0
1299	rna-XM_706264.2	XM_706264.2	-19	3172	28.0	19.0
1300	rna-XM_709528.1	XM_709528.1	-80	713	32.0	19.0
1301	rna-XM_715548.1	XM_715548.1	-28	706	26.0	19.0
1302	rna-XM_706332.1	XM_706332.1	-97	1564	31.0	19.0
1303	rna-XM_019475428.1	XM_019475428.1	-58	313	149.0	19.0
1304	rna-XM_019475428.1	XM_019475428.1	-14	269	27.0	19.0
1305	rna-XM_019475428.1	XM_019475428.1	-10	265	22.0	19.0
1306	rna-XM_019475428.1	XM_019475428.1	-6	261	20.0	19.0
1307	rna-XM_716778.2	XM_716778.2	-27	1725	27.0	19.0
1308	rna-XM_705406.1	XM_705406.1	-7	601	20.0	19.0
1309	rna-XM_705405.1	XM_705405.1	883	-97	20.0	19.0
1310	rna-XM_019475440.1	XM_019475440.1	-35	293	29.0	19.0
1311	rna-XM_019475443.1	XM_019475443.1	-31	487	95.0	19.0
1312	rna-XM_019475443.1	XM_019475443.1	-28	484	33.0	19.0
1313	rna-XM_711644.1	XM_711644.1	-54	1089	50.0	19.0
1314	rna-XM_711638.2	XM_711638.2	-94	1462	21.0	19.0
1315	rna-XM_019475459.1	XM_019475459.1	-47	506	20.0	19.0
1316	rna-XM_019475461.1	XM_019475461.1	-21	450	33.0	19.0
1317	rna-XM_707412.1	XM_707412.1	-57	711	30.0	19.0
1318	rna-XM_707412.1	XM_707412.1	-20	674	24.0	19.0
1319	rna-XM_714036.2	XM_714036.2	-40	880	44.0	19.0
1320	rna-XM_714036.2	XM_714036.2	-36	876	28.0	19.0
1321	rna-XM_705472.2	XM_705472.2	-43	1384	65.0	19.0
1322	rna-XM_705129.2	XM_705129.2	-93	3078	26.0	19.0
1323	rna-XM_715321.2	XM_715321.2	-29	824	24.0	19.0
1324	rna-XM_715321.2	XM_715321.2	-24	819	58.0	19.0
1325	rna-XM_715321.2	XM_715321.2	-22	817	33.0	19.0
1326	rna-XM_715321.2	XM_715321.2	-8	803	41.0	19.0
1327	rna-XM_715313.1	XM_715313.1	-7	961	81.0	19.0
1328	rna-XM_715312.1	XM_715312.1	1947	-99	81.0	19.0
1329	rna-XM_019475476.1	XM_019475476.1	-51	255	46.0	19.0
1330	rna-XM_019475476.1	XM_019475476.1	-32	236	25.0	19.0
1331	rna-XM_019475476.1	XM_019475476.1	-29	233	114.0	19.0
1332	rna-XM_019475476.1	XM_019475476.1	-22	226	23.0	19.0
1333	rna-XM_019475476.1	XM_019475476.1	-21	225	48.0	19.0
1334	rna-XM_019475479.1	XM_019475479.1	-25	463	36.0	19.0
1335	rna-XM_019475479.1	XM_019475479.1	-17	455	53.0	19.0
1336	rna-XM_019475479.1	XM_019475479.1	-14	452	24.0	19.0
1337	rna-XM_019475479.1	XM_019475479.1	-11	449	22.0	19.0
1338	rna-XM_715216.1	XM_715216.1	-54	993	23.0	19.0
1339	rna-XM_716286.1	XM_716286.1	-31	928	50.0	19.0
1340	rna-XM_707061.1	XM_707061.1	-33	1692	37.0	19.0
1341	rna-XM_710144.1	XM_710144.1	-10	337	22.0	19.0
1342	rna-XM_710117.1	XM_710117.1	-48	894	34.0	19.0
1343	rna-XM_710117.1	XM_710117.1	-44	890	44.0	19.0
1344	rna-XM_710117.1	XM_710117.1	-40	886	28.0	19.0
1345	rna-XM_710110.1	XM_710110.1	-18	1677	30.0	19.0
1346	rna-XM_710095.1	XM_710095.1	467	-68	27.0	19.0
1347	rna-XM_710095.1	XM_710095.1	471	-72	33.0	19.0
1348	rna-XM_713541.1	XM_713541.1	-21	660	27.0	19.0
1349	rna-XM_712865.1	XM_712865.1	-27	531	111.0	19.0
1350	rna-XM_019475512.1	XM_019475512.1	-30	318	36.0	19.0
1351	rna-XM_019475515.1	XM_019475515.1	-50	731	21.0	19.0
1352	rna-XM_710681.1	XM_710681.1	615	-18	41.0	19.0
1353	rna-XM_019475522.1	XM_019475522.1	-27	477	68.0	19.0
1354	rna-XM_019475522.1	XM_019475522.1	-24	474	76.0	19.0
1355	rna-XM_019475522.1	XM_019475522.1	-22	472	89.0	19.0
1356	rna-XM_019475522.1	XM_019475522.1	-8	458	22.0	19.0
1357	rna-XM_019475522.1	XM_019475522.1	-4	454	35.0	19.0
1358	rna-XM_019475530.1	XM_019475530.1	-25	217	29.0	19.0
1359	rna-XM_712263.2	XM_712263.2	-55	670	89.0	19.0
1360	rna-XM_712263.2	XM_712263.2	-29	644	23.0	19.0
1361	rna-XM_712263.2	XM_712263.2	-26	641	157.0	19.0
1362	rna-XM_712263.2	XM_712263.2	-22	637	35.0	19.0
1363	rna-XM_712263.2	XM_712263.2	-7	622	35.0	19.0
1364	rna-XM_712319.2	XM_712319.2	-29	653	20.0	19.0
1365	rna-XM_019475540.1	XM_019475540.1	-49	316	35.0	19.0
1366	rna-XM_705229.1	XM_705229.1	-41	1868	26.0	19.0
1367	rna-XM_705713.1	XM_705713.1	-23	2168	47.0	19.0
1368	rna-XM_705713.1	XM_705713.1	-8	2153	24.0	19.0
1369	rna-XM_707983.2	XM_707983.2	577	-76	27.0	19.0
1370	rna-XM_707260.2	XM_707260.2	-45	549	25.0	19.0
1371	rna-XM_707260.2	XM_707260.2	-33	537	23.0	19.0
1372	rna-XM_019475555.1	XM_019475555.1	-45	294	20.0	19.0
1373	rna-XM_019475555.1	XM_019475555.1	-42	291	20.0	19.0
1374	rna-XM_019475555.1	XM_019475555.1	-38	287	31.0	19.0
1375	rna-XM_019475555.1	XM_019475555.1	-26	275	181.0	19.0
1376	rna-XM_019475555.1	XM_019475555.1	-22	271	39.0	19.0
1377	rna-XM_019475555.1	XM_019475555.1	-18	267	26.0	19.0
1378	rna-XM_019475555.1	XM_019475555.1	-17	266	296.0	19.0
1379	rna-XM_705951.2	XM_705951.2	-64	1885	21.0	19.0
1380	rna-XM_705951.2	XM_705951.2	-58	1879	35.0	19.0
1381	rna-XM_705951.2	XM_705951.2	-37	1858	35.0	19.0
1382	rna-XM_711115.2	XM_711115.2	-45	1887	36.0	19.0
1383	rna-XM_711115.2	XM_711115.2	-39	1881	22.0	19.0
1384	rna-XM_711115.2	XM_711115.2	-33	1875	48.0	19.0
1385	rna-XM_711115.2	XM_711115.2	-29	1871	141.0	19.0
1386	rna-XM_711115.2	XM_711115.2	-26	1868	38.0	19.0
1387	rna-XM_711115.2	XM_711115.2	-22	1864	23.0	19.0
1388	rna-XM_711115.2	XM_711115.2	-20	1862	26.0	19.0
1389	rna-XM_711115.2	XM_711115.2	-19	1861	25.0	19.0
1390	rna-XM_711115.2	XM_711115.2	-18	1860	22.0	19.0
1391	rna-XM_711115.2	XM_711115.2	-16	1858	20.0	19.0
1392	rna-XM_711115.2	XM_711115.2	-14	1856	24.0	19.0
1393	rna-XM_711115.2	XM_711115.2	-12	1854	20.0	19.0
1394	rna-XM_711115.2	XM_711115.2	-10	1852	27.0	19.0
1395	rna-XM_711115.2	XM_711115.2	-9	1851	46.0	19.0
1396	rna-XM_711115.2	XM_711115.2	-8	1850	25.0	19.0
1397	rna-XM_711115.2	XM_711115.2	-4	1846	26.0	19.0
1398	rna-XM_711115.2	XM_711115.2	-3	1845	21.0	19.0
1399	rna-XM_711122.1	XM_711122.1	-28	388	232.0	19.0
1400	rna-XM_711122.1	XM_711122.1	369	-9	29.0	19.0
1401	rna-XM_019475562.1	XM_019475562.1	-65	551	41.0	19.0
1402	rna-XM_019475575.1	XM_019475575.1	-79	274	22.0	19.0
1403	rna-XM_019475575.1	XM_019475575.1	-58	253	70.0	19.0
1404	rna-XM_714220.1	XM_714220.1	-14	1688	23.0	19.0
1405	rna-XM_714221.1	XM_714221.1	-40	2659	31.0	19.0
1406	rna-XM_714221.1	XM_714221.1	-35	2654	28.0	19.0
