	-24	-23	-22	-21	-20	-19	-18	-17	-16	-15	-14	-13	-12	-11	-10	-9	-8	-7	-6	-5	-4	-3	-2	-1	0	1	2	3	4	5	6	7	8
ILE-VAL-TRP (IVW)	9	7	4	3	3	5	4	10	6	6	7	8	4	30	7	2	4	4	4	4	6	3	8	2	3	4	3	5	11	3	7	3	3
ILE-TYR-CYS (IYC)	4	1	2	3	2	4	2	2	4	3	3	2	5	15	3	5	2	4	0	2	3	2	0	2	6	5	1	4	6	3	2	3	8
CYS-PRO-GLY (CPG)	3	5	3	5	5	4	6	3	2	9	3	8	19	29	2	12	9	5	3	5	2	7	6	7	5	2	12	17	20	3	2	4	2
THR-ASN-ARG (TNR)	21	21	16	14	17	13	14	18	20	18	12	15	47	70	20	19	20	16	19	11	13	18	18	8	28	18	19	10	26	18	20	24	14
TRP-ASP-PRO (WDP)	0	3	2	6	3	4	2	4	3	1	4	1	4	12	5	6	4	4	6	8	4	2	1	5	3	0	0	7	2	3	8	2	1
VAL-TYR-ARG (VYR)	18	14	15	18	11	11	17	15	5	15	9	10	12	43	12	19	20	20	10	5	10	14	12	19	8	14	22	9	14	10	14	12	6
TYR-PRO-VAL (YPV)	12	13	10	6	4	15	11	5	15	13	13	14	17	37	15	12	11	14	6	19	14	9	7	14	13	10	12	10	15	7	12	11	12
ALA-VAL-CYS (AVC)	6	10	4	4	6	7	11	6	4	8	6	25	7	21	3	5	4	9	7	4	6	5	12	10	3	2	4	4	7	9	1	7	5
THR-TRP-LEU (TWL)	11	11	5	12	7	7	7	5	6	6	12	9	5	26	11	8	2	14	6	11	6	10	10	5	12	10	16	9	3	15	7	1	3
CYS-MET-LYS (CMK)	5	3	4	4	0	3	2	1	2	8	5	6	9	11	3	3	2	6	2	1	3	4	1	4	2	1	6	2	1	3	3	11	4
LYS-HIS-CYS (KHC)	2	4	0	1	3	2	10	3	2	5	5	2	0	9	3	1	2	3	2	8	4	2	2	0	3	0	4	1	9	1	3	6	1
PRO-CYS-LEU (PCL)	1	4	3	3	4	2	3	1	2	5	6	4	3	9	6	1	2	4	1	1	4	3	6	2	3	2	2	1	3	2	7	1	3
MET-THR-VAL (MTV)	7	11	6	14	9	10	12	7	10	13	10	8	4	28	8	5	9	11	8	16	7	6	8	7	19	9	6	6	15	9	8	9	10
SER-CYS-PHE (SCF)	2	7	4	3	5	5	5	2	5	4	2	6	2	13	3	4	7	8	8	3	2	13	3	3	2	4	2	6	4	2	6	4	4
GLU-CYS-GLN (ECQ)	2	5	6	2	3	3	6	4	3	11	2	2	5	11	3	2	3	4	3	0	4	5	7	2	8	3	10	3	1	2	2	1	2
CYS-VAL-PRO (CVP)	13	11	5	6	7	14	11	7	6	4	9	8	11	25	18	10	18	0	7	8	13	8	9	7	23	7	3	10	4	4	3	1	8
CYS-PHE-GLY (CFG)	1	8	7	13	10	3	5	4	14	6	12	8	4	26	6	8	11	16	7	5	14	9	21	18	11	10	5	12	9	6	4	9	9
ARG-TRP-ASP (RWD)	6	5	2	2	4	3	5	3	4	11	1	0	10	11	7	9	9	3	4	6	5	0	2	1	2	3	2	2	1	2	6	0	1
MET-CYS-VAL (MCV)	6	2	2	4	6	2	4	8	2	6	3	2	6	12	4	3	3	4	5	1	5	5	10	7	9	6	3	2	3	0	5	0	4
TRP-SER-VAL (WSV)	12	5	4	8	12	5	13	9	8	7	5	8	2	24	9	14	12	9	9	6	6	12	11	10	10	5	8	11	11	8	6	1	9
HIS-SER-TYR (HSY)	9	5	8	13	3	13	5	11	8	26	1	5	10	23	23	7	3	7	4	6	4	5	5	5	9	16	3	9	6	7	5	9	6
GLN-PRO-TRP (QPW)	5	2	3	4	3	7	1	4	1	4	1	2	7	9	0	0	2	2	3	1	5	5	3	0	3	6	4	5	4	4	3	3	4
PRO-PRO-GLY (PPG)	25	23	14	25	21	35	34	24	25	62	38	31	94	80	29	27	27	19	29	34	18	23	28	25	26	22	23	20	29	15	25	27	21
CYS-ALA-GLU (CAE)	7	3	3	2	3	5	3	6	2	6	1	6	3	10	2	4	4	2	6	5	4	5	5	4	5	2	2	5	2	0	4	2	2
ALA-ARG-MET (ARM)	4	14	6	14	15	7	17	14	10	11	11	17	14	32	15	15	12	9	8	10	9	16	15	7	16	10	6	8	9	5	32	6	7
GLU-TRP-TRP (EWW)	1	0	4	1	1	4	3	2	4	5	1	3	3	9	5	4	3	2	5	3	1	5	6	3	4	4	16	2	4	1	2	2	1
THR-CYS-VAL (TCV)	7	12	8	4	8	8	5	10	7	8	6	6	7	17	4	8	3	6	5	10	4	8	3	4	7	10	3	12	3	0	8	3	4
HIS-ALA-PHE (HAF)	5	8	8	7	1	6	1	7	3	6	2	8	6	15	5	4	5	2	2	8	5	6	7	4	6	16	4	5	4	4	8	9	7
MET-VAL-MET (MVM)	5	3	7	5	2	1	5	3	5	9	3	6	4	11	8	4	3	4	1	5	4	7	4	3	8	8	1	5	1	2	2	2	2
ARG-HIS-PHE (RHF)	11	14	13	8	12	14	12	18	16	26	13	15	15	38	35	19	18	17	16	9	13	17	6	7	7	18	7	14	16	9	18	7	18
PHE-GLU-TRP (FEW)	6	10	6	8	4	6	6	11	9	12	17	9	8	20	6	3	9	4	11	12	5	4	3	8	7	7	5	11	11	16	4	0	4
VAL-MET-ASN (VMN)	11	9	8	6	10	12	8	3	11	12	8	6	11	27	9	13	8	10	11	6	7	9	12	7	16	4	23	11	8	7	8	39	8
LEU-TRP-PHE (LWF)	5	1	3	2	3	4	5	3	4	4	3	4	4	9	2	4	3	2	3	2	3	6	7	5	5	5	3	2	3	1	2	4	4
THR-LYS-CYS (TKC)	8	9	5	1	3	6	8	8	5	4	5	4	5	14	3	3	2	5	3	12	7	5	4	6	6	5	6	9	7	6	2	6	9
LEU-GLY-TRP (LGW)	10	8	6	7	10	7	6	6	6	10	3	9	14	18	10	10	2	9	8	7	5	11	6	5	12	5	2	0	6	13	9	4	6
TRP-VAL-HIS (WVH)	4	5	5	9	3	6	8	8	7	4	3	11	10	14	11	8	1	4	5	3	2	5	8	13	7	7	6	4	3	2	5	3	2
CYS-MET-GLU (CME)	4	3	3	2	1	2	3	1	2	4	5	4	6	9	1	7	3	3	7	11	7	4	2	4	1	2	1	4	5	5	4	4	3
CYS-PRO-PHE (CPF)	3	3	10	0	4	1	2	2	2	3	7	3	7	11	6	3	3	11	5	7	2	4	12	7	3	5	4	5	4	2	7	5	3
ALA-HIS-GLU (AHE)	18	11	21	16	26	20	21	18	18	21	21	17	28	49	21	27	21	23	19	15	28	10	27	19	26	11	17	13	19	17	22	17	50
ALA-HIS-PRO (AHP)	8	11	5	9	7	9	6	12	11	11	14	7	8	21	12	9	7	7	9	5	8	9	17	6	7	9	6	7	12	5	15	5	11
ALA-ASN-MET (ANM)	13	4	9	13	11	7	12	17	3	14	11	8	9	24	8	13	14	7	6	9	18	17	14	7	10	5	5	14	12	5	16	11	4
PHE-ASN-PHE (FNF)	28	21	14	24	19	18	19	23	12	36	18	6	18	46	13	17	22	23	17	15	22	25	21	11	14	23	10	23	31	20	27	17	18
CYS-ASN-GLN (CNQ)	3	1	7	3	3	3	7	0	2	5	3	6	2	8	4	5	2	2	2	8	0	4	3	3	2	6	4	5	2	1	3	5	3
PHE-GLN-CYS (FQC)	3	5	2	4	7	1	3	1	6	2	4	7	0	9	5	4	1	4	3	2	3	3	4	5	5	5	4	7	3	6	5	3	6
HIS-ILE-HIS (HIH)	10	7	8	7	5	9	8	14	3	6	5	10	8	19	9	5	12	5	6	9	7	8	8	20	10	7	7	10	4	9	5	10	9
TYR-GLY-CYS (YGC)	1	2	3	2	4	1	6	2	1	3	4	3	1	7	4	3	6	6	3	3	1	4	4	2	3	9	4	3	3	2	0	2	1
GLN-MET-GLU (QME)	8	8	4	12	7	11	4	9	15	17	10	6	10	22	4	8	3	10	7	11	13	11	5	7	10	14	21	11	11	8	7	13	7
MET-HIS-PRO (MHP)	15	3	6	15	7	9	5	7	3	13	12	15	8	22	6	16	14	20	7	11	6	10	8	11	4	9	7	15	11	10	8	6	5
TYR-GLN-ALA (YQA)	17	13	13	21	14	21	13	10	18	20	20	7	19	39	12	11	16	12	15	23	18	10	17	12	20	18	16	22	23	37	20	14	15
VAL-TRP-LYS (VWK)	11	8	6	10	10	9	13	12	10	13	28	10	11	19	10	8	7	9	8	3	8	4	10	2	7	5	3	3	0	4	10	7	3
