	-27	-26	-25	-24	-23	-22	-21	-20	-19	-18	-17	-16	-15	-14	-13	-12	-11	-10	-9	-8	-7	-6	-5	-4	-3	-2	-1	0	1	2	3	4	5
ARG-ARG_CGACGA	3	3	1	4	1	1	6	5	3	4	2	3	16	18	5	7	4	1	1	2	2	3	1	1	3	0	1	1	1	1	1	1	0
PRO-GLY_CCTGGG	11	5	7	9	4	7	9	6	10	12	9	7	26	32	9	19	8	10	13	8	6	8	4	7	17	10	4	14	13	10	7	5	7
PRO-SER_CCCCTG	4	2	3	3	4	1	2	1	1	7	5	3	6	12	5	2	3	3	4	2	2	6	3	6	4	4	8	3	6	2	3	2	4
ARG-THR_CGAACA	7	8	5	6	7	3	2	5	1	8	8	11	12	20	3	6	7	7	10	6	4	7	4	9	5	5	5	9	4	1	5	10	8
ARG-ARG_AGACGC	8	8	6	6	2	3	9	3	3	7	4	4	8	16	4	7	8	4	4	12	3	5	4	5	2	4	3	6	6	4	3	2	4
TYR-ARG_TACCGA	4	3	5	5	4	1	7	1	6	5	5	3	0	13	0	3	6	6	6	6	1	4	4	3	2	3	8	3	17	3	5	5	1
ARG-VAL_AGGGTT	7	4	3	4	0	1	4	2	6	4	11	7	8	16	6	7	8	8	6	4	6	9	7	6	5	4	8	5	4	5	3	4	5
ILE-PRO_ATACCG	13	17	20	16	9	15	7	15	8	16	15	16	14	36	10	9	9	17	10	20	6	10	8	14	7	12	12	15	8	12	12	7	9
ARG-ILE_AGGATT	3	4	9	2	4	4	11	6	9	6	10	5	6	19	6	12	8	10	7	5	5	6	7	12	12	8	8	8	5	1	6	4	4
THR-GLY_ACCGGC	4	4	2	3	6	2	3	1	3	5	4	3	0	9	1	2	5	3	3	3	1	2	3	2	4	7	3	6	6	6	4	1	5
LEU-SER_CTTTCG	4	2	4	5	6	6	3	7	4	4	7	7	3	14	2	2	5	4	4	7	11	12	7	5	6	2	6	4	7	3	9	7	2
LEU-ARG_CTACGA	3	2	1	1	3	5	4	3	6	7	5	2	12	10	8	4	3	5	3	4	5	2	4	2	2	3	3	1	5	5	4	2	3
ARG-ASP_AGGGAC	4	6	1	4	1	1	2	6	5	5	8	4	1	9	3	2	3	2	6	4	4	6	1	2	3	2	4	4	8	0	6	2	5
GLY-TRP_GGGTGG	6	4	3	0	3	5	9	4	4	8	4	2	6	9	2	1	9	7	2	4	2	1	3	1	4	4	5	5	2	3	2	0	1
VAL-PRO_GTGCCC	2	3	3	2	4	3	4	5	3	2	2	6	3	9	3	6	6	7	2	4	4	4	6	3	4	5	1	4	1	3	4	5	2
ALA-LYS_GCGAAG	7	9	8	7	14	7	10	11	6	18	13	12	17	22	11	12	16	5	5	9	3	12	4	1	5	7	4	13	6	6	4	13	9
SER-TYR_AGCTAT	15	12	8	13	12	13	19	7	17	29	11	25	10	32	24	7	15	11	10	12	7	9	15	16	8	18	6	10	13	8	13	12	12
CYS-SER_TGTTCG	2	5	1	8	7	1	6	6	6	12	3	2	2	12	6	6	3	3	9	6	2	6	7	6	6	6	8	4	0	2	10	2	6
PHE-PRO_TTTCCC	3	10	6	5	1	0	2	17	2	5	4	0	3	10	1	3	2	5	5	6	3	2	0	2	3	3	10	6	9	6	6	4	2
THR-SER_ACCCTG	8	3	3	2	7	3	4	6	2	4	3	4	2	8	5	4	7	2	2	3	4	6	1	0	4	3	2	7	2	2	2	2	0
SER-PHE_TCCTTC	2	12	6	4	3	11	1	16	8	14	8	8	10	19	9	4	8	4	19	10	14	5	7	5	11	6	5	12	7	7	6	9	8
TRP-SER_TGGAGC	1	2	2	4	1	0	2	8	3	3	2	6	1	8	10	4	7	8	2	4	5	1	1	3	1	3	1	4	7	4	6	3	1
ALA-PRO_GCCCCC	3	3	0	5	4	5	6	3	2	0	2	6	4	9	3	5	2	8	5	5	2	2	3	2	4	4	5	8	4	5	6	6	3
ARG-HIS_CGACAT	3	4	1	3	2	2	4	2	7	8	18	3	4	10	3	8	0	2	4	5	5	3	7	3	5	2	3	5	4	6	3	7	3
ALA-ARG_GCTCGA	3	9	5	6	7	5	5	4	9	2	3	7	14	14	10	7	10	7	13	5	7	5	5	4	4	6	2	9	4	6	5	7	1
GLY-GLY_GGGGGA	9	5	4	4	2	2	5	6	2	6	5	2	9	11	5	7	5	3	4	2	4	7	0	7	5	13	5	7	2	6	4	2	5
ALA-CYS_GCATGC	2	1	5	4	6	3	7	5	4	10	6	3	3	11	3	5	5	7	3	4	7	4	5	5	5	2	5	4	3	9	10	7	4
THR-ARG_ACAAGG	5	3	5	6	5	5	5	1	3	5	5	5	10	11	6	8	3	4	2	4	4	7	5	2	4	7	4	7	2	4	10	5	5
GLN-THR_CAGACG	2	2	5	4	3	8	3	2	4	5	4	1	3	8	3	3	1	2	5	7	2	3	3	7	5	3	6	5	2	3	6	0	3
ARG-LEU_CGGTTG	4	9	4	3	7	3	3	4	1	24	6	3	2	11	3	6	6	1	6	3	7	4	3	0	6	8	7	6	3	5	4	4	4
TYR-ARG_TACCGT	19	20	18	14	8	14	24	14	10	25	21	20	16	38	20	22	24	9	24	21	23	8	20	18	11	24	17	18	17	22	18	17	6
PRO-GLY_CCTGGA	19	23	28	26	20	22	14	23	19	29	24	24	52	53	29	27	27	15	23	16	21	37	20	29	32	25	26	20	39	14	16	16	31
GLY-LEU_GGACTC	0	5	5	5	1	3	3	2	6	8	5	3	5	7	5	4	2	4	3	0	2	6	2	2	3	3	2	1	2	2	2	4	4
VAL-PRO_GTTCCG	7	2	9	5	6	10	8	7	5	3	5	11	11	16	8	12	5	12	11	11	9	4	7	10	6	3	8	9	10	9	5	7	3
GLY-LEU_GGGCTA	1	3	3	7	4	7	0	1	6	8	5	3	3	7	4	6	3	2	0	2	5	3	3	3	2	1	6	2	2	5	1	2	3
SER-THR_AGCACC	7	8	6	6	10	7	9	9	7	6	3	6	4	14	10	7	10	3	4	9	5	4	6	2	8	8	11	6	10	3	5	8	5
VAL-ASP_GTAGAC	16	11	18	17	6	15	16	16	9	10	23	13	16	29	18	8	9	19	13	15	10	18	34	10	12	14	12	2	8	16	15	7	15
GLY-ILE_GGAATA	24	34	20	14	18	14	19	13	21	18	27	14	26	41	29	25	27	15	13	17	21	20	17	11	16	17	20	11	15	16	30	16	27
ALA-ALA_GCCGCA	9	7	4	12	10	10	8	8	9	13	10	18	13	21	14	9	12	11	14	10	10	15	13	7	11	8	12	8	9	8	7	5	7
PRO-GLY_CCGGGA	5	5	8	4	9	4	9	6	8	7	5	6	8	14	4	10	4	8	10	7	8	7	7	8	9	11	7	7	15	1	0	3	6
THR-GLY_ACTGGC	13	11	12	13	5	13	7	14	17	16	10	15	24	25	3	14	13	13	16	14	14	10	10	11	10	15	9	13	20	13	4	8	6
VAL-LEU_GTTCTA	3	3	5	3	6	8	8	5	2	5	7	5	12	11	3	5	2	4	5	16	3	6	6	4	5	4	5	7	3	8	6	2	5
ARG-SER_CGTTCC	13	13	10	9	14	8	8	17	11	11	9	11	10	20	15	5	14	3	11	7	10	7	4	9	9	12	9	12	8	2	14	9	7
ASP-CYS_GATTGC	4	3	3	6	2	5	2	2	4	3	2	0	4	7	1	9	3	1	3	3	7	3	3	4	3	4	2	5	4	4	1	8	1
ARG-ASP_CGAGAT	20	11	20	17	12	17	24	17	13	30	24	12	30	36	17	12	17	22	23	17	25	24	20	16	26	16	12	17	9	7	14	10	13
PRO-ASN_CCGAAC	2	3	4	4	1	3	4	2	1	3	2	3	2	6	1	5	4	2	4	4	1	5	3	4	1	2	2	3	3	3	1	9	3
SER-PHE_TCGTTC	5	10	2	9	7	5	7	7	7	6	10	7	11	14	10	13	6	3	8	5	11	7	5	6	6	5	9	5	7	10	6	1	4
LYS-TRP_AAGTGG	10	5	5	10	12	10	9	5	4	6	8	1	8	15	7	5	6	7	9	6	7	6	8	8	6	10	4	8	9	14	7	13	3
GLU-ARG_GAGAGG	9	10	10	9	6	6	13	9	7	18	14	6	15	21	13	9	11	10	11	9	12	13	10	22	13	8	6	10	11	6	10	8	7
HIS-SER_CATAGT	19	21	12	18	7	14	18	14	11	12	15	10	12	32	16	25	19	9	20	17	15	21	26	15	20	15	21	15	16	14	14	14	11
