	-27	-26	-25	-24	-23	-22	-21	-20	-19	-18	-17	-16	-15	-14	-13	-12	-11	-10	-9	-8	-7	-6	-5	-4	-3	-2	-1	0	1	2	3	4	5
TRP-CYS (WC)	17	18	13	18	23	17	18	22	16	24	21	20	33	37	18	20	26	22	28	23	26	21	25	11	18	19	33	22	14	15	21	12	8
PRO-GLY (PG)	276	277	255	310	283	263	280	272	225	315	282	266	467	420	318	412	347	280	325	291	285	369	305	302	405	337	320	293	384	246	207	231	223
GLY-TRP (GW)	67	85	69	76	76	69	84	78	93	97	87	68	70	101	71	94	80	74	77	82	76	73	65	72	85	91	63	45	65	75	72	42	47
TRP-MET (WM)	25	16	12	28	25	10	22	15	23	21	13	17	14	25	31	21	22	19	17	15	25	18	14	17	14	17	13	15	14	15	33	15	11
HIS-CYS (HC)	45	26	24	37	26	33	34	23	26	40	33	21	21	39	14	33	24	36	40	31	34	21	23	22	50	26	25	30	36	18	27	23	22
GLY-ARG (GR)	463	431	437	461	471	425	455	463	449	568	471	396	535	560	414	441	458	447	488	415	431	444	430	353	422	422	384	321	262	306	298	342	286
CYS-SER (CS)	67	92	62	100	88	69	72	82	79	88	84	54	80	102	59	84	77	82	79	84	80	80	79	62	79	86	87	64	70	46	108	69	66
ASN-ARG (NR)	356	295	313	329	314	276	342	314	327	380	330	288	429	441	353	329	331	312	366	360	313	400	340	308	378	310	313	381	454	311	349	355	236
MET-HIS (MH)	43	63	28	37	44	27	43	34	35	43	25	42	32	48	49	41	40	40	30	31	41	32	38	38	42	29	40	47	32	28	25	50	18
ARG-MET (RM)	107	99	108	108	104	112	88	89	111	114	115	89	131	129	92	112	103	86	85	115	106	102	103	91	118	73	81	80	114	68	152	79	77
THR-MET (TM)	120	117	96	124	110	98	113	105	93	103	94	108	109	143	127	105	103	111	110	117	117	131	123	103	135	132	108	140	108	122	149	91	65
TYR-MET (YM)	79	78	56	84	63	66	61	70	49	69	62	53	71	83	54	64	58	67	59	75	41	65	71	59	73	56	80	70	84	59	92	59	46
TRP-ARG (WR)	50	56	43	70	40	55	56	67	50	62	63	72	72	71	47	51	72	48	54	62	60	61	56	68	55	81	72	41	31	40	51	68	30
GLY-GLY (GG)	752	709	684	766	797	657	762	754	663	798	800	711	893	901	736	755	896	710	818	829	733	720	804	628	703	887	658	508	688	558	466	582	610
GLY-CYS (GC)	70	75	82	72	60	73	66	76	73	95	84	74	104	90	72	95	68	102	106	95	80	83	67	73	61	72	51	53	73	50	39	65	43
TRP-LEU (WL)	127	76	77	83	102	89	103	96	92	123	98	76	101	113	84	109	113	107	96	95	100	107	99	86	80	104	102	70	59	76	87	89	61
LEU-CYS (LC)	109	105	114	99	123	118	119	118	91	137	123	86	123	134	95	111	117	85	107	123	126	107	123	89	103	131	131	127	135	82	97	113	57
TRP-PRO (WP)	19	23	20	27	24	38	33	37	21	38	35	30	42	37	32	31	22	28	35	32	42	33	25	33	43	32	35	29	25	27	25	33	25
CYS-GLU (CE)	77	75	67	59	92	65	75	65	68	76	73	69	62	84	64	64	84	69	83	76	62	78	61	58	57	76	64	51	63	36	74	37	134
TRP-PHE (WF)	52	40	58	57	45	41	65	43	41	42	39	46	54	54	31	53	41	58	57	39	41	53	38	36	47	49	47	46	39	41	31	26	28
ALA-CYS (AC)	74	75	55	77	82	67	65	58	60	76	73	68	77	82	65	71	63	70	82	79	96	76	67	61	69	75	41	73	39	51	63	55	64
TYR-ARG (YR)	171	198	144	169	193	141	184	211	148	185	162	194	201	230	190	187	237	134	199	236	165	213	199	220	225	214	204	176	240	174	202	216	150
ASN-MET (NM)	103	104	122	115	122	111	120	112	107	132	108	83	129	139	112	121	118	113	118	116	121	112	111	121	110	97	106	127	116	111	204	121	89
GLY-ALA (GA)	540	464	472	497	503	515	467	468	501	524	510	468	552	579	498	564	514	501	528	534	479	542	501	507	495	528	490	435	505	366	433	353	368
CYS-TRP (CW)	11	11	10	7	6	7	11	17	7	9	8	3	4	13	6	11	17	14	11	9	11	15	14	12	12	11	13	9	21	10	23	8	13
ARG-ASP (RD)	395	373	367	399	395	338	454	429	413	483	419	391	429	480	414	450	394	403	382	465	436	487	442	363	366	396	358	378	358	252	617	318	403
TRP-ASP (WD)	76	89	65	80	85	68	80	82	83	80	71	64	81	89	75	87	75	61	77	62	65	99	86	64	71	72	76	76	44	39	156	51	78
ASP-CYS (DC)	67	60	60	68	50	45	74	61	59	66	60	47	65	74	57	92	79	47	74	77	65	68	73	82	66	54	53	78	42	62	47	70	45
MET-PRO (MP)	78	58	65	83	59	67	76	87	68	62	71	80	62	85	73	88	69	63	82	53	72	106	63	75	77	84	55	129	65	72	62	50	60
VAL-GLY (VG)	514	472	457	457	418	426	463	455	423	470	435	443	485	487	334	489	466	417	470	406	455	444	420	375	366	377	354	429	331	446	248	310	249
ASN-PRO (NP)	360	354	332	373	351	334	441	375	312	399	363	326	365	439	315	401	340	335	413	376	350	377	365	366	407	344	353	451	471	374	531	430	319
CYS-ILE (CI)	67	82	78	84	82	73	105	88	96	80	90	64	94	95	95	100	85	75	79	67	74	73	92	71	83	78	78	80	68	41	151	62	67
CYS-PHE (CF)	63	48	50	54	40	60	58	65	61	70	69	50	56	67	47	57	63	73	48	65	53	59	73	51	63	51	66	42	72	44	69	60	39
MET-CYS (MC)	17	14	23	19	20	26	21	21	11	21	16	13	29	24	28	19	19	19	23	26	33	27	18	22	32	20	24	23	15	12	12	28	8
GLY-MET (GM)	122	121	100	104	109	124	122	98	103	139	106	117	101	120	100	124	110	111	123	108	88	96	108	80	106	105	87	66	77	77	123	85	66
PRO-ASP (PD)	312	277	286	291	294	278	322	281	335	309	334	284	409	362	290	407	307	303	316	321	274	364	300	315	395	321	316	289	278	182	358	258	368
PHE-GLN (FQ)	248	189	174	219	185	186	202	163	151	185	184	208	210	226	204	177	222	202	192	204	162	203	188	186	219	256	222	223	195	131	190	224	197
HIS-TYR (HY)	91	87	78	94	83	78	100	95	87	95	82	86	97	106	68	88	106	88	89	97	91	90	92	71	109	89	75	111	138	94	93	136	78
TRP-THR (WT)	64	48	55	61	59	62	60	77	66	60	59	49	52	68	65	66	57	59	62	57	84	53	47	67	68	63	57	55	38	55	82	53	38
MET-GLY (MG)	140	151	155	160	158	118	156	159	149	146	123	124	170	168	131	169	145	208	158	132	126	155	145	127	130	141	127	208	175	99	110	207	95
GLN-ASP (QD)	366	361	309	329	348	313	363	360	318	318	291	331	349	381	309	322	307	301	339	321	328	367	325	314	363	301	324	309	378	285	413	269	441
GLN-CYS (QC)	41	36	34	47	29	40	36	27	37	35	32	27	39	41	28	31	36	46	32	36	38	44	45	38	32	33	42	34	50	30	40	32	22
LYS-LYS (KK)	1735	1755	1580	1673	1646	1539	1751	1647	1579	1846	1735	1552	1930	1933	1634	1904	1726	1560	1746	1676	1622	1743	1672	1530	1650	1509	1399	1585	1812	1612	1807	2448	1629
LYS-TRP (KW)	109	107	77	100	108	86	106	89	89	92	91	86	123	116	88	96	111	96	98	96	94	113	97	116	107	91	77	111	125	144	113	105	119
ILE-TRP (IW)	71	77	72	77	76	62	61	66	74	62	75	60	94	84	81	78	74	79	86	76	70	80	63	68	91	72	71	106	73	72	77	65	55
GLY-ILE (GI)	476	455	409	491	453	350	488	386	415	480	515	456	502	489	465	487	396	431	493	466	419	434	431	392	417	479	451	333	343	330	432	332	403
ARG-VAL (RV)	409	356	378	437	383	348	425	375	391	392	365	389	379	430	401	433	368	384	386	351	329	408	360	369	359	379	373	381	409	277	545	240	371
GLY-ASP (GD)	474	465	413	510	456	464	496	459	469	523	477	408	558	524	491	526	484	518	517	501	469	513	478	499	479	536	442	353	357	341	393	333	463
GLY-ASN (GN)	429	398	386	433	395	417	433	428	413	503	449	363	413	466	455	464	466	377	468	464	380	347	447	424	449	436	341	345	310	334	377	413	463
GLY-PRO (GP)	292	254	216	283	231	221	250	207	203	286	234	232	277	272	242	276	251	240	305	246	198	228	261	198	263	259	263	274	203	203	194	235	201
