	F0	F1	F2
0	14	7	19
1	0	0	0
2	28	34	46
3	102	114	89
4	26	22	33
5	26	17	21
6	8	0	3
7	7	9	8
8	15	28	21
9	4	0	0
10	20	27	9
11	43	47	51
12	41	27	22
13	377	388	467
14	3	1	3
15	307	338	267
16	0	0	0
17	0	2	2
18	32	32	25
19	32	22	27
20	15	13	13
21	4	5	4
22	0	0	0
23	5	0	2
24	3	0	2
25	7	11	6
26	2	5	5
27	75	50	64
28	8	11	4
29	6	2	4
30	0	1	0
31	14	9	10
32	20	15	17
33	11	20	9
34	2	2	1
35	2	5	7
36	5	12	8
37	60	57	66
38	10	10	8
39	5	10	8
40	5	1	2
41	77	87	83
42	3	3	5
43	22	33	29
44	1	0	2
45	7	4	9
46	4	5	5
47	13	17	12
48	3	2	3
49	55	50	46
50	37	43	23
51	1	1	0
52	86	76	72
53	9	15	16
54	11	18	9
55	2	5	3
56	0	0	2
57	79	72	55
58	52	43	45
59	7	10	3
60	2	3	2
61	2	1	0
62	6	7	4
63	12	11	11
64	10	10	14
65	13	11	8
66	9	11	9
67	120	109	113
68	4	6	4
69	1	3	3
70	1	1	2
71	5	6	13
72	28	17	20
73	0	1	1
74	2	9	3
75	0	2	1
76	66	48	47
77	2	0	1
78	3	5	0
79	21	17	13
80	2	2	2
81	4	8	6
82	27	20	16
83	4	3	7
84	16	17	16
85	102	151	124
86	4	4	9
87	27	30	26
88	80	76	65
89	1	1	1
90	2	1	0
91	39	28	24
92	19	18	7
93	16	19	19
94	28	23	21
95	5	7	8
96	9	5	7
97	30	43	26
98	20	20	17
99	13	11	8
100	4	10	4
101	72	85	71
102	33	23	38
103	35	29	29
104	4	3	3
105	8	11	7
106	19	18	14
107	2	4	7
108	0	0	0
109	3	0	2
110	2	0	3
111	8	7	3
112	0	1	0
113	1	0	1
114	10	11	9
115	0	0	0
116	5	9	8
117	0	0	1
118	8	6	5
119	5	6	12
120	98	86	82
121	3	3	5
122	2	0	0
123	288	285	298
124	49	43	38
125	91	80	120
126	8	10	12
127	29	19	21
128	5	2	2
129	13	24	12
130	1	0	0
131	20	21	13
132	7	4	6
133	26	11	14
134	138	138	119
135	16	21	26
136	0	1	1
137	5	4	4
138	81	72	72
139	5	5	7
140	4	9	8
141	135	122	96
142	4	6	6
143	8	6	8
144	118	116	147
145	24	34	20
146	0	0	0
147	0	0	1
148	1	2	5
149	116	145	91
150	7	1	7
151	14	12	10
152	11	8	6
153	33	20	23
154	89	94	70
155	18	19	14
156	3	1	1
157	2	2	2
158	4	2	7
159	1	0	1
160	3	0	1
161	128	106	117
162	23	24	37
163	0	3	1
164	12	8	6
165	0	1	0
166	0	0	4
167	8	14	5
168	29	24	39
169	20	17	11
170	0	3	4
171	7	8	15
172	7	8	7
173	35	33	30
174	108	87	131
175	1	1	2
176	11	12	8
177	2	4	1
178	0	0	0
179	9	7	2
180	0	0	0
181	3	2	1
182	11	7	6
183	2	4	2
184	0	1	1
185	17	8	7
186	7	8	18
187	9	6	9
188	0	0	0
189	5	1	5
190	13	3	5
191	3	3	0
192	0	1	0
193	73	61	44
194	1	3	2
195	0	3	0
196	0	0	1
197	0	0	0
198	2	7	5
199	8	18	11
200	0	0	1
201	84	50	57
202	0	1	1
203	54	39	44
204	54	59	49
205	2	3	6
206	13	13	8
207	0	0	0
208	19	20	11
209	11	6	3
210	3	5	3
211	2	3	1
212	8	5	3
213	49	30	57
214	31	29	22
215	1	1	0
216	29	31	20
217	1	1	0
218	9	12	8
219	21	23	15
220	5	7	5
221	177	203	203
222	32	18	25
223	6	4	3
224	32	31	24
225	323	281	273
226	1	4	3
227	22	17	23
228	5	12	7
229	11	1	6
230	8	4	9
231	0	0	0
232	10	10	9
233	1	1	0
234	0	0	0
235	15	15	11
236	21	24	10
237	34	25	31
238	11	9	14
239	1	0	1
240	16	8	10
241	11	8	10
242	4	7	7
243	0	0	0
244	1	0	1
245	0	0	0
246	2	0	1
247	34	25	21
248	14	5	7
249	0	2	0
250	12	7	6
251	22	19	21
252	32	11	9
253	3	5	5
254	9	4	3
255	50	53	65
256	0	0	0
257	25	13	9
258	29	30	26
259	12	19	3
260	9	14	5
261	11	9	5
262	8	13	8
263	5	3	1
264	16	26	25
265	6	7	4
266	9	12	6
267	18	19	11
268	11	7	17
269	3	1	2
270	8	3	0
271	0	0	1
272	19	16	7
273	6	4	1
274	3	6	4
275	0	1	0
276	0	0	2
277	85	67	86
278	223	210	232
279	127	122	90
280	0	3	1
281	14	14	13
282	54	53	46
283	24	43	34
284	14	20	17
285	124	140	134
286	40	38	42
287	37	43	54
288	17	10	4
289	54	44	35
290	3	4	1
291	2	1	1
292	5	5	4
293	2	0	0
294	1	2	1
295	112	120	97
296	14	10	12
297	48	64	36
298	108	116	124
299	29	19	19
300	4	2	2
301	10	9	7
302	12	5	2
303	0	0	0
304	43	58	41
305	43	28	38
306	15	16	11
307	9	5	5
308	0	2	4
309	5	1	3
310	11	17	11
311	75	57	56
312	140	128	117
313	473	462	492
314	14	18	15
315	7	9	5
316	6	7	4
317	13	37	16
318	0	4	2
319	5	6	10
320	23	20	14
321	20	13	7
322	0	0	0
323	7	9	9
324	0	1	2
325	10	12	9
326	4	6	4
327	51	49	42
328	6	6	7
329	3	6	2
330	7	3	8
331	8	17	6
332	0	0	0
333	3	3	2
334	0	1	2
335	21	14	13
336	9	8	13
337	9	4	11
338	20	22	20
339	1	0	1
340	5	4	3
341	31	24	21
342	4	8	7
343	123	94	62
344	7	3	7
345	3	8	4
346	4	6	4
347	1	2	2
348	12	11	6
349	26	23	20
350	20	19	11
351	664	647	939
352	3	7	5
353	4	0	2
354	2	1	1
355	4	6	8
356	3	8	4
357	79	65	37
358	0	1	2
359	0	0	0
360	0	0	0
361	0	3	0
362	59	54	42
363	3	1	3
364	21	17	16
365	13	25	15
366	0	1	0
367	23	28	18
368	4	1	2
369	2	7	0
370	5	8	2
371	2	0	3
372	1	0	0
373	2	3	4
374	103	104	97
375	0	0	0
376	1	0	3
377	1	1	3
378	0	1	3
379	42	16	15
380	29	24	29
381	0	0	1
382	53	71	50
383	182	149	170
384	0	1	0
385	0	0	0
386	1	7	3
387	55	42	53
388	52	74	56
389	4	4	6
390	82	46	58
391	80	73	103
392	2	0	6
393	27	31	36
394	38	34	61
395	52	46	39
396	0	0	0
397	2	2	3
398	74	76	82
399	448	437	456
400	0	0	0
401	2	3	5
402	46	48	39
403	4	4	1
404	17	7	10
405	8	7	12
406	2	9	2
407	8	6	4
408	205	181	179
409	43	60	64
410	11	18	5
411	35	36	25
412	1	3	2
413	0	0	0
414	10	7	7
415	1	1	0
416	1	0	0
417	9	6	14
418	21	22	24
419	2	2	2
420	2	2	0
421	8	7	11
422	9	4	5
423	5	11	8
424	0	1	1
425	2	2	2
426	2	5	2
427	6	6	10
428	1	0	1
429	28	14	25
430	92	71	71
431	218	227	223
432	7	12	5
433	13	10	6
434	0	0	0
435	8	5	9
436	21	19	19
437	26	31	12
438	0	0	0
439	3	1	3
440	8	6	6
441	4	0	1
442	21	12	21
443	3	0	2
444	1	0	0
445	7	6	2
446	19	12	12
447	41	27	28
448	6	13	8
449	0	0	0
450	16	17	16
451	6	3	4
452	27	32	26
453	3	3	3
454	17	17	11
455	1	1	0
456	3	8	3
457	78	73	72
458	3	2	0
459	2	2	3
460	0	0	0
461	0	0	0
462	58	64	47
463	18	21	20
464	456	485	490
465	9	6	4
466	19	32	33
467	92	77	75
468	1	0	1
469	3	4	4
470	3	4	0
471	58	62	58
472	102	96	93
473	7	8	9
474	0	0	0
475	10	6	6
476	1	1	1
477	28	22	14
478	5	2	2
479	5	3	1
480	0	0	0
481	0	4	0
482	21	21	19
483	2	4	1
484	0	3	2
485	32	27	15
486	28	16	13
487	1	0	1
488	5	1	9
489	37	28	24
490	1	1	0
491	11	6	4
492	43	37	24
493	6	1	3
494	46	50	49
495	22	20	27
496	3	1	1
497	2	2	3
498	12	8	4
499	0	4	1
500	16	7	6
501	2	2	4
502	16	16	21
503	17	14	8
504	2	9	6
505	8	4	6
506	1	1	1
507	106	78	64
508	0	0	1
509	0	0	0
510	13	11	11
511	4	2	4
512	2	0	1
513	20	9	8
514	73	57	45
515	2	3	1
516	2	3	2
517	4	19	9
518	6	4	4
519	8	2	7
520	6	2	2
521	9	4	7
522	0	0	0
523	63	56	49
524	37	36	22
525	6	9	2
526	24	30	29
527	6	7	6
528	2	2	2
529	0	0	0
530	1	0	0
531	3	0	0
532	78	81	60
533	4	2	5
534	35	44	37
535	1	0	0
536	0	3	3
537	22	24	10
538	2	0	2
539	6	4	3
540	5	3	6
541	9	1	4
542	0	0	1
543	0	0	2
544	27	22	30
545	0	2	4
546	1	1	2
547	4	4	12
548	0	1	0
549	20	28	15
550	16	12	4
551	5	2	2
552	25	17	22
553	82	64	63
554	5	8	2
555	2	7	4
556	0	0	0
557	7	7	5
558	2	3	3
559	0	0	0
560	2	5	4
561	7	1	2
562	5	3	5
563	1	3	4
564	11	5	7
565	28	22	25
566	9	8	8
567	4	6	4
568	13	18	16
569	219	216	189
570	7	7	2
571	0	0	0
572	42	47	58
573	0	0	0
574	0	0	0
575	42	37	33
576	0	0	1
577	7	4	5
578	3	1	1
579	0	0	0
580	16	14	9
581	15	16	20
582	0	0	0
583	6	5	4
584	4	4	3
585	81	58	54
586	4	1	2
587	53	47	43
588	11	3	6
589	0	0	0
590	2	2	1
591	4	0	3
592	23	14	14
593	18	18	6
594	23	25	14
595	0	0	0
596	11	12	12
597	234	226	241
598	67	52	68
599	62	61	63
600	6	11	9
601	4	4	1
602	2	3	1
603	11	16	14
604	225	198	177
605	16	11	9
606	80	85	90
607	9	8	4
608	0	0	0
609	597	581	526
610	21	20	25
611	58	66	60
612	0	0	0
613	0	0	0
614	17	20	9
615	6	1	1
616	3	7	6
617	13	6	8
618	12	8	8
619	20	13	18
620	6	4	5
621	10	9	7
622	1	3	1
623	12	4	5
624	5	9	3
625	30	28	26
626	2	0	1
627	20	17	22
628	9	7	10
629	5	8	3
630	8	8	2
631	11	16	15
632	27	22	22
633	2	0	1
634	16	18	12
635	0	0	0
636	0	1	1
637	0	0	0
638	207	193	219
639	31	33	33
640	26	30	24
641	3	5	1
642	126	95	76
643	5	7	5
644	130	116	109
645	5	2	3
646	4	5	3
647	14	27	15
648	21	23	15
649	20	16	12
650	5	6	3
651	0	0	0
652	10	9	6
653	0	2	1
654	77	72	57
655	0	0	2
656	25	22	16
657	5	4	1
658	129	108	82
659	29	27	28
660	55	34	38
661	45	45	47
662	1	1	2
663	0	0	0
664	5	4	3
665	8	7	5
666	22	25	15
667	15	9	11
668	6	11	10
669	2	2	2
670	1	0	3
671	11	14	11
672	1	1	1
673	15	15	7
674	8	9	16
675	2	0	1
676	0	0	0
677	69	56	50
678	0	0	2
679	13	18	14
680	4	15	9
681	13	18	20
682	10	1	11
683	40	43	48
684	10	7	6
685	0	0	4
686	0	0	0
687	26	21	19
688	3	1	3
689	12	13	9
690	0	0	0
691	13	7	6
692	218	166	186
693	3	1	5
694	19	19	24
695	0	0	0
696	29	31	30
697	0	2	0
698	5	3	1
699	3	6	1
700	0	0	0
701	11	10	12
702	6	14	19
703	7	2	2
704	0	0	0
705	10	4	5
706	15	4	0
707	0	0	0
708	10	6	7
709	0	0	0
710	9	10	6
711	14	15	9
712	11	7	8
713	44	50	40
714	40	48	19
715	43	39	30
716	9	2	4
717	11	5	5
718	6	1	5
719	3	8	1
720	6	8	4
721	4	3	4
722	4	0	2
723	85	56	75
724	10	11	6
725	28	32	25
726	7	3	4
727	10	12	5
728	24	37	33
729	6	2	4
730	25	21	23
731	17	18	10
732	36	48	36
733	1	2	1
734	1	0	0
735	70	59	61
736	14	5	7
737	31	21	37
738	5	4	5
739	0	0	0
740	80	80	86
741	3	4	2
742	4	2	1
743	11	20	22
744	251	243	231
745	12	17	10
746	86	70	84
747	29	19	26
748	7	1	4
749	4	1	1
750	1	0	0
751	26	19	19
752	14	10	8
753	68	68	48
754	7	2	2
755	0	0	1
756	111	99	88
757	36	34	33
758	1	1	1
759	1	3	1
760	1	4	3
761	76	67	53
762	146	123	94
763	40	31	32
764	6	8	8
765	46	46	71
766	1	2	2
767	1	2	2
768	2	0	1
769	69	89	69
770	21	18	18
771	391	403	422
772	12	10	8
773	17	25	20
774	13	10	19
775	16	28	21
776	5	10	5
777	2	2	1
778	4	14	17
779	14	4	8
780	14	11	9
781	2	4	3
782	27	6	8
783	123	156	130
784	6	4	1
785	4	10	3
786	0	0	1
787	23	10	6
788	25	34	48
789	19	16	23
790	6	1	2
791	13	10	13
792	7	14	11
793	62	65	71
794	6	8	15
795	3	4	4
796	10	6	6
797	3	3	3
798	3	1	1
799	0	4	2
800	14	14	19
801	10	13	12
802	1	4	1
803	278	215	195
804	14	13	12
805	7	4	9
806	40	33	34
807	0	1	0
808	12	9	5
809	2	1	2
810	8	10	9
811	2	1	2
812	12	9	16
813	38	48	35
814	2	2	0
815	0	0	0
816	0	2	0
817	2	8	1
818	4	5	3
819	113	108	135
820	2	9	9
821	1	3	0
822	2	3	1
823	5	7	8
824	45	44	55
825	8	6	4
826	12	11	6
827	29	35	28
828	23	19	10
829	30	31	19
830	7	4	4
831	24	27	28
832	5	11	9
833	17	30	21
834	20	16	16
835	0	0	0
836	14	8	9
837	122	121	109
838	41	48	35
839	15	6	5
840	2	4	0
841	1	2	2
842	2	3	3
843	1	3	2
844	0	0	0
845	0	1	0
846	64	39	40
847	8	4	4
848	8	15	10
849	0	4	1
850	13	8	13
851	4	6	2
852	1	7	2
853	0	1	0
854	5	5	4
855	7	5	4
856	2	2	1
857	38	30	30
858	3	6	2
859	0	0	0
860	1	0	0
861	5	3	5
862	4	15	11
863	2	1	1
864	19	28	14
865	25	26	22
866	29	26	31
867	4	6	2
868	6	2	3
869	0	0	0
870	0	0	0
871	9	9	7
872	0	3	4
873	28	33	26
874	38	20	26
875	5	2	8
876	0	0	0
877	58	84	72
878	0	0	0
879	19	13	27
880	5	6	3
881	1	0	1
882	33	31	24
883	2	1	0
884	5	4	4
885	0	0	0
886	0	0	0
887	0	0	4
888	1	3	1
889	5	3	10
890	51	44	38
891	49	44	68
892	2	0	4
893	8	7	13
894	0	0	2
895	26	31	20
896	6	5	5
897	0	0	0
898	48	34	34
899	14	7	8
900	16	11	10
901	0	0	0
902	4	7	2
903	3	1	6
904	1	0	3
905	7	4	1
906	13	8	11
907	5	5	5
908	7	5	6
909	0	0	0
910	35	26	19
911	11	3	6
912	9	11	8
913	23	25	10
914	13	11	7
915	2	1	2
916	0	0	0
917	4	1	4
918	9	11	6
919	0	0	0
920	0	0	0
921	4	4	2
922	2	5	7
923	15	19	16
924	6	6	4
925	13	7	8
926	9	4	5
927	33	34	31
928	55	43	48
929	50	45	42
930	7	12	10
931	0	0	0
932	0	0	0
933	10	11	9
934	7	16	18
935	57	47	56
936	8	12	17
937	1	0	1
938	32	19	17
939	2	2	3
940	0	1	0
941	59	49	45
942	0	0	0
943	2	0	1
944	17	5	10
945	16	5	7
946	112	119	91
947	12	19	18
948	30	20	31
949	0	0	0
950	2	3	1
951	173	153	130
952	0	8	4
953	4	5	3
954	0	0	1
955	9	6	9
956	0	0	1
957	1	0	0
958	1	1	2
959	1	0	3
960	66	73	97
961	23	20	26
962	38	29	28
963	132	145	154
964	8	9	7
965	0	0	0
966	9	6	5
967	0	1	0
968	67	62	58
969	16	28	21
970	3	2	1
971	15	11	6
972	105	84	85
973	10	11	18
974	1	1	2
975	0	0	0
976	0	1	1
977	9	5	16
978	49	37	36
979	0	0	0
980	2	0	3
981	0	0	0
982	3	3	3
983	33	16	18
984	388	358	340
985	10	10	10
986	26	21	30
987	29	28	16
988	9	7	8
989	255	255	280
990	73	77	86
991	3	4	4
992	4	3	2
993	1	3	0
994	21	8	14
995	5	2	4
996	4	1	2
997	8	4	3
998	10	3	7
999	2	3	1
1000	3	3	7
1001	84	106	87
1002	8	8	3
1003	0	0	0
1004	8	11	17
1005	3	2	6
1006	22	21	29
1007	0	0	1
1008	9	7	7
1009	105	95	95
1010	15	11	12
1011	3	5	4
1012	12	15	9
1013	3	2	2
1014	3	5	4
1015	10	7	9
1016	149	121	126
1017	11	8	5
1018	187	161	160
1019	0	0	0
1020	13	14	8
1021	64	51	61
1022	4	1	2
1023	0	0	0
1024	27	20	14
1025	39	38	45
1026	0	1	0
1027	107	140	154
1028	12	20	12
1029	13	7	7
1030	7	4	8
1031	2	2	2
1032	11	18	13
1033	15	14	15
1034	3	1	0
1035	3	3	1
1036	2	3	2
1037	8	3	3
1038	10	8	10
1039	6	5	4
1040	66	61	55
1041	31	35	26
1042	51	52	36
1043	2	4	2
1044	3	4	8
1045	6	5	1
1046	0	0	0
1047	1	0	0
1048	10	10	7
1049	1	0	0
1050	9	11	8
1051	22	17	18
1052	0	1	1
1053	12	9	14
1054	0	0	0
1055	46	44	48
1056	65	86	40
1057	7	7	9
1058	12	15	10
1059	0	0	0
1060	290	248	218
1061	3	8	2
1062	486	473	428
1063	27	15	19
1064	121	110	91
1065	39	42	51
1066	0	3	1
1067	11	20	11
1068	0	0	0
1069	10	7	7
1070	5	2	1
1071	17	20	10
1072	0	0	0
1073	41	46	68
1074	42	40	31
1075	2	5	0
1076	1	0	0
1077	3	2	0
1078	79	85	58
1079	2	1	1
1080	0	3	1
1081	0	0	0
1082	0	0	0
1083	6	7	6
1084	34	44	38
1085	5	7	5
1086	2	6	1
1087	4	5	6
1088	4	7	9
1089	1	0	0
1090	0	0	0
1091	11	9	15
1092	132	110	88
1093	8	6	8
1094	0	0	1
1095	2	1	4
1096	174	127	129
1097	1	3	0
1098	2	5	4
1099	8	8	7
1100	1	0	1
1101	59	66	66
1102	55	52	50
1103	14	9	7
1104	2	0	1
1105	50	51	43
1106	5	1	1
1107	47	47	49
1108	64	59	43
1109	8	4	2
1110	0	1	0
1111	0	0	0
1112	12	10	14
1113	1	2	1
1114	4	0	3
1115	0	0	0
1116	14	10	7
1117	4	12	6
1118	0	0	0
1119	62	73	74
1120	0	0	2
1121	3	1	3
1122	2	1	2
1123	0	0	0
1124	5	5	1
1125	0	0	2
1126	23	14	12
1127	4	5	1
1128	0	0	0
1129	1	0	2
1130	7	11	6
1131	1	1	4
1132	7	8	6
1133	1	4	0
1134	7	12	17
1135	22	12	16
1136	8	8	4
1137	148	153	105
1138	3	2	2
1139	14	8	15
1140	9	5	8
1141	1	0	2
1142	7	3	5
1143	11	10	9
1144	29	44	40
1145	19	21	22
1146	0	0	0
1147	22	18	19
1148	19	34	26
1149	14	11	16
1150	0	0	2
1151	23	33	25
1152	201	220	208
1153	3	4	2
1154	38	36	27
1155	10	11	9
1156	1	3	1
1157	126	123	112
1158	1	0	0
1159	0	2	0
1160	25	32	23
1161	15	16	7
1162	16	15	8
1163	10	11	9
1164	17	7	12
1165	39	30	22
1166	0	0	0
1167	1	4	2
1168	5	4	5
1169	4	1	6
1170	79	101	63
1171	3	8	2
1172	359	356	358
1173	0	3	3
1174	2	0	3
1175	1	1	1
1176	69	56	68
1177	13	14	14
1178	43	43	36
1179	1	0	1
1180	1	0	0
1181	16	7	11
1182	0	0	0
1183	9	0	5
1184	13	5	9
1185	2	6	4
1186	112	111	86
1187	424	462	426
1188	6	1	10
1189	3	7	3
1190	1	5	0
1191	4	3	3
1192	6	9	11
1193	10	14	14
1194	1	3	1
1195	0	0	0
1196	5	0	1
1197	0	0	0
1198	0	0	0
1199	0	3	1
1200	0	0	0
1201	0	2	0
1202	1	2	0
1203	0	0	0
1204	6	5	2
1205	87	79	60
1206	8	10	14
1207	35	35	37
1208	1	4	5
1209	54	53	43
1210	161	169	144
1211	32	40	35
1212	10	11	8
1213	0	0	0
1214	0	0	0
1215	88	54	63
1216	14	13	14
1217	24	22	20
1218	39	53	49
1219	0	0	0
1220	25	18	18
1221	0	0	0
1222	3	3	1
1223	4	5	3
1224	7	9	7
1225	2	3	2
1226	8	13	8
1227	6	5	7
1228	1	1	0
1229	8	6	3
1230	0	0	0
1231	121	102	100
1232	4	5	1
1233	21	24	14
1234	7	8	6
1235	25	20	19
1236	5	17	11
1237	29	23	17
1238	10	9	8
1239	3	7	1
1240	10	11	5
1241	3	1	1
1242	99	91	77
1243	0	0	0
1244	0	0	0
1245	0	1	0
1246	0	0	1
1247	40	51	48
1248	1	2	1
1249	4	3	3
1250	2	2	4
1251	8	8	5
1252	16	10	17
1253	10	7	5
1254	9	12	6
1255	20	35	17
1256	0	0	0
1257	0	1	0
1258	4	4	3
1259	573	558	491
1260	5	4	4
1261	16	10	13
1262	6	1	3
1263	3	4	3
1264	3	1	2
1265	113	114	140
1266	18	11	6
1267	28	20	17
1268	1	0	1
1269	233	175	205
1270	17	7	6
1271	7	2	5
1272	2	2	5
1273	22	12	11
1274	1	1	0
1275	118	136	139
1276	2	5	5
1277	0	0	0
1278	79	58	61
1279	22	21	18
1280	37	29	40
1281	6	14	10
1282	0	0	0
1283	42	48	48
1284	7	5	5
1285	18	22	20
1286	9	16	13
1287	1	8	2
1288	17	16	14
1289	33	29	18
1290	7	10	11
1291	1	1	0
1292	11	8	4
1293	12	8	16
1294	2	0	2
1295	0	0	1
1296	5	8	4
1297	0	0	0
1298	0	0	0
1299	0	0	0
1300	10	11	4
1301	6	12	5
1302	12	8	8
1303	66	40	46
1304	15	10	8
1305	3	6	5
1306	88	123	101
1307	8	12	6
1308	14	14	24
1309	117	120	108
1310	7	4	7
1311	26	13	24
1312	17	21	13
1313	0	0	0
1314	0	0	1
1315	1	1	3
1316	14	14	11
1317	10	19	12
1318	26	19	31
1319	56	52	65
1320	24	15	10
1321	414	363	406
1322	1	1	0
1323	165	137	148
1324	323	310	379
1325	19	11	10
1326	1	3	1
1327	8	5	8
1328	5	4	5
1329	281	298	241
1330	19	27	13
1331	39	39	35
1332	12	10	8
1333	16	6	7
1334	18	21	23
1335	4	8	13
1336	7	12	8
1337	17	16	16
1338	17	16	16
1339	22	29	25
1340	21	30	37
1341	18	12	16
1342	3	2	2
1343	2	6	4
1344	11	12	10
1345	75	78	72
1346	4	20	16
1347	1	8	4
1348	0	0	0
1349	0	0	0
1350	1	0	0
1351	1	2	0
1352	10	5	8
1353	10	13	12
1354	70	85	54
1355	0	0	0
1356	31	29	28
1357	206	174	182
1358	0	3	4
1359	7	6	8
1360	0	2	3
1361	2	0	3
1362	37	43	24
1363	186	191	155
1364	4	4	5
1365	8	3	4
1366	14	9	15
1367	2	3	0
1368	48	35	29
1369	6	3	9
1370	96	77	100
1371	20	22	22
1372	7	4	6
1373	0	0	1
1374	0	0	1
1375	58	43	45
1376	1	1	2
1377	2	2	2
1378	31	24	24
1379	41	33	21
1380	0	0	0
1381	2	1	3
1382	17	4	6
1383	18	7	5
1384	15	12	10
1385	7	14	20
1386	9	12	8
1387	36	43	38
1388	5	4	3
1389	33	31	31
1390	133	114	108
1391	1	2	3
1392	108	78	77
1393	2	1	0
1394	15	6	4
1395	0	0	0
1396	52	34	33
1397	1	0	1
1398	22	23	30
1399	5	4	5
1400	0	1	0
1401	4	5	2
1402	7	4	2
1403	0	0	0
1404	0	0	0
1405	14	10	21
1406	2	7	3
1407	7	12	5
1408	6	7	6
1409	6	8	5
1410	1	2	2
1411	2	0	2
1412	0	0	0
1413	13	8	13
1414	0	0	0
1415	1	1	2
1416	0	0	2
1417	27	34	29
1418	84	85	76
1419	5	7	6
1420	40	28	27
1421	2	5	2
1422	0	0	1
1423	1	0	0
1424	0	0	0
1425	0	0	0
1426	4	4	4
1427	11	11	7
1428	4	1	0
1429	9	5	4
1430	70	47	53
1431	3	10	10
1432	15	13	9
1433	0	0	0
1434	2	4	5
1435	10	4	5
1436	0	0	0
1437	0	0	0
1438	0	0	0
1439	0	0	0
1440	12	4	7
1441	1	1	1
1442	6	2	0
1443	4	9	6
1444	21	8	6
1445	47	48	54
1446	16	13	13
1447	0	8	1
1448	16	7	5
1449	0	0	0
1450	0	0	0
1451	1	0	0
1452	10	13	17
1453	7	3	3
1454	14	13	14
1455	127	121	123
1456	27	26	29
1457	0	0	0
1458	8	8	6
1459	2	2	1
1460	14	15	20
1461	0	1	0
1462	2	2	2
1463	45	41	44
1464	11	11	8
1465	26	18	28
1466	0	1	0
1467	9	13	14
1468	0	1	1
1469	1	3	8
1470	4	1	5
1471	23	9	6
1472	44	29	17
1473	8	10	8
1474	1	2	1
1475	9	10	14
1476	10	12	10
1477	28	19	11
1478	189	166	194
1479	9	16	9
1480	51	38	32
1481	45	28	24
1482	19	15	19
1483	15	25	10
1484	7	7	13
1485	1	2	4
1486	2	1	1
1487	0	0	0
1488	26	28	18
1489	117	141	138
1490	1	9	4
1491	0	0	0
1492	5	9	6
1493	1	0	0
1494	10	6	10
1495	1	0	1
1496	13	26	22
1497	6	7	6
1498	0	0	0
1499	5	4	7
1500	13	14	5
1501	12	21	23
1502	281	259	270
1503	16	9	11
1504	2	0	3
1505	59	72	61
1506	0	0	0
1507	1	0	0
1508	26	23	31
1509	51	70	57
1510	7	5	10
1511	29	25	22
1512	1	0	0
1513	7	6	1
1514	1	0	0
1515	4	8	11
1516	2	2	1
1517	2	4	4
1518	404	400	334
1519	0	0	0
1520	14	9	2
1521	9	8	5
1522	7	7	7
1523	60	44	42
1524	1	2	1
1525	1	0	0
1526	1	1	1
1527	87	72	56
1528	26	26	35
1529	2	2	1
1530	13	8	7
1531	19	22	10
1532	27	17	10
1533	13	16	9
1534	6	4	7
1535	42	42	25
1536	8	7	11
1537	1	0	0
1538	8	3	9
1539	48	54	34
1540	31	42	17
1541	61	63	45
1542	0	0	1
1543	0	0	0
1544	21	26	17
1545	266	240	223
1546	0	0	0
1547	21	15	16
1548	0	0	0
1549	0	0	0
1550	71	65	76
1551	63	45	55
1552	21	19	17
1553	2	3	2
1554	27	12	11
1555	24	27	21
1556	49	40	28
1557	0	0	0
1558	0	0	0
1559	3	5	3
1560	21	8	13
1561	15	24	23
1562	17	16	11
1563	7	9	5
1564	1	0	0
1565	13	20	15
1566	47	40	40
1567	10	9	8
1568	0	0	0
1569	37	35	15
1570	26	29	16
1571	0	3	1
1572	44	37	37
1573	26	44	25
1574	0	0	0
1575	4	3	5
1576	1	5	1
1577	26	35	35
1578	24	22	13
1579	5	5	2
1580	184	158	212
1581	3	5	6
1582	0	0	0
1583	19	22	12
1584	58	44	32
1585	9	8	11
1586	7	5	6
1587	0	0	0
1588	372	395	432
1589	0	0	0
1590	0	0	0
1591	0	0	0
1592	5	4	3
1593	0	3	0
1594	0	0	1
1595	6	1	7
1596	4	5	8
1597	8	2	1
1598	3	3	4
1599	0	0	1
1600	5	15	8
1601	7	14	9
1602	1	4	2
1603	17	13	16
1604	49	41	41
1605	13	9	12
1606	22	15	20
1607	0	0	0
1608	64	54	65
1609	68	57	58
1610	0	2	0
1611	0	0	0
1612	2	3	0
1613	3	6	9
1614	4	4	2
1615	25	27	26
1616	3	3	1
1617	0	0	0
1618	12	19	18
1619	3	5	6
1620	6	2	6
1621	19	10	4
1622	1	1	1
1623	0	0	0
1624	1	0	1
1625	46	35	50
1626	3	5	6
1627	0	0	0
1628	3	2	2
1629	305	273	305
1630	9	8	9
1631	13	6	23
1632	24	29	41
1633	9	8	13
1634	5	12	3
1635	3	9	6
1636	2	1	2
1637	11	9	15
1638	26	14	17
1639	5	2	0
1640	44	39	41
1641	16	7	10
1642	455	406	486
1643	0	1	2
1644	1	0	0
1645	7	8	1
1646	8	14	10
1647	2	3	4
1648	57	50	49
1649	0	1	0
1650	439	420	409
1651	13	12	6
1652	3	0	0
1653	37	35	31
1654	14	14	12
1655	144	98	99
1656	3	1	1
1657	4	3	0
1658	79	79	78
1659	34	26	24
1660	0	1	0
1661	5	3	9
1662	10	14	10
1663	7	8	8
1664	14	12	8
1665	4	3	3
1666	0	0	0
1667	55	50	72
1668	1	2	0
1669	71	70	65
1670	33	34	30
1671	6	6	2
1672	15	13	18
1673	7	7	4
1674	3	4	3
1675	0	6	2
1676	3	8	8
1677	22	20	25
1678	66	41	55
1679	3	6	1
1680	46	36	40
1681	29	15	17
1682	11	5	4
1683	32	28	33
1684	41	37	37
1685	28	36	31
1686	1	2	2
1687	2	1	0
1688	5	1	1
1689	0	1	1
1690	2	2	1
1691	0	0	0
1692	1	0	1
1693	0	0	0
1694	0	0	1
1695	1	3	1
1696	1	4	2
1697	0	0	0
1698	0	0	0
1699	2	4	3
1700	21	27	13
1701	9	11	9
1702	56	46	46
1703	0	1	0
1704	86	79	102
1705	174	132	153
1706	212	189	187
1707	19	12	15
1708	3	1	3
1709	6	4	5
1710	1	2	0
1711	2	3	2
1712	37	29	20
1713	10	7	4
1714	14	16	4
1715	23	28	16
1716	109	99	92
1717	27	26	20
1718	220	209	194
1719	5	8	1
1720	7	8	4
1721	58	59	48
1722	0	0	0
1723	0	0	0
1724	8	5	4
1725	10	14	12
1726	2	3	2
1727	35	29	31
1728	15	20	16
1729	861	696	719
1730	0	0	0
1731	6	5	6
1732	0	3	1
1733	63	76	70
1734	21	18	27
1735	25	29	38
1736	0	2	1
1737	3	5	2
1738	15	11	17
1739	9	14	15
1740	4	6	10
1741	370	305	269
1742	0	0	0
1743	9	6	6
1744	4	10	3
1745	3	4	4
1746	6	12	8
1747	5	3	4
1748	2	1	3
1749	4	8	4
1750	1	5	3
1751	16	15	10
1752	48	54	48
1753	15	3	9
1754	2	3	2
1755	1	1	1
1756	11	15	14
1757	23	25	12
1758	6	3	9
1759	9	7	15
1760	0	0	0
1761	28	29	31
1762	4	0	4
1763	1	3	1
1764	0	0	0
1765	0	0	0
1766	1	0	1
1767	28	31	23
1768	0	0	0
1769	1	0	0
1770	58	73	69
1771	171	133	153
1772	2	4	3
1773	5	7	5
1774	10	4	5
1775	8	1	5
1776	79	69	64
1777	4	7	2
1778	221	252	252
1779	24	32	29
1780	28	19	51
1781	232	206	193
1782	269	239	308
1783	17	16	7
1784	33	20	38
1785	10	14	11
1786	0	0	0
1787	45	36	41
1788	38	32	33
1789	18	8	9
1790	2	5	5
1791	3	6	1
1792	3	10	1
1793	1	2	0
1794	3	0	0
1795	16	6	12
1796	122	104	104
1797	449	445	411
1798	18	11	10
1799	3	4	2
1800	1	2	0
1801	4	1	5
1802	1	0	2
1803	50	36	28
1804	9	5	5
1805	381	400	345
1806	4	3	3
1807	33	38	22
1808	3	8	4
1809	58	62	46
1810	3	3	3
1811	0	0	0
1812	9	6	8
1813	2	3	1
1814	14	6	9
1815	10	1	9
1816	5	2	2
1817	14	13	7
1818	7	5	8
1819	1	1	1
1820	1	2	3
1821	2	2	1
1822	117	125	121
1823	62	66	61
1824	16	14	13
1825	1	0	0
1826	7	8	14
1827	3	1	6
1828	49	40	49
1829	3	2	6
1830	1	4	3
1831	4	3	3
1832	14	15	10
1833	2	1	2
1834	19	25	23
1835	50	44	45
1836	6	6	5
1837	50	37	31
1838	50	61	49
1839	5	2	2
1840	3	3	10
1841	32	26	29
1842	38	21	18
1843	60	37	31
1844	25	16	11
1845	0	3	3
1846	1	0	2
1847	102	91	79
1848	9	11	6
1849	0	1	2
1850	2	2	1
1851	135	96	110
1852	17	15	10
1853	1	0	2
1854	287	250	214
1855	10	8	13
1856	0	1	1
1857	2	0	0
1858	33	20	14
1859	2	3	5
1860	0	2	1
1861	59	53	60
1862	6	7	6
1863	2	0	4
1864	3	6	3
1865	3	3	2
1866	81	79	71
1867	2	3	2
1868	154	181	148
1869	2	1	3
1870	137	129	114
1871	9	9	16
1872	112	56	81
1873	9	7	11
1874	16	17	19
1875	3	8	8
1876	6	7	4
1877	66	65	58
1878	9	9	5
1879	13	12	8
1880	6	7	4
1881	125	126	113
1882	24	29	32
1883	5	6	1
1884	4	4	4
1885	32	22	18
1886	48	63	50
1887	3	1	6
1888	0	0	0
1889	7	7	9
1890	4	10	6
1891	3	2	3
1892	1	1	1
1893	0	0	1
1894	48	42	38
1895	0	0	0
1896	38	34	18
1897	30	32	23
1898	5	4	3
1899	4	2	0
1900	1	2	2
1901	1	4	2
1902	0	1	0
1903	5	5	4
1904	0	0	1
1905	5	5	6
1906	26	15	12
1907	8	4	10
1908	5	8	2
1909	0	0	0
1910	2	1	1
1911	7	10	9
1912	69	62	56
1913	30	26	35
1914	14	5	5
1915	1	0	1
1916	6	11	7
1917	0	0	1
1918	48	41	47
1919	2	2	3
1920	26	35	33
1921	0	0	0
1922	13	20	22
1923	25	36	18
1924	13	7	12
1925	8	2	3
1926	26	20	20
1927	6	3	1
1928	28	29	20
1929	0	0	3
1930	0	0	1
1931	2	5	2
1932	11	12	14
1933	3	4	0
1934	27	23	29
1935	52	48	33
1936	1	2	1
1937	0	0	0
1938	0	0	0
1939	128	132	104
1940	1	0	1
1941	54	45	65
1942	32	18	21
1943	2	0	1
1944	1	2	9
1945	4	4	0
1946	1	5	4
1947	9	3	6
1948	3	4	4
1949	5	1	7
1950	2	3	1
1951	5	9	6
1952	31	32	31
1953	0	0	0
1954	3	0	1
1955	0	0	0
1956	23	17	14
1957	0	0	0
1958	4	1	1
1959	0	0	0
1960	142	109	118
1961	14	18	7
1962	17	13	7
1963	9	14	9
1964	12	8	11
1965	1	2	7
1966	1	1	1
1967	1	1	0
1968	1	0	2
1969	53	67	56
1970	117	86	62
1971	0	0	0
1972	2	1	0
1973	3	3	3
1974	4	2	6
1975	0	0	0
1976	8	5	15
1977	86	65	72
1978	19	15	10
1979	117	94	78
1980	0	0	0
1981	11	11	5
1982	70	56	46
1983	1	2	2
1984	0	2	3
1985	3	4	1
1986	3	5	3
1987	2	5	2
1988	0	1	0
1989	3	1	0
1990	3	1	2
1991	21	25	15
1992	30	39	15
1993	0	0	0
1994	0	0	0
1995	29	21	27
1996	35	49	34
1997	4	8	5
1998	16	14	16
1999	5	10	9
2000	3	6	2
2001	1	1	3
2002	9	6	4
2003	6	10	8
2004	5	14	16
2005	6	7	10
2006	2	3	3
2007	107	92	47
2008	4	3	3
2009	10	7	11
2010	23	19	19
2011	0	1	1
2012	33	33	34
2013	5	6	4
2014	12	18	9
2015	3	5	4
2016	8	9	3
2017	0	0	0
2018	0	0	0
2019	8	6	7
2020	4	2	4
2021	0	1	0
2022	10	11	12
2023	10	4	5
2024	23	26	23
2025	11	8	8
2026	52	72	37
2027	31	25	27
2028	54	69	65
2029	39	30	29
2030	7	10	11
2031	154	146	145
2032	41	33	40
2033	3	9	4
2034	2	1	7
2035	11	6	4
2036	3	5	4
2037	5	0	2
2038	8	9	6
2039	6	17	7
2040	18	13	19
2041	33	27	30
2042	18	23	23
2043	10	15	6
2044	2	1	2
2045	3	3	4
2046	0	0	0
2047	9	5	5
2048	35	43	40
2049	135	103	91
2050	0	0	0
2051	0	0	0
2052	17	19	25
2053	20	17	20
2054	42	38	22
2055	0	0	0
2056	0	0	1
2057	4	2	4
2058	11	6	10
2059	14	19	14
2060	47	31	58
2061	13	8	11
2062	3	1	5
2063	0	0	0
2064	0	0	0
2065	13	6	6
2066	11	7	11
2067	268	277	231
2068	1	5	0
2069	3	1	0
2070	0	0	0
2071	0	0	0
2072	1	3	0
2073	11	7	11
2074	2	3	3
2075	10	7	7
2076	0	0	0
2077	8	8	1
2078	0	0	0
2079	2	4	4
2080	15	8	13
2081	27	19	28
2082	5	2	0
2083	0	1	2
2084	109	87	66
2085	9	5	5
2086	7	4	4
2087	112	91	104
2088	0	3	0
2089	80	79	68
2090	120	126	122
2091	49	34	26
2092	0	0	0
2093	125	82	104
2094	0	1	0
2095	2	0	0
2096	6	2	5
2097	0	0	1
2098	0	0	0
2099	5	0	1
2100	5	4	2
2101	4	2	3
2102	1	1	4
2103	19	33	50
2104	0	0	0
2105	5	3	5
2106	0	0	0
2107	107	71	93
2108	6	2	3
2109	1	2	2
2110	0	0	0
2111	48	35	58
2112	0	0	0
2113	19	14	9
2114	9	8	5
2115	0	1	0
2116	6	2	5
2117	26	29	20
2118	4	1	2
2119	0	1	0
2120	0	0	0
2121	0	0	0
2122	369	278	353
2123	9	7	5
2124	1	1	2
2125	0	0	0
2126	0	0	2
2127	0	0	0
2128	248	219	180
2129	0	1	1
2130	1	1	0
2131	96	94	77
2132	6	4	3
2133	54	40	49
2134	0	1	1
2135	0	0	0
2136	17	16	13
2137	6	5	9
2138	20	18	26
2139	23	31	34
2140	8	5	5
2141	0	0	0
2142	301	265	240
2143	8	7	4
2144	14	5	8
2145	8	11	9
2146	134	123	114
2147	1	0	0
2148	16	17	17
2149	1	3	1
2150	13	6	8
2151	10	6	6
2152	0	0	0
2153	2	1	2
2154	17	10	12
2155	73	70	50
2156	74	74	60
2157	5	6	5
2158	0	0	0
2159	759	765	735
2160	1	1	0
2161	11	12	19
2162	14	16	13
2163	5	5	7
2164	41	25	46
2165	0	0	0
2166	3	0	2
2167	5	3	7
2168	3	5	2
2169	53	45	42
2170	6	7	6
2171	0	0	0
2172	1	0	0
2173	2	2	5
2174	0	1	4
2175	66	76	49
2176	6	6	2
2177	0	2	1
2178	0	0	0
2179	2	1	0
2180	1	0	0
2181	1	2	7
2182	8	5	9
2183	3	3	4
2184	1	3	3
2185	39	30	32
2186	0	0	0
2187	166	173	163
2188	1	8	5
2189	44	49	46
2190	3	3	3
2191	0	0	0
2192	20	21	9
2193	0	1	0
2194	1	3	0
2195	36	38	31
2196	4	3	8
2197	2	3	2
2198	11	4	5
2199	4	1	2
2200	1	0	1
2201	52	66	64
2202	2	3	1
2203	2	1	1
2204	0	0	1
2205	27	17	14
2206	0	1	0
2207	1	2	0
2208	17	10	12
2209	0	2	0
2210	300	279	314
2211	0	0	0
2212	0	0	0
2213	6	5	9
2214	13	7	11
2215	20	10	13
2216	26	12	26
2217	4	8	8
2218	7	8	4
2219	32	42	21
2220	278	232	284
2221	16	15	12
2222	9	7	5
2223	1	2	0
2224	4	3	1
2225	13	6	6
2226	10	13	19
2227	17	7	17
2228	8	8	9
2229	5	3	2
2230	7	9	6
2231	11	10	7
2232	1	1	0
2233	0	1	0
2234	1	2	4
2235	10	6	5
2236	0	0	0
2237	14	12	18
2238	40	30	34
2239	30	26	28
2240	2	1	3
2241	6	6	6
2242	19	20	11
2243	2	2	1
2244	10	5	10
2245	92	76	71
2246	5	5	4
2247	31	27	24
2248	22	18	28
2249	4	2	5
2250	3	4	6
2251	3	6	6
2252	8	12	11
2253	0	0	0
2254	0	0	0
2255	1	1	1
2256	1	5	6
2257	4	0	1
2258	0	0	0
2259	1	0	2
2260	12	12	10
2261	0	1	0
2262	1	2	1
2263	16	11	6
2264	1	2	1
2265	0	4	1
2266	51	51	46
2267	18	19	17
2268	15	17	17
2269	1	3	3
2270	6	3	6
2271	9	2	4
2272	97	116	110
2273	0	0	0
2274	5	7	12
2275	0	1	1
2276	21	21	35
2277	52	60	59
2278	1	0	0
2279	0	0	0
2280	10	8	6
2281	42	67	61
2282	16	17	20
2283	27	30	29
2284	6	4	6
2285	1	1	2
2286	12	5	6
2287	0	0	0
2288	2	0	3
2289	4	1	4
2290	0	0	0
2291	25	29	15
2292	7	9	6
2293	43	63	50
2294	8	11	9
2295	7	7	3
2296	3	4	2
2297	28	32	25
2298	8	4	7
2299	89	80	96
2300	17	13	7
2301	55	43	51
2302	0	0	2
2303	21	14	6
2304	0	0	0
2305	0	0	1
2306	7	8	1
2307	6	4	11
2308	12	9	9
2309	1	2	0
2310	14	16	20
2311	18	11	14
2312	1	2	0
2313	14	8	7
2314	7	4	7
2315	1	3	2
2316	16	21	18
2317	1	4	3
2318	185	197	144
2319	2	3	1
2320	74	58	51
2321	0	2	2
2322	24	22	14
2323	1	0	0
2324	17	6	6
2325	437	337	339
2326	1	3	3
2327	9	7	4
2328	0	0	0
2329	86	65	63
2330	12	9	13
2331	11	14	8
2332	5	8	4
2333	15	6	3
2334	88	71	75
2335	4	8	3
2336	0	0	0
2337	32	25	18
2338	13	12	15
2339	15	17	13
2340	2	3	3
2341	2	0	0
2342	3	1	1
2343	2	0	6
2344	33	23	20
2345	0	1	1
2346	1	2	2
2347	118	114	84
2348	17	22	9
2349	6	14	17
2350	37	40	26
2351	56	46	67
2352	2	0	1
2353	2	1	2
2354	422	402	385
2355	19	20	20
2356	30	24	26
2357	1	1	0
2358	100	104	90
2359	0	0	0
2360	0	1	0
2361	7	3	11
2362	6	6	2
2363	8	2	5
2364	0	0	0
2365	5	10	11
2366	0	0	0
2367	2	0	0
2368	0	0	0
2369	41	45	42
2370	83	77	76
2371	10	10	9
2372	26	32	26
2373	25	32	18
2374	19	25	31
2375	2	4	6
2376	3	0	1
2377	4	4	0
2378	27	27	27
2379	7	15	11
2380	20	22	17
2381	13	18	9
2382	49	65	70
2383	1	1	3
2384	2	1	0
2385	1	1	3
2386	0	0	0
2387	37	36	29
2388	0	0	0
2389	0	0	1
2390	74	66	51
2391	49	55	54
2392	14	12	16
2393	2	5	1
2394	11	14	11
2395	0	1	0
2396	2	2	4
2397	2	3	4
2398	11	5	1
2399	4	5	2
2400	53	39	38
2401	25	24	17
2402	98	87	130
2403	6	8	5
2404	5	3	2
2405	0	0	0
2406	1	4	1
2407	3	3	4
2408	10	7	7
2409	11	6	6
2410	1	1	2
2411	12	6	10
2412	4	5	0
2413	84	85	77
2414	14	11	15
2415	2	5	2
2416	22	30	23
2417	562	637	622
2418	34	39	32
2419	9	10	6
2420	9	13	8
2421	23	12	8
2422	3	1	3
2423	24	12	10
2424	29	24	12
2425	8	11	8
2426	12	14	9
2427	14	15	13
2428	1	5	2
2429	188	223	198
2430	7	5	8
2431	81	71	52
2432	7	9	7
2433	2	0	0
2434	4	10	7
2435	1	3	6
2436	2	2	2
2437	10	11	5
2438	4	0	2
2439	0	0	2
2440	32	23	26
2441	0	0	0
2442	446	449	435
2443	20	9	19
2444	12	9	14
2445	1	1	0
2446	1	1	0
2447	0	0	0
2448	3	6	3
2449	23	29	21
2450	13	14	12
2451	2	1	0
2452	9	6	3
2453	3	3	2
2454	0	2	0
2455	16	12	13
2456	3	1	3
2457	60	65	50
2458	38	25	25
2459	27	23	20
2460	8	14	10
2461	98	86	94
2462	12	9	7
2463	1	0	0
2464	0	0	0
2465	26	23	26
2466	8	8	4
2467	1	0	2
2468	5	6	7
2469	13	12	8
2470	5	4	2
2471	40	30	34
2472	2	3	0
2473	20	22	23
2474	9	6	7
2475	0	0	0
2476	29	32	18
2477	7	3	1
2478	7	6	5
2479	1	2	1
2480	13	19	13
2481	2	1	3
2482	60	64	49
2483	7	14	7
2484	0	0	0
2485	4	6	5
2486	206	171	204
2487	17	20	22
2488	27	16	19
2489	45	58	31
2490	46	27	38
2491	0	0	0
2492	11	23	25
2493	43	30	32
2494	3	0	3
2495	3	3	4
2496	25	30	11
2497	9	7	8
2498	62	60	62
2499	0	0	1
2500	9	17	13
2501	0	1	0
2502	4	10	4
2503	9	12	12
2504	6	6	4
2505	13	8	6
2506	22	16	22
2507	27	18	20
2508	32	35	39
2509	3	1	2
2510	0	0	0
2511	9	22	11
2512	26	33	20
2513	12	7	1
2514	0	0	2
2515	35	31	32
2516	47	55	48
2517	57	53	45
2518	8	8	4
2519	23	27	21
2520	44	29	27
2521	54	46	41
2522	1	0	0
2523	64	55	46
2524	6	6	9
2525	5	5	7
2526	1	0	1
2527	1	1	4
2528	5	3	2
2529	7	4	4
2530	0	0	0
2531	6	2	3
2532	79	78	72
2533	52	55	53
2534	0	0	0
2535	73	65	74
2536	9	8	7
2537	174	119	109
2538	0	0	0
2539	0	0	0
2540	4	3	1
2541	1	2	2
2542	3	5	1
2543	120	133	154
2544	8	6	6
2545	44	44	38
2546	1	2	2
2547	28	25	20
2548	218	193	163
2549	4	5	4
2550	24	18	25
2551	67	54	47
2552	0	0	0
2553	12	15	10
2554	9	3	6
2555	42	43	36
2556	13	9	9
2557	0	0	0
2558	21	31	34
2559	1	0	0
2560	63	47	41
2561	5	8	10
2562	0	0	0
2563	1	3	4
2564	21	18	18
2565	0	0	0
2566	0	0	0
2567	220	204	204
2568	0	0	0
2569	27	29	18
2570	18	20	15
2571	27	30	20
2572	22	18	21
2573	17	23	14
2574	3	3	3
2575	1	1	0
2576	3	2	2
2577	158	189	182
2578	17	11	23
2579	103	113	71
2580	18	21	6
2581	0	0	0
2582	1	1	1
2583	4	1	2
2584	2	1	1
2585	7	14	13
2586	0	0	0
2587	3	2	0
2588	82	71	62
2589	3	7	7
2590	6	2	4
2591	1	2	1
2592	10	12	13
2593	34	44	33
2594	0	0	0
2595	9	16	20
2596	5	8	7
2597	5	5	3
2598	33	24	24
2599	9	3	2
2600	2	1	2
2601	0	0	0
2602	57	45	44
2603	2	0	0
2604	109	94	80
2605	0	0	0
2606	0	0	0
2607	2	2	1
2608	3	0	6
2609	27	25	35
2610	7	4	14
2611	1	0	1
2612	1	0	0
2613	0	0	1
2614	0	0	0
2615	1	0	0
2616	1	2	2
2617	0	1	0
2618	10	4	2
2619	0	1	0
2620	8	9	14
2621	18	17	22
2622	66	57	48
2623	5	4	9
2624	0	0	0
2625	0	0	0
2626	0	0	0
2627	1	1	1
2628	0	0	0
2629	4	7	3
2630	15	21	20
2631	2	0	2
2632	1	2	1
2633	8	6	3
2634	3	2	3
2635	7	9	4
2636	38	27	33
2637	5	2	1
2638	1	0	0
2639	0	4	4
2640	0	0	0
2641	12	21	14
2642	0	1	1
2643	16	13	13
2644	2	8	7
2645	6	0	2
2646	2	1	4
2647	0	0	2
2648	0	0	0
2649	36	33	21
2650	68	46	31
2651	6	8	3
2652	11	14	8
2653	6	6	1
2654	13	19	17
2655	1	0	1
2656	6	7	3
2657	22	26	14
2658	22	33	24
2659	3	5	3
2660	0	4	2
2661	1	0	1
2662	9	9	3
2663	3	11	4
2664	31	29	28
2665	51	61	63
2666	0	0	0
2667	7	3	2
2668	0	1	0
2669	1	1	0
2670	1	4	0
2671	2	3	4
2672	3	0	0
2673	0	0	0
2674	9	12	6
2675	5	4	12
2676	0	0	0
2677	5	5	0
2678	2	3	5
2679	11	7	13
2680	0	0	0
2681	0	0	0
2682	13	14	14
2683	0	0	0
2684	0	0	0
2685	0	0	0
2686	0	0	0
2687	0	1	0
2688	56	45	32
2689	10	10	7
2690	8	8	6
2691	6	4	11
2692	0	0	0
2693	14	11	11
2694	4	4	2
2695	19	13	16
2696	2	0	2
2697	6	6	9
2698	5	8	5
2699	12	18	16
2700	0	0	0
2701	5	5	9
2702	22	19	19
2703	5	5	5
2704	7	4	5
2705	3	1	1
2706	15	8	7
2707	21	9	5
2708	2	2	0
2709	32	23	14
2710	1	4	8
2711	27	22	23
2712	27	30	28
2713	28	21	42
2714	1	0	2
2715	17	8	15
2716	0	0	0
2717	0	0	0
2718	1	0	1
2719	2	2	5
2720	6	4	6
2721	0	0	0
2722	33	29	32
2723	2	6	8
2724	143	130	151
2725	35	36	47
2726	1	0	1
2727	32	27	20
2728	2	4	3
2729	13	17	17
2730	56	49	56
2731	0	0	0
2732	0	0	2
2733	3	3	3
2734	0	0	0
2735	0	0	0
2736	0	0	1
2737	20	9	9
2738	11	13	11
2739	4	2	2
2740	12	10	11
2741	4	6	4
2742	19	21	26
2743	47	52	44
2744	0	0	0
2745	3	4	5
2746	0	0	1
2747	13	11	14
2748	0	0	0
2749	6	10	7
2750	29	25	15
2751	5	4	5
2752	5	2	6
2753	8	11	3
2754	5	9	9
2755	9	9	6
2756	149	152	133
2757	0	0	0
2758	0	0	0
2759	9	5	8
2760	31	26	19
2761	0	0	0
2762	21	31	17
2763	293	233	224
2764	28	11	9
2765	12	17	13
2766	7	3	3
2767	7	10	4
2768	9	13	7
2769	380	301	352
2770	1	0	1
2771	11	4	6
2772	35	34	36
2773	2	4	0
2774	4	3	5
2775	9	8	4
2776	46	18	17
2777	0	0	0
2778	1	1	2
2779	375	371	354
2780	155	170	168
2781	11	12	10
2782	7	13	8
2783	0	0	1
2784	2	3	0
2785	0	0	0
2786	4	1	7
2787	3	0	3
2788	80	57	42
2789	15	12	5
2790	4	3	3
2791	4	5	2
2792	1	3	3
2793	410	465	403
2794	53	48	51
2795	281	304	297
2796	0	0	2
2797	62	49	51
2798	0	0	0
2799	26	10	18
2800	7	5	7
2801	110	133	138
2802	21	10	18
2803	4	2	3
2804	9	18	5
2805	2	1	3
2806	34	40	40
2807	361	352	312
2808	18	9	11
2809	149	182	130
2810	5	6	15
2811	17	13	14
2812	4	0	1
2813	6	8	5
2814	5	6	2
2815	0	0	1
2816	4	5	1
2817	5	1	3
2818	0	0	0
2819	1	2	3
2820	111	101	125
2821	14	18	17
2822	15	15	18
2823	0	0	0
2824	15	17	19
2825	53	52	33
2826	109	96	99
2827	26	20	17
2828	0	2	0
2829	8	6	5
2830	586	507	562
2831	117	124	95
2832	136	92	81
2833	0	0	0
2834	106	108	95
2835	26	26	9
2836	4	7	5
2837	11	14	13
2838	18	9	7
2839	2	3	4
2840	169	145	153
2841	19	22	30
2842	1	1	0
2843	1	0	0
2844	83	60	57
2845	4	7	5
2846	268	279	286
2847	4	6	6
2848	0	5	3
2849	1	1	1
2850	50	47	48
2851	9	9	7
2852	6	5	3
2853	28	16	18
2854	8	14	10
2855	9	6	6
2856	21	19	11
2857	4	7	3
2858	71	65	47
2859	1	7	7
2860	2	0	0
2861	3	4	3
2862	11	12	11
2863	4	7	1
2864	0	1	0
2865	4	5	4
2866	0	0	0
2867	15	18	7
2868	0	0	0
2869	0	1	0
2870	0	0	0
2871	369	355	303
2872	0	0	0
2873	9	23	14
2874	95	115	85
2875	27	40	24
2876	18	19	15
2877	48	52	53
2878	7	8	2
2879	0	0	0
2880	4	4	2
2881	3	5	2
2882	8	9	14
2883	5	4	3
2884	19	18	8
2885	10	7	4
2886	13	10	8
2887	0	0	0
2888	3	2	3
2889	7	9	3
2890	40	29	38
2891	14	9	16
2892	1	2	2
2893	3	6	3
2894	9	9	7
2895	7	12	11
2896	16	21	11
2897	6	2	3
2898	13	4	3
2899	20	21	23
2900	22	16	26
2901	0	0	1
2902	27	13	13
2903	42	23	14
2904	85	74	90
2905	24	26	18
2906	129	121	111
2907	0	0	0
2908	2	2	1
2909	22	13	8
2910	35	21	24
2911	14	8	6
2912	5	3	5
2913	60	68	54
2914	9	5	7
2915	22	13	16
2916	5	3	5
2917	10	17	20
2918	3	6	9
2919	1	1	3
2920	0	0	0
2921	1	2	2
2922	0	1	1
2923	37	42	24
2924	0	0	0
2925	14	15	19
2926	11	6	10
2927	36	26	32
2928	6	4	6
2929	1	1	3
2930	6	5	3
2931	7	5	10
2932	48	39	34
2933	64	60	39
2934	13	12	6
2935	42	47	73
2936	2	1	3
2937	0	0	0
2938	11	15	14
2939	21	17	24
2940	36	44	36
2941	16	15	14
2942	1	5	1
2943	4	1	4
2944	9	13	9
2945	9	10	22
2946	57	61	42
2947	1	1	0
2948	28	13	12
2949	2	3	0
2950	0	0	1
2951	127	124	138
2952	0	0	0
2953	3	0	2
2954	1	2	1
2955	3	4	2
2956	5	3	5
2957	10	7	7
2958	1	1	1
2959	1	2	0
2960	2	5	6
2961	2	3	0
2962	52	36	31
2963	24	20	19
2964	40	45	31
2965	2	2	4
2966	11	14	15
2967	0	0	0
2968	2	2	4
2969	1	0	0
2970	4	6	2
2971	16	19	12
2972	16	10	19
2973	27	35	32
2974	0	1	1
2975	19	20	29
2976	19	6	9
2977	17	19	21
2978	7	4	9
2979	1	0	0
2980	0	0	0
2981	1	1	2
2982	5	4	3
2983	40	38	39
2984	38	32	34
2985	1	2	5
2986	0	0	0
2987	242	210	230
2988	0	1	2
2989	22	32	17
2990	3	4	2
2991	32	17	21
2992	2	2	16
2993	0	0	0
2994	9	8	6
2995	6	5	5
2996	1	3	8
2997	0	2	0
2998	59	55	53
2999	8	3	5
3000	746	687	642
3001	9	5	4
3002	1	1	2
3003	4	2	1
3004	19	29	26
3005	0	1	1
3006	2	3	0
3007	8	8	6
3008	6	16	5
3009	54	57	44
3010	1	1	0
3011	5	2	1
3012	21	16	12
3013	39	34	43
3014	2	1	0
3015	27	15	11
3016	38	38	30
3017	1	6	1
3018	3	2	6
3019	5	7	7
3020	19	24	14
3021	0	0	0
3022	22	22	21
3023	33	45	30
3024	78	62	63
3025	11	6	5
3026	11	13	9
3027	32	27	20
3028	531	551	505
3029	42	37	25
3030	0	0	0
3031	2	0	1
3032	0	3	1
3033	2	2	1
3034	3	7	5
3035	10	5	5
3036	5	9	5
3037	16	6	8
3038	98	83	90
3039	61	53	58
3040	10	8	2
3041	49	41	48
3042	3	4	6
3043	36	24	38
3044	2	1	3
3045	7	5	7
3046	2	7	10
3047	56	50	32
3048	3	3	5
3049	8	15	5
3050	417	359	266
3051	4	2	3
3052	2	1	3
3053	2	0	1
3054	30	28	32
3055	16	22	16
3056	3	8	3
3057	57	62	46
3058	8	8	7
3059	8	3	4
3060	10	16	8
3061	7	4	11
3062	36	32	31
3063	2	3	2
3064	8	10	8
3065	12	13	14
3066	5	2	4
3067	50	42	37
3068	36	39	39
3069	0	0	0
3070	7	7	10
3071	48	33	32
3072	1	3	2
3073	12	9	10
3074	24	17	12
3075	5	6	7
3076	4	6	2
3077	0	0	0
3078	3	6	2
3079	17	11	11
3080	3	4	1
3081	9	7	2
3082	13	15	9
3083	5	6	8
3084	6	13	15
3085	0	1	0
3086	0	4	3
3087	92	100	86
3088	20	13	10
3089	23	46	35
3090	12	9	19
3091	4	4	4
3092	185	190	147
3093	2	7	6
3094	4	3	1
3095	15	28	21
3096	2	1	0
3097	0	1	0
3098	6	6	8
3099	0	0	0
3100	0	0	0
3101	0	0	1
3102	26	25	38
3103	8	10	4
3104	58	63	61
3105	1	5	6
3106	4	2	3
3107	0	1	0
3108	4	3	8
3109	1	1	2
3110	45	43	45
3111	6	18	6
3112	6	9	5
3113	0	0	0
3114	11	9	7
3115	276	321	314
3116	11	21	10
3117	0	0	1
3118	34	34	33
3119	22	15	19
3120	1	4	5
3121	15	15	11
3122	8	10	4
3123	4	4	6
3124	1	3	0
3125	67	65	43
3126	5	2	5
3127	21	6	10
3128	46	46	55
3129	8	7	6
3130	19	18	27
3131	0	0	0
3132	0	0	0
3133	0	0	0
3134	26	10	20
3135	24	16	21
3136	0	0	0
3137	4	4	9
3138	6	6	7
3139	100	102	66
3140	7	4	2
3141	0	0	0
3142	40	50	48
3143	1	3	6
3144	24	24	25
3145	2	0	2
3146	45	39	37
3147	38	29	29
3148	0	1	1
3149	1	1	1
3150	6	10	5
3151	0	0	1
3152	6	12	7
3153	19	15	29
3154	5	2	4
3155	1	4	0
3156	14	15	11
3157	2	2	6
3158	7	7	8
3159	0	0	0
3160	0	0	1
3161	6	4	3
3162	1	3	1
3163	13	5	9
3164	16	11	11
3165	32	16	25
3166	1	2	0
3167	2	2	4
3168	20	16	9
3169	2	3	4
3170	0	0	1
3171	11	14	12
3172	0	0	0
3173	1	0	0
3174	10	5	11
3175	70	57	58
3176	8	5	5
3177	5	5	1
3178	2	2	2
3179	1	1	1
3180	10	15	8
3181	1075	1102	1104
3182	0	0	0
3183	0	0	0
3184	0	0	0
3185	1	5	2
3186	44	28	43
3187	20	24	12
3188	185	176	191
3189	2	1	1
3190	64	71	64
3191	0	0	0
3192	8	9	10
3193	2	1	1
3194	5	1	0
3195	4	3	3
3196	19	12	10
3197	3	2	4
3198	0	0	0
3199	90	73	50
3200	12	11	9
3201	0	1	1
3202	3	0	1
3203	3	0	1
3204	5	4	7
3205	31	31	17
3206	1664	1491	1522
3207	13	9	8
3208	99	77	77
3209	61	78	84
3210	12	8	4
3211	1	1	2
3212	0	0	0
3213	15	30	18
3214	15	22	7
3215	23	16	13
3216	4	3	1
3217	3	15	7
3218	75	91	56
3219	160	159	110
3220	18	10	21
3221	3	4	4
3222	113	95	87
3223	7	3	2
3224	2	3	5
3225	191	150	172
3226	18	9	9
3227	3	6	14
3228	99	101	101
3229	16	21	13
3230	1	0	1
3231	11	8	8
3232	19	8	8
3233	49	34	35
3234	6	4	5
3235	5	1	2
3236	0	2	1
3237	10	13	16
3238	85	89	80
3239	301	352	339
3240	18	20	23
3241	3	1	1
3242	418	352	296
3243	0	3	4
3244	9	4	6
3245	8	6	4
3246	11	16	14
3247	1	0	0
3248	8	7	5
3249	1	0	1
3250	2	5	4
3251	0	0	1
3252	0	0	1
3253	9	13	8
3254	7	8	5
3255	12	11	8
3256	27	28	45
3257	6	10	4
3258	3	5	11
3259	4	8	6
3260	0	2	0
3261	8	11	11
3262	16	16	11
3263	0	0	0
3264	42	31	45
3265	1	0	0
3266	83	58	53
3267	4	0	0
3268	7	6	7
3269	7	14	20
3270	0	0	0
3271	20	19	34
3272	98	95	92
3273	0	0	1
3274	0	0	0
3275	3	4	3
3276	2	2	0
3277	1	2	3
3278	12	7	8
3279	8	7	2
3280	0	4	1
3281	0	2	0
3282	21	11	18
3283	3	1	1
3284	0	0	0
3285	0	0	0
3286	0	1	0
3287	0	0	0
3288	0	0	0
3289	0	0	0
3290	0	0	0
3291	8	3	2
3292	19	20	15
3293	316	327	312
3294	3	10	13
3295	21	19	15
3296	11	10	7
3297	44	34	37
3298	6	4	2
3299	1	1	0
3300	1	1	1
3301	2	1	1
3302	108	126	156
3303	136	175	210
3304	13	6	11
3305	12	14	7
3306	2	4	2
3307	54	47	63
3308	7	13	10
3309	5	9	1
3310	2	5	2
3311	10	11	9
3312	2	1	1
3313	80	51	50
3314	12	12	13
3315	10	11	5
3316	24	16	7
3317	31	26	25
3318	11	6	2
3319	16	19	16
3320	0	0	0
3321	2	3	6
3322	0	0	0
3323	8	8	16
3324	28	23	75
3325	0	1	0
3326	2	3	4
3327	6	5	7
3328	9	10	13
3329	0	0	0
3330	1	2	5
3331	1	0	0
3332	15	15	5
3333	2	1	2
3334	9	10	7
3335	0	1	2
3336	17	13	9
3337	0	0	0
3338	7	3	3
3339	4	4	6
3340	48	35	42
3341	131	145	118
3342	21	20	19
3343	0	0	0
3344	207	193	167
3345	3	2	1
3346	13	15	12
3347	12	9	12
3348	159	145	149
3349	12	10	7
3350	25	14	27
3351	6	7	3
3352	4	9	5
3353	0	0	0
3354	227	203	195
3355	0	1	1
3356	25	22	30
3357	72	65	54
3358	54	46	58
3359	0	0	1
3360	2	2	0
3361	10	11	6
3362	28	18	21
3363	4	2	5
3364	6	7	9
3365	28	25	26
3366	58	58	57
3367	8	12	10
3368	0	0	0
3369	74	80	65
3370	37	33	35
3371	15	9	11
3372	2	3	6
3373	27	24	17
3374	0	0	1
3375	4	8	5
3376	43	55	33
3377	4	3	4
3378	0	0	1
3379	148	136	142
3380	21	15	11
3381	41	48	43
3382	36	24	32
3383	18	17	16
3384	0	0	0
3385	0	0	0
3386	14	13	17
3387	3	5	1
3388	0	0	0
3389	1	1	2
3390	10	13	9
3391	0	0	0
3392	5	5	4
3393	28	39	37
3394	5	3	1
3395	20	15	14
3396	0	0	0
3397	156	161	194
3398	10	8	9
3399	0	0	0
3400	0	0	0
3401	0	0	0
3402	0	0	0
3403	0	0	0
3404	0	1	0
3405	10	6	6
3406	3	1	3
3407	1	1	0
3408	42	51	47
3409	41	37	41
3410	0	0	0
3411	17	10	10
3412	49	54	55
3413	1	2	0
3414	1	3	3
3415	0	0	0
3416	2	5	1
3417	0	0	0
3418	5	4	6
3419	0	0	0
3420	5	5	4
3421	5	4	6
3422	12	11	13
3423	8	8	9
3424	0	0	0
3425	11	14	16
3426	12	9	11
3427	5	17	5
3428	57	51	44
3429	3	3	4
3430	2	2	1
3431	91	94	67
3432	1	3	7
3433	6	7	5
3434	18	13	7
3435	6	5	4
3436	2	4	1
3437	36	26	24
3438	3	0	2
3439	6	2	3
3440	18	22	16
3441	92	104	99
3442	0	0	0
3443	8	3	2
3444	2	2	0
3445	7	5	5
3446	13	17	5
3447	0	0	0
3448	3	0	0
3449	0	1	0
3450	0	0	1
3451	0	0	0
3452	0	0	0
3453	12	3	5
3454	93	92	108
3455	1	2	1
3456	10	12	14
3457	7	5	3
3458	1	0	0
3459	78	47	64
3460	8	12	13
3461	16	15	15
3462	3	4	3
3463	1	0	0
3464	1	0	0
3465	9	3	8
3466	5	1	4
3467	2	0	0
3468	94	69	74
3469	1	1	1
3470	8	11	10
3471	0	0	0
3472	8	3	6
3473	11	9	7
3474	4	1	1
3475	5	5	5
3476	19	23	27
3477	30	24	20
3478	2	4	2
3479	19	26	18
3480	0	0	0
3481	29	29	30
3482	4	8	5
3483	39	40	45
3484	0	0	0
3485	32	14	16
3486	8	5	4
3487	4	8	13
3488	131	127	125
3489	1	4	0
3490	64	77	52
3491	0	0	1
3492	232	241	278
3493	19	17	28
3494	46	29	34
3495	114	101	104
3496	14	16	20
3497	1	3	1
3498	7	2	2
3499	0	2	2
3500	170	164	125
3501	5	4	3
3502	5	7	7
3503	0	0	1
3504	1	0	0
3505	4	2	2
3506	7	9	5
3507	44	38	25
3508	2	1	2
3509	107	94	115
3510	6	3	1
3511	11	10	12
3512	88	81	64
3513	5	6	3
3514	5	11	6
3515	6	6	4
3516	9	13	15
3517	1	0	0
3518	5	3	8
3519	14	14	20
3520	21	21	19
3521	19	11	12
3522	3	4	0
3523	2	2	1
3524	12	11	5
3525	46	37	22
3526	1	0	2
3527	96	64	68
3528	39	35	38
3529	7	8	4
3530	11	5	5
3531	4	3	2
3532	0	0	0
3533	1	2	6
3534	2	4	3
3535	3	1	0
3536	1	1	3
3537	8	11	8
3538	15	9	11
3539	51	67	43
3540	0	2	0
3541	6	3	3
3542	24	19	20
3543	0	0	0
3544	5	11	7
3545	8	8	13
3546	122	94	72
3547	97	104	71
3548	1	1	0
3549	10	4	8
3550	19	12	13
3551	21	22	19
3552	29	23	33
3553	5	3	4
3554	0	0	0
3555	4	5	1
3556	6	11	3
3557	36	31	18
3558	21	21	12
3559	2	0	1
3560	28	26	20
3561	1	3	2
3562	267	251	250
3563	21	24	18
3564	0	2	8
3565	4	4	2
3566	12	8	5
3567	23	37	22
3568	4	4	3
3569	4	6	2
3570	0	0	0
3571	48	42	41
3572	0	0	0
3573	2	3	7
3574	8	7	4
3575	19	6	6
3576	6	10	7
3577	3	4	1
3578	12	18	21
3579	35	38	46
3580	4	3	1
3581	21	33	26
3582	6	3	6
3583	1	0	1
3584	24	15	12
3585	0	1	1
3586	58	44	42
3587	22	8	12
3588	114	103	119
3589	1	3	2
3590	10	11	13
3591	7	1	5
3592	49	40	42
3593	14	8	17
3594	50	35	33
3595	51	45	35
3596	17	20	19
3597	1	3	2
3598	0	4	3
3599	43	39	34
3600	15	4	9
3601	24	21	12
3602	6	2	4
3603	0	3	2
3604	10	9	15
3605	1	1	0
3606	78	70	88
3607	2	1	0
3608	0	0	0
3609	1	1	1
3610	5	1	2
3611	8	12	9
3612	4	2	0
3613	2	1	3
3614	12	6	9
3615	4	3	3
3616	15	11	10
3617	0	0	0
3618	1	0	1
3619	12	8	16
3620	15	20	20
3621	3	1	3
3622	7	1	1
3623	4	1	1
3624	9	1	8
3625	22	15	16
3626	0	0	2
3627	4	3	4
3628	85	75	66
3629	3	6	3
3630	0	0	0
3631	13	8	4
3632	11	16	15
3633	43	33	16
3634	7	6	5
3635	267	242	256
3636	1	2	2
3637	0	0	0
3638	1	1	2
3639	10	9	8
3640	25	19	20
3641	0	0	0
3642	97	113	77
3643	0	0	0
3644	5	10	8
3645	5	4	1
3646	64	66	53
3647	1	0	2
3648	4	6	4
3649	2	0	0
3650	1	3	3
3651	0	0	0
3652	0	0	0
3653	19	10	11
3654	14	17	16
3655	0	0	0
3656	1	5	6
3657	0	0	0
3658	1	5	5
3659	15	16	19
3660	11	2	4
3661	84	63	50
3662	21	16	16
3663	1	0	1
3664	4	7	2
3665	3	3	2
3666	3	5	1
3667	4	6	4
3668	6	9	10
3669	79	75	63
3670	2	2	2
3671	0	2	1
3672	307	260	267
3673	0	0	0
3674	0	0	0
3675	509	525	519
3676	39	51	55
3677	13	6	15
3678	85	90	84
3679	99	124	104
3680	0	0	0
3681	0	0	0
3682	0	0	0
3683	10	21	15
3684	9	5	11
3685	2	2	1
3686	47	47	42
3687	4	10	11
3688	4	1	2
3689	128	119	117
3690	3	8	4
3691	27	27	22
3692	29	22	26
3693	2	0	6
3694	0	0	0
3695	24	10	23
3696	29	26	31
3697	16	11	10
3698	27	32	20
3699	46	32	31
3700	1	2	2
3701	24	27	33
3702	0	1	0
3703	17	18	9
3704	4	4	13
3705	0	1	0
3706	0	0	0
3707	0	0	0
3708	0	0	0
3709	4	3	4
3710	6	2	3
3711	2	5	4
3712	1	1	1
3713	0	0	0
3714	0	0	0
3715	3	0	1
3716	0	0	0
3717	1	1	1
3718	0	0	0
3719	2	2	1
3720	0	0	0
3721	5	6	4
3722	60	59	48
3723	3	1	3
3724	67	74	51
3725	6	9	14
3726	73	65	61
3727	82	78	69
3728	16	15	9
3729	54	19	27
3730	2	3	5
3731	0	4	2
3732	1	0	0
3733	2	2	0
3734	238	214	254
3735	46	41	33
3736	0	4	1
3737	4	3	6
3738	3	5	5
3739	85	67	62
3740	8	8	12
3741	4	7	7
3742	6	11	7
3743	2	2	7
3744	30	32	35
3745	23	12	14
3746	15	13	8
3747	3	7	5
3748	15	19	11
3749	14	20	14
3750	5	4	4
3751	2	0	0
3752	113	103	92
3753	1	1	1
3754	13	7	12
3755	3	3	1
3756	43	46	42
3757	3	3	4
3758	11	9	7
3759	13	12	8
3760	218	280	239
3761	556	552	477
3762	77	88	76
3763	7	18	7
3764	1	0	1
3765	13	8	4
3766	0	0	1
3767	48	60	72
3768	7	10	4
3769	6	2	5
3770	4	3	2
3771	101	89	91
3772	200	217	183
3773	7	9	3
3774	43	56	48
3775	3	3	4
3776	9	5	8
3777	11	12	14
3778	102	86	71
3779	0	1	0
3780	27	31	24
3781	18	16	7
3782	21	20	22
3783	5	6	4
3784	7	5	2
3785	3	1	2
3786	0	0	0
3787	198	206	219
3788	11	9	8
3789	16	26	22
3790	2	5	5
3791	0	0	0
3792	0	0	0
3793	4	0	2
3794	4	11	6
3795	34	34	27
3796	4	6	4
3797	65	84	54
3798	0	0	0
3799	40	37	32
3800	2	1	1
3801	25	16	13
3802	1	1	2
3803	17	12	12
3804	15	22	14
3805	9	9	6
3806	24	23	19
3807	1	3	2
3808	7	18	12
3809	0	0	0
3810	1	1	3
3811	3	1	1
3812	3	6	3
3813	13	5	2
3814	18	17	12
3815	4	4	5
3816	48	30	25
3817	8	6	6
3818	0	0	0
3819	20	20	16
3820	30	21	17
3821	5	1	2
3822	2	1	2
3823	1	1	2
3824	1	0	0
3825	8	19	12
3826	2	4	1
3827	6	12	5
3828	1	0	0
3829	4	4	6
3830	21	10	17
3831	41	28	35
3832	3	6	3
3833	10	12	14
3834	11	7	7
3835	0	0	0
3836	3	0	0
3837	1	1	1
3838	35	42	19
3839	10	15	16
3840	5	6	8
3841	109	94	94
3842	17	14	16
3843	13	5	4
3844	14	12	11
3845	3	2	1
3846	34	32	21
3847	1	4	1
3848	14	11	19
3849	3	3	1
3850	1	2	0
3851	31	37	42
3852	13	16	12
3853	6	1	6
3854	39	23	20
3855	19	15	17
3856	0	0	0
3857	4	7	4
3858	11	5	8
3859	7	2	3
3860	0	0	0
3861	0	2	2
3862	31	24	26
3863	31	28	34
3864	8	7	4
3865	0	0	0
3866	0	1	0
3867	5	4	2
3868	10	6	6
3869	10	1	4
3870	2	2	5
3871	25	19	17
3872	1	2	3
3873	1	1	0
3874	29	24	25
3875	1	0	1
3876	9	5	10
3877	11	15	12
3878	20	14	17
3879	3	4	3
3880	24	17	16
3881	28	30	25
3882	392	322	381
3883	0	0	0
3884	6	2	5
3885	1	0	0
3886	1081	988	1127
3887	2	3	4
3888	20	36	26
3889	9	12	6
3890	1	0	1
3891	14	19	6
3892	305	255	235
3893	0	1	0
3894	5	7	6
3895	12	17	23
3896	44	45	32
3897	6	6	9
3898	23	16	11
3899	7	5	5
3900	2	3	1
3901	0	0	0
3902	9	7	7
3903	8	14	8
3904	13	14	12
3905	8	5	4
3906	20	22	11
3907	193	186	200
3908	19	15	8
3909	7	9	7
3910	10	14	14
3911	58	51	51
3912	0	3	1
3913	5	4	1
3914	0	1	1
3915	5	4	5
3916	1	1	1
3917	8	6	7
3918	6	8	9
3919	19	9	13
3920	17	14	10
3921	25	25	18
3922	29	27	48
3923	0	0	0
3924	24	24	17
3925	81	91	89
3926	11	17	9
3927	16	27	15
3928	2	9	2
3929	17	14	18
3930	3	1	1
3931	9	17	9
3932	27	34	18
3933	0	0	1
3934	28	25	19
3935	0	0	0
3936	6	9	2
3937	4	7	12
3938	1	0	0
3939	57	58	66
3940	96	74	67
3941	11	6	5
3942	0	0	0
3943	39	27	19
3944	1	2	1
3945	12	7	13
3946	3	8	0
3947	15	7	9
3948	12	9	13
3949	2	8	5
3950	17	10	3
3951	33	17	31
3952	0	0	0
3953	4	3	2
3954	4	3	5
3955	64	60	46
3956	4	3	2
3957	3	0	2
3958	19	15	13
3959	16	21	27
3960	4	1	7
3961	2	6	5
3962	0	2	1
3963	0	0	0
3964	4	0	1
3965	8	3	4
3966	0	1	0
3967	277	235	252
3968	17	15	20
3969	67	64	52
3970	35	22	12
3971	15	17	15
3972	12	4	13
3973	9	11	6
3974	0	1	0
3975	41	44	40
3976	8	4	2
3977	3	1	3
3978	56	85	53
3979	24	23	19
3980	12	16	13
3981	66	63	56
3982	64	82	67
3983	0	0	0
3984	0	0	0
3985	114	116	112
3986	22	26	20
3987	99	93	61
3988	0	1	3
3989	0	1	0
3990	20	10	15
3991	25	14	24
3992	3	1	1
3993	5	4	4
3994	9	3	2
3995	8	4	10
3996	24	20	11
3997	5	17	9
3998	22	20	21
3999	11	14	8
4000	0	0	0
4001	0	2	2
4002	3	3	6
4003	8	11	4
4004	125	99	89
4005	7	9	7
4006	57	52	59
4007	122	175	104
4008	9	5	8
4009	4	2	1
4010	7	8	5
4011	39	44	35
4012	13	18	15
4013	2	0	0
4014	23	27	23
4015	20	23	12
4016	53	49	50
4017	34	26	27
4018	26	32	33
4019	8	4	2
4020	3	0	1
4021	1	1	0
4022	464	414	450
4023	13	11	12
4024	9	15	12
4025	40	40	39
4026	5	6	2
4027	17	9	28
4028	8	5	8
4029	160	149	117
4030	145	137	104
4031	30	33	32
4032	31	33	35
4033	12	16	16
4034	3	2	1
4035	44	41	39
4036	10	6	6
4037	1	0	0
4038	102	66	75
4039	24	22	19
4040	5	8	5
4041	116	84	59
4042	0	1	2
4043	25	16	16
4044	20	15	22
4045	25	24	26
4046	1	0	1
4047	6	1	4
4048	6	4	6
4049	22	23	10
4050	7	7	7
4051	0	0	1
4052	0	3	1
4053	4	3	0
4054	5	7	5
4055	1	3	3
4056	0	2	1
4057	25	19	15
4058	1	2	2
4059	0	0	0
4060	0	4	0
4061	63	71	74
4062	150	126	136
4063	6	3	0
4064	11	12	5
4065	2	2	1
4066	2	1	2
4067	20	26	29
4068	1	2	4
4069	1	1	0
4070	0	0	1
4071	4	4	2
4072	0	0	0
4073	1	2	3
4074	14	10	5
4075	1	0	0
4076	39	48	37
4077	1	0	0
4078	0	0	0
4079	1	0	0
4080	0	1	0
4081	12	11	11
4082	0	0	0
4083	1	4	1
4084	15	9	7
4085	6	15	7
4086	0	1	1
4087	10	7	7
4088	9	9	5
4089	1	1	1
4090	33	32	13
4091	3	2	5
4092	3	3	1
4093	2	5	1
4094	0	0	0
4095	147	173	173
4096	0	0	1
4097	1	3	3
4098	5	10	9
4099	3	3	1
4100	23	26	27
4101	6	7	6
4102	1	3	3
4103	22	24	13
4104	6	7	10
4105	15	14	5
4106	0	0	0
4107	0	0	0
4108	26	26	20
4109	24	19	9
4110	16	26	12
4111	5	2	0
4112	7	4	12
4113	4	6	8
4114	4	1	4
4115	184	171	162
4116	2	0	2
4117	159	194	178
4118	0	0	0
4119	0	1	3
4120	8	3	4
4121	12	15	18
4122	0	0	0
4123	0	0	0
4124	0	0	0
4125	0	0	0
4126	0	0	0
4127	0	0	0
4128	0	0	0
4129	0	0	0
4130	27	47	50
4131	17	12	14
4132	35	27	24
4133	16	26	30
4134	7	5	3
4135	7	8	1
4136	4	5	3
4137	8	10	8
4138	2	4	3
4139	1	0	2
4140	1	0	0
4141	0	0	0
4142	0	0	0
4143	0	0	0
4144	21	26	23
4145	4	3	0
4146	12	6	14
4147	0	0	1
4148	0	0	0
4149	3	0	3
4150	0	0	0
4151	4	5	8
4152	26	19	24
4153	3	3	1
4154	13	19	6
4155	0	0	0
4156	8	9	6
4157	0	0	1
4158	73	56	65
4159	1	5	3
4160	60	64	45
4161	155	142	120
4162	7	5	4
4163	1	1	0
4164	3	0	1
4165	78	102	98
4166	1	3	0
4167	2	2	2
4168	14	4	6
4169	17	13	8
4170	0	0	0
4171	41	54	29
4172	5	3	3
4173	2	8	5
4174	66	69	60
4175	21	14	14
4176	50	50	44
4177	8	6	14
4178	37	41	23
4179	1	0	1
4180	1	0	0
4181	53	52	50
4182	49	49	40
4183	7	7	5
4184	0	0	1
4185	2	0	1
4186	3	3	2
4187	15	6	11
4188	5	4	1
4189	8	4	5
4190	84	62	51
4191	39	36	38
4192	0	0	0
4193	0	0	1
4194	10	8	6
4195	15	16	14
4196	4	9	6
4197	0	0	0
4198	25	26	25
4199	10	8	13
4200	2	0	1
4201	21	17	14
4202	4	3	4
4203	4	2	5
4204	260	225	266
4205	1	1	0
4206	11	7	8
4207	57	43	56
4208	11	9	10
4209	9	4	7
4210	6	6	10
4211	83	79	67
4212	10	5	7
4213	2	1	0
4214	4	8	3
4215	4	4	4
4216	7	5	5
4217	0	0	0
4218	0	0	1
4219	1	3	2
4220	3	2	3
4221	1	0	0
4222	47	39	55
4223	1	0	0
4224	8	15	12
4225	0	2	0
4226	58	57	43
4227	1	1	2
4228	5	8	10
4229	6	4	9
4230	16	10	10
4231	23	11	15
4232	13	20	16
4233	16	13	18
4234	15	15	10
4235	12	9	10
4236	23	24	14
4237	28	31	30
4238	9	7	13
4239	31	23	26
4240	36	33	36
4241	0	0	0
4242	40	44	42
4243	11	8	4
4244	1	5	1
4245	27	30	22
4246	11	10	8
4247	70	65	66
4248	44	62	46
4249	1	1	0
4250	0	0	0
4251	0	3	0
4252	0	1	0
4253	0	1	0
4254	13	6	11
4255	16	10	17
4256	15	7	13
4257	1	0	2
4258	56	59	62
4259	0	1	1
4260	18	8	11
4261	1	1	2
4262	102	93	82
4263	0	0	0
4264	10	14	10
4265	10	24	12
4266	1	1	0
4267	1	1	1
4268	5	3	5
4269	11	7	7
4270	37	28	32
4271	0	3	4
4272	17	23	24
4273	13	10	8
4274	20	21	17
4275	11	13	12
4276	24	20	10
4277	20	22	16
4278	7	9	13
4279	61	55	43
4280	2	0	1
4281	686	710	588
4282	0	4	0
4283	14	6	7
4284	8	7	9
4285	13	9	7
4286	12	9	5
4287	17	15	13
4288	35	28	27
4289	1	1	1
4290	1	0	3
4291	30	27	27
4292	9	12	6
4293	1	4	3
4294	10	5	3
4295	0	0	0
4296	1	0	0
4297	11	6	5
4298	70	102	74
4299	11	11	14
4300	4	8	3
4301	8	9	9
4302	23	18	16
4303	12	14	12
4304	0	1	2
4305	2	1	0
4306	78	39	59
4307	4	3	23
4308	7	13	20
4309	7	2	3
4310	13	19	15
4311	2	2	6
4312	1	1	1
4313	2	6	6
4314	0	0	0
4315	100	101	87
4316	77	56	65
4317	5	6	5
4318	18	7	9
4319	28	20	18
4320	30	37	33
4321	21	15	10
4322	0	0	0
4323	11	17	6
4324	3	1	1
4325	0	0	2
4326	2	5	0
4327	0	0	0
4328	64	61	56
4329	2	2	2
4330	6	5	4
4331	3	0	1
4332	56	64	51
4333	10	8	9
4334	1	1	0
4335	1	3	4
4336	133	123	118
4337	0	0	0
4338	1	1	3
4339	0	1	2
4340	0	3	0
4341	5	2	2
4342	0	0	1
4343	0	0	0
4344	2	5	1
4345	17	26	14
4346	11	12	4
4347	1	1	5
4348	0	1	0
4349	8	4	5
4350	1	3	1
4351	7	10	6
4352	7	9	4
4353	1	1	2
4354	0	0	0
4355	1	0	2
4356	33	29	26
4357	3	4	3
4358	31	39	24
4359	2	0	0
4360	5	7	5
4361	8	3	4
4362	2	2	1
4363	18	15	13
4364	21	26	21
4365	3	3	2
4366	6	4	5
4367	0	0	0
4368	136	139	172
4369	0	1	1
4370	2	3	2
4371	25	27	27
4372	2	2	1
4373	6	5	10
4374	1	3	2
4375	6	2	5
4376	0	0	0
4377	1	6	2
4378	5	7	5
4379	1	1	1
4380	0	0	0
4381	5	8	3
4382	18	6	9
4383	2	1	0
4384	2	2	5
4385	0	0	0
4386	0	5	5
4387	0	1	1
4388	0	0	0
4389	20	22	21
4390	70	62	75
4391	108	121	105
4392	34	29	16
4393	143	93	125
4394	83	64	65
4395	10	22	11
4396	504	404	406
4397	17	8	9
4398	67	48	58
4399	20	12	24
4400	1	0	0
4401	1	3	5
4402	51	63	51
4403	21	32	16
4404	38	34	21
4405	0	0	0
4406	3	10	7
4407	0	0	1
4408	22	26	28
4409	7	9	6
4410	21	16	9
4411	1	1	2
4412	1	0	0
4413	5	10	7
4414	9	17	17
4415	8	5	4
4416	150	148	125
4417	8	8	10
4418	1	0	1
4419	1	1	1
4420	30	39	27
4421	1	1	1
4422	31	42	30
4423	19	16	16
4424	6	5	4
4425	0	1	0
4426	10	14	5
4427	2	8	1
4428	68	54	95
4429	8	20	5
4430	0	0	0
4431	1	1	1
4432	6	9	9
4433	12	11	7
4434	4	0	1
4435	39	19	29
4436	8	4	9
4437	57	45	40
4438	53	64	42
4439	26	22	21
4440	0	0	0
4441	4	2	3
4442	149	150	149
4443	1	0	0
4444	16	11	15
4445	3	3	1
4446	4	6	3
4447	2	0	1
4448	1	3	2
4449	6	3	8
4450	1	0	3
4451	0	0	0
4452	9	6	10
4453	50	42	34
4454	105	69	61
4455	1	1	0
4456	221	244	209
4457	7	8	4
4458	8	5	8
4459	40	49	35
4460	2	5	2
4461	10	7	4
4462	27	28	26
4463	22	10	13
4464	320	288	316
4465	14	20	20
4466	10	16	2
4467	12	14	8
4468	35	32	30
4469	8	4	5
4470	0	0	0
4471	261	263	211
4472	6	12	9
4473	0	0	0
4474	6	6	7
4475	26	20	24
4476	5	5	4
4477	4	5	6
4478	8	9	3
4479	0	0	0
4480	31	24	18
4481	0	1	2
4482	2	1	3
4483	0	0	0
4484	2	3	5
4485	0	2	1
4486	15	10	6
4487	2	3	1
4488	50	51	47
4489	42	24	33
4490	0	0	0
4491	22	15	14
4492	17	8	11
4493	3	1	3
4494	0	0	0
4495	20	28	21
4496	0	0	0
4497	13	10	10
4498	0	1	0
4499	4	8	3
4500	27	15	19
4501	3	2	3
4502	2	0	4
4503	1	0	0
4504	28	18	15
4505	2	4	0
4506	1	1	0
4507	1	0	1
4508	43	35	31
4509	0	0	0
4510	75	55	68
4511	0	2	0
4512	9	10	3
4513	4	0	3
4514	2	4	8
4515	1	0	0
4516	2	1	4
4517	9	13	6
4518	8	5	14
4519	76	80	54
4520	2	1	4
4521	0	0	0
4522	9	5	9
4523	9	10	12
4524	9	7	3
4525	4	2	1
4526	1	2	0
4527	22	31	18
4528	2	4	2
4529	0	0	0
4530	4	8	9
4531	0	0	0
4532	0	0	0
4533	0	0	0
4534	2	1	2
4535	0	0	0
4536	61	63	67
4537	0	1	0
4538	46	44	33
4539	3	5	1
4540	26	31	30
4541	1	3	0
4542	17	14	14
4543	0	3	0
4544	29	22	13
4545	20	22	9
4546	2	2	2
4547	12	11	16
4548	1	0	2
4549	0	0	0
4550	34	28	17
4551	2	1	6
4552	0	2	3
4553	0	0	0
4554	53	45	30
4555	3	5	3
4556	2	1	2
4557	1	1	0
4558	15	16	9
4559	2	2	3
4560	20	20	25
4561	0	2	0
4562	15	15	17
4563	55	41	45
4564	12	10	12
4565	150	160	130
4566	14	14	8
4567	3	7	6
4568	45	36	33
4569	24	20	15
4570	7	13	6
4571	88	63	66
4572	8	17	9
4573	1	2	0
4574	0	0	0
4575	0	0	0
4576	7	7	4
4577	1	0	0
4578	3	2	0
4579	136	158	105
4580	1	4	5
4581	0	0	0
4582	0	3	3
4583	0	2	1
4584	0	0	0
4585	3	0	1
4586	5	5	7
4587	0	0	2
4588	161	152	114
4589	9	10	3
4590	6	2	5
4591	8	7	6
4592	249	269	284
4593	4	7	4
4594	101	95	99
4595	6	5	4
4596	0	1	0
4597	32	15	15
4598	53	51	44
4599	8	1	7
4600	4	5	3
4601	18	13	20
4602	7	4	4
4603	22	29	11
4604	0	6	2
4605	5	7	5
4606	52	73	71
4607	2	0	0
4608	0	0	2
4609	1	0	3
4610	5	12	5
4611	44	43	30
4612	1	3	1
4613	9	5	5
4614	8	2	7
4615	28	30	65
4616	14	10	11
4617	21	16	18
4618	1	0	2
4619	3	3	3
4620	21	10	25
4621	2	4	3
4622	14	9	11
4623	0	0	0
4624	45	43	45
4625	8	9	16
4626	6	3	2
4627	62	48	52
4628	16	23	30
4629	48	31	21
4630	0	0	0
4631	181	182	138
4632	5	7	13
4633	23	23	29
4634	5	1	0
4635	13	19	8
4636	2	0	0
4637	4	11	6
4638	8	9	6
4639	1	3	5
4640	158	146	170
4641	3	8	13
4642	114	84	93
4643	37	28	20
4644	1	1	1
4645	0	0	0
4646	188	145	171
4647	8	2	4
4648	75	67	73
4649	4	3	6
4650	12	9	2
4651	23	27	17
4652	0	0	0
4653	2	0	0
4654	4	1	1
4655	1	0	0
4656	4	5	5
4657	12	6	12
4658	7	5	6
4659	5	2	4
4660	0	0	0
4661	37	31	24
4662	3	0	1
4663	174	154	183
4664	19	11	19
4665	4	10	6
4666	7	2	3
4667	57	57	51
4668	25	19	20
4669	10	7	6
4670	0	2	2
4671	0	0	0
4672	2	3	3
4673	0	0	0
4674	17	16	19
4675	14	17	18
4676	66	60	41
4677	12	15	9
4678	9	5	4
4679	33	23	21
4680	10	7	5
4681	119	75	80
4682	24	20	15
4683	2	0	0
4684	7	1	4
4685	3	1	2
4686	4	5	9
4687	2	3	3
4688	5	6	4
4689	8	7	10
4690	19	24	21
4691	4	4	3
4692	0	0	0
4693	13	17	8
4694	2	5	5
4695	4	1	2
4696	1	0	2
4697	4	5	5
4698	5	2	4
4699	22	19	17
4700	35	26	28
4701	3	1	2
4702	1	0	0
4703	1	0	2
4704	7	5	4
4705	5	3	1
4706	25	23	21
4707	13	11	8
4708	9	12	12
4709	13	11	13
4710	20	19	22
4711	0	0	3
4712	4	2	2
4713	15	16	14
4714	8	17	9
4715	34	21	16
4716	1	3	5
4717	84	79	77
4718	52	27	37
4719	4	6	5
4720	0	1	0
4721	19	14	8
4722	0	0	0
4723	9	6	11
4724	0	0	0
4725	8	13	9
4726	316	350	308
4727	2	0	3
4728	66	67	58
4729	10	5	10
4730	92	89	88
4731	1	0	2
4732	18	13	12
4733	7	10	16
4734	7	5	2
4735	97	73	98
4736	0	0	1
4737	14	13	2
4738	23	21	14
4739	3	3	2
4740	67	46	43
4741	8	7	8
4742	152	133	166
4743	137	130	161
4744	23	18	21
4745	55	58	64
4746	3	1	1
4747	1	0	1
4748	9	8	7
4749	52	40	36
4750	4	4	2
4751	6	6	7
4752	11	15	9
4753	1	3	7
4754	147	111	84
4755	12	6	2
4756	3	1	0
4757	7	6	13
4758	0	0	0
4759	26	17	30
4760	7	15	6
4761	9	8	2
4762	6	2	5
4763	9	8	9
4764	9	14	13
4765	12	16	15
4766	152	122	147
4767	32	24	24
4768	64	29	28
4769	107	104	122
4770	0	0	0
4771	1	1	1
4772	6	10	4
4773	161	151	189
4774	5	3	2
4775	0	0	1
4776	0	0	0
4777	74	66	55
4778	4	1	1
4779	0	0	0
4780	1	1	1
4781	18	9	10
4782	0	1	0
4783	5	8	4
4784	0	3	1
4785	28	28	22
4786	9	8	16
4787	2	9	7
4788	4	6	7
4789	59	63	60
4790	13	11	10
4791	1	5	2
4792	2	4	5
4793	1	1	1
4794	11	4	1
4795	17	24	16
4796	21	32	25
4797	12	9	11
4798	1	0	1
4799	5	13	8
4800	0	1	0
4801	0	1	0
4802	97	86	77
4803	87	71	82
4804	51	48	43
4805	41	40	33
4806	0	2	0
4807	90	71	69
4808	33	23	24
4809	41	45	46
4810	2	6	3
4811	6	2	4
4812	6	3	6
4813	9	7	5
4814	12	7	4
4815	0	0	0
4816	126	146	121
4817	0	0	1
4818	2	3	0
4819	86	70	70
4820	1	1	1
4821	6	6	8
4822	7	2	4
4823	19	19	12
4824	3	2	2
4825	70	73	59
4826	32	27	17
4827	18	18	15
4828	3	0	0
4829	10	14	14
4830	2	1	0
4831	3	2	3
4832	4	7	2
4833	13	11	15
4834	0	1	0
4835	8	3	5
4836	0	2	1
4837	9	3	2
4838	36	34	33
4839	331	337	358
4840	33	32	28
4841	39	39	37
4842	5	1	3
4843	3	4	8
4844	32	34	27
4845	71	53	72
4846	3	4	2
4847	1	2	0
4848	7	2	8
4849	34	37	38
4850	3	0	0
4851	7	9	15
4852	6	2	5
4853	13	10	7
4854	4	3	5
4855	9	9	9
4856	32	12	16
4857	0	0	0
4858	0	0	0
4859	0	0	0
4860	6	6	5
4861	858	831	939
4862	16	14	12
4863	3	15	7
4864	23	18	16
4865	0	0	0
4866	0	1	1
4867	2	0	0
4868	41	46	38
4869	39	47	28
4870	1	1	4
4871	0	0	0
4872	0	0	0
4873	0	3	0
4874	6	8	6
4875	12	10	10
4876	1	0	1
4877	61	40	42
4878	0	0	0
4879	1	0	0
4880	0	0	0
4881	0	0	0
4882	0	0	0
4883	0	0	0
4884	0	0	0
4885	0	0	0
4886	5	2	2
4887	1	2	1
4888	22	19	21
4889	133	132	159
4890	20	42	39
4891	39	56	37
4892	0	0	0
4893	1	1	0
4894	25	28	22
4895	1	1	3
4896	13	24	25
4897	4	5	3
4898	7	2	3
4899	26	21	24
4900	2	3	2
4901	9	8	5
4902	14	16	9
4903	3	1	5
4904	79	127	54
4905	0	0	0
4906	2	1	2
4907	24	18	11
4908	3	2	2
4909	30	22	22
4910	8	10	7
4911	48	46	69
4912	13	17	16
4913	3	5	3
4914	84	95	79
4915	0	0	0
4916	4	1	0
4917	8	6	4
4918	10	9	8
4919	7	10	6
4920	33	20	33
4921	20	15	15
4922	46	23	35
4923	30	15	18
4924	6	9	2
4925	0	0	0
4926	65	63	43
4927	1	2	2
4928	52	42	54
4929	27	27	21
4930	0	0	0
4931	51	56	66
4932	119	137	107
4933	0	2	0
4934	24	29	22
4935	13	6	9
4936	27	16	14
4937	1	3	0
4938	12	10	10
4939	27	20	21
4940	16	23	22
4941	5	8	11
4942	197	166	149
4943	1	4	0
4944	0	1	0
4945	1	4	0
4946	2	3	2
4947	6	10	8
4948	21	19	18
4949	23	16	21
4950	0	0	0
4951	0	0	0
4952	17	20	32
4953	0	0	2
4954	0	0	0
4955	0	0	0
4956	6	3	3
4957	2	3	1
4958	2	2	1
4959	5	1	5
4960	8	7	3
4961	16	13	13
4962	3	2	3
4963	8	6	12
4964	398	362	357
4965	2	2	4
4966	1212	1185	943
4967	0	0	0
4968	1	1	3
4969	1	0	0
4970	0	1	0
4971	8	6	6
4972	37	29	23
4973	1	0	0
4974	1	2	2
4975	3	8	6
4976	5	13	10
4977	4	6	5
4978	7	12	14
4979	19	25	35
4980	26	16	11
4981	3	5	4
4982	4	4	7
4983	2	2	1
4984	0	1	0
4985	0	0	0
4986	14	13	19
4987	5	6	10
4988	4	0	5
4989	0	2	1
4990	16	10	2
4991	32	38	29
4992	0	0	0
4993	0	0	0
4994	0	1	2
4995	1	0	0
4996	5	5	6
4997	26	25	24
4998	20	18	22
4999	70	59	60
5000	5	11	2
5001	2	4	2
5002	1	2	1
5003	124	139	146
5004	96	72	72
5005	2	0	0
5006	0	0	0
5007	43	47	35
5008	0	3	1
5009	25	22	11
5010	13	17	18
5011	0	1	0
5012	3	3	2
5013	0	1	1
5014	15	13	20
5015	20	15	15
5016	78	69	81
5017	0	0	0
5018	6	5	7
5019	14	19	26
5020	219	253	202
5021	3	0	1
5022	3	1	2
5023	26	22	25
5024	199	162	160
5025	2	3	2
5026	49	30	32
5027	5	8	7
5028	21	17	31
5029	12	10	11
5030	2	0	2
5031	0	2	4
5032	4	4	4
5033	5	4	2
5034	39	35	30
5035	195	170	124
5036	15	13	12
5037	32	32	47
5038	15	13	13
5039	1	5	3
5040	0	0	0
5041	0	0	0
5042	1	4	2
5043	5	5	7
5044	1	1	3
5045	0	0	2
5046	67	91	48
5047	5	7	11
5048	14	14	14
5049	0	0	0
5050	0	2	0
5051	1	2	3
5052	44	28	37
5053	37	35	22
5054	9	23	10
5055	224	246	203
5056	17	7	13
5057	0	0	0
5058	31	36	28
5059	5	5	4
5060	6	8	4
5061	6	4	5
5062	195	219	251
5063	6	9	17
5064	0	0	0
5065	2	1	5
5066	4	1	0
5067	1	2	6
5068	3	1	0
5069	14	20	24
5070	1	1	0
5071	24	13	18
5072	52	39	35
5073	74	62	48
5074	60	49	59
5075	0	1	0
5076	71	62	60
5077	38	38	32
5078	17	23	12
5079	0	3	3
5080	5	7	6
5081	0	5	1
5082	1	0	1
5083	2	0	2
5084	8	2	1
5085	8	7	8
5086	34	55	46
5087	1	0	2
5088	1	1	1
5089	32	42	37
5090	10	6	8
5091	13	15	12
5092	75	61	47
5093	3	1	2
5094	16	17	10
5095	11	10	16
5096	0	0	0
5097	27	25	23
5098	127	125	128
5099	11	6	6
5100	2	2	0
5101	27	11	25
5102	47	49	40
5103	8	10	6
5104	0	0	0
5105	22	13	9
5106	401	396	339
5107	1	2	3
5108	1	1	1
5109	4	0	9
5110	114	104	109
5111	20	31	27
5112	1	1	0
5113	5	4	9
5114	12	6	2
5115	14	19	16
5116	109	108	103
5117	0	0	0
5118	2	4	6
5119	6	16	7
5120	17	16	13
5121	77	73	78
5122	2	5	3
5123	7	6	7
5124	0	0	0
5125	0	0	0
5126	2	8	5
5127	301	331	286
5128	0	0	0
5129	0	1	0
5130	4	4	3
5131	41	48	41
5132	6	1	10
5133	1	4	2
5134	0	1	0
5135	0	0	0
5136	3	1	1
5137	1	2	2
5138	0	1	2
5139	21	20	27
5140	45	50	26
5141	2	1	4
5142	5	7	9
5143	4	3	3
5144	0	0	0
5145	6	10	11
5146	62	95	88
5147	0	1	0
5148	1	1	1
5149	0	2	1
5150	27	15	14
5151	13	20	14
5152	5	5	1
5153	0	1	0
5154	1	1	0
5155	72	53	50
5156	1	3	2
5157	40	24	27
5158	0	0	0
5159	22	23	12
5160	15	15	17
5161	21	8	13
5162	22	20	20
5163	18	16	16
5164	3	3	4
5165	30	24	22
5166	6	6	3
5167	5	3	1
5168	27	39	22
5169	5	1	3
5170	15	18	16
5171	16	26	21
5172	3	11	6
5173	46	41	48
5174	3	3	5
5175	1	0	1
5176	1	1	1
5177	34	35	29
5178	0	0	0
5179	31	32	36
5180	28	15	19
5181	0	0	0
5182	47	52	32
5183	29	26	22
5184	27	20	22
5185	160	144	117
5186	38	23	23
5187	29	28	29
5188	32	22	25
5189	11	14	9
5190	0	0	0
5191	11	5	9
5192	3	1	2
5193	14	11	13
5194	6	2	5
5195	6	12	5
5196	9	10	13
5197	29	27	28
5198	43	32	32
5199	1	0	3
5200	0	1	2
5201	57	48	65
5202	7	6	7
5203	57	50	43
5204	112	103	66
5205	0	0	0
5206	165	129	150
5207	0	0	0
5208	67	50	51
5209	3	1	4
5210	9	6	7
5211	16	11	4
5212	28	16	28
5213	37	15	35
5214	5	10	6
5215	30	49	48
5216	61	53	57
5217	0	0	0
5218	0	0	0
5219	5	6	8
5220	8	5	12
5221	5	3	3
5222	21	15	27
5223	68	73	61
5224	16	10	13
5225	32	39	34
5226	16	8	11
5227	2	0	2
5228	27	19	28
5229	28	38	35
5230	44	30	44
5231	28	36	14
5232	4	3	5
5233	0	1	0
5234	10	10	5
5235	0	0	1
5236	52	40	30
5237	0	0	0
5238	0	0	0
5239	0	0	0
5240	0	0	0
5241	0	1	1
5242	14	2	13
5243	4	4	4
5244	12	8	13
5245	2	1	2
5246	2	3	0
5247	16	5	7
5248	6	10	4
5249	14	8	10
5250	7	23	14
5251	104	89	63
5252	2	4	4
5253	0	0	1
5254	34	32	26
5255	7	4	5
5256	18	23	17
5257	1	3	2
5258	3	3	4
5259	35	27	26
5260	25	21	18
5261	19	15	23
5262	4	10	11
5263	0	0	0
5264	34	14	11
5265	1	1	4
5266	250	254	218
5267	1	1	1
5268	2	0	0
5269	6	7	5
5270	0	2	1
5271	6	3	5
5272	0	0	0
5273	0	0	0
5274	11	10	6
5275	0	0	0
5276	0	0	0
5277	2	3	2
5278	3	5	6
5279	11	11	7
5280	4	4	4
5281	30	28	17
5282	0	0	0
5283	20	11	15
5284	115	131	112
5285	1	5	6
5286	0	0	1
5287	5	4	3
5288	0	0	0
5289	27	28	26
5290	86	79	48
5291	11	14	17
5292	127	123	161
5293	12	9	19
5294	7	8	4
5295	39	42	28
5296	1	0	0
5297	7	5	6
5298	27	22	19
5299	0	0	0
5300	30	39	40
5301	7	6	5
5302	2	0	2
5303	39	22	19
5304	40	45	50
5305	58	29	38
5306	38	44	40
5307	6	4	6
5308	3	6	5
5309	27	30	20
5310	16	23	17
5311	10	10	9
5312	0	0	0
5313	13	13	14
5314	6	4	3
5315	0	0	0
5316	9	7	3
5317	0	1	0
5318	3	0	0
5319	11	12	12
5320	42	46	35
5321	413	377	365
5322	16	9	7
5323	3	2	2
5324	18	11	17
5325	11	7	6
5326	0	1	1
5327	401	438	441
5328	0	0	0
5329	8	11	4
5330	0	1	2
5331	17	24	21
5332	601	670	714
5333	7	16	8
5334	2	3	2
5335	12	14	10
5336	5	16	10
5337	411	349	360
5338	0	0	2
5339	11	16	11
5340	119	102	127
5341	10	2	6
5342	1	1	0
5343	0	4	7
5344	53	54	43
5345	5	2	10
5346	2	1	1
5347	0	0	0
5348	1	4	5
5349	50	73	50
5350	17	28	19
5351	64	67	77
5352	3	7	6
5353	15	5	8
5354	11	20	15
5355	2	0	0
5356	25	26	35
5357	19	13	10
5358	5	4	3
5359	0	0	1
5360	1	0	0
5361	8	5	1
5362	0	0	0
5363	0	0	0
5364	21	15	21
5365	8	5	5
5366	5	15	8
5367	16	11	9
5368	9	5	1
5369	55	50	44
5370	12	6	6
5371	2	4	0
5372	4	0	1
5373	15	11	10
5374	1	1	2
5375	67	55	44
5376	4	7	3
5377	0	1	0
5378	0	1	0
5379	28	22	32
5380	5	3	5
5381	0	0	0
5382	1	3	1
5383	49	33	33
5384	0	0	0
5385	3	6	4
5386	51	36	42
5387	2	2	4
5388	8	5	7
5389	1	2	4
5390	1	2	3
5391	6	7	2
5392	2	2	1
5393	18	12	13
5394	23	22	17
5395	2	2	3
5396	0	1	1
5397	2	6	6
5398	73	62	74
5399	2	7	1
5400	0	0	0
5401	101	97	83
5402	3	2	4
5403	49	54	50
5404	0	2	0
5405	38	32	18
5406	1	0	0
5407	4	8	3
5408	5	6	4
5409	21	14	12
5410	45	57	33
5411	0	1	0
5412	2	4	6
5413	3	0	2
5414	9	6	9
5415	5	4	1
5416	59	61	68
5417	4	0	1
5418	1	0	0
5419	12	10	9
5420	0	5	1
5421	1	0	0
5422	8	5	8
5423	20	21	11
5424	23	15	15
5425	3	3	1
5426	2	7	2
5427	11	9	7
5428	1	6	2
5429	9	13	10
5430	4	1	6
5431	4	3	1
5432	87	64	98
5433	38	37	31
5434	26	20	27
5435	4	7	4
5436	4	5	6
5437	3	1	2
5438	86	97	63
5439	0	2	2
5440	4	5	6
5441	102	96	92
5442	82	80	49
5443	695	682	705
5444	174	196	177
5445	9	10	11
5446	175	204	166
5447	57	47	38
5448	0	1	1
5449	30	27	32
5450	122	121	83
5451	88	64	75
5452	12	9	6
5453	98	102	92
5454	1	2	1
5455	0	0	0
5456	9	7	6
5457	86	100	95
5458	0	0	0
5459	3	0	4
5460	1	1	0
5461	5	0	1
5462	2	2	2
5463	156	130	140
5464	3	5	7
5465	15	15	14
5466	355	301	300
5467	0	2	4
5468	39	30	40
5469	0	2	4
5470	110	115	118
5471	17	17	13
5472	0	0	0
5473	1	0	1
5474	3	3	1
5475	0	0	0
5476	44	54	38
5477	2	4	5
5478	0	0	1
5479	0	0	0
5480	0	0	2
5481	8	6	8
5482	107	112	112
5483	1	1	3
5484	5	6	8
5485	0	3	0
5486	29	20	28
5487	7	11	14
5488	42	53	52
5489	20	27	23
5490	5	11	5
5491	9	7	12
5492	0	0	0
5493	0	0	0
5494	2	0	0
5495	0	0	0
5496	1	3	4
5497	10	7	4
5498	0	0	1
5499	5	12	11
5500	59	73	51
5501	2	0	0
5502	67	69	60
5503	70	75	57
5504	1	0	1
5505	7	4	11
5506	68	43	41
5507	7	11	11
5508	2	2	3
5509	212	203	206
5510	1	2	0
5511	2	2	2
5512	118	87	72
5513	1	1	0
5514	9	11	4
5515	6	8	12
5516	10	9	11
5517	0	0	0
5518	0	0	0
5519	9	12	5
5520	3	6	9
5521	44	40	31
5522	0	5	2
5523	2	2	5
5524	2	1	1
5525	1	0	2
5526	0	0	0
5527	0	0	0
5528	19	27	17
5529	1	1	0
5530	108	111	97
5531	211	209	182
5532	1	5	7
5533	0	0	0
5534	73	63	47
5535	37	38	27
5536	11	8	7
5537	4	1	2
5538	2	2	2
5539	2	1	4
5540	2	0	2
5541	134	110	89
5542	0	0	0
5543	1	2	1
5544	6	2	3
5545	57	68	36
5546	13	21	22
5547	3	3	7
5548	11	11	8
5549	0	1	1
5550	34	32	24
5551	6	1	2
5552	8	4	2
5553	0	0	1
5554	14	11	10
5555	1	1	5
5556	5	12	7
5557	0	0	0
5558	5	8	7
5559	4	4	1
5560	0	0	4
5561	8	6	3
5562	1	2	0
5563	3	6	1
5564	8	6	4
5565	853	821	657
5566	15	11	8
5567	1	6	3
5568	29	23	25
5569	10	8	5
5570	0	3	2
5571	0	0	0
5572	3	5	2
5573	4	12	6
5574	21	25	11
5575	0	2	0
5576	12	20	14
5577	236	183	163
5578	49	62	51
5579	9	10	11
5580	6	5	2
5581	4	3	2
5582	2	2	0
5583	5	6	6
5584	31	35	19
5585	5	5	5
5586	0	1	1
5587	4	2	4
5588	0	0	0
5589	81	65	72
5590	48	43	29
5591	2	2	4
5592	3	1	0
5593	5	7	0
5594	2	1	4
5595	1	4	0
5596	86	98	66
5597	4	6	5
5598	5	9	12
5599	14	18	12
5600	0	0	0
5601	12	13	14
5602	1	0	4
5603	7	4	12
5604	22	18	8
5605	102	88	70
5606	38	43	31
5607	9	9	6
5608	7	10	6
5609	0	0	1
5610	75	65	45
5611	6	14	7
5612	6	7	8
5613	13	11	6
5614	78	70	61
5615	4	2	2
5616	0	0	0
5617	54	56	67
5618	17	18	12
5619	286	226	156
5620	29	22	29
5621	5	2	6
5622	2	1	5
5623	6	4	6
5624	9	3	7
5625	2	0	1
5626	1	0	0
5627	0	2	1
5628	0	0	0
5629	6	3	5
5630	10	21	11
5631	0	0	0
5632	6	3	8
5633	13	13	12
5634	31	43	39
5635	1	1	1
5636	12	19	15
5637	10	14	10
5638	51	30	25
5639	6	8	2
5640	0	0	0
5641	18	9	8
5642	11	24	16
5643	59	58	40
5644	0	1	1
5645	0	0	0
5646	3	3	2
5647	1	3	6
5648	3	1	8
5649	0	1	0
5650	3	0	2
5651	3	2	0
5652	0	0	0
5653	15	20	20
5654	0	0	0
5655	4	0	1
5656	2	6	11
5657	0	1	1
5658	7	5	1
5659	0	0	0
5660	60	83	63
5661	4	1	2
5662	7	4	6
5663	5	13	8
5664	75	73	60
5665	1	2	3
5666	10	5	4
5667	31	24	22
5668	82	76	79
5669	1	2	3
5670	4	9	3
5671	3	4	1
5672	63	46	48
5673	68	47	54
5674	3	1	2
5675	6	2	3
5676	15	17	15
5677	1	0	0
5678	8	12	10
5679	0	0	0
5680	2	6	2
5681	47	36	29
5682	5	2	0
5683	3	5	3
5684	0	2	0
5685	2	2	5
5686	12	9	11
5687	16	18	15
5688	0	2	1
5689	0	0	0
5690	68	61	64
5691	32	37	34
5692	8	3	6
5693	9	8	7
5694	13	5	10
5695	420	442	477
5696	5	1	4
5697	21	24	26
5698	26	10	20
5699	18	27	32
5700	7	13	7
5701	1	2	0
5702	13	17	9
5703	0	0	0
5704	0	0	0
5705	9	1	4
5706	0	1	0
5707	1	1	0
5708	68	54	59
5709	47	45	45
5710	8	12	9
5711	9	18	9
5712	3	1	1
5713	144	149	138
5714	23	17	20
5715	1	0	0
5716	0	0	0
5717	4	2	0
5718	17	18	19
5719	101	87	83
5720	0	0	0
5721	7	6	5
5722	69	63	65
5723	3	3	10
5724	4	6	5
5725	5	5	6
5726	12	16	12
5727	3	2	1
5728	2	2	2
5729	26	29	30
5730	69	61	48
5731	156	157	190
5732	208	181	160
5733	25	27	25
5734	9	11	12
5735	1	4	3
5736	1	0	0
5737	0	0	0
5738	0	0	0
5739	5	5	3
5740	8	11	11
5741	15	25	22
5742	0	0	0
5743	9	7	7
5744	2	2	3
5745	7	1	3
5746	12	4	8
5747	48	38	25
5748	10	9	5
5749	178	149	138
5750	6	12	5
5751	117	134	103
5752	10	13	7
5753	1	3	2
5754	1	0	0
5755	7	3	0
5756	0	2	0
5757	61	49	59
5758	11	21	11
5759	2	1	1
5760	0	0	0
5761	100	112	100
5762	6	3	6
5763	4	9	12
5764	14	16	8
5765	12	14	9
5766	0	0	0
5767	1	1	1
5768	0	0	0
5769	0	0	0
5770	1	1	1
5771	38	39	24
5772	16	11	27
5773	4	1	0
5774	84	60	53
5775	30	24	26
5776	9	10	5
5777	0	0	0
5778	13	13	11
5779	46	32	39
5780	27	19	22
5781	3	3	2
5782	7	9	5
5783	33	29	32
5784	3	2	0
5785	3	6	5
5786	7	9	6
5787	6	6	3
5788	0	0	0
5789	1172	1084	1149
5790	195	182	233
5791	1	5	3
5792	295	226	173
5793	4	9	4
5794	155	126	192
5795	8	18	14
5796	3	6	6
5797	11	9	7
5798	1	1	0
5799	6	11	13
5800	206	186	208
5801	39	37	46
5802	4	1	4
5803	0	0	0
5804	3	1	5
5805	27	16	14
5806	11	11	10
5807	0	0	0
5808	2	8	0
5809	4	2	3
5810	55	42	26
5811	27	41	29
5812	87	67	97
5813	6	10	10
5814	0	0	0
5815	7	17	6
5816	42	56	44
5817	37	27	27
5818	14	13	11
5819	29	24	27
5820	18	15	9
5821	61	42	72
5822	4	5	1
5823	24	13	12
5824	207	238	178
5825	19	10	11
5826	2	1	1
5827	3	6	2
5828	6	10	7
5829	2	1	2
5830	10	28	26
5831	38	34	28
5832	0	5	4
5833	9	3	5
5834	11	7	10
5835	21	14	24
5836	8	6	16
5837	4	1	3
5838	23	17	15
5839	5	4	7
5840	110	94	84
5841	0	1	0
5842	22	24	13
5843	2	3	3
5844	2	3	2
5845	31	33	31
5846	3	0	0
5847	0	0	0
5848	21	13	21
5849	0	0	0
5850	2	0	0
5851	4	7	6
5852	6	7	1
5853	0	0	0
5854	9	12	7
5855	18	11	15
5856	14	13	18
5857	1	0	1
5858	42	42	27
5859	36	34	33
5860	21	17	14
5861	12	9	17
5862	8	3	8
5863	2	7	4
5864	12	6	10
5865	13	12	16
5866	0	0	0
5867	6	2	3
5868	0	0	0
5869	30	28	27
5870	1	2	1
5871	1	2	2
5872	7	3	7
5873	33	25	17
5874	0	3	1
5875	2	0	3
5876	35	31	41
5877	1	2	1
5878	0	0	1
5879	2	1	3
5880	1	2	0
5881	2	0	0
5882	0	0	0
5883	17	15	20
5884	10	5	4
5885	9	4	5
5886	1	0	0
5887	5	8	5
5888	8	6	5
5889	30	37	37
5890	21	29	21
5891	2	3	5
5892	0	0	0
5893	0	1	0
5894	149	111	124
5895	4	8	6
5896	0	0	0
5897	10	8	9
5898	0	0	0
5899	7	5	6
5900	0	0	0
5901	3	4	1
5902	14	22	12
5903	9	13	8
5904	5	1	2
5905	15	16	15
5906	22	26	24
5907	14	10	10
5908	13	10	7
5909	2	1	1
5910	1	4	3
5911	0	1	0
5912	5	5	2
5913	11	11	7
5914	32	28	28
5915	12	15	5
5916	21	32	24
5917	220	186	170
5918	52	48	55
5919	1	8	4
5920	0	0	0
5921	11	11	8
5922	0	1	1
5923	9	5	2
5924	0	1	1
5925	293	305	240
5926	18	33	19
5927	1	3	3
5928	10	6	2
5929	15	12	6
5930	1	0	0
5931	27	20	23
5932	280	237	234
5933	15	12	13
5934	0	2	2
5935	1	2	1
5936	0	0	0
5937	19	28	22
5938	190	149	131
5939	5	1	3
5940	3	12	9
5941	3	5	4
5942	6	4	2
5943	2	0	0
5944	0	0	0
5945	1012	972	863
5946	14	27	15
5947	8	9	11
5948	151	187	132
5949	28	28	19
5950	1	0	1
5951	12	7	7
5952	1	1	0
5953	2	5	2
5954	0	2	1
5955	21	9	13
5956	10	11	8
5957	0	0	0
5958	20	13	6
5959	2	0	0
5960	5	6	4
5961	165	142	128
5962	84	78	57
5963	2	4	1
5964	0	0	0
5965	0	1	0
5966	1	0	0
5967	0	0	0
5968	8	18	24
5969	84	80	77
5970	17	19	17
5971	2	3	4
5972	10	11	11
5973	3	3	2
5974	30	27	24
5975	19	12	16
5976	0	0	0
5977	0	0	0
5978	0	1	0
5979	62	57	58
5980	19	17	27
5981	6	19	9
5982	74	83	60
5983	0	0	0
5984	4	0	1
5985	28	29	32
5986	10	8	11
5987	6	5	0
5988	0	1	0
5989	6	4	7
5990	10	3	4
5991	57	45	64
5992	3	4	2
5993	19	11	18
5994	1	1	0
5995	13	7	4
5996	2	3	0
5997	1	2	1
5998	29	24	36
5999	39	45	42
6000	11	4	4
6001	5	9	11
6002	9	7	5
6003	4	2	6
6004	3	2	8
6005	13	12	22
6006	0	2	0
6007	0	1	1
6008	35	39	35
6009	7	11	15
6010	12	7	16
6011	184	202	191
6012	3	4	1
6013	15	15	14
6014	5	6	0
6015	4	4	4
6016	25	13	18
6017	3	5	6
6018	12	16	12
6019	1	1	2
6020	0	0	0
6021	3	5	4
6022	2	2	3
6023	15	16	22
6024	7	7	1
6025	6	13	4
6026	10	7	4
6027	4	5	4
6028	32	29	21
6029	26	26	25
