	-24	-23	-22	-21	-20	-19	-18	-17	-16	-15	-14	-13	-12	-11	-10	-9	-8	-7	-6	-5	-4	-3	-2	-1	0	1	2	3	4	5	6	7	8
TRP-SER-VAL (WSV)	3	2	5	3	3	5	3	5	2	1	0	4	3	23	4	5	4	4	4	6	5	3	3	4	4	3	1	1	7	6	1	1	1
MET-GLN-ASP (MQD)	1	4	1	4	8	3	2	2	1	1	3	2	4	20	2	3	3	1	7	2	1	7	3	3	1	2	4	2	4	4	6	3	6
CYS-PRO-GLY (CPG)	2	4	0	4	6	5	2	1	0	3	2	0	5	20	5	6	4	5	0	2	5	2	4	3	5	5	3	6	9	5	0	0	2
THR-TRP-LEU (TWL)	7	4	1	3	3	5	5	3	3	3	2	4	5	23	4	3	9	8	7	2	5	8	6	2	3	5	7	2	5	3	3	1	2
CYS-PHE-GLY (CFG)	2	4	5	7	5	5	4	10	5	6	5	4	2	24	11	3	6	5	7	5	2	6	6	14	5	5	2	5	7	1	2	5	2
VAL-TYR-ARG (VYR)	5	14	7	7	6	2	6	10	5	6	9	9	4	31	2	16	10	8	6	7	4	9	9	8	11	7	8	4	6	6	5	6	3
VAL-PRO-MET (VPM)	2	4	8	5	7	3	5	8	2	5	6	6	7	22	6	9	8	9	4	3	4	13	4	4	4	1	4	4	4	5	7	4	3
ALA-VAL-CYS (AVC)	7	3	2	7	2	4	5	0	4	4	5	9	2	14	2	5	4	5	3	4	2	3	5	2	3	2	0	5	4	1	1	0	3
GLN-MET-ASP (QMD)	3	7	3	1	4	3	3	4	2	2	0	6	4	12	3	1	3	2	2	2	3	2	4	0	2	7	2	6	6	2	2	2	2
CYS-ASN-ARG (CNR)	3	2	3	1	7	1	5	5	0	9	11	2	13	18	15	3	7	4	3	6	6	4	7	3	1	5	2	2	4	5	3	5	1
ASP-PRO-PRO (DPP)	6	6	7	10	10	11	9	12	11	8	7	14	19	37	4	17	16	15	10	6	10	13	8	27	12	8	10	9	8	8	6	14	14
LEU-GLU-MET (LEM)	8	7	7	9	6	10	14	9	9	10	13	10	5	28	9	13	12	8	8	7	4	7	15	9	10	8	5	10	7	11	14	11	6
CYS-VAL-PRO (CVP)	8	11	14	2	8	8	8	6	6	4	8	9	8	20	11	3	9	4	2	3	6	12	6	7	20	2	1	8	3	3	2	1	5
ALA-ARG-MET (ARM)	4	7	6	4	4	1	4	6	7	4	7	3	4	18	6	4	7	8	6	13	2	9	6	3	10	3	4	5	7	11	14	9	4
CYS-GLY-HIS (CGH)	2	6	1	6	1	4	5	5	5	8	6	6	7	12	3	5	7	3	4	4	4	4	5	4	4	1	2	2	1	4	2	4	4
PRO-HIS-ALA (PHA)	7	3	4	3	2	5	5	10	9	7	5	3	8	19	6	8	3	10	5	14	11	9	8	1	7	14	10	4	8	0	2	6	13
TYR-ALA-VAL (YAV)	9	6	12	10	9	5	7	8	7	11	9	6	9	24	8	10	9	10	9	7	4	11	7	8	10	16	10	1	6	10	9	7	6
CYS-GLY-TYR (CGY)	1	4	3	4	6	2	3	6	2	3	4	2	2	9	4	2	5	5	6	5	0	2	2	5	2	5	2	5	2	4	1	4	1
HIS-ALA-ALA (HAA)	14	8	13	18	25	11	14	7	14	8	7	8	14	27	10	6	6	13	6	12	4	14	9	10	6	7	12	6	8	11	5	4	6
MET-ASN-GLN (MNQ)	12	22	4	11	7	7	5	5	2	10	9	6	12	24	5	3	5	5	4	2	6	11	8	7	9	11	9	14	39	5	7	8	11
TRP-LEU-GLY (WLG)	8	6	4	7	4	2	6	3	1	3	6	2	6	11	6	7	4	4	6	2	2	6	7	3	1	3	4	3	4	3	0	4	2
PRO-PRO-GLY (PPG)	22	27	17	20	19	22	18	16	16	35	30	25	69	67	21	39	33	17	26	27	23	26	24	31	26	22	22	19	26	23	12	20	21
HIS-ASN-TRP (HNW)	3	7	5	6	3	2	1	6	4	10	6	4	5	16	4	3	11	9	5	7	9	10	5	2	13	5	4	16	8	4	6	5	5
PHE-ASN-PHE (FNF)	13	16	9	14	9	11	10	8	15	23	9	15	14	32	14	19	12	18	9	4	20	16	6	10	6	11	9	20	15	5	17	7	8
GLN-MET-HIS (QMH)	2	3	7	5	6	3	3	4	8	6	4	5	7	11	4	6	9	5	6	1	2	2	7	4	3	3	1	4	3	2	1	7	2
HIS-SER-TYR (HSY)	8	6	8	11	7	5	8	6	11	25	6	10	6	20	20	6	6	6	6	4	4	6	7	7	7	15	6	5	4	6	4	7	3
ARG-LEU-LYS (RLK)	70	60	54	58	63	42	53	74	72	66	50	64	164	158	64	76	80	59	65	53	32	63	52	44	48	73	35	59	39	31	44	76	63
ILE-GLY-CYS (IGC)	1	3	4	4	2	5	4	3	9	7	9	1	9	12	5	3	3	5	6	4	5	6	1	5	6	7	2	4	8	6	4	5	2
CYS-TRP-GLU (CWE)	1	2	2	3	8	2	3	2	0	0	2	1	0	9	4	4	2	2	2	4	5	5	5	1	7	7	1	11	0	4	8	4	11
VAL-THR-MET (VTM)	4	6	2	4	0	11	2	4	3	3	6	8	4	13	3	5	4	8	3	6	12	6	5	6	8	4	6	6	6	5	7	5	3
THR-ASN-ARG (TNR)	16	10	10	7	12	5	12	10	13	10	7	8	25	27	10	15	6	13	14	11	9	8	10	5	9	6	13	13	14	4	13	15	11
MET-LEU-TYR (MLY)	2	1	4	1	5	2	4	2	6	4	4	4	6	9	6	4	5	3	5	8	0	2	2	0	6	2	3	3	11	0	1	7	2
CYS-ARG-LYS (CRK)	4	9	8	4	9	12	3	4	3	2	3	1	4	11	3	5	5	2	2	4	1	6	3	8	4	4	1	5	5	2	6	7	3
GLU-MET-PRO (EMP)	9	2	0	2	2	2	4	1	3	3	3	3	5	10	8	6	3	2	6	6	2	10	2	5	6	6	8	8	3	6	2	0	2
HIS-ASP-GLY (HDG)	9	9	9	12	9	12	21	10	10	16	7	12	12	25	12	7	6	6	7	9	10	7	4	12	4	13	12	7	9	22	9	13	8
MET-MET-LYS (MMK)	2	3	4	3	3	2	3	1	2	3	5	1	5	10	3	5	7	4	7	11	4	4	5	4	3	3	2	4	9	0	3	9	6
ASP-GLY-TRP (DGW)	5	1	3	4	2	2	3	2	4	4	5	1	5	8	5	5	4	6	4	5	6	3	2	0	2	2	5	2	3	2	4	1	3
LEU-HIS-TYR (LHY)	8	6	6	7	4	5	12	6	12	8	7	15	16	21	12	5	6	12	17	5	7	12	10	4	11	9	8	10	11	10	3	8	5
PHE-GLN-ASP (FQD)	6	4	5	5	1	2	12	6	6	11	8	8	3	15	1	9	6	5	4	5	11	11	8	6	10	5	5	5	6	6	9	1	8
PHE-ALA-MET (FAM)	7	1	5	1	1	3	3	4	7	8	3	4	5	9	5	4	5	3	2	2	5	5	1	2	4	4	1	6	4	3	2	4	5
PHE-ASN-MET (FNM)	2	4	3	6	2	2	3	2	2	3	4	3	5	8	4	2	4	4	4	6	2	2	0	6	2	2	1	7	3	5	5	4	2
VAL-GLY-TRP (VGW)	3	3	7	2	2	2	7	7	4	5	4	1	10	9	4	5	6	4	4	6	3	2	5	3	1	2	2	0	1	4	5	3	3
ARG-ASN-MET (RNM)	19	7	18	17	7	15	5	3	3	26	11	8	13	26	7	7	10	6	4	10	11	7	19	9	8	17	6	12	5	13	19	20	5
CYS-ASN-ASP (CND)	1	4	9	3	2	3	2	0	3	9	3	1	6	8	0	2	3	3	3	4	2	4	3	3	4	5	2	4	1	4	4	3	7
LEU-CYS-ARG (LCR)	3	2	1	4	5	2	3	0	2	9	4	4	2	7	3	2	3	3	0	4	1	1	4	4	8	4	2	2	2	1	6	1	2
ILE-PRO-TRP (IPW)	2	5	5	3	5	0	6	8	3	5	2	2	3	9	2	5	3	3	5	3	4	5	5	2	5	6	7	10	2	1	1	1	2
HIS-GLY-TYR (HGY)	9	7	8	14	11	20	19	13	12	15	16	16	9	28	14	19	13	8	6	9	16	24	6	7	7	11	8	7	12	9	9	12	11
ILE-PRO-GLY (IPG)	23	20	23	31	24	22	27	15	23	30	27	27	56	59	25	35	24	24	28	18	23	24	14	25	41	33	27	20	26	23	12	17	15
THR-GLY-PHE (TGF)	14	8	21	10	21	15	19	15	16	8	13	15	8	33	15	18	15	10	17	22	14	18	17	18	20	12	7	12	11	12	12	8	9
CYS-GLY-GLU (CGE)	0	5	5	4	4	1	14	6	3	5	1	4	8	9	5	4	5	5	4	2	3	3	4	4	5	4	3	2	3	1	1	3	2
