	-30	-29	-28	-27	-26	-25	-24	-23	-22	-21	-20	-19	-18	-17	-16	-15	-14	-13	-12	-11	-10	-9	-8	-7	-6	-5	-4	-3	-2	-1	0	1	2
ALA_GCT	5304	5116	4944	5333	5200	5044	5378	5024	4955	5189	5005	4958	5202	5023	4955	5257	5167	5012	5332	5207	5170	5699	5241	5313	5647	4959	5001	5408	5349	4012	5343	3373	3817
ALA_GCC	2033	1918	1998	1905	1904	1804	1919	2012	1957	2034	1937	1883	1979	1816	1853	1985	1999	1878	1891	1944	1942	2152	2071	1998	2222	1960	1991	2264	2452	1623	1799	1198	1354
ALA_GCA	2181	2050	2083	2174	2097	2001	2264	2078	1987	2232	2155	2035	2345	2183	2112	2232	2156	2094	2326	2199	2166	2375	2089	2120	2396	1998	1996	2080	2190	1561	2085	1266	1891
ALA_GCG	299	317	297	343	277	289	288	293	285	308	260	282	374	352	287	283	273	284	287	258	283	313	300	288	336	281	277	303	249	221	288	160	199
ARG_CGT	1056	1033	955	1081	1080	1017	1025	1113	1058	1120	1099	976	1140	1176	975	1061	1027	1027	1147	1075	1057	1074	1026	1022	1128	1112	1058	1078	925	879	914	935	453
ARG_CGG	155	125	132	123	102	103	136	125	135	143	128	122	223	194	116	149	158	112	147	133	131	130	114	118	146	137	118	162	116	126	138	69	75
ARG_CGC	98	92	81	89	99	75	98	82	77	81	89	106	166	113	95	102	108	79	90	76	71	104	91	103	85	96	89	96	88	95	76	89	35
ARG_CGA	526	491	464	540	498	462	549	511	478	586	565	493	802	673	531	636	627	506	565	586	526	511	573	464	577	530	515	581	562	454	422	414	313
ARG_AGA	5537	5229	4957	5491	5241	5129	5508	5172	5026	5626	5373	4986	5441	5184	5148	5793	5179	5013	5587	5304	4975	5448	5259	5160	5452	5232	4849	5341	5352	5103	5482	6740	4425
ARG_AGG	378	387	341	373	390	414	432	429	344	402	373	423	498	401	378	398	407	329	469	405	387	416	425	386	422	372	328	374	386	371	410	266	230
ASN_AAT	5926	5627	5449	5796	5611	5447	5873	5606	5392	5915	5504	5170	5753	5405	5262	6269	5767	5437	5801	5740	5680	5882	5739	5386	5914	5667	5572	5900	5342	5815	7154	8147	5971
ASN_AAC	2849	2818	2827	2877	2814	2742	2892	2868	2858	3039	2821	2793	2826	2780	2831	3137	2985	2725	2900	2654	2796	2903	2919	2918	2993	2987	2822	3208	2769	3009	3384	3831	2846
ASP_GAT	8082	7857	7966	7997	7685	7734	8261	7748	7721	8040	7671	7843	8184	7686	7975	8035	7773	7977	8284	8137	8252	8774	8102	7979	8419	7586	7824	7920	7407	7029	8046	6360	9595
ASP_GAC	2510	2393	2628	2546	2445	2432	2591	2333	2582	2454	2432	2589	2630	2563	2498	2530	2429	2622	2528	2529	2531	2611	2661	2612	2545	2462	2406	2374	2459	2233	2535	2009	3338
CYS_TGT	1253	1075	1033	1167	1108	1103	1195	1127	1105	1242	1200	1145	1193	1200	1022	1096	1033	1141	1099	1201	1119	1193	1149	1046	1088	1137	1164	1109	1181	1181	973	1051	571
CYS_TGC	120	150	145	143	138	135	158	135	129	146	134	138	183	153	155	154	138	145	126	129	129	169	158	122	168	162	154	160	147	166	102	135	81
GLN_CAA	6293	6022	5921	6269	5775	5842	6392	6082	6021	6320	6179	5871	6056	5947	6127	6501	6025	5889	6167	5972	5976	6207	6103	6065	6363	6486	6204	6722	6018	5540	5536	7567	6470
GLN_CAG	959	929	851	976	921	897	954	957	856	948	999	1008	1005	958	960	1022	961	901	991	958	826	921	1044	981	1079	1005	906	1002	844	803	856	886	793
GLU_GAA	11748	11238	11479	12007	11400	11556	11786	11406	11519	11657	11242	11852	11789	11198	11755	11545	11107	11744	12123	11213	11390	11895	11121	11438	11857	11094	11335	10910	10962	10667	11181	9551	19486
GLU_GAG	2361	2277	2283	2397	2384	2204	2391	2283	2273	2429	2248	2472	2550	2383	2196	2289	2423	2356	2270	2372	2272	2302	2276	2346	2420	2261	2156	2197	2094	1920	2156	1718	3308
GLY_GGT	5549	5205	5108	5451	5209	5165	5484	5202	5013	5470	5198	5031	5326	5230	5029	5508	5523	5094	5376	5345	5148	5621	5653	5235	5405	5264	5025	5184	5519	4407	3940	4123	3099
GLY_GGC	586	591	488	630	551	531	610	515	566	615	560	554	682	662	592	599	614	559	589	570	541	569	564	550	668	611	600	591	637	512	353	512	395
GLY_GGA	2102	1981	1819	2011	1965	1843	1939	1942	1870	2044	1894	1790	2164	1965	1910	2112	1997	1929	2043	2003	1757	1955	2013	2003	1966	1877	1787	1843	2082	1658	1365	1603	1646
GLY_GGG	942	926	797	929	843	882	969	905	822	945	856	808	936	968	836	945	899	801	917	861	878	872	948	851	980	860	869	945	1037	869	572	520	829
HIS_CAT	1979	1862	1778	1943	1826	1923	1853	1817	1787	2038	1818	1744	1941	1870	1713	2059	2016	1741	1997	1951	1836	1939	2001	1809	1973	1882	1784	2078	1692	1721	1782	2369	1497
HIS_CAC	953	971	941	1069	1023	1003	1052	1029	935	1084	1055	976	1079	998	1015	1011	1038	896	1000	1035	1069	1040	1027	923	1021	1111	1054	1156	986	1009	926	1163	885
ILE_ATT	5668	5267	5171	5506	5351	5320	5569	5420	5430	5722	5436	5238	5285	5256	5228	5587	5374	5156	5552	5491	5074	5487	5120	5267	5614	5458	5302	5733	5148	6013	7316	5883	5265
ILE_ATC	1931	1813	1787	2006	1922	1857	2001	1836	1880	1921	1890	1969	1966	1787	1859	2018	1914	1854	1957	1963	1808	1956	1777	1912	1930	1913	1896	2007	1850	2266	2468	1752	1906
ILE_ATA	1846	1652	1658	1840	1640	1626	1901	1655	1696	1818	1784	1639	1974	1778	1801	1910	1860	1837	1857	1777	1570	1793	1689	1644	1830	1747	1705	1822	1877	1949	2271	1897	1957
LEU_TTA	5403	4850	5051	5435	4991	5044	5365	4998	4977	5207	5052	4848	5305	5020	4997	5229	4952	4926	5169	4934	4959	5402	4924	4592	5035	5251	4995	5501	5814	6197	5549	5694	4634
LEU_TTG	5949	5729	5614	6162	5552	5583	5885	5635	5552	5952	5541	5499	5987	5709	5524	5711	5414	5553	5875	5442	5524	5909	5369	5381	5901	5771	5628	5794	5776	5983	6025	4907	3698
LEU_CTT	1074	1068	875	1032	1009	987	1047	1039	987	1061	985	974	1165	1050	985	975	876	985	1082	1061	977	1049	979	936	1112	1059	996	1123	930	1132	1018	1082	708
LEU_CTC	262	252	255	224	246	249	245	244	223	284	238	224	298	232	227	236	264	247	250	225	255	249	253	251	240	353	261	268	254	287	233	262	201
LEU_CTA	438	471	343	466	458	450	499	446	446	467	463	458	718	609	475	528	450	439	511	459	468	433	459	425	477	475	455	485	478	484	503	459	437
LYS_AAA	10046	9539	9172	10162	9663	9521	10083	9515	9410	10019	9799	9512	10081	9469	9371	10365	9700	9354	10225	9224	9530	9638	9353	9322	9902	9317	9694	10003	9296	9543	11383	13378	12713
LYS_AAG	4142	4242	4257	4278	4380	4165	4466	4150	4020	4504	4125	4127	4484	4334	4162	4582	4359	4269	4646	4115	4179	4346	4315	4356	4507	4475	4061	4359	4111	4159	5091	5143	4487
PHE_TTT	3411	3340	3154	3432	3196	3104	3510	3243	3078	3332	3269	3284	3219	3063	3120	3354	3145	3097	3260	3161	3053	3192	3136	2979	3194	3285	2921	3604	3384	3834	3494	3752	2338
PHE_TTC	2167	2051	2089	2143	2069	2104	2093	1916	2090	1961	1937	1892	1889	1984	1936	2070	1885	1952	2084	1892	1917	2087	1931	1860	1910	1960	2054	2278	2125	2541	2072	2071	1612
PRO_CCT	1546	1507	1484	1583	1517	1500	1643	1478	1516	1648	1497	1448	1596	1512	1453	1765	1731	1448	1800	1564	1466	1596	1548	1434	1665	1584	1611	1926	1448	1535	1433	1665	1096
PRO_CCC	447	391	395	396	363	370	416	435	338	414	389	383	396	399	374	382	423	387	482	404	320	424	393	425	400	407	403	585	467	460	414	331	318
PRO_CCA	4059	3859	3848	4067	3866	3878	4132	3873	3876	4204	3841	3962	4142	4058	3763	4515	4223	4047	4503	3907	3980	4295	3876	4016	4195	4063	3979	4517	3680	3715	3412	3452	3482
PRO_CCG	348	334	320	346	311	308	333	351	324	334	293	293	380	372	328	345	381	312	366	338	291	324	310	322	364	302	335	393	284	348	332	310	205
SER_TCT	3144	2918	2869	3181	2903	2965	3032	2902	3008	3250	3010	2974	3106	3015	2995	3131	2906	3069	3117	2991	2970	3171	2916	2885	3099	2991	3120	3344	3105	3369	2859	3292	2187
SER_TCC	1252	1161	1161	1286	1178	1177	1196	1143	1182	1265	1189	1204	1228	1154	1198	1117	1145	1122	1193	1146	1217	1227	1164	1157	1273	1188	1294	1331	1409	1329	1249	975	835
SER_TCA	3190	2905	2944	3168	3124	2940	3166	3204	2959	3192	3050	2956	3167	2990	2861	2977	2980	2881	3202	2890	2877	3372	2994	2949	3088	3139	3060	3377	3382	3050	2822	3171	2840
SER_TCG	765	688	764	792	784	705	736	749	690	800	763	732	824	791	680	764	738	692	788	670	717	780	687	675	801	749	753	757	736	733	686	770	479
SER_AGT	2250	2040	2053	2228	2177	2075	2202	2184	2037	2284	2089	2126	2258	2165	2100	2241	2078	1906	2180	2131	2050	2125	2241	2164	2313	2308	1981	2104	2138	2045	2118	2723	1296
SER_AGC	587	609	557	631	541	556	617	627	592	591	633	576	614	606	606	595	571	604	596	547	579	636	549	542	611	646	544	567	567	663	470	755	374
SER_CTG	424	397	338	403	430	393	408	391	339	406	375	370	534	446	368	406	373	357	424	426	386	426	409	404	403	348	399	466	322	371	446	303	236
THR_ACT	4067	3898	3886	4017	3881	3874	4038	3879	3870	4028	3869	3769	3840	3719	3772	3899	3742	3711	4193	3861	3765	4079	3990	3973	4387	3768	3769	4189	3685	3873	4998	4124	3658
THR_ACC	1879	1818	1765	1773	1739	1669	1800	1825	1810	1845	1847	1847	1718	1754	1763	1779	1691	1727	1877	1745	1726	1926	1671	1790	1874	1775	1903	1969	1921	1760	2183	1445	1619
THR_ACA	2075	2002	1799	2044	1849	1756	2018	1908	1824	2139	1952	1816	2115	1936	1838	2077	1919	1827	2110	1887	1832	2134	1828	1890	2104	1864	1922	2059	2014	1945	2370	1909	1943
THR_ACG	431	422	380	464	400	366	470	438	383	495	460	431	527	463	388	446	398	449	469	468	429	480	439	441	518	423	390	459	391	417	637	422	296
TRP_TGG	1313	1271	1160	1354	1215	1163	1317	1267	1241	1355	1216	1331	1495	1412	1257	1286	1278	1307	1392	1313	1261	1345	1357	1273	1348	1370	1336	1294	1267	1459	1253	751	941
TYR_TAT	2941	2835	2839	3097	2921	2768	3003	2800	2732	2954	2860	2638	2969	2936	2760	3041	2759	2719	2844	2932	2686	3014	2871	2595	2768	2792	2685	3111	2990	3058	3033	3701	2235
TYR_TAC	1767	1681	1620	1691	1538	1551	1680	1621	1577	1643	1583	1600	1788	1642	1611	1651	1587	1573	1669	1518	1721	1597	1612	1461	1645	1682	1680	1844	1795	1884	1546	2170	1413
VAL_GTT	5090	4988	5001	5117	5049	4814	5146	5163	4821	5067	4873	4785	4773	4575	4880	4919	4622	4877	5058	5098	4717	5209	4860	4853	5072	4643	4607	5005	4612	4650	5018	3216	5256
VAL_GTC	1463	1443	1568	1586	1518	1532	1586	1524	1454	1570	1478	1497	1489	1418	1575	1575	1495	1618	1490	1665	1624	1616	1664	1541	1653	1440	1557	1616	1674	1510	1518	898	1800
VAL_GTA	1271	1099	1125	1184	1065	1110	1209	1128	1162	1086	1106	1108	1212	1099	1030	1151	1066	1104	1136	1115	1096	1188	1072	1096	1038	984	1053	1057	1073	978	1143	677	1301
VAL_GTG	1433	1285	1323	1411	1299	1310	1408	1291	1347	1461	1445	1220	1555	1495	1308	1370	1277	1308	1439	1372	1319	1460	1322	1333	1490	1307	1267	1378	1302	1062	1489	761	941
TERM_TAA	92	115	89	81	109	89	86	63	86	82	71	83	224	242	89	102	74	62	62	61	94	60	52	47	41	53	51	69	58	61	41	66	72
TERM_TGA	20	24	19	17	16	15	15	11	16	15	33	17	39	106	24	23	31	32	24	24	14	11	16	18	14	18	15	16	9	10	9	15	2
TERM_TAG	25	31	28	35	21	23	34	23	36	18	23	24	72	94	52	36	24	25	26	18	22	20	16	22	28	17	12	16	18	18	11	16	49
MET_ATG	2334	2272	2153	2274	2329	2154	2433	2181	2263	2448	2280	2249	2427	2216	2257	2441	2280	2336	2422	2245	2252	2361	2250	2253	2495	2171	2257	2351	2079	2288	3092	2195	1691
