	-27	-26	-25	-24	-23	-22	-21	-20	-19	-18	-17	-16	-15	-14	-13	-12	-11	-10	-9	-8	-7	-6	-5	-4	-3	-2	-1	0	1	2	3	4	5
HIS-CYS (HC)	38	38	26	42	31	22	39	32	29	43	40	25	46	59	33	44	37	47	49	41	29	38	29	38	45	26	37	31	48	31	27	38	24
PRO-GLY (PG)	302	298	267	318	300	297	303	273	262	306	303	348	443	480	309	393	400	332	358	341	306	319	312	296	358	326	331	286	391	252	200	229	199
PRO-CYS (PC)	46	27	23	37	31	23	44	28	34	45	37	36	48	49	38	27	20	41	30	27	54	25	24	32	42	28	35	30	28	33	22	32	11
GLY-TRP (GW)	67	89	67	104	66	69	89	59	82	97	86	77	91	112	65	79	70	84	85	80	79	77	72	77	77	106	60	48	59	56	68	34	59
TRP-CYS (WC)	40	16	18	17	20	23	19	18	30	38	27	26	38	33	11	23	30	18	28	30	21	31	24	29	18	20	23	28	17	12	16	21	7
TRP-PRO (WP)	31	28	29	33	24	38	31	27	38	51	38	36	33	46	33	37	32	35	33	39	40	30	25	41	33	28	40	33	24	25	28	22	13
GLN-TRP (QW)	53	43	47	46	61	45	47	55	50	41	49	45	58	71	64	44	51	64	50	65	60	44	50	49	55	46	54	49	69	57	58	34	37
TRP-HIS (WH)	16	21	6	13	11	20	29	11	12	31	19	18	18	23	19	19	20	17	26	19	16	13	12	11	15	19	28	23	11	9	15	15	12
ASP-TRP (DW)	109	96	92	106	100	106	118	78	102	109	82	129	125	132	111	108	112	106	125	107	93	105	99	86	105	99	77	85	84	111	87	37	66
GLY-CYS (GC)	98	101	97	108	73	104	105	103	96	112	105	91	99	115	105	105	90	81	83	90	100	103	92	75	76	93	73	69	55	52	63	53	32
ASN-ARG (NR)	334	352	342	332	342	326	378	344	379	393	386	313	460	470	379	387	324	327	397	347	336	368	366	356	378	348	320	440	460	343	375	380	274
TRP-LEU (WL)	122	97	106	106	123	92	115	96	118	151	127	84	105	137	122	116	120	101	115	127	115	139	118	112	102	100	111	102	62	75	85	88	75
VAL-TRP (VW)	73	73	78	82	70	73	83	70	76	71	78	69	82	90	76	66	73	70	72	65	83	63	76	78	70	89	77	61	36	90	58	37	38
HIS-GLU (HE)	217	196	171	189	188	220	205	187	184	203	197	203	233	268	224	235	175	212	247	209	189	224	248	213	227	156	155	161	232	173	170	131	616
PRO-ASP (PD)	302	304	298	342	348	301	328	289	295	352	342	309	453	407	352	424	331	338	337	318	366	398	320	341	432	329	283	275	301	192	327	253	339
PHE-MET (FM)	66	69	74	69	84	95	101	63	93	76	89	68	90	104	90	95	81	65	99	71	82	85	90	79	107	74	106	90	84	66	149	85	56
CYS-PHE (CF)	65	70	49	59	67	75	75	59	75	60	47	51	64	77	63	63	78	59	72	67	63	59	67	47	53	63	71	65	65	34	100	59	46
GLY-GLY (GG)	844	792	744	798	819	750	857	785	783	841	838	799	923	931	779	805	913	756	810	909	737	836	836	708	824	921	637	480	750	543	500	542	523
GLY-ASP (GD)	549	519	511	553	518	496	561	480	511	594	536	525	610	622	503	519	540	520	575	580	568	553	520	539	542	609	439	382	397	322	390	304	570
CYS-GLY (CG)	110	87	97	116	111	95	104	130	98	104	118	106	87	113	91	105	84	87	79	83	90	100	105	87	104	99	89	87	87	55	76	50	59
PRO-TYR (PY)	183	163	183	175	191	197	186	183	174	207	190	183	220	217	173	201	169	166	202	171	191	191	169	161	208	181	169	162	182	132	142	214	116
TYR-HIS (YH)	108	101	92	115	106	123	119	109	97	114	94	110	98	130	112	123	134	99	129	112	116	97	129	98	127	114	112	102	111	77	101	123	77
ASP-PRO (DP)	358	327	282	357	306	349	372	332	285	380	346	324	344	394	346	342	412	290	404	373	310	360	342	343	313	326	276	377	279	336	271	295	224
TRP-PHE (WF)	49	67	60	64	54	53	67	68	70	58	63	44	57	64	57	70	60	71	60	45	32	48	54	37	51	45	67	46	45	46	35	46	33
MET-THR (MT)	122	113	122	114	104	148	122	89	112	130	123	129	139	148	116	132	118	127	154	147	128	146	119	120	143	110	112	162	102	85	104	266	75
GLU-TRP (EW)	127	121	97	124	92	94	115	111	116	128	79	135	134	123	110	112	98	108	98	108	97	85	110	89	96	111	77	103	84	191	86	36	87
ASN-PRO (NP)	336	318	309	316	300	331	367	319	292	317	320	330	391	405	334	372	366	361	393	358	344	331	340	312	385	351	338	440	450	309	393	365	315
PHE-HIS (FH)	102	104	101	93	91	101	92	81	100	93	85	95	104	115	101	124	83	81	95	106	104	96	131	88	102	110	122	112	91	78	81	133	77
GLU-CYS (EC)	80	63	67	76	54	67	73	53	63	69	71	73	76	77	62	63	57	80	70	73	56	73	76	49	61	67	49	64	69	134	58	54	29
PRO-PHE (PF)	239	255	218	251	194	228	226	199	217	196	214	194	219	249	177	242	204	182	197	228	236	246	258	211	290	205	195	184	221	234	178	207	141
ARG-SER (RS)	467	453	435	477	440	421	471	475	401	522	480	449	496	516	421	473	482	433	445	399	444	546	393	432	477	486	418	427	537	317	493	364	315
HIS-TRP (HW)	23	15	29	31	17	14	21	27	17	18	25	32	24	25	16	17	18	20	28	20	31	26	16	22	18	20	20	25	30	17	20	13	23
CYS-ARG (CR)	49	55	61	77	44	60	63	50	51	66	65	51	56	63	58	43	55	58	46	60	37	60	65	59	46	58	58	39	43	21	116	54	30
ILE-LEU (IL)	707	629	699	770	682	717	703	725	717	739	690	681	801	830	662	707	650	630	721	634	625	721	659	692	740	745	797	998	876	926	806	756	508
ASN-CYS (NC)	71	70	65	62	72	104	79	70	52	56	66	76	70	81	70	64	71	78	57	82	51	86	72	63	67	61	86	75	103	81	66	71	45
GLY-GLU (GE)	578	630	626	605	530	599	629	554	533	519	505	529	624	635	575	580	580	581	625	630	583	601	519	612	554	636	490	380	456	366	503	361	700
TYR-MET (YM)	62	66	59	86	60	53	58	56	76	55	73	59	62	74	59	60	48	82	75	82	58	58	55	60	67	61	80	71	56	57	96	64	60
TRP-TRP (WW)	32	27	24	23	19	15	23	36	21	24	31	25	19	29	28	29	23	31	27	21	29	38	29	22	25	28	46	22	19	27	27	11	14
TYR-CYS (YC)	55	52	49	58	41	55	44	41	39	46	59	50	69	59	44	48	36	49	46	68	70	55	47	54	54	55	43	42	77	54	61	60	40
GLU-GLY (EG)	617	512	527	597	540	570	530	575	563	644	561	535	589	620	563	636	489	568	545	543	633	632	578	574	496	463	520	510	482	742	331	397	399
HIS-MET (HM)	31	67	58	50	51	45	78	40	30	63	48	37	46	48	27	44	45	39	49	31	33	37	45	32	32	35	35	35	53	37	50	22	28
GLY-ARG (GR)	502	454	453	470	513	443	474	493	470	562	539	461	503	507	467	504	463	437	473	485	449	462	475	444	513	501	406	320	336	287	316	364	271
THR-MET (TM)	124	122	106	124	134	96	137	150	124	118	152	114	140	141	136	121	120	146	117	107	120	143	135	139	134	104	138	114	109	114	159	100	87
ASP-CYS (DC)	74	92	61	90	75	55	104	67	62	79	80	82	80	87	49	75	77	82	85	93	73	101	81	86	111	78	65	82	65	78	57	74	53
ILE-TRP (IW)	82	82	71	93	79	76	96	73	84	77	71	92	94	93	91	78	101	58	86	100	66	76	92	81	84	94	91	112	70	90	93	55	66
ALA-SER (AS)	689	646	644	721	659	646	678	693	666	734	649	713	691	740	686	688	663	698	777	655	672	799	700	634	726	821	490	702	406	570	573	557	477
GLY-THR (GT)	451	388	424	442	409	420	490	434	411	431	439	431	431	464	396	463	418	379	440	465	408	453	428	404	445	444	386	352	352	295	463	327	360
ALA-HIS (AH)	141	155	124	159	141	139	138	169	137	161	166	119	142	159	136	160	167	119	169	156	154	139	150	127	132	205	126	164	77	107	108	162	102
GLY-SER (GS)	692	610	584	710	624	605	674	620	626	684	649	667	741	676	601	708	682	591	629	682	611	639	633	569	577	664	577	455	491	449	443	463	411
ALA-PHE (AF)	299	301	344	361	314	339	327	322	302	310	321	313	295	334	278	321	324	293	376	297	296	297	274	298	265	293	221	344	197	290	250	276	230
