760.0	4.741377792065216
380.0	1.9056242936235628
253.33333333333334	1.2990710291791898
190.0	0.8034978730958464
152.0	0.731217442233767
126.66666666666667	0.41085146468067113
108.57142857142857	0.43941465853599754
95.0	0.4931783041868159
84.44444444444444	0.44978148401162565
76.0	0.2096054066506655
69.0909090909091	0.20747077059000715
63.333333333333336	0.27481652823193364
58.46153846153846	0.36624111167792983
54.285714285714285	0.22210551888404556
50.666666666666664	0.22497035232456575
47.5	0.23843068438725587
44.705882352941174	0.0784192547218165
42.22222222222222	0.1831538043033451
40.0	0.1324634916234607
38.0	0.20038590916360374
36.19047619047619	0.07938577819408896
34.54545454545455	0.28407237338064156
33.04347826086956	0.1931475892989719
31.666666666666668	0.23716788144795298
30.4	0.3686569674010843
29.23076923076923	0.37581989999098764
28.14814814814815	0.2803103142563175
27.142857142857142	0.11456084760341978
26.20689655172414	0.24364582156837516
25.333333333333332	0.16357981312830605
24.516129032258064	0.2307631314685805
23.75	0.06296233483650629
23.03030303030303	0.1802689651154794
22.352941176470587	0.20830717914073701
21.714285714285715	0.19106874002626362
21.11111111111111	0.13832772861044848
20.54054054054054	0.21081701427204025
20.0	0.09727188389456987
19.487179487179485	0.2671731815707502
19.0	0.12875806682098873
18.536585365853657	0.04127590369599323
18.095238095238095	0.13895330798883587
17.674418604651162	0.169371171140578
17.272727272727273	0.22554265763487685
16.88888888888889	0.10679939722103417
16.52173913043478	0.05571163963782043
16.170212765957448	0.10329482039044205
15.833333333333334	0.13378351690033016
15.510204081632653	0.14041667486306958
15.2	0.05451225054247236
14.901960784313726	0.2521954066723218
14.615384615384615	0.16191399063673978
14.339622641509434	0.0570065717492555
14.074074074074074	0.18155187906194878
13.818181818181818	0.05648397773263255
13.571428571428571	0.10431250786989504
13.333333333333334	0.025353822480999086
13.10344827586207	0.13145295056269982
12.88135593220339	0.134895213421827
12.666666666666666	0.26742051818787727
12.459016393442623	0.07663572683962791
12.258064516129032	0.14746379900873877
12.063492063492063	0.04948497271420355
11.875	0.10880460996257617
11.692307692307692	0.1120183148367525
11.515151515151516	0.2278943571493054
11.343283582089553	0.09026050175175114
11.176470588235293	0.10900447990675972
11.014492753623188	0.15684164947206627
10.857142857142858	0.21471322682488134
10.704225352112676	0.17059677597812029
10.555555555555555	0.14313197422842205
10.41095890410959	0.14432002938509564
10.27027027027027	0.11195519791372953
10.133333333333333	0.03003550845012107
10.0	0.17854716529646994
9.87012987012987	0.055506111878032754
9.743589743589743	0.04458254926682052
9.620253164556962	0.10848744903363104
9.5	0.06636814485576639
9.382716049382717	0.21580091287221478
9.268292682926829	0.038247327739853974
9.156626506024097	0.0913912044486181
9.047619047619047	0.024784537676705715
8.941176470588236	0.011244949266879816
8.837209302325581	0.17425713376045782
8.735632183908047	0.11418115346461878
8.636363636363637	0.07514284853919587
8.539325842696629	0.018473904942487466
8.444444444444445	0.01306027545751259
8.351648351648352	0.09869769415850083
8.26086956521739	0.1149339902584319
8.172043010752688	0.06345037944109604
8.085106382978724	0.03978838634948033
8.0	0.131424352146988
7.916666666666667	0.09738003234395802
7.835051546391752	0.10697442563571742
7.755102040816326	0.09481566360353327
7.6767676767676765	0.14297941085938476
7.6	0.06300111093866709
7.524752475247524	0.1624786021661358
7.450980392156863	0.026606708735014268
7.378640776699029	0.10904961676067057
7.3076923076923075	0.15627929638966598
7.238095238095238	0.07941393414824614
7.169811320754717	0.1584949004350608
7.102803738317757	0.18877885351643087
7.037037037037037	0.05597655083591998
6.972477064220183	0.12324483705992612
6.909090909090909	0.13101927720762982
6.846846846846847	0.1367210413553828
6.785714285714286	0.030407401313384343
6.725663716814159	0.07466896145907101
6.666666666666667	0.25363183944899076
6.608695652173913	0.0956736803543201
6.551724137931035	0.03744916394312432
6.495726495726496	0.05366750295327118
6.440677966101695	0.07646867232201653
6.38655462184874	0.05797797334646848
6.333333333333333	0.10063439357459518
6.2809917355371905	0.18316202584246216
6.229508196721311	0.12441418235621084
6.178861788617886	0.07457591198084138
6.129032258064516	0.04420098878021538
6.08	0.05355385974146954
6.031746031746032	0.1456484013842636
5.984251968503937	0.11946925403159782
5.9375	0.012043884814394477
5.891472868217054	0.08175258649968038
5.846153846153846	0.1859403500202933
5.801526717557252	0.05330897227220068
5.757575757575758	0.09189086535813386
5.714285714285714	0.15921794512833032
5.6716417910447765	0.11110734696179546
5.62962962962963	0.09438280852734922
5.588235294117647	0.09936984447295652
5.547445255474453	0.12563631068062572
5.507246376811594	0.11380495578120188
5.467625899280575	0.11907280271801578
5.428571428571429	0.05373349613949105
5.390070921985815	0.08067852778595966
5.352112676056338	0.08835348382292234
5.314685314685315	0.08824256031336172
5.277777777777778	0.1435649204580854
5.241379310344827	0.07972786408227338
5.205479452054795	0.17272128683782875
5.170068027210885	0.12474080743452402
5.135135135135135	0.0437656182351764
5.100671140939597	0.015265034365280249
5.066666666666666	0.1322905640948271
5.033112582781457	0.14990972596487115
5.0	0.05602463549148111
4.967320261437909	0.04859439236457894
4.935064935064935	0.1289903441443995
4.903225806451613	0.05690618592051497
4.871794871794871	0.07324309985762001
4.840764331210191	0.055543798429151095
4.810126582278481	0.08214605221719982
4.779874213836478	0.0590844568622961
4.75	0.06518453489107891
4.720496894409938	0.0597481026399854
4.691358024691358	0.1333776857778281
4.662576687116564	0.06285342141943
4.634146341463414	0.08380247957863889
4.606060606060606	0.11298767999219718
4.578313253012048	0.06816664440116943
4.550898203592815	0.07847970850576226
4.523809523809524	0.10738541405004723
4.497041420118343	0.06602362782732414
4.470588235294118	0.03215684170673799
4.444444444444445	0.03428578120100553
4.4186046511627906	0.10995644830827657
4.393063583815029	0.22548751849334567
4.367816091954023	0.03908170561166383
4.3428571428571425	0.0650311029904586
4.318181818181818	0.11289730307568266
4.293785310734464	0.13059192637016676
4.269662921348314	0.04413803846133576
4.245810055865922	0.10473200940284243
4.222222222222222	0.03183371775816581
4.198895027624309	0.12826363114280034
4.175824175824176	0.04693686604868525
4.1530054644808745	0.034910544128493086
4.130434782608695	0.10071181930230604
4.108108108108108	0.11281762220426077
4.086021505376344	0.14056013614170415
4.064171122994653	0.0167803538156484
4.042553191489362	0.020561978851896708
4.021164021164021	0.08753203348614898
4.0	0.13724538700770336
3.979057591623037	0.03452548565358237
3.9583333333333335	0.13656969748558495
3.937823834196891	0.06744202437878809
3.917525773195876	0.09286124449920846
3.8974358974358974	0.14839507020326598
3.877551020408163	0.05264192238721282
3.8578680203045685	0.08054242224513228
3.8383838383838382	0.13129535703427989
3.819095477386935	0.056605146832782685
3.8	0.02506165290972363
3.781094527363184	0.10871897212541229
3.762376237623762	0.036750880351345674
3.7438423645320196	0.11634947806985858
3.7254901960784315	0.03614937557402316
3.707317073170732	0.14964494345564228
3.6893203883495147	0.08861720434201001
3.6714975845410627	0.09586840017822253
3.6538461538461537	0.09405681683539607
3.6363636363636362	0.07276829373851855
3.619047619047619	0.07859833441125721
3.6018957345971563	0.11712186467738352
3.5849056603773586	0.08127119498498601
3.568075117370892	0.12234649858555927
3.5514018691588785	0.058613974433939925
3.5348837209302326	0.08957342215663668
3.5185185185185186	0.013671331735218928
3.5023041474654377	0.02866898992029424
3.4862385321100917	0.061605888702166045
3.470319634703196	0.1166641405857314
3.4545454545454546	0.03639999586423269
3.4389140271493215	0.19541978429383408
3.4234234234234235	0.052568867661364774
3.408071748878924	0.0958370955421249
3.392857142857143	0.06595854844509776
3.3777777777777778	0.19040011131868503
3.3628318584070795	0.04882618218885076
3.3480176211453743	0.08501528448719384
3.3333333333333335	0.167838525135653
3.3187772925764194	0.027440501302886174
3.3043478260869565	0.08405663565467471
3.29004329004329	0.03631732684082112
3.2758620689655173	0.10833488744259333
3.2618025751072963	0.14474744182630658
3.247863247863248	0.02507142585679442
3.234042553191489	0.13138812811203154
3.2203389830508473	0.1817090433154039
3.2067510548523206	0.1688263948328698
3.19327731092437	0.10575083393356238
3.1799163179916317	0.08361912670169444
3.1666666666666665	0.009747262588999262
3.1535269709543567	0.07748654346686139
3.1404958677685952	0.04706208454449311
3.1275720164609053	0.06880164757047368
3.1147540983606556	0.07507994594832765
3.1020408163265305	0.0290504929530639
3.089430894308943	0.08643550885320347
3.076923076923077	0.03166188002189623
3.064516129032258	0.16390813877414062
3.0522088353413657	0.13000102368006086
3.04	0.05642013682215738
3.0278884462151394	0.0775783454035684
3.015873015873016	0.30876254322632185
3.0039525691699605	0.8471117101803407
2.9921259842519685	0.31853326153358374
2.980392156862745	0.0994456466988545
2.96875	0.10924253427780531
2.9571984435797667	0.14278126442811045
2.945736434108527	0.04721516712946015
2.9343629343629343	0.10984828524209825
2.923076923076923	0.041781857377488345
2.9118773946360155	0.10861767129765268
2.900763358778626	0.032612551494593904
2.8897338403041823	0.03832275664472761
2.878787878787879	0.015312268051643629
2.8679245283018866	0.03011209947568521
2.857142857142857	0.12501135024256174
2.846441947565543	0.05820442354984226
2.8358208955223883	0.10032635758812129
2.825278810408922	0.04281542557357181
2.814814814814815	0.04375011721581268
2.804428044280443	0.11062843244106711
2.7941176470588234	0.04790406249410986
2.7838827838827838	0.09894462702444115
2.7737226277372264	0.09624558223702309
2.7636363636363637	0.03380602775079454
2.753623188405797	0.07515083995784612
2.743682310469314	0.12487994361272671
2.7338129496402876	0.07599129902077473
2.7240143369175627	0.04275093203563655
2.7142857142857144	0.0873520441105519
2.704626334519573	0.0797603556392092
2.6950354609929077	0.16078458377681956
2.685512367491166	0.09297547839275895
2.676056338028169	0.08841325333350597
2.6666666666666665	0.11221426741872711
2.6573426573426575	0.05555732131327503
2.64808362369338	0.06201066161700069
2.638888888888889	0.0976770441300136
2.629757785467128	0.0899230517822942
2.6206896551724137	0.050049621653913336
2.611683848797251	0.06864657404784429
2.6027397260273974	0.06990312412377028
2.5938566552901023	0.011795343039830835
2.5850340136054424	0.06248804054857862
2.5762711864406778	0.059215032470297344
2.5675675675675675	0.17820869271178788
2.558922558922559	0.03165396995460021
2.5503355704697985	0.044316052454380826
2.5418060200668897	0.0550093419241757
2.533333333333333	0.12861982482818488
2.524916943521595	0.14441527852355615
2.5165562913907285	0.09653501825308572
2.5082508250825084	0.052455922580246075
2.5	0.16091717146206647
2.4918032786885247	0.04648129754985981
2.4836601307189543	0.056509948386770835
2.47557003257329	0.07983909186675263
2.4675324675324677	0.08988784953963093
2.459546925566343	0.027496824027214053
2.4516129032258065	0.15884741837094882
2.4437299035369775	0.06265157377331403
2.4358974358974357	0.04006601147965729
2.428115015974441	0.08016683168362032
2.4203821656050954	0.07067862556982282
2.4126984126984126	0.03208782099025967
2.4050632911392404	0.06999780320855176
2.3974763406940065	0.060516223119820335
2.389937106918239	0.010804850588319256
2.3824451410658307	0.04911151309102221
2.375	0.10724055705687867
2.367601246105919	0.11666508937344304
2.360248447204969	0.02663354282200705
2.3529411764705883	0.03533442706406804
2.345679012345679	0.044760036549747355
2.3384615384615386	0.11539530919979078
2.331288343558282	0.09168276812783624
2.324159021406728	0.08345140724020339
2.317073170731707	0.07781013521981268
2.310030395136778	0.040733575743262626
2.303030303030303	0.06595741606076456
2.29607250755287	0.16634483067438624
2.289156626506024	0.044305541151906554
2.2822822822822824	0.13011342712335322
2.2754491017964074	0.0717252360061286
2.2686567164179103	0.06363323246354517
2.261904761904762	0.06321072590202524
2.255192878338279	0.06592888850793362
2.2485207100591715	0.052870529572459156
2.24188790560472	0.16259954080419328
2.235294117647059	0.0755460506167094
2.228739002932551	0.03167907362484396
2.2222222222222223	0.022978905866517046
2.2157434402332363	0.024985923674158073
2.2093023255813953	0.07626025558963086
2.2028985507246377	0.23301785274844106
2.1965317919075145	0.05156614684418006
2.190201729106628	0.06416155078519524
2.1839080459770117	0.06595373171306629
2.177650429799427	0.030577574889151436
2.1714285714285713	0.10544931028968883
2.1652421652421654	0.08144566010969329
2.159090909090909	0.08216661872393943
2.1529745042492916	0.05898346311781092
2.146892655367232	0.07866039192064048
2.140845070422535	0.04708818832432809
2.134831460674157	0.097526509941859
2.1288515406162465	0.126444512640974
2.122905027932961	0.1173096822090316
2.116991643454039	0.12789443710245682
2.111111111111111	0.13294576201799313
2.1052631578947367	0.0511829585517404
2.0994475138121547	0.1342491664424634
2.09366391184573	0.07217520578751856
2.087912087912088	0.030121211758279847
2.0821917808219177	0.24020934449835485
2.0765027322404372	0.17832398741807481
2.0708446866485013	0.1031679265479224
2.0652173913043477	0.05649059539938498
2.059620596205962	0.09974887673451947
2.054054054054054	0.1004205787015326
2.0485175202156336	0.07273206427005724
2.043010752688172	0.10393572606005014
2.037533512064343	0.05255710953406911
2.0320855614973263	0.037271226886635096
2.026666666666667	0.01903964391814658
2.021276595744681	0.15009183885259225
2.0159151193633953	0.13751634426147216
2.0105820105820107	0.11649948533019502
2.005277044854881	0.06872128823245069
