760.0	1.2129946532804678
380.0	0.34087174994714464
253.33333333333334	0.09114763566256023
190.0	0.04216554202266445
152.0	0.0758790560878437
126.66666666666667	0.06501235349899856
108.57142857142857	0.17531596367970512
95.0	0.2480969973105321
84.44444444444444	0.10130862740009647
76.0	0.14438497104124312
69.0909090909091	0.1920303840342818
63.333333333333336	0.1401533318406694
58.46153846153846	0.1790164757923213
54.285714285714285	0.07839162316733926
50.666666666666664	0.054808448787307375
47.5	0.02036932729728293
44.705882352941174	0.17203756585249452
42.22222222222222	0.17983042420910567
40.0	0.12024567057332494
38.0	0.0662843617765004
36.19047619047619	0.07002521305944312
34.54545454545455	0.11866295095682186
33.04347826086956	0.07716619471559885
31.666666666666668	0.10978502453622757
30.4	0.09238010994951355
29.23076923076923	0.134677985988421
28.14814814814815	0.09017038459233238
27.142857142857142	0.14982197926629043
26.20689655172414	0.07896357691612789
25.333333333333332	0.10994336546998908
24.516129032258064	0.01651188120179814
23.75	0.039830226116430646
23.03030303030303	0.06339822622760544
22.352941176470587	0.06434073767664927
21.714285714285715	0.11306176113167692
21.11111111111111	0.08535150882506143
20.54054054054054	0.11159335242275088
20.0	0.13597330762142593
19.487179487179485	0.01913843222059092
19.0	0.11748055347729176
18.536585365853657	0.17114271771896794
18.095238095238095	0.2232116652209789
17.674418604651162	0.14180060139833778
17.272727272727273	0.14973572431801066
16.88888888888889	0.0960745003303944
16.52173913043478	0.03554513240342178
16.170212765957448	0.03242022872158524
15.833333333333334	0.10609710018536621
15.510204081632653	0.06588444609057476
15.2	0.19751915885262158
14.901960784313726	0.15139536670376064
14.615384615384615	0.09368878961641355
14.339622641509434	0.040380380327252115
14.074074074074074	0.035975759979650995
13.818181818181818	0.02520486032979529
13.571428571428571	0.12338582632551852
13.333333333333334	0.09849091366054719
13.10344827586207	0.13549710604257392
12.88135593220339	0.03629301130036723
12.666666666666666	0.02582400069762182
12.459016393442623	0.045048704178359586
12.258064516129032	0.11296399710907357
12.063492063492063	0.14128164570309343
11.875	0.08544665010764012
11.692307692307692	0.04056435250488331
11.515151515151516	0.07691382466934725
11.343283582089553	0.02618102240920263
11.176470588235293	0.053991794631328145
11.014492753623188	0.09350257309550411
10.857142857142858	0.13831429630817893
10.704225352112676	0.047498014962410955
10.555555555555555	0.10185304229972555
10.41095890410959	0.13344337359478778
10.27027027027027	0.11119661083897066
10.133333333333333	0.13693703094403106
10.0	0.04150419780781413
9.87012987012987	0.09942980551673888
9.743589743589743	0.08813661809247032
9.620253164556962	0.19366328746419556
9.5	0.11585594472248928
9.382716049382717	0.10437331321381672
9.268292682926829	0.016863435410665685
9.156626506024097	0.1104477655043057
9.047619047619047	0.058579974263831054
8.941176470588236	0.07475997871598579
8.837209302325581	0.10370777555406538
8.735632183908047	0.04579647933994018
8.636363636363637	0.03524462623540505
8.539325842696629	0.15809297854522644
8.444444444444445	0.20700748339014016
8.351648351648352	0.1044301679922996
8.26086956521739	0.0921142151687039
8.172043010752688	0.045594450924446396
8.085106382978724	0.1060153318995221
8.0	0.0734900764416755
7.916666666666667	0.057335867016990415
7.835051546391752	0.10555612166783854
7.755102040816326	0.04481621180285134
7.6767676767676765	0.10094263220858614
7.6	0.115367453573223
7.524752475247524	0.1139809819291989
7.450980392156863	0.07035493540693503
7.378640776699029	0.028133130081295282
7.3076923076923075	0.03845393277595909
7.238095238095238	0.036420651391725956
7.169811320754717	0.08670203558327716
7.102803738317757	0.11691975250845617
7.037037037037037	0.10335657377241748
6.972477064220183	0.058986886269383206
6.909090909090909	0.007621444146470978
6.846846846846847	0.016168989037365362
6.785714285714286	0.05697236945697773
6.725663716814159	0.0646305809257589
6.666666666666667	0.021307209338746087
6.608695652173913	0.048048519503379045
6.551724137931035	0.06382211515899676
6.495726495726496	0.11787613215647766
6.440677966101695	0.13426036796680668
6.38655462184874	0.1004383231026722
6.333333333333333	0.10676910369413296
6.2809917355371905	0.04262202085315051
6.229508196721311	0.09738592410292163
6.178861788617886	0.1347700217757806
6.129032258064516	0.04792827853224962
6.08	0.08917841526491092
6.031746031746032	0.039607734494089865
5.984251968503937	0.01772756345676901
5.9375	0.03955861536561972
5.891472868217054	0.11135175270059158
5.846153846153846	0.24080336853368514
5.801526717557252	0.13294405335436693
5.757575757575758	0.024654021249783834
5.714285714285714	0.04548048060369121
5.6716417910447765	0.1493321562724196
5.62962962962963	0.17147285477331092
5.588235294117647	0.029486787919242165
5.547445255474453	0.012531281375321718
5.507246376811594	0.05597341849434549
5.467625899280575	0.1342534506882385
5.428571428571429	0.08601642583890197
5.390070921985815	0.16489114891394255
5.352112676056338	0.12332376821028704
5.314685314685315	0.14233637945993613
5.277777777777778	0.06521698289681906
5.241379310344827	0.17762323765826363
5.205479452054795	0.054077701002160423
5.170068027210885	0.10394568834596546
5.135135135135135	0.1658610748958791
5.100671140939597	0.11935589711340994
5.066666666666666	0.15208368085518534
5.033112582781457	0.09340840773462356
5.0	0.11820070838824506
4.967320261437909	0.08624680452187435
4.935064935064935	0.09323827613933762
4.903225806451613	0.04457906464486584
4.871794871794871	0.1410350312651261
4.840764331210191	0.14393329269923888
4.810126582278481	0.05838576421293648
4.779874213836478	0.03147791703536759
4.75	0.05716928916206744
4.720496894409938	0.05226068056128715
4.691358024691358	0.1461776623746641
4.662576687116564	0.09083650056066427
4.634146341463414	0.20938302250519494
4.606060606060606	0.05486772454243253
4.578313253012048	0.08688783257524624
4.550898203592815	0.07913184581811945
4.523809523809524	0.1472358543029282
4.497041420118343	0.16155183862014436
4.470588235294118	0.08835762367493412
4.444444444444445	0.19790716204706407
4.4186046511627906	0.09281455209443679
4.393063583815029	0.19288577215807504
4.367816091954023	0.0777372638798293
4.3428571428571425	0.07867760255675028
4.318181818181818	0.12802651949875088
4.293785310734464	0.061766327742969834
4.269662921348314	0.07376128169980536
4.245810055865922	0.09209327453793203
4.222222222222222	0.03262553709405746
4.198895027624309	0.10663363220091847
4.175824175824176	0.14066185636604092
4.1530054644808745	0.044355818686090454
4.130434782608695	0.10936310360680708
4.108108108108108	0.06464837367669059
4.086021505376344	0.06790849355886605
4.064171122994653	0.03534980175063304
4.042553191489362	0.18951273381543166
4.021164021164021	0.1157593031615477
4.0	0.11766082940846802
3.979057591623037	0.13356275861269384
3.9583333333333335	0.11655568173353367
3.937823834196891	0.0350331952696446
3.917525773195876	0.14915057125465414
3.8974358974358974	0.08090247824216533
3.877551020408163	0.08726332863208199
3.8578680203045685	0.1596479137123016
3.8383838383838382	0.08918944404494293
3.819095477386935	0.15136385570693714
3.8	0.09045995471169206
3.781094527363184	0.11015303295832059
3.762376237623762	0.00958565819878628
3.7438423645320196	0.09070273274804078
3.7254901960784315	0.04320992571233852
3.707317073170732	0.126215246726727
3.6893203883495147	0.09656881282237928
3.6714975845410627	0.07111792135418317
3.6538461538461537	0.11053859926895405
3.6363636363636362	0.09206841368631083
3.619047619047619	0.0665452830450686
3.6018957345971563	0.1472653522419877
3.5849056603773586	0.07841109329791872
3.568075117370892	0.12874842006226628
3.5514018691588785	0.16540693577808033
3.5348837209302326	0.0643934030488465
3.5185185185185186	0.041866213712006974
3.5023041474654377	0.11368860857487431
3.4862385321100917	0.10104231911182071
3.470319634703196	0.11851848620585964
3.4545454545454546	0.014123578588495283
3.4389140271493215	0.056972200867195164
3.4234234234234235	0.0885891609233914
3.408071748878924	0.21377193114529078
3.392857142857143	0.1441656002304789
3.3777777777777778	0.13296922520713583
3.3628318584070795	0.20453982097329573
3.3480176211453743	0.054542078353369425
3.3333333333333335	0.031920249217464725
3.3187772925764194	0.09787695547273587
3.3043478260869565	0.12607478455313553
3.29004329004329	0.14358163732263415
3.2758620689655173	0.0459402530080846
3.2618025751072963	0.23787257569289572
3.247863247863248	0.06696826911017742
3.234042553191489	0.09242241162721655
3.2203389830508473	0.08508957353676014
3.2067510548523206	0.09654666989402312
3.19327731092437	0.0902714713632025
3.1799163179916317	0.09570750209928269
3.1666666666666665	0.137524913047154
3.1535269709543567	0.03223430999028744
3.1404958677685952	0.018313443485380967
3.1275720164609053	0.1942273419865211
3.1147540983606556	0.17137092171957913
3.1020408163265305	0.024880413476748586
3.089430894308943	0.05122814193808374
3.076923076923077	0.14212603567660317
3.064516129032258	0.20341976967530334
3.0522088353413657	0.2337961485162029
3.04	0.14556865813056588
3.0278884462151394	0.13528808396207398
3.015873015873016	0.459967555674599
3.0039525691699605	0.12994429292146376
2.9921259842519685	0.3102597471908065
2.980392156862745	0.11621846962730803
2.96875	0.1449741758264949
2.9571984435797667	0.05501268187298852
2.945736434108527	0.08756553452316768
2.9343629343629343	0.04997301884617289
2.923076923076923	0.18773028136527717
2.9118773946360155	0.07030419040693672
2.900763358778626	0.03066218623443779
2.8897338403041823	0.10218168614404818
2.878787878787879	0.11294225604530429
2.8679245283018866	0.04749765274732688
2.857142857142857	0.0628697600258893
2.846441947565543	0.07271638291242898
2.8358208955223883	0.0703041199619896
2.825278810408922	0.08434290197706706
2.814814814814815	0.1568075071189282
2.804428044280443	0.01897958178980087
2.7941176470588234	0.02405267004160042
2.7838827838827838	0.09990153210840184
2.7737226277372264	0.21507959610933905
2.7636363636363637	0.10813192251962249
2.753623188405797	0.06688365110907396
2.743682310469314	0.07179226579819972
2.7338129496402876	0.06391248867297113
2.7240143369175627	0.11507340964720526
2.7142857142857144	0.0782367331076346
2.704626334519573	0.05745382452852549
2.6950354609929077	0.09650400393334001
2.685512367491166	0.02312200491389017
2.676056338028169	0.05538967888725201
2.6666666666666665	0.09667067048092452
2.6573426573426575	0.13652711826090325
2.64808362369338	0.15909076270254358
2.638888888888889	0.02163708814190712
2.629757785467128	0.09538930564286106
2.6206896551724137	0.10939096745703629
2.611683848797251	0.08500664764023691
2.6027397260273974	0.026965861521191785
2.5938566552901023	0.10446634105359656
2.5850340136054424	0.03580397640483699
2.5762711864406778	0.08096910021319989
2.5675675675675675	0.12097608564260592
2.558922558922559	0.11921191190782914
2.5503355704697985	0.004270048377974718
2.5418060200668897	0.12038991253909984
2.533333333333333	0.08499102572515721
2.524916943521595	0.05776916912281245
2.5165562913907285	0.06058558394712572
2.5082508250825084	0.03753538779740046
2.5	0.03253008266184714
2.4918032786885247	0.05226315091920973
2.4836601307189543	0.16194984423184325
2.47557003257329	0.053355685998048144
2.4675324675324677	0.17435368148264926
2.459546925566343	0.03109305371332015
2.4516129032258065	0.1103835756731116
2.4437299035369775	0.10773460573613317
2.4358974358974357	0.05402518411691261
2.428115015974441	0.14723816914974552
2.4203821656050954	0.03765767895210828
2.4126984126984126	0.194025430693873
2.4050632911392404	0.09501383557645401
2.3974763406940065	0.08742166429794966
2.389937106918239	0.14092996247735534
2.3824451410658307	0.12793112281310176
2.375	0.07370078594441344
2.367601246105919	0.12485286064411075
2.360248447204969	0.07714250490732182
2.3529411764705883	0.17183511731932166
2.345679012345679	0.0466463601216643
2.3384615384615386	0.1061142086678472
2.331288343558282	0.07600467215043948
2.324159021406728	0.005672330191288476
2.317073170731707	0.07161475067216579
2.310030395136778	0.06962691591769407
2.303030303030303	0.06083352094206477
2.29607250755287	0.15282910133989472
2.289156626506024	0.17121084282056534
2.2822822822822824	0.016825947757818448
2.2754491017964074	0.1044460914282586
2.2686567164179103	0.12726552977617142
2.261904761904762	0.08134593337335734
2.255192878338279	0.05439651847497398
2.2485207100591715	0.10035531558384995
2.24188790560472	0.058679305417147554
2.235294117647059	0.07105048435940597
2.228739002932551	0.1179414745593921
2.2222222222222223	0.15232250421985613
2.2157434402332363	0.17876258087173205
2.2093023255813953	0.14259537740524772
2.2028985507246377	0.10798899245715338
2.1965317919075145	0.16375437685214725
2.190201729106628	0.14751946084055986
2.1839080459770117	0.11445707295389075
2.177650429799427	0.10156267938764825
2.1714285714285713	0.0654432309363322
2.1652421652421654	0.05276599675029656
2.159090909090909	0.15251870852733557
2.1529745042492916	0.10173958953978837
2.146892655367232	0.11081892365295974
2.140845070422535	0.014502298621485802
2.134831460674157	0.12878035519715328
2.1288515406162465	0.07404644621665343
2.122905027932961	0.1059999341986673
2.116991643454039	0.15245831499565995
2.111111111111111	0.1360052299622668
2.1052631578947367	0.1832752445959319
2.0994475138121547	0.1087264560040099
2.09366391184573	0.18469077181598845
2.087912087912088	0.10869766071193748
2.0821917808219177	0.14486698632912093
2.0765027322404372	0.048411755536286925
2.0708446866485013	0.04900577603638869
2.0652173913043477	0.05641329956996656
2.059620596205962	0.060424580034837375
2.054054054054054	0.1793851106124682
2.0485175202156336	0.10632712349126384
2.043010752688172	0.1778155799188626
2.037533512064343	0.07671234803713763
2.0320855614973263	0.1652492619582979
2.026666666666667	0.12310620008262874
2.021276595744681	0.09616461391354109
2.0159151193633953	0.13843516900058567
2.0105820105820107	0.18611267109004043
2.005277044854881	0.24361282891440234
