	F0	F1	F2
0	0	0	2
1	4	3	2
2	87	96	146
3	51	68	55
4	14	14	13
5	7	10	16
6	2	1	3
7	15	22	21
8	18	19	11
9	3	7	3
10	17	15	29
11	52	51	42
12	19	22	14
13	318	304	337
14	3	3	3
15	222	277	239
16	0	0	0
17	0	0	0
18	45	38	42
19	12	15	11
20	16	16	14
21	7	6	13
22	0	0	0
23	13	15	13
24	2	0	0
25	9	9	7
26	9	1	8
27	82	79	70
28	9	13	11
29	2	2	1
30	0	0	0
31	24	17	19
32	11	7	7
33	27	23	22
34	1	2	1
35	6	4	9
36	6	4	4
37	75	73	79
38	12	5	6
39	6	3	1
40	8	9	4
41	133	124	146
42	2	2	2
43	28	46	48
44	9	6	4
45	13	8	9
46	7	9	6
47	15	19	14
48	5	6	2
49	29	28	39
50	63	48	31
51	2	1	0
52	58	45	66
53	13	16	17
54	15	14	8
55	2	3	1
56	0	0	2
57	113	84	103
58	35	43	35
59	8	7	4
60	2	3	5
61	0	1	0
62	5	7	4
63	11	8	6
64	5	11	8
65	11	4	6
66	5	10	6
67	48	33	38
68	2	5	4
69	1	0	0
70	1	1	1
71	15	18	4
72	30	44	35
73	4	4	1
74	3	4	3
75	2	3	1
76	23	25	11
77	1	0	0
78	1	1	1
79	12	11	11
80	0	1	5
81	6	6	9
82	25	20	15
83	4	12	7
84	9	10	6
85	128	180	112
86	5	11	6
87	32	24	16
88	100	85	66
89	0	2	1
90	4	5	2
91	39	22	30
92	17	8	7
93	9	15	14
94	17	24	20
95	7	7	5
96	3	3	4
97	38	45	47
98	26	21	15
99	11	11	11
100	3	2	1
101	107	95	83
102	22	32	39
103	37	29	29
104	4	3	2
105	21	26	14
106	20	14	17
107	3	5	4
108	0	0	0
109	4	8	6
110	3	2	6
111	5	4	5
112	0	0	0
113	1	0	1
114	24	18	22
115	0	0	0
116	6	8	13
117	3	0	1
118	11	8	5
119	16	14	17
120	100	98	75
121	2	6	9
122	1	2	2
123	189	217	239
124	17	20	20
125	64	60	83
126	6	3	6
127	21	14	9
128	4	3	4
129	6	9	12
130	0	0	0
131	19	13	14
132	11	16	4
133	20	15	17
134	104	127	104
135	20	15	16
136	0	0	0
137	5	2	1
138	70	56	70
139	2	5	1
140	11	12	10
141	67	59	48
142	12	11	10
143	13	14	8
144	144	150	171
145	52	39	29
146	0	0	0
147	0	0	0
148	11	2	10
149	178	151	111
150	4	1	4
151	13	14	6
152	11	13	13
153	21	15	10
154	92	110	102
155	44	44	28
156	5	0	0
157	3	4	2
158	7	3	2
159	0	0	2
160	8	8	2
161	85	90	68
162	21	20	49
163	1	1	0
164	8	13	6
165	0	1	0
166	0	0	0
167	12	21	5
168	21	23	43
169	17	16	9
170	3	9	4
171	6	10	3
172	6	7	5
173	37	32	36
174	89	95	112
175	1	0	0
176	8	12	5
177	0	2	2
178	0	0	0
179	4	2	1
180	0	0	0
181	2	1	1
182	1	2	2
183	1	2	4
184	0	5	1
185	6	8	6
186	12	6	19
187	14	13	13
188	0	0	0
189	1	2	0
190	5	2	1
191	3	1	0
192	1	0	2
193	50	40	45
194	7	5	5
195	0	2	0
196	1	0	0
197	0	0	0
198	1	4	3
199	9	6	7
200	0	1	0
201	36	40	34
202	2	0	0
203	56	52	41
204	34	29	38
205	5	5	3
206	10	15	7
207	1	0	0
208	22	21	12
209	7	2	6
210	1	3	2
211	1	2	0
212	7	3	4
213	42	29	43
214	107	95	65
215	1	1	2
216	21	19	26
217	2	1	2
218	9	15	1
219	15	17	6
220	5	6	4
221	165	197	176
222	38	27	36
223	11	11	2
224	19	19	13
225	247	206	178
226	3	8	1
227	10	8	7
228	12	12	12
229	4	1	1
230	4	4	4
231	0	0	0
232	16	16	10
233	0	0	0
234	0	0	0
235	13	12	16
236	7	34	19
237	32	20	20
238	5	4	8
239	0	0	1
240	13	10	8
241	6	10	6
242	6	8	2
243	0	0	0
244	2	2	1
245	0	0	0
246	0	0	0
247	17	28	30
248	4	9	4
249	0	1	0
250	6	3	9
251	16	19	17
252	33	19	10
253	4	3	2
254	4	11	8
255	44	33	42
256	0	0	0
257	27	28	19
258	24	29	24
259	19	7	7
260	5	6	4
261	3	8	3
262	23	26	17
263	6	2	7
264	16	23	28
265	5	3	5
266	9	11	8
267	43	41	20
268	16	16	21
269	5	6	6
270	1	4	0
271	0	0	0
272	8	6	13
273	6	6	6
274	2	5	4
275	1	1	0
276	0	3	0
277	63	40	52
278	236	227	211
279	71	71	56
280	0	2	1
281	11	10	6
282	68	80	93
283	46	36	46
284	18	10	16
285	92	129	92
286	18	22	19
287	37	34	43
288	6	5	6
289	30	24	36
290	0	0	3
291	3	1	2
292	18	9	13
293	1	4	0
294	2	3	3
295	94	95	81
296	9	10	6
297	63	64	38
298	65	78	84
299	18	21	18
300	0	2	0
301	16	13	12
302	7	8	7
303	1	0	1
304	27	34	24
305	43	45	52
306	22	25	25
307	4	11	7
308	1	1	1
309	1	1	3
310	23	23	18
311	74	74	67
312	177	192	193
313	592	609	608
314	36	31	30
315	5	10	7
316	9	6	6
317	33	45	23
318	0	0	2
319	14	8	11
320	23	28	24
321	20	12	8
322	0	0	0
323	14	6	6
324	7	6	2
325	14	10	13
326	4	5	6
327	72	84	60
328	4	14	10
329	2	3	2
330	7	9	7
331	19	13	20
332	0	0	0
333	3	3	2
334	0	0	2
335	4	9	6
336	15	17	13
337	8	8	4
338	12	16	14
339	0	0	0
340	0	5	5
341	18	18	4
342	3	2	3
343	59	58	46
344	3	7	5
345	7	9	13
346	2	7	8
347	1	1	1
348	26	23	19
349	17	8	12
350	25	25	22
351	518	434	728
352	4	7	2
353	4	1	2
354	4	2	1
355	9	10	7
356	18	19	13
357	43	43	24
358	2	6	5
359	0	0	0
360	0	0	0
361	0	1	1
362	87	93	73
363	1	5	0
364	39	37	25
365	40	40	49
366	0	0	0
367	27	37	21
368	2	4	3
369	6	8	4
370	16	10	10
371	1	0	0
372	2	0	0
373	5	4	9
374	90	107	99
375	0	0	0
376	1	1	1
377	6	1	5
378	0	1	3
379	31	25	20
380	3	6	15
381	0	1	0
382	34	52	45
383	115	116	105
384	0	0	0
385	0	0	0
386	6	9	7
387	52	66	75
388	33	41	45
389	3	3	2
390	43	60	50
391	100	96	81
392	1	2	3
393	23	28	29
394	33	45	60
395	38	43	25
396	0	0	0
397	5	2	2
398	48	61	54
399	322	304	373
400	0	2	0
401	9	5	5
402	120	119	94
403	8	4	1
404	5	6	6
405	8	6	5
406	5	9	9
407	9	9	15
408	214	216	196
409	65	42	56
410	5	10	6
411	42	34	39
412	1	0	1
413	0	0	0
414	4	10	11
415	0	0	0
416	0	0	0
417	13	14	5
418	31	28	24
419	2	2	2
420	4	3	3
421	5	10	6
422	9	10	7
423	9	10	8
424	1	1	2
425	3	4	3
426	3	7	4
427	2	4	3
428	0	2	0
429	22	19	24
430	57	57	62
431	160	181	183
432	14	15	10
433	16	11	9
434	0	0	0
435	7	2	6
436	19	17	17
437	10	17	9
438	0	0	0
439	1	2	2
440	9	4	11
441	0	1	1
442	32	45	46
443	0	0	2
444	0	0	0
445	4	5	5
446	21	34	23
447	36	38	23
448	13	18	14
449	0	0	0
450	7	8	2
451	6	2	3
452	55	59	56
453	1	3	0
454	20	25	15
455	0	1	0
456	12	9	6
457	117	126	133
458	5	5	3
459	1	0	1
460	0	0	0
461	0	0	0
462	64	61	47
463	31	21	25
464	518	523	543
465	12	12	12
466	19	9	12
467	65	68	56
468	2	0	0
469	4	2	2
470	0	0	0
471	56	47	44
472	61	56	48
473	8	6	6
474	0	0	1
475	7	4	12
476	3	1	3
477	9	10	10
478	11	2	3
479	1	1	1
480	0	0	0
481	2	2	1
482	19	16	23
483	2	4	2
484	1	0	1
485	19	16	18
486	36	29	23
487	2	0	2
488	1	14	4
489	28	34	37
490	0	2	0
491	10	9	10
492	39	38	50
493	4	3	1
494	68	55	78
495	22	27	33
496	0	3	1
497	3	5	5
498	6	10	13
499	0	0	1
500	13	12	14
501	5	7	5
502	26	24	21
503	21	17	15
504	4	6	4
505	6	10	9
506	0	0	4
507	49	39	32
508	0	0	0
509	0	0	0
510	14	22	13
511	11	8	5
512	0	1	0
513	12	9	9
514	86	82	85
515	7	5	6
516	2	0	0
517	8	9	8
518	11	16	10
519	3	5	8
520	9	4	3
521	14	5	8
522	0	0	0
523	60	68	79
524	34	23	24
525	7	4	7
526	28	21	32
527	2	5	3
528	3	6	0
529	0	0	0
530	0	1	0
531	0	0	0
532	41	31	35
533	4	1	1
534	58	57	43
535	0	0	0
536	5	5	7
537	9	18	11
538	0	3	1
539	1	4	5
540	4	3	5
541	1	0	2
542	0	0	0
543	1	0	0
544	41	41	43
545	8	14	14
546	0	0	0
547	9	8	5
548	0	0	0
549	8	16	11
550	8	7	8
551	2	2	1
552	12	3	9
553	63	49	43
554	3	4	1
555	3	6	3
556	0	0	0
557	4	6	2
558	1	2	1
559	0	0	0
560	9	9	17
561	5	4	9
562	5	5	3
563	5	5	9
564	4	4	2
565	55	52	42
566	7	7	6
567	4	5	3
568	13	4	14
569	278	255	301
570	7	7	4
571	2	1	1
572	14	18	23
573	0	0	0
574	0	0	0
575	75	105	63
576	0	0	0
577	9	5	3
578	5	1	3
579	0	0	0
580	9	14	13
581	23	22	22
582	0	0	0
583	9	7	1
584	2	1	0
585	28	17	15
586	0	1	1
587	21	18	14
588	6	5	4
589	0	0	0
590	1	2	1
591	0	0	2
592	15	11	19
593	18	19	16
594	12	14	12
595	0	0	0
596	13	11	7
597	717	643	711
598	57	55	50
599	48	59	62
600	8	11	6
601	4	4	2
602	4	2	1
603	20	20	12
604	112	122	134
605	9	11	11
606	62	58	89
607	14	19	9
608	1	0	1
609	846	863	770
610	23	34	21
611	38	63	59
612	0	1	0
613	1	0	0
614	27	21	12
615	1	2	3
616	2	3	9
617	8	5	8
618	13	14	13
619	13	4	5
620	6	5	2
621	10	11	6
622	1	5	2
623	7	1	1
624	18	22	5
625	23	16	26
626	0	0	0
627	15	16	17
628	9	7	7
629	7	2	4
630	18	15	9
631	3	5	3
632	53	23	33
633	0	1	2
634	21	27	24
635	0	0	0
636	0	0	0
637	0	0	0
638	142	130	111
639	13	17	10
640	37	38	33
641	3	1	1
642	52	50	56
643	2	4	1
644	69	61	53
645	2	1	2
646	4	6	6
647	20	23	20
648	15	9	4
649	7	12	10
650	6	3	4
651	0	0	0
652	25	22	25
653	1	1	4
654	30	29	30
655	0	0	1
656	15	23	17
657	11	5	0
658	178	144	115
659	13	13	13
660	80	57	52
661	49	38	53
662	2	0	0
663	0	0	0
664	5	8	6
665	6	2	3
666	11	15	9
667	11	5	12
668	31	17	15
669	0	0	1
670	0	1	2
671	28	27	20
672	9	2	3
673	11	13	10
674	5	10	5
675	1	0	0
676	1	4	0
677	85	65	80
678	1	2	1
679	25	16	13
680	8	8	6
681	43	44	42
682	5	5	5
683	37	34	46
684	120	118	157
685	3	1	1
686	0	0	0
687	13	8	6
688	0	5	5
689	19	14	16
690	0	0	0
691	14	11	14
692	38	32	47
693	5	6	5
694	16	18	19
695	0	0	0
696	26	25	28
697	0	4	3
698	1	3	2
699	4	7	2
700	0	0	0
701	10	9	11
702	5	7	7
703	0	5	1
704	0	0	0
705	1	6	4
706	0	0	0
707	0	0	0
708	3	1	2
709	0	0	0
710	11	12	14
711	11	10	9
712	22	14	23
713	46	45	35
714	51	50	46
715	48	55	50
716	13	8	5
717	6	5	4
718	1	1	1
719	2	3	3
720	7	7	4
721	9	6	2
722	0	2	1
723	78	71	88
724	10	5	8
725	32	18	45
726	9	6	5
727	12	30	21
728	51	52	51
729	2	2	0
730	28	32	25
731	35	19	29
732	44	44	35
733	2	0	2
734	0	0	0
735	69	79	49
736	5	10	10
737	39	43	50
738	4	2	7
739	0	1	0
740	170	154	146
741	5	2	4
742	3	3	3
743	23	13	24
744	220	224	211
745	7	4	12
746	62	65	67
747	47	35	41
748	2	2	1
749	2	0	1
750	1	1	1
751	56	38	27
752	5	8	8
753	90	81	76
754	8	9	4
755	1	2	0
756	119	96	78
757	21	26	20
758	3	2	0
759	9	3	5
760	10	12	12
761	28	43	36
762	154	165	132
763	37	27	30
764	9	7	7
765	15	20	44
766	1	2	2
767	0	1	1
768	0	0	1
769	80	92	71
770	15	11	12
771	189	233	235
772	8	8	6
773	25	26	29
774	2	2	1
775	15	14	23
776	7	13	8
777	1	1	1
778	9	7	16
779	8	7	6
780	24	18	13
781	5	0	5
782	16	4	6
783	49	45	45
784	5	3	6
785	4	3	3
786	0	0	0
787	9	11	8
788	40	39	50
789	20	26	22
790	1	1	1
791	13	10	8
792	9	11	12
793	97	76	98
794	5	5	8
795	9	14	16
796	4	10	4
797	2	0	0
798	3	2	2
799	4	4	3
800	19	15	7
801	12	9	7
802	2	1	2
803	236	197	164
804	44	45	24
805	5	10	3
806	38	44	33
807	1	3	1
808	13	8	6
809	2	1	0
810	11	5	8
811	1	1	2
812	7	7	14
813	149	139	112
814	0	0	0
815	0	0	0
816	0	0	0
817	1	1	3
818	2	3	7
819	68	75	54
820	9	5	9
821	0	0	1
822	8	10	7
823	11	3	4
824	13	15	20
825	3	1	3
826	1	2	1
827	28	20	11
828	23	14	19
829	36	30	37
830	3	3	3
831	33	31	31
832	2	1	3
833	11	9	14
834	18	28	20
835	2	3	2
836	8	7	9
837	23	41	49
838	24	20	12
839	8	3	5
840	2	1	3
841	5	4	4
842	7	4	4
843	4	5	5
844	0	0	0
845	0	0	0
846	27	36	26
847	3	1	2
848	13	7	8
849	0	1	2
850	11	10	8
851	1	2	2
852	4	0	0
853	1	0	0
854	4	5	4
855	3	3	4
856	4	3	2
857	30	15	24
858	0	3	3
859	0	0	0
860	1	0	0
861	2	3	3
862	7	10	6
863	1	1	2
864	24	27	28
865	30	24	23
866	12	11	12
867	4	7	8
868	10	11	7
869	0	1	0
870	0	0	0
871	4	7	2
872	2	1	0
873	26	26	22
874	69	74	50
875	5	7	5
876	0	0	0
877	47	37	53
878	0	0	0
879	18	12	16
880	5	8	7
881	2	3	4
882	14	13	13
883	0	0	0
884	5	0	1
885	0	0	0
886	0	0	0
887	0	3	0
888	3	2	5
889	4	1	6
890	29	39	37
891	62	58	62
892	6	4	1
893	19	17	13
894	1	4	1
895	33	27	23
896	5	2	1
897	0	0	0
898	37	36	32
899	22	17	15
900	4	2	5
901	1	0	0
902	2	4	3
903	2	9	2
904	0	5	1
905	5	8	3
906	8	4	11
907	6	7	10
908	9	13	8
909	0	0	0
910	38	29	37
911	2	1	6
912	9	16	24
913	43	35	36
914	8	7	15
915	1	0	1
916	0	0	1
917	4	7	6
918	19	18	15
919	0	0	0
920	0	0	0
921	3	2	2
922	4	5	5
923	10	15	8
924	5	3	1
925	10	4	11
926	5	6	6
927	39	29	20
928	30	25	21
929	33	33	28
930	10	14	12
931	0	0	0
932	0	0	0
933	11	7	9
934	10	14	12
935	63	48	47
936	7	9	7
937	0	2	1
938	93	73	78
939	5	2	0
940	3	2	0
941	39	22	30
942	0	0	0
943	0	1	1
944	12	3	5
945	14	12	6
946	37	30	41
947	44	37	26
948	49	29	34
949	0	0	0
950	3	4	4
951	124	126	111
952	5	9	6
953	3	2	7
954	0	0	0
955	1	1	0
956	0	0	1
957	0	2	0
958	1	0	0
959	1	1	0
960	31	31	36
961	35	47	43
962	31	28	14
963	93	75	113
964	6	2	3
965	0	0	1
966	3	8	7
967	1	0	0
968	80	66	60
969	17	24	12
970	2	2	4
971	10	7	11
972	151	121	149
973	27	19	22
974	1	3	1
975	0	0	0
976	1	1	0
977	11	4	13
978	22	18	17
979	0	0	0
980	2	0	0
981	0	0	0
982	0	1	2
983	101	93	70
984	393	347	365
985	3	6	3
986	16	14	15
987	53	34	24
988	12	8	15
989	223	216	229
990	77	102	103
991	3	2	2
992	0	1	5
993	0	0	0
994	11	14	7
995	3	3	1
996	2	3	1
997	10	5	4
998	6	3	5
999	1	2	1
1000	4	5	3
1001	99	102	98
1002	10	6	6
1003	0	0	0
1004	13	9	16
1005	1	4	0
1006	53	59	39
1007	0	0	0
1008	6	10	9
1009	67	40	58
1010	11	9	12
1011	3	4	4
1012	11	17	14
1013	3	0	4
1014	8	1	7
1015	11	12	9
1016	212	125	126
1017	10	7	9
1018	181	138	178
1019	0	0	0
1020	14	13	7
1021	127	118	118
1022	6	4	5
1023	0	0	0
1024	11	19	16
1025	15	19	22
1026	1	0	0
1027	70	72	75
1028	23	19	20
1029	8	2	5
1030	14	3	6
1031	0	1	3
1032	3	7	5
1033	14	15	15
1034	1	1	0
1035	3	0	3
1036	3	9	5
1037	8	1	8
1038	2	3	8
1039	6	8	2
1040	17	22	34
1041	14	7	12
1042	37	45	30
1043	1	2	2
1044	4	7	4
1045	3	4	3
1046	0	0	0
1047	0	0	1
1048	10	2	8
1049	0	0	0
1050	6	11	6
1051	28	27	21
1052	0	0	0
1053	5	5	3
1054	0	0	1
1055	27	22	17
1056	56	60	38
1057	13	15	12
1058	15	10	11
1059	0	0	0
1060	219	182	176
1061	1	2	2
1062	375	404	334
1063	17	19	18
1064	82	73	85
1065	17	27	33
1066	3	0	0
1067	4	4	3
1068	0	1	0
1069	10	5	7
1070	6	4	3
1071	4	5	9
1072	0	0	0
1073	59	48	62
1074	47	51	50
1075	2	2	2
1076	2	2	0
1077	0	0	0
1078	98	88	80
1079	1	0	0
1080	2	5	3
1081	1	0	0
1082	0	0	0
1083	6	6	2
1084	41	46	44
1085	5	13	5
1086	2	2	9
1087	3	10	6
1088	5	3	1
1089	2	1	1
1090	0	0	0
1091	2	4	0
1092	62	58	49
1093	9	21	13
1094	6	6	2
1095	4	3	3
1096	101	119	85
1097	5	2	0
1098	4	1	0
1099	9	8	5
1100	2	3	0
1101	57	32	49
1102	39	39	49
1103	8	19	7
1104	1	4	2
1105	31	29	21
1106	1	2	1
1107	94	81	111
1108	40	44	43
1109	3	1	0
1110	0	0	0
1111	0	0	1
1112	16	11	17
1113	2	2	2
1114	3	3	1
1115	0	0	0
1116	7	11	8
1117	3	9	8
1118	0	0	0
1119	103	82	107
1120	0	0	1
1121	4	4	1
1122	2	2	0
1123	0	0	0
1124	3	1	3
1125	0	0	0
1126	7	12	9
1127	7	7	2
1128	1	1	2
1129	0	0	1
1130	3	1	1
1131	4	4	3
1132	3	6	3
1133	1	2	0
1134	13	13	14
1135	35	27	26
1136	16	7	3
1137	165	133	121
1138	2	4	1
1139	7	9	7
1140	6	7	3
1141	0	0	0
1142	0	1	1
1143	12	15	13
1144	26	32	38
1145	12	13	17
1146	0	0	0
1147	11	16	15
1148	38	35	24
1149	10	11	11
1150	2	2	3
1151	55	41	46
1152	307	291	305
1153	0	1	0
1154	26	29	17
1155	13	9	10
1156	0	2	0
1157	94	83	77
1158	0	0	0
1159	0	1	0
1160	40	35	34
1161	11	20	12
1162	11	5	5
1163	7	11	8
1164	3	7	5
1165	26	28	19
1166	1	0	0
1167	4	0	1
1168	4	5	10
1169	1	0	0
1170	51	50	37
1171	4	3	6
1172	259	215	227
1173	2	0	1
1174	1	1	2
1175	1	1	0
1176	42	52	38
1177	13	22	13
1178	27	20	25
1179	0	0	0
1180	2	0	0
1181	16	11	16
1182	0	0	0
1183	4	4	4
1184	17	8	14
1185	0	5	2
1186	75	66	65
1187	582	512	526
1188	9	4	4
1189	9	4	7
1190	1	4	0
1191	4	5	4
1192	13	11	12
1193	7	15	13
1194	0	0	1
1195	1	0	0
1196	3	3	1
1197	0	0	0
1198	1	0	1
1199	2	2	1
1200	0	0	0
1201	1	0	1
1202	0	0	0
1203	0	0	0
1204	13	12	7
1205	77	70	46
1206	13	8	7
1207	45	53	39
1208	5	2	3
1209	52	63	66
1210	131	113	104
1211	64	61	51
1212	8	4	7
1213	0	0	0
1214	0	0	0
1215	126	87	88
1216	20	10	12
1217	26	13	21
1218	6	12	8
1219	0	0	0
1220	22	29	26
1221	0	0	0
1222	1	1	2
1223	4	2	2
1224	16	6	12
1225	2	2	1
1226	10	11	9
1227	13	13	12
1228	1	0	0
1229	11	16	9
1230	0	0	0
1231	175	159	172
1232	3	9	4
1233	3	7	6
1234	11	13	18
1235	11	18	14
1236	5	6	4
1237	20	23	14
1238	10	15	15
1239	1	1	2
1240	7	8	5
1241	0	1	0
1242	96	88	103
1243	0	0	0
1244	0	0	0
1245	0	0	0
1246	0	0	0
1247	229	227	220
1248	2	2	3
1249	8	7	6
1250	2	3	2
1251	10	15	8
1252	26	12	12
1253	8	7	5
1254	2	1	2
1255	26	19	28
1256	0	0	1
1257	11	4	5
1258	5	1	2
1259	246	254	231
1260	2	9	4
1261	6	2	8
1262	3	2	3
1263	2	1	3
1264	1	3	3
1265	225	175	217
1266	26	32	23
1267	15	9	14
1268	1	0	0
1269	208	195	172
1270	12	5	3
1271	13	8	5
1272	2	0	0
1273	17	9	5
1274	2	5	2
1275	114	99	104
1276	3	1	4
1277	0	0	0
1278	117	111	99
1279	8	9	14
1280	35	25	35
1281	16	11	9
1282	0	0	0
1283	41	36	37
1284	2	0	0
1285	15	10	8
1286	17	13	12
1287	5	8	4
1288	23	15	18
1289	17	10	15
1290	16	11	12
1291	0	2	1
1292	8	6	9
1293	23	13	8
1294	1	4	2
1295	1	0	1
1296	8	7	5
1297	0	0	0
1298	0	0	0
1299	1	3	1
1300	7	3	4
1301	9	12	11
1302	5	17	8
1303	56	49	55
1304	9	8	11
1305	5	6	2
1306	68	92	68
1307	3	3	3
1308	15	18	12
1309	93	97	74
1310	9	11	8
1311	18	22	28
1312	15	17	15
1313	0	0	1
1314	0	0	0
1315	2	5	5
1316	20	15	14
1317	13	19	9
1318	35	38	32
1319	37	38	55
1320	16	9	18
1321	338	323	358
1322	2	0	2
1323	236	224	235
1324	150	189	215
1325	10	15	19
1326	6	4	4
1327	3	8	5
1328	9	8	3
1329	108	98	94
1330	7	17	6
1331	14	14	13
1332	5	6	2
1333	5	6	6
1334	9	5	6
1335	2	3	5
1336	9	25	15
1337	3	3	1
1338	20	11	15
1339	14	11	16
1340	48	30	78
1341	53	55	40
1342	4	8	8
1343	3	1	0
1344	5	5	5
1345	136	113	93
1346	24	31	29
1347	3	6	4
1348	0	0	0
1349	0	0	0
1350	0	0	0
1351	0	0	0
1352	4	9	13
1353	23	54	53
1354	69	62	66
1355	0	0	0
1356	64	63	43
1357	278	243	259
1358	6	6	9
1359	4	16	3
1360	0	5	2
1361	0	2	4
1362	38	31	23
1363	107	128	66
1364	0	1	3
1365	7	3	3
1366	18	19	17
1367	0	1	1
1368	26	24	28
1369	9	13	19
1370	32	25	24
1371	22	27	16
1372	4	9	11
1373	0	0	0
1374	1	1	1
1375	39	48	37
1376	3	5	4
1377	3	0	0
1378	11	13	14
1379	40	58	36
1380	0	0	0
1381	0	2	0
1382	18	12	16
1383	4	12	7
1384	11	17	13
1385	17	9	15
1386	11	8	13
1387	84	52	88
1388	4	3	4
1389	25	19	22
1390	165	157	130
1391	4	1	2
1392	99	115	88
1393	2	2	2
1394	5	11	7
1395	0	0	0
1396	36	27	26
1397	0	0	0
1398	31	25	36
1399	6	4	2
1400	1	0	0
1401	4	5	7
1402	4	2	2
1403	0	0	0
1404	0	0	0
1405	7	17	7
1406	2	4	1
1407	8	5	5
1408	5	7	6
1409	0	2	2
1410	2	4	3
1411	0	0	1
1412	2	2	1
1413	19	12	8
1414	0	0	0
1415	0	0	0
1416	0	1	1
1417	37	37	42
1418	76	97	69
1419	10	11	13
1420	33	24	20
1421	9	3	7
1422	1	0	0
1423	0	0	0
1424	0	0	0
1425	0	2	2
1426	3	3	2
1427	6	6	3
1428	0	3	1
1429	5	7	6
1430	63	55	52
1431	10	7	9
1432	12	9	21
1433	0	0	0
1434	3	1	3
1435	6	5	7
1436	1	0	1
1437	0	0	0
1438	0	0	0
1439	0	0	0
1440	22	6	11
1441	3	1	1
1442	3	3	1
1443	7	5	10
1444	22	6	10
1445	20	19	36
1446	6	9	3
1447	0	0	1
1448	4	9	4
1449	0	0	0
1450	0	0	0
1451	2	1	2
1452	7	9	7
1453	3	6	3
1454	14	19	18
1455	96	74	92
1456	23	21	19
1457	0	0	0
1458	9	4	9
1459	2	1	2
1460	14	15	14
1461	0	0	0
1462	4	3	4
1463	38	31	36
1464	14	7	3
1465	30	24	26
1466	1	0	2
1467	16	11	13
1468	4	4	4
1469	8	1	8
1470	44	34	36
1471	19	11	14
1472	17	11	12
1473	7	7	8
1474	1	3	3
1475	17	16	10
1476	7	9	15
1477	26	26	24
1478	162	132	136
1479	3	3	5
1480	29	21	30
1481	44	37	26
1482	27	20	22
1483	15	17	9
1484	6	7	13
1485	2	0	0
1486	2	0	1
1487	0	0	0
1488	25	27	12
1489	138	149	180
1490	2	7	4
1491	0	0	0
1492	5	3	10
1493	0	1	0
1494	20	21	11
1495	0	1	1
1496	39	40	41
1497	19	22	21
1498	0	0	0
1499	9	4	12
1500	6	3	5
1501	27	24	23
1502	143	150	116
1503	7	9	4
1504	2	1	1
1505	52	52	49
1506	0	1	0
1507	0	0	0
1508	19	19	17
1509	14	22	24
1510	4	1	3
1511	12	19	7
1512	0	0	0
1513	1	3	4
1514	4	1	1
1515	8	16	12
1516	2	2	0
1517	1	1	2
1518	81	74	82
1519	0	0	0
1520	17	23	20
1521	8	3	10
1522	7	9	1
1523	50	32	32
1524	0	2	1
1525	0	2	0
1526	0	1	3
1527	28	24	19
1528	23	21	26
1529	1	1	0
1530	46	39	28
1531	49	52	32
1532	3	5	12
1533	9	9	9
1534	9	4	2
1535	63	70	33
1536	10	12	9
1537	1	0	0
1538	13	10	7
1539	39	38	30
1540	22	29	21
1541	33	39	22
1542	0	0	1
1543	0	0	0
1544	61	71	50
1545	188	153	154
1546	0	0	0
1547	16	17	12
1548	0	0	0
1549	0	0	0
1550	59	79	69
1551	47	43	33
1552	30	30	31
1553	2	5	3
1554	9	11	6
1555	22	20	21
1556	17	22	22
1557	0	0	0
1558	0	0	1
1559	5	6	3
1560	14	12	11
1561	13	13	18
1562	7	10	9
1563	11	10	17
1564	2	0	0
1565	17	15	28
1566	68	46	56
1567	2	8	4
1568	0	0	0
1569	28	26	32
1570	29	20	15
1571	1	0	1
1572	29	18	30
1573	38	42	56
1574	0	0	1
1575	1	2	4
1576	0	4	4
1577	57	37	54
1578	35	24	21
1579	7	9	7
1580	105	92	91
1581	19	11	26
1582	0	0	0
1583	37	35	24
1584	85	85	69
1585	8	10	11
1586	6	4	3
1587	1	1	0
1588	365	366	439
1589	0	0	0
1590	0	0	0
1591	1	1	1
1592	2	7	3
1593	1	2	2
1594	0	0	0
1595	2	1	3
1596	3	6	4
1597	6	7	1
1598	2	3	1
1599	0	0	0
1600	7	7	5
1601	12	10	13
1602	9	4	6
1603	9	24	21
1604	60	47	23
1605	14	20	14
1606	9	16	11
1607	0	0	0
1608	66	71	60
1609	67	47	36
1610	1	0	0
1611	0	0	0
1612	2	0	3
1613	3	6	3
1614	5	9	4
1615	29	35	35
1616	6	6	7
1617	0	0	0
1618	12	13	11
1619	10	11	6
1620	5	5	5
1621	16	17	17
1622	0	0	0
1623	2	0	2
1624	1	2	0
1625	40	31	47
1626	5	5	2
1627	0	0	0
1628	7	5	3
1629	105	102	101
1630	3	2	8
1631	23	32	31
1632	40	39	43
1633	4	11	12
1634	8	1	0
1635	2	2	2
1636	0	1	0
1637	16	14	12
1638	41	35	23
1639	3	3	0
1640	23	29	15
1641	5	6	7
1642	484	483	548
1643	0	1	0
1644	0	0	1
1645	3	3	1
1646	10	14	16
1647	2	2	1
1648	45	40	28
1649	1	0	1
1650	428	439	386
1651	5	5	7
1652	0	1	0
1653	14	15	5
1654	10	8	7
1655	91	89	54
1656	3	1	3
1657	2	2	0
1658	25	49	36
1659	26	24	27
1660	0	1	2
1661	7	16	7
1662	11	13	13
1663	12	11	6
1664	10	12	12
1665	4	7	4
1666	0	0	0
1667	28	32	46
1668	0	2	0
1669	75	66	84
1670	62	50	51
1671	5	6	3
1672	19	24	23
1673	10	8	3
1674	4	5	6
1675	0	0	0
1676	14	19	9
1677	32	26	18
1678	34	38	35
1679	3	2	3
1680	45	65	25
1681	13	14	20
1682	11	11	13
1683	21	24	9
1684	49	59	55
1685	34	39	31
1686	3	2	3
1687	1	0	0
1688	2	3	3
1689	0	0	0
1690	0	1	4
1691	0	0	0
1692	1	2	1
1693	0	1	0
1694	0	0	1
1695	8	4	1
1696	9	4	1
1697	0	0	1
1698	0	0	0
1699	2	3	5
1700	22	11	12
1701	9	11	10
1702	73	81	71
1703	0	1	1
1704	64	64	73
1705	125	127	126
1706	180	183	174
1707	37	22	33
1708	1	0	4
1709	8	7	4
1710	0	3	1
1711	0	0	0
1712	81	62	60
1713	7	6	9
1714	11	9	6
1715	26	22	17
1716	40	41	34
1717	13	11	9
1718	512	475	440
1719	2	5	3
1720	6	7	9
1721	40	44	41
1722	0	0	0
1723	0	0	0
1724	3	6	2
1725	18	13	16
1726	3	4	6
1727	50	45	34
1728	15	10	12
1729	885	743	819
1730	0	0	0
1731	4	2	5
1732	0	0	2
1733	92	77	79
1734	25	24	20
1735	46	19	45
1736	0	0	0
1737	12	5	5
1738	11	8	12
1739	19	10	8
1740	3	4	8
1741	189	139	132
1742	2	8	4
1743	11	12	7
1744	4	8	7
1745	4	4	8
1746	21	27	16
1747	5	5	3
1748	2	4	4
1749	6	3	0
1750	5	3	0
1751	8	10	4
1752	87	100	108
1753	17	5	18
1754	0	3	6
1755	1	1	1
1756	29	29	12
1757	17	16	22
1758	8	6	5
1759	17	11	17
1760	0	1	0
1761	37	29	36
1762	1	3	3
1763	1	0	0
1764	0	0	0
1765	0	0	0
1766	0	1	0
1767	3	5	6
1768	0	0	0
1769	0	0	0
1770	95	85	101
1771	137	120	125
1772	4	3	6
1773	2	5	4
1774	6	6	5
1775	8	11	7
1776	43	42	33
1777	7	2	4
1778	193	185	245
1779	20	17	20
1780	14	7	17
1781	209	220	193
1782	238	246	256
1783	12	12	8
1784	46	45	55
1785	8	7	6
1786	0	0	0
1787	35	50	42
1788	48	49	32
1789	7	8	13
1790	2	3	4
1791	2	5	3
1792	6	4	2
1793	0	0	0
1794	1	0	2
1795	13	13	9
1796	147	122	127
1797	428	413	370
1798	6	9	3
1799	4	5	1
1800	2	1	1
1801	6	1	6
1802	1	2	2
1803	83	58	68
1804	15	8	9
1805	267	266	209
1806	8	2	7
1807	43	40	32
1808	3	1	4
1809	74	54	62
1810	5	9	6
1811	0	0	0
1812	5	9	3
1813	2	1	3
1814	11	14	13
1815	8	4	7
1816	6	2	6
1817	5	3	4
1818	10	6	5
1819	0	0	0
1820	1	1	0
1821	1	3	2
1822	78	83	109
1823	100	97	98
1824	26	17	21
1825	5	2	1
1826	13	15	7
1827	7	5	8
1828	49	29	45
1829	3	3	1
1830	0	1	1
1831	4	5	4
1832	13	13	11
1833	4	0	2
1834	20	14	17
1835	70	38	42
1836	3	5	3
1837	27	26	30
1838	20	26	21
1839	1	0	1
1840	2	2	4
1841	30	23	27
1842	21	8	19
1843	25	14	8
1844	23	18	22
1845	3	6	2
1846	1	1	1
1847	19	19	17
1848	11	7	12
1849	2	1	1
1850	0	0	0
1851	121	62	80
1852	11	5	8
1853	2	1	0
1854	118	117	96
1855	16	15	7
1856	1	0	0
1857	1	1	4
1858	22	6	11
1859	1	0	1
1860	2	3	3
1861	54	33	49
1862	4	6	6
1863	4	6	2
1864	2	6	6
1865	5	2	4
1866	76	64	59
1867	1	3	3
1868	114	121	89
1869	8	6	7
1870	72	70	45
1871	7	16	10
1872	42	36	36
1873	9	2	9
1874	23	20	12
1875	5	2	9
1876	6	3	5
1877	51	37	43
1878	14	20	15
1879	11	7	7
1880	12	8	13
1881	102	140	117
1882	37	32	35
1883	6	4	4
1884	4	5	6
1885	40	35	25
1886	63	43	54
1887	1	2	1
1888	0	0	0
1889	6	8	7
1890	8	15	9
1891	6	3	5
1892	0	0	0
1893	3	1	0
1894	34	29	34
1895	0	0	0
1896	24	21	29
1897	50	39	44
1898	0	1	1
1899	4	4	1
1900	3	0	4
1901	1	2	4
1902	5	2	2
1903	5	4	2
1904	0	0	0
1905	7	4	11
1906	18	11	14
1907	7	4	5
1908	5	6	7
1909	0	2	2
1910	0	1	1
1911	10	14	14
1912	51	53	24
1913	16	25	18
1914	23	13	27
1915	0	0	5
1916	5	7	6
1917	0	0	0
1918	49	46	65
1919	1	0	0
1920	17	20	22
1921	0	0	0
1922	22	27	22
1923	47	37	32
1924	15	8	14
1925	4	1	3
1926	36	20	30
1927	5	11	6
1928	39	38	34
1929	1	0	2
1930	0	0	0
1931	1	2	1
1932	9	8	8
1933	0	1	4
1934	13	16	24
1935	25	36	19
1936	5	0	2
1937	1	0	0
1938	0	0	0
1939	109	111	106
1940	0	0	0
1941	60	60	66
1942	38	22	31
1943	0	0	0
1944	4	5	9
1945	1	1	3
1946	13	3	5
1947	10	8	8
1948	4	2	7
1949	2	7	2
1950	2	1	1
1951	5	6	2
1952	26	30	17
1953	0	0	0
1954	2	1	0
1955	0	0	0
1956	29	16	13
1957	0	0	0
1958	3	5	3
1959	0	0	0
1960	137	138	148
1961	18	23	24
1962	22	9	2
1963	19	14	15
1964	9	6	11
1965	1	2	2
1966	1	0	3
1967	1	0	0
1968	2	5	3
1969	50	49	63
1970	55	48	27
1971	0	0	1
1972	1	0	4
1973	5	6	0
1974	9	13	9
1975	1	0	2
1976	7	8	5
1977	58	35	37
1978	22	23	32
1979	48	61	46
1980	0	0	0
1981	12	12	15
1982	61	38	24
1983	2	6	4
1984	1	5	3
1985	1	3	2
1986	8	9	8
1987	5	3	5
1988	0	0	0
1989	1	0	2
1990	4	4	2
1991	12	16	11
1992	103	91	67
1993	0	0	0
1994	0	2	0
1995	19	23	24
1996	47	55	46
1997	6	6	0
1998	22	13	14
1999	21	23	23
2000	4	2	5
2001	2	1	0
2002	5	4	3
2003	7	21	9
2004	9	13	10
2005	9	9	6
2006	3	5	3
2007	123	98	88
2008	3	4	4
2009	7	4	9
2010	11	12	9
2011	0	1	0
2012	52	36	39
2013	6	5	5
2014	8	22	15
2015	2	2	1
2016	14	7	7
2017	1	1	0
2018	0	0	0
2019	3	5	3
2020	0	0	2
2021	0	0	0
2022	17	11	14
2023	2	5	4
2024	45	37	50
2025	13	11	9
2026	66	50	54
2027	16	14	19
2028	57	41	41
2029	56	46	46
2030	3	6	2
2031	174	150	150
2032	30	27	20
2033	3	3	1
2034	5	4	2
2035	15	17	16
2036	7	8	14
2037	3	3	5
2038	27	16	8
2039	12	18	6
2040	34	36	23
2041	39	28	28
2042	18	24	29
2043	13	6	5
2044	1	2	2
2045	1	2	1
2046	0	0	0
2047	2	1	6
2048	19	8	14
2049	113	124	99
2050	1	1	1
2051	1	0	1
2052	9	12	12
2053	29	39	41
2054	34	36	30
2055	0	0	0
2056	0	0	0
2057	7	6	9
2058	17	11	12
2059	39	29	22
2060	68	55	63
2061	12	10	5
2062	5	0	5
2063	0	0	0
2064	0	0	0
2065	1	1	3
2066	13	14	11
2067	295	250	259
2068	3	2	0
2069	1	1	1
2070	0	1	1
2071	0	0	0
2072	2	1	1
2073	20	18	11
2074	5	3	4
2075	17	14	19
2076	0	0	0
2077	1	10	4
2078	0	0	0
2079	3	2	3
2080	20	10	14
2081	17	15	9
2082	3	3	2
2083	0	1	2
2084	35	31	32
2085	5	9	4
2086	5	13	8
2087	99	84	78
2088	1	1	2
2089	51	53	42
2090	119	110	122
2091	11	8	5
2092	0	0	0
2093	114	93	72
2094	1	0	1
2095	0	0	1
2096	2	2	3
2097	0	1	0
2098	0	0	0
2099	2	0	2
2100	2	4	2
2101	2	4	3
2102	7	4	4
2103	18	11	11
2104	0	0	0
2105	1	0	1
2106	0	0	0
2107	108	131	115
2108	7	2	1
2109	1	0	1
2110	0	0	0
2111	28	30	34
2112	0	0	0
2113	9	9	9
2114	6	2	7
2115	3	3	2
2116	10	9	10
2117	6	18	9
2118	1	1	3
2119	0	0	0
2120	0	0	0
2121	0	0	0
2122	251	188	236
2123	8	7	8
2124	2	2	1
2125	0	0	0
2126	3	0	0
2127	0	0	0
2128	97	80	78
2129	0	0	0
2130	6	0	2
2131	114	82	81
2132	5	7	5
2133	60	49	53
2134	1	3	0
2135	0	0	0
2136	49	53	36
2137	9	8	6
2138	34	30	35
2139	35	48	27
2140	15	13	12
2141	0	0	0
2142	135	145	175
2143	3	9	4
2144	12	20	11
2145	5	2	4
2146	128	107	111
2147	0	2	0
2148	25	24	33
2149	2	3	0
2150	15	13	14
2151	8	4	3
2152	0	0	0
2153	1	5	2
2154	15	23	17
2155	56	39	52
2156	39	30	34
2157	10	6	8
2158	0	0	0
2159	500	502	526
2160	2	1	1
2161	11	13	19
2162	24	23	17
2163	4	5	4
2164	26	14	25
2165	0	0	0
2166	0	2	3
2167	2	4	4
2168	5	4	1
2169	45	39	23
2170	8	11	14
2171	0	0	0
2172	0	0	0
2173	2	3	3
2174	2	2	1
2175	47	74	46
2176	5	6	4
2177	0	2	0
2178	0	0	0
2179	2	0	2
2180	1	0	1
2181	2	5	6
2182	6	8	5
2183	6	0	5
2184	2	1	1
2185	32	53	41
2186	2	2	1
2187	145	206	153
2188	6	3	5
2189	36	50	37
2190	1	2	1
2191	0	0	0
2192	39	28	32
2193	0	0	0
2194	0	1	0
2195	26	19	21
2196	5	2	8
2197	3	4	3
2198	7	4	4
2199	3	4	3
2200	1	0	0
2201	40	46	39
2202	0	2	2
2203	0	1	0
2204	0	2	0
2205	28	33	22
2206	0	0	0
2207	1	1	2
2208	18	20	18
2209	1	1	2
2210	255	255	272
2211	0	1	1
2212	0	0	0
2213	6	0	3
2214	10	15	12
2215	22	16	14
2216	19	19	23
2217	2	8	8
2218	5	5	10
2219	12	15	10
2220	174	169	170
2221	7	3	7
2222	1	4	5
2223	4	7	2
2224	2	4	2
2225	8	6	6
2226	28	30	26
2227	23	10	18
2228	4	4	1
2229	5	4	1
2230	10	9	5
2231	8	4	5
2232	0	0	0
2233	1	0	3
2234	4	3	5
2235	5	4	4
2236	0	0	0
2237	22	19	20
2238	74	63	66
2239	32	42	41
2240	4	2	7
2241	8	12	6
2242	16	14	12
2243	0	3	1
2244	10	6	10
2245	73	55	61
2246	7	5	9
2247	24	29	26
2248	19	15	20
2249	3	7	5
2250	12	4	6
2251	2	5	5
2252	8	4	2
2253	0	0	0
2254	0	0	0
2255	0	0	1
2256	4	6	2
2257	6	1	1
2258	0	0	0
2259	0	1	0
2260	12	7	6
2261	1	1	1
2262	2	3	6
2263	13	13	9
2264	6	1	1
2265	3	1	0
2266	33	28	38
2267	16	18	29
2268	29	25	20
2269	9	5	6
2270	17	11	9
2271	1	2	3
2272	137	115	122
2273	0	1	0
2274	5	2	6
2275	1	0	1
2276	26	17	18
2277	44	49	46
2278	0	0	0
2279	0	0	0
2280	3	8	5
2281	72	69	61
2282	14	9	10
2283	38	37	42
2284	12	6	10
2285	2	1	3
2286	4	6	3
2287	0	0	0
2288	3	3	1
2289	1	3	2
2290	0	0	0
2291	14	11	6
2292	1	1	4
2293	28	48	21
2294	21	13	8
2295	4	3	2
2296	4	4	3
2297	129	141	98
2298	8	4	1
2299	101	76	82
2300	9	11	7
2301	73	64	93
2302	1	1	1
2303	9	12	9
2304	0	0	0
2305	0	0	0
2306	5	2	2
2307	6	8	11
2308	32	22	22
2309	1	0	0
2310	15	13	11
2311	41	40	29
2312	0	0	2
2313	7	8	10
2314	8	5	8
2315	5	10	6
2316	44	41	38
2317	2	1	0
2318	158	179	185
2319	1	1	4
2320	48	35	44
2321	1	4	1
2322	7	12	6
2323	1	1	0
2324	10	6	5
2325	224	225	247
2326	2	1	2
2327	4	5	4
2328	0	0	0
2329	24	36	22
2330	10	15	12
2331	21	21	15
2332	8	9	7
2333	8	9	7
2334	157	124	128
2335	8	5	8
2336	0	0	0
2337	26	33	33
2338	24	18	25
2339	16	24	16
2340	5	3	3
2341	0	1	0
2342	5	4	5
2343	2	3	4
2344	23	22	19
2345	0	0	2
2346	8	6	2
2347	85	95	77
2348	9	13	13
2349	38	29	33
2350	0	0	0
2351	0	0	0
2352	5	3	5
2353	38	42	39
2354	201	220	223
2355	7	8	8
2356	49	40	42
2357	0	0	1
2358	117	111	134
2359	0	0	0
2360	1	0	0
2361	13	10	12
2362	6	5	6
2363	0	5	1
2364	0	0	0
2365	14	11	9
2366	0	0	0
2367	0	0	0
2368	0	0	0
2369	38	27	40
2370	139	142	114
2371	20	11	14
2372	53	57	63
2373	26	20	23
2374	27	37	29
2375	10	9	7
2376	4	0	1
2377	0	1	1
2378	18	34	21
2379	16	25	15
2380	6	6	8
2381	5	6	10
2382	30	42	64
2383	3	1	4
2384	0	0	0
2385	5	4	2
2386	0	0	0
2387	26	27	29
2388	0	0	0
2389	1	1	0
2390	84	75	75
2391	30	33	23
2392	28	23	27
2393	5	3	6
2394	9	3	14
2395	2	1	2
2396	1	2	4
2397	0	1	1
2398	8	5	8
2399	2	6	0
2400	81	75	75
2401	28	14	6
2402	114	106	108
2403	4	2	3
2404	1	2	2
2405	0	0	0
2406	1	0	0
2407	2	2	1
2408	9	8	8
2409	13	6	11
2410	1	1	4
2411	15	11	15
2412	2	7	1
2413	34	30	19
2414	19	15	17
2415	7	6	5
2416	22	20	24
2417	423	425	455
2418	28	12	20
2419	5	6	2
2420	9	9	4
2421	25	13	23
2422	8	1	3
2423	19	18	14
2424	13	13	9
2425	6	4	9
2426	7	8	9
2427	15	10	20
2428	9	4	7
2429	242	214	197
2430	22	13	8
2431	43	57	50
2432	8	6	3
2433	0	4	3
2434	16	7	8
2435	7	6	3
2436	1	1	0
2437	9	9	6
2438	2	5	6
2439	2	1	2
2440	22	25	20
2441	0	0	0
2442	387	385	341
2443	6	4	5
2444	11	9	7
2445	0	0	1
2446	0	0	0
2447	0	0	0
2448	4	2	2
2449	42	42	40
2450	7	8	6
2451	2	2	3
2452	5	0	4
2453	4	3	3
2454	3	0	2
2455	19	14	13
2456	0	4	1
2457	38	30	43
2458	18	10	22
2459	1	4	1
2460	38	35	25
2461	66	68	70
2462	13	9	8
2463	0	1	0
2464	1	0	0
2465	60	69	55
2466	1	1	3
2467	1	1	4
2468	11	9	33
2469	7	10	20
2470	4	0	0
2471	20	14	12
2472	2	0	1
2473	146	154	152
2474	7	1	18
2475	0	0	0
2476	21	19	17
2477	3	1	2
2478	1	0	6
2479	1	1	0
2480	20	21	18
2481	3	3	2
2482	33	39	32
2483	8	7	12
2484	0	1	0
2485	3	3	4
2486	102	90	112
2487	29	32	24
2488	7	8	7
2489	58	60	51
2490	28	19	15
2491	0	0	0
2492	10	5	6
2493	33	32	34
2494	0	3	0
2495	1	3	4
2496	15	6	5
2497	14	4	12
2498	32	36	35
2499	4	1	3
2500	10	7	8
2501	0	0	0
2502	0	3	3
2503	6	7	11
2504	0	0	6
2505	12	13	11
2506	20	25	23
2507	64	60	49
2508	63	56	64
2509	2	5	2
2510	0	0	0
2511	13	12	5
2512	44	34	34
2513	9	7	5
2514	1	0	3
2515	32	25	28
2516	52	38	40
2517	61	50	50
2518	2	3	5
2519	5	16	9
2520	24	23	20
2521	69	46	71
2522	1	1	0
2523	51	48	38
2524	0	1	1
2525	0	0	0
2526	0	0	1
2527	2	1	1
2528	10	6	4
2529	4	5	6
2530	1	0	0
2531	1	2	4
2532	85	74	91
2533	73	52	68
2534	0	0	0
2535	99	83	80
2536	13	12	14
2537	64	81	80
2538	0	0	0
2539	0	0	0
2540	3	3	0
2541	2	1	1
2542	3	0	4
2543	111	108	123
2544	5	4	4
2545	32	22	26
2546	2	3	2
2547	77	51	64
2548	104	95	79
2549	4	10	6
2550	24	24	21
2551	136	90	119
2552	1	1	0
2553	11	10	6
2554	6	8	11
2555	55	45	35
2556	5	9	4
2557	0	0	0
2558	58	31	34
2559	0	0	0
2560	44	31	45
2561	12	6	6
2562	0	0	0
2563	8	5	7
2564	17	12	19
2565	0	0	0
2566	0	0	0
2567	192	175	171
2568	0	0	0
2569	19	24	17
2570	21	25	14
2571	4	7	3
2572	26	26	27
2573	28	14	18
2574	2	1	2
2575	0	0	1
2576	0	1	2
2577	266	243	270
2578	15	13	7
2579	120	89	71
2580	15	11	7
2581	0	0	0
2582	0	1	0
2583	5	5	5
2584	3	2	2
2585	19	21	10
2586	0	0	0
2587	3	2	1
2588	71	67	54
2589	2	4	7
2590	1	3	3
2591	1	6	4
2592	0	1	0
2593	1	5	4
2594	0	0	0
2595	1	2	9
2596	9	7	11
2597	4	4	1
2598	28	30	20
2599	6	5	3
2600	1	1	1
2601	0	0	0
2602	40	37	28
2603	1	1	1
2604	84	109	107
2605	0	0	0
2606	0	0	0
2607	0	1	0
2608	5	1	5
2609	68	43	44
2610	12	9	8
2611	1	0	0
2612	1	2	1
2613	0	0	0
2614	1	1	0
2615	0	1	1
2616	2	1	2
2617	1	1	1
2618	31	19	12
2619	0	0	1
2620	10	15	11
2621	39	45	60
2622	49	34	54
2623	12	9	10
2624	0	0	0
2625	0	0	0
2626	0	0	0
2627	1	1	2
2628	0	0	0
2629	6	8	11
2630	30	33	36
2631	2	1	2
2632	0	0	2
2633	7	3	6
2634	4	6	2
2635	4	5	2
2636	17	17	17
2637	5	2	0
2638	0	0	0
2639	0	2	1
2640	0	0	0
2641	29	20	16
2642	2	0	1
2643	8	13	13
2644	10	8	4
2645	5	4	2
2646	2	1	1
2647	1	3	0
2648	0	0	0
2649	31	21	30
2650	51	55	32
2651	3	3	6
2652	9	11	12
2653	2	4	4
2654	16	14	17
2655	2	0	8
2656	5	4	6
2657	20	19	23
2658	12	16	7
2659	2	2	2
2660	2	1	1
2661	0	1	0
2662	6	11	9
2663	4	5	11
2664	21	17	16
2665	46	32	53
2666	2	1	3
2667	17	6	13
2668	10	11	5
2669	1	1	1
2670	5	11	5
2671	3	3	2
2672	0	0	0
2673	0	0	0
2674	12	18	10
2675	17	17	13
2676	1	0	1
2677	4	1	8
2678	4	3	2
2679	18	9	8
2680	0	0	0
2681	0	0	0
2682	17	22	14
2683	0	0	0
2684	0	0	2
2685	0	0	0
2686	0	0	0
2687	1	0	0
2688	36	38	45
2689	17	14	15
2690	12	15	10
2691	7	5	7
2692	0	0	0
2693	12	9	9
2694	4	2	0
2695	23	29	20
2696	1	3	3
2697	3	4	4
2698	5	4	5
2699	25	19	14
2700	0	0	0
2701	4	6	8
2702	39	34	27
2703	8	12	2
2704	5	5	7
2705	2	4	2
2706	8	10	8
2707	9	8	5
2708	1	0	1
2709	11	7	9
2710	5	7	12
2711	37	25	30
2712	10	6	7
2713	33	22	32
2714	0	2	0
2715	19	12	23
2716	0	0	0
2717	0	0	1
2718	1	2	4
2719	4	1	1
2720	2	1	6
2721	0	0	0
2722	27	22	27
2723	7	8	6
2724	31	38	57
2725	120	135	173
2726	0	0	0
2727	26	17	15
2728	1	3	2
2729	9	9	9
2730	63	60	61
2731	0	0	0
2732	0	0	1
2733	5	1	3
2734	0	0	0
2735	0	0	0
2736	0	1	0
2737	8	16	10
2738	19	13	4
2739	2	0	1
2740	9	7	11
2741	3	2	3
2742	52	42	27
2743	89	75	72
2744	0	0	0
2745	2	9	5
2746	3	0	0
2747	5	10	12
2748	0	0	0
2749	12	11	6
2750	18	35	16
2751	2	7	4
2752	5	3	4
2753	7	9	6
2754	15	12	11
2755	16	13	21
2756	108	115	83
2757	0	0	0
2758	0	0	0
2759	13	13	15
2760	32	29	24
2761	0	0	0
2762	16	19	15
2763	309	265	240
2764	23	12	11
2765	16	13	13
2766	1	3	1
2767	12	7	10
2768	9	10	8
2769	381	372	374
2770	0	0	0
2771	3	3	2
2772	49	40	27
2773	1	2	2
2774	6	3	8
2775	0	8	6
2776	7	4	4
2777	0	1	0
2778	1	0	1
2779	168	170	175
2780	132	121	128
2781	9	16	14
2782	8	10	7
2783	0	0	0
2784	4	2	1
2785	0	0	0
2786	9	2	4
2787	1	0	0
2788	50	33	57
2789	15	7	8
2790	6	4	8
2791	7	14	2
2792	9	7	1
2793	280	271	248
2794	49	42	53
2795	151	176	194
2796	1	0	0
2797	50	37	32
2798	0	0	0
2799	9	7	3
2800	12	13	15
2801	175	115	149
2802	14	5	5
2803	8	14	8
2804	23	11	9
2805	2	5	1
2806	22	14	13
2807	734	665	691
2808	14	14	14
2809	119	131	129
2810	16	7	21
2811	18	27	16
2812	8	5	6
2813	7	9	5
2814	5	8	3
2815	1	0	0
2816	9	7	4
2817	10	3	3
2818	0	0	1
2819	1	0	3
2820	159	149	163
2821	11	19	12
2822	10	16	12
2823	0	0	0
2824	17	15	12
2825	25	29	27
2826	92	106	104
2827	10	10	3
2828	0	0	0
2829	8	7	7
2830	1142	1050	1144
2831	127	136	150
2832	127	112	116
2833	0	0	0
2834	61	38	53
2835	3	5	4
2836	8	7	8
2837	9	14	10
2838	8	6	4
2839	1	3	2
2840	143	111	155
2841	14	11	9
2842	0	0	0
2843	0	1	0
2844	50	47	38
2845	4	10	9
2846	784	730	753
2847	3	4	5
2848	2	2	2
2849	0	1	1
2850	22	9	13
2851	5	8	7
2852	4	8	3
2853	16	17	14
2854	3	4	5
2855	6	11	8
2856	20	15	12
2857	5	6	3
2858	41	44	45
2859	3	3	0
2860	0	1	0
2861	2	3	3
2862	8	7	10
2863	2	5	0
2864	0	0	0
2865	1	7	6
2866	0	1	0
2867	8	5	7
2868	1	0	0
2869	0	0	0
2870	0	0	0
2871	139	124	113
2872	0	0	0
2873	4	9	11
2874	129	121	111
2875	27	37	26
2876	5	5	11
2877	91	93	69
2878	1	8	6
2879	0	0	0
2880	2	0	3
2881	2	4	5
2882	16	11	11
2883	0	1	0
2884	12	16	10
2885	5	6	5
2886	7	16	6
2887	0	0	0
2888	1	2	0
2889	14	18	11
2890	30	22	54
2891	20	17	19
2892	3	2	1
2893	5	5	1
2894	16	13	10
2895	8	7	14
2896	10	14	18
2897	4	1	2
2898	14	9	1
2899	21	25	15
2900	34	26	18
2901	0	0	0
2902	0	0	1
2903	24	16	11
2904	79	84	74
2905	29	32	23
2906	136	129	137
2907	0	0	0
2908	1	4	2
2909	18	14	7
2910	32	28	22
2911	9	7	6
2912	13	4	7
2913	45	47	43
2914	8	6	3
2915	18	16	12
2916	2	3	0
2917	8	7	11
2918	6	9	10
2919	1	1	1
2920	0	0	0
2921	3	2	1
2922	6	4	2
2923	34	22	20
2924	0	0	0
2925	23	9	9
2926	2	3	1
2927	51	43	61
2928	1	2	1
2929	7	7	7
2930	5	10	13
2931	7	8	10
2932	57	54	49
2933	54	52	38
2934	2	3	6
2935	45	45	39
2936	6	4	7
2937	0	0	0
2938	32	31	28
2939	29	24	20
2940	38	55	38
2941	9	13	6
2942	5	5	5
2943	3	4	0
2944	18	23	13
2945	12	16	16
2946	66	78	69
2947	2	1	0
2948	12	12	7
2949	5	4	2
2950	0	1	1
2951	87	76	89
2952	0	0	0
2953	5	0	4
2954	4	0	0
2955	2	1	0
2956	6	2	8
2957	7	16	15
2958	3	4	9
2959	0	0	1
2960	3	3	3
2961	6	10	6
2962	13	13	16
2963	22	23	12
2964	26	21	15
2965	4	2	3
2966	22	19	24
2967	0	0	0
2968	1	1	0
2969	4	3	3
2970	8	5	3
2971	13	14	13
2972	27	13	27
2973	53	62	53
2974	0	0	0
2975	27	19	27
2976	24	20	31
2977	37	44	22
2978	7	3	3
2979	0	0	0
2980	0	0	0
2981	3	0	0
2982	6	8	9
2983	29	32	17
2984	29	27	44
2985	1	1	2
2986	0	0	0
2987	117	114	111
2988	0	0	0
2989	17	27	16
2990	4	4	0
2991	9	4	9
2992	3	5	9
2993	0	0	0
2994	4	9	3
2995	10	11	20
2996	12	11	6
2997	2	2	2
2998	91	107	76
2999	6	6	6
3000	311	292	282
3001	4	3	1
3002	0	0	2
3003	6	5	5
3004	16	8	17
3005	0	0	0
3006	1	3	1
3007	10	10	12
3008	18	16	13
3009	38	34	26
3010	3	2	3
3011	8	3	14
3012	13	13	7
3013	56	52	56
3014	0	0	1
3015	17	13	21
3016	23	29	15
3017	7	13	5
3018	3	0	2
3019	4	10	7
3020	17	24	26
3021	0	0	0
3022	18	15	20
3023	57	74	63
3024	73	69	85
3025	1	4	3
3026	22	23	19
3027	13	14	19
3028	443	453	458
3029	45	43	33
3030	1	0	0
3031	0	0	0
3032	4	4	7
3033	4	7	5
3034	6	3	5
3035	9	13	5
3036	3	5	4
3037	33	7	11
3038	56	69	56
3039	50	42	60
3040	2	6	3
3041	25	19	45
3042	6	5	2
3043	66	54	62
3044	2	1	1
3045	15	15	17
3046	6	7	8
3047	57	35	31
3048	3	5	2
3049	14	10	8
3050	115	129	97
3051	3	3	2
3052	1	2	0
3053	0	0	0
3054	29	22	20
3055	22	26	22
3056	8	6	5
3057	40	45	40
3058	7	5	4
3059	13	6	10
3060	12	9	18
3061	17	11	10
3062	25	26	43
3063	1	5	4
3064	11	10	5
3065	22	32	23
3066	3	4	5
3067	36	28	48
3068	48	43	49
3069	0	0	0
3070	6	3	14
3071	31	38	26
3072	3	0	2
3073	3	5	3
3074	7	11	5
3075	6	3	7
3076	2	7	2
3077	0	0	0
3078	4	6	11
3079	7	7	8
3080	0	3	1
3081	3	0	2
3082	7	4	1
3083	7	31	10
3084	15	45	21
3085	0	0	0
3086	5	7	4
3087	74	79	62
3088	68	35	71
3089	64	76	87
3090	14	14	12
3091	20	7	19
3092	230	227	225
3093	3	1	5
3094	2	4	4
3095	38	42	38
3096	2	3	0
3097	0	0	0
3098	14	16	13
3099	1	3	1
3100	0	0	0
3101	0	0	0
3102	55	60	52
3103	21	13	21
3104	102	112	139
3105	4	5	7
3106	5	6	4
3107	0	2	0
3108	5	0	8
3109	1	3	4
3110	74	88	65
3111	6	23	2
3112	15	5	12
3113	0	0	0
3114	7	8	8
3115	207	238	268
3116	30	40	28
3117	0	0	0
3118	45	32	36
3119	30	43	35
3120	11	5	6
3121	24	11	17
3122	29	24	35
3123	10	14	7
3124	1	2	2
3125	75	77	47
3126	6	8	8
3127	23	16	13
3128	58	54	53
3129	22	17	23
3130	15	21	21
3131	0	0	0
3132	0	0	0
3133	0	0	0
3134	17	31	25
3135	61	43	47
3136	0	1	0
3137	8	9	10
3138	10	12	14
3139	157	140	136
3140	2	1	3
3141	0	0	0
3142	150	145	121
3143	1	4	2
3144	37	37	40
3145	1	1	2
3146	25	37	15
3147	30	33	19
3148	1	0	2
3149	0	1	0
3150	18	22	11
3151	0	0	0
3152	13	19	13
3153	43	40	41
3154	5	8	8
3155	2	2	0
3156	24	21	12
3157	10	10	7
3158	21	24	30
3159	0	0	0
3160	1	0	0
3161	2	6	5
3162	7	13	9
3163	5	5	7
3164	15	24	19
3165	45	38	37
3166	4	2	1
3167	9	14	6
3168	24	20	21
3169	12	5	13
3170	0	1	1
3171	16	11	17
3172	1	0	0
3173	2	0	2
3174	20	11	13
3175	97	85	95
3176	17	13	15
3177	3	4	4
3178	2	3	2
3179	2	2	1
3180	24	17	15
3181	1172	1218	1397
3182	0	0	0
3183	0	0	0
3184	2	1	1
3185	2	2	1
3186	55	48	60
3187	42	26	33
3188	203	179	204
3189	5	4	1
3190	98	74	87
3191	1	1	1
3192	2	0	3
3193	3	3	6
3194	2	0	0
3195	5	9	11
3196	30	36	33
3197	5	3	4
3198	0	0	0
3199	52	33	36
3200	9	14	9
3201	0	0	0
3202	4	2	2
3203	6	2	4
3204	6	3	3
3205	8	12	19
3206	2224	1964	1970
3207	12	9	8
3208	81	101	89
3209	54	55	59
3210	22	15	19
3211	1	0	1
3212	0	1	0
3213	5	5	6
3214	16	7	10
3215	25	16	23
3216	1	1	0
3217	0	2	1
3218	228	166	147
3219	88	70	73
3220	17	14	20
3221	9	12	18
3222	163	127	161
3223	6	3	4
3224	1	2	6
3225	166	153	171
3226	18	18	11
3227	5	5	7
3228	120	102	131
3229	36	49	32
3230	0	1	3
3231	12	11	10
3232	20	9	12
3233	103	85	78
3234	7	13	13
3235	4	6	4
3236	7	9	6
3237	10	23	17
3238	37	36	41
3239	136	147	172
3240	37	30	31
3241	0	0	1
3242	559	578	460
3243	5	6	2
3244	4	9	6
3245	13	16	15
3246	36	27	21
3247	1	0	0
3248	22	24	22
3249	4	2	1
3250	2	4	8
3251	0	1	0
3252	0	0	1
3253	18	15	11
3254	18	19	18
3255	10	12	10
3256	17	15	21
3257	7	9	6
3258	8	5	5
3259	14	4	5
3260	0	0	0
3261	20	14	11
3262	12	6	8
3263	3	4	0
3264	79	63	70
3265	0	1	0
3266	55	47	48
3267	8	3	4
3268	7	7	10
3269	7	6	6
3270	2	2	2
3271	50	47	76
3272	172	192	211
3273	2	1	3
3274	0	1	2
3275	2	5	5
3276	1	3	1
3277	6	5	3
3278	12	17	13
3279	7	9	5
3280	2	1	0
3281	1	0	3
3282	61	59	69
3283	0	3	2
3284	3	1	0
3285	0	0	0
3286	0	0	0
3287	0	0	0
3288	0	0	0
3289	0	0	0
3290	0	0	0
3291	2	6	5
3292	19	6	11
3293	328	350	334
3294	17	11	11
3295	26	29	33
3296	20	28	17
3297	32	30	20
3298	5	8	8
3299	0	0	1
3300	1	0	1
3301	1	2	3
3302	70	63	85
3303	35	27	48
3304	17	13	28
3305	32	12	13
3306	4	6	13
3307	66	78	72
3308	5	6	3
3309	8	7	8
3310	0	2	1
3311	10	12	16
3312	2	1	2
3313	46	47	33
3314	24	21	20
3315	6	10	8
3316	28	25	15
3317	43	36	35
3318	4	12	6
3319	48	42	47
3320	0	1	0
3321	3	7	2
3322	1	0	0
3323	16	15	8
3324	79	70	104
3325	1	1	0
3326	2	4	1
3327	13	8	16
3328	16	26	15
3329	0	0	0
3330	3	3	1
3331	0	0	0
3332	12	23	9
3333	4	5	4
3334	1	5	3
3335	1	1	0
3336	4	8	2
3337	3	0	2
3338	10	16	14
3339	3	8	8
3340	92	118	126
3341	202	152	181
3342	12	12	13
3343	0	0	0
3344	346	341	325
3345	4	6	10
3346	28	27	26
3347	30	26	22
3348	184	143	184
3349	9	21	11
3350	21	26	21
3351	3	3	7
3352	16	16	6
3353	0	0	0
3354	235	196	218
3355	2	2	1
3356	41	32	32
3357	117	90	69
3358	92	86	118
3359	0	0	1
3360	0	0	0
3361	22	26	27
3362	52	40	48
3363	16	13	13
3364	2	6	9
3365	11	11	11
3366	102	79	68
3367	19	20	18
3368	0	0	0
3369	93	108	76
3370	74	43	35
3371	27	20	14
3372	5	3	7
3373	41	30	44
3374	0	0	0
3375	15	24	13
3376	84	76	81
3377	7	2	0
3378	1	0	0
3379	0	0	0
3380	0	0	0
3381	54	63	60
3382	72	43	67
3383	41	34	20
3384	0	1	0
3385	0	0	0
3386	4	15	9
3387	5	2	3
3388	0	0	0
3389	3	3	1
3390	16	17	19
3391	1	2	0
3392	16	14	17
3393	27	25	27
3394	27	31	25
3395	30	26	24
3396	0	0	0
3397	235	230	267
3398	20	31	24
3399	0	0	0
3400	0	0	0
3401	0	0	0
3402	0	0	0
3403	0	0	0
3404	0	0	0
3405	2	2	1
3406	0	1	1
3407	4	7	3
3408	85	75	78
3409	48	51	41
3410	0	0	0
3411	12	16	10
3412	42	40	50
3413	3	3	5
3414	2	0	1
3415	1	0	0
3416	8	4	2
3417	0	2	1
3418	6	8	6
3419	0	0	0
3420	4	2	2
3421	4	13	9
3422	26	29	32
3423	11	5	9
3424	0	0	1
3425	56	56	73
3426	36	27	37
3427	14	4	7
3428	190	151	144
3429	5	7	10
3430	2	2	1
3431	86	75	60
3432	2	3	7
3433	22	21	25
3434	13	10	1
3435	9	7	2
3436	0	1	0
3437	56	42	36
3438	3	0	3
3439	5	6	4
3440	12	5	12
3441	117	127	103
3442	0	0	0
3443	23	44	28
3444	1	1	0
3445	10	8	6
3446	14	12	12
3447	0	0	0
3448	2	1	0
3449	0	0	0
3450	0	0	0
3451	0	0	0
3452	0	0	0
3453	7	7	7
3454	102	109	131
3455	1	1	5
3456	23	28	26
3457	7	9	2
3458	0	0	0
3459	63	44	68
3460	29	22	28
3461	11	10	9
3462	7	10	7
3463	0	0	0
3464	0	0	0
3465	11	9	6
3466	7	1	7
3467	2	3	1
3468	71	64	52
3469	4	0	3
3470	14	31	21
3471	1	1	0
3472	10	14	6
3473	18	14	12
3474	3	1	2
3475	2	9	4
3476	22	18	14
3477	45	62	54
3478	8	3	5
3479	25	36	24
3480	1	0	0
3481	16	28	24
3482	0	0	1
3483	64	39	41
3484	0	0	0
3485	32	31	31
3486	9	9	5
3487	31	18	18
3488	100	129	127
3489	4	1	3
3490	68	71	73
3491	0	0	0
3492	463	416	465
3493	13	11	52
3494	66	71	59
3495	257	233	233
3496	0	1	2
3497	4	5	5
3498	7	5	6
3499	1	3	1
3500	122	128	112
3501	8	12	6
3502	26	23	25
3503	3	7	3
3504	0	0	0
3505	2	3	1
3506	5	5	5
3507	34	21	41
3508	3	10	5
3509	114	104	147
3510	7	5	5
3511	26	20	26
3512	38	44	36
3513	20	9	10
3514	5	8	10
3515	4	1	3
3516	20	15	15
3517	0	0	0
3518	4	3	2
3519	33	26	29
3520	28	36	16
3521	29	30	17
3522	2	5	3
3523	2	1	1
3524	7	10	7
3525	51	38	43
3526	1	0	0
3527	128	83	93
3528	15	23	25
3529	17	19	13
3530	15	11	6
3531	1	1	0
3532	0	0	0
3533	4	3	2
3534	7	6	4
3535	1	2	0
3536	2	2	3
3537	5	8	12
3538	37	35	53
3539	80	86	85
3540	0	1	0
3541	26	22	29
3542	17	22	14
3543	0	2	1
3544	9	6	5
3545	26	16	16
3546	48	63	53
3547	33	34	31
3548	0	1	1
3549	2	15	10
3550	19	18	26
3551	66	48	52
3552	43	43	40
3553	12	6	7
3554	0	0	0
3555	6	5	5
3556	13	12	3
3557	41	39	27
3558	38	33	30
3559	1	0	0
3560	33	21	41
3561	2	1	1
3562	441	409	445
3563	33	22	31
3564	5	4	10
3565	5	5	4
3566	5	12	7
3567	63	43	44
3568	4	7	2
3569	6	9	3
3570	0	1	1
3571	31	35	38
3572	0	1	0
3573	36	47	35
3574	27	21	18
3575	23	21	14
3576	21	15	7
3577	21	10	9
3578	18	8	26
3579	45	42	40
3580	5	4	3
3581	57	52	79
3582	8	9	15
3583	0	2	3
3584	29	23	15
3585	0	0	0
3586	67	41	53
3587	21	31	26
3588	230	205	225
3589	0	1	2
3590	22	13	12
3591	8	6	6
3592	67	80	65
3593	19	14	19
3594	144	153	143
3595	40	31	29
3596	20	29	35
3597	5	8	3
3598	1	0	0
3599	90	95	75
3600	10	12	6
3601	53	41	23
3602	9	15	7
3603	0	1	2
3604	24	22	20
3605	0	0	1
3606	123	132	142
3607	1	5	1
3608	1	0	0
3609	0	1	2
3610	9	6	12
3611	9	18	22
3612	0	2	3
3613	2	0	1
3614	9	6	7
3615	7	6	3
3616	21	28	15
3617	0	0	0
3618	1	2	0
3619	12	10	12
3620	28	45	34
3621	2	0	4
3622	5	12	3
3623	6	6	4
3624	12	24	21
3625	35	20	21
3626	6	3	2
3627	5	3	4
3628	124	113	153
3629	10	6	9
3630	0	0	0
3631	8	9	4
3632	18	24	9
3633	44	56	45
3634	60	69	78
3635	334	304	314
3636	1	3	1
3637	0	0	0
3638	4	1	0
3639	11	10	5
3640	38	26	32
3641	0	0	0
3642	117	121	117
3643	0	0	0
3644	23	18	15
3645	3	8	3
3646	127	127	113
3647	0	0	0
3648	13	17	18
3649	2	4	1
3650	22	29	26
3651	0	0	0
3652	0	0	1
3653	26	26	24
3654	8	11	12
3655	0	0	0
3656	5	5	13
3657	0	0	0
3658	3	3	3
3659	56	61	59
3660	16	9	4
3661	142	150	113
3662	39	25	25
3663	0	1	0
3664	3	2	3
3665	4	0	2
3666	6	5	2
3667	7	10	2
3668	5	9	10
3669	114	137	122
3670	1	1	2
3671	3	3	6
3672	564	498	423
3673	1	0	0
3674	0	0	0
3675	174	178	184
3676	23	43	46
3677	33	23	21
3678	106	111	112
3679	95	109	132
3680	0	0	0
3681	0	0	0
3682	0	0	0
3683	32	32	25
3684	13	20	22
3685	0	1	2
3686	60	60	56
3687	10	13	19
3688	1	1	0
3689	152	146	157
3690	6	7	4
3691	59	54	45
3692	39	48	28
3693	9	6	3
3694	1	0	2
3695	17	11	31
3696	57	55	52
3697	25	22	16
3698	23	23	23
3699	87	72	73
3700	3	1	6
3701	44	40	41
3702	2	0	1
3703	23	29	24
3704	11	6	11
3705	1	2	3
3706	0	0	0
3707	0	0	0
3708	0	0	0
3709	11	9	10
3710	8	6	5
3711	8	3	0
3712	1	1	1
3713	0	0	0
3714	0	0	0
3715	4	2	3
3716	0	0	0
3717	2	2	0
3718	0	1	0
3719	16	11	7
3720	0	0	0
3721	6	11	4
3722	110	122	125
3723	4	6	2
3724	82	86	74
3725	21	12	17
3726	92	57	47
3727	106	87	103
3728	31	32	21
3729	62	31	39
3730	16	8	18
3731	3	4	5
3732	0	1	0
3733	1	0	1
3734	182	173	174
3735	87	114	85
3736	4	5	2
3737	14	11	12
3738	10	4	7
3739	35	25	17
3740	8	4	5
3741	1	4	0
3742	0	0	0
3743	20	24	16
3744	8	20	13
3745	38	25	25
3746	18	11	9
3747	6	5	6
3748	13	18	11
3749	13	13	11
3750	5	6	3
3751	1	2	4
3752	146	132	124
3753	0	1	1
3754	11	9	10
3755	1	0	0
3756	45	33	39
3757	7	7	3
3758	7	16	10
3759	16	17	9
3760	155	163	126
3761	461	435	407
3762	146	163	125
3763	8	10	14
3764	0	0	0
3765	4	4	4
3766	0	2	0
3767	53	74	61
3768	3	3	4
3769	5	3	4
3770	8	4	0
3771	74	88	97
3772	100	103	96
3773	1	7	3
3774	62	49	79
3775	3	4	6
3776	8	5	5
3777	3	3	4
3778	19	32	21
3779	0	1	0
3780	31	25	25
3781	17	15	27
3782	18	21	14
3783	6	11	4
3784	8	7	14
3785	3	6	4
3786	0	0	0
3787	50	40	63
3788	10	10	6
3789	23	23	23
3790	6	5	6
3791	0	0	0
3792	0	0	0
3793	8	1	5
3794	6	11	17
3795	34	28	25
3796	5	7	14
3797	59	56	53
3798	0	0	0
3799	31	26	20
3800	0	0	0
3801	22	22	18
3802	1	5	5
3803	11	8	5
3804	18	33	19
3805	7	5	6
3806	23	26	22
3807	2	1	3
3808	6	20	9
3809	0	1	0
3810	0	0	1
3811	3	6	10
3812	2	8	7
3813	14	6	6
3814	19	16	16
3815	2	1	3
3816	25	16	16
3817	10	3	5
3818	0	0	0
3819	26	39	23
3820	20	22	26
3821	0	2	4
3822	0	0	0
3823	1	0	1
3824	0	0	1
3825	2	10	6
3826	9	10	14
3827	7	7	7
3828	0	0	0
3829	3	4	5
3830	13	9	10
3831	28	26	27
3832	9	10	7
3833	8	10	8
3834	3	8	6
3835	0	0	0
3836	0	0	0
3837	0	0	0
3838	61	42	42
3839	31	19	21
3840	4	5	4
3841	54	48	54
3842	12	22	17
3843	6	8	6
3844	8	11	11
3845	4	2	3
3846	32	31	16
3847	4	1	1
3848	25	14	14
3849	3	7	2
3850	1	1	1
3851	41	37	34
3852	8	8	4
3853	3	8	2
3854	13	7	12
3855	21	12	11
3856	0	0	0
3857	2	2	2
3858	9	12	16
3859	7	5	3
3860	0	0	0
3861	2	2	0
3862	20	12	23
3863	44	42	30
3864	9	5	5
3865	0	0	0
3866	0	0	0
3867	2	2	1
3868	4	2	3
3869	10	10	5
3870	2	3	1
3871	24	18	25
3872	0	3	1
3873	0	0	1
3874	37	29	42
3875	0	2	1
3876	4	2	11
3877	7	7	16
3878	26	36	28
3879	6	2	5
3880	28	23	35
3881	34	27	23
3882	238	215	223
3883	0	0	0
3884	4	3	3
3885	0	0	0
3886	1122	999	1064
3887	3	1	1
3888	36	31	32
3889	9	9	11
3890	2	1	0
3891	14	16	15
3892	164	177	154
3893	0	0	0
3894	6	5	3
3895	29	22	24
3896	42	57	52
3897	10	10	13
3898	17	11	15
3899	5	7	8
3900	4	11	5
3901	0	0	1
3902	15	20	19
3903	28	36	33
3904	48	33	40
3905	7	4	7
3906	25	20	19
3907	228	249	200
3908	6	3	4
3909	7	7	12
3910	11	19	9
3911	77	92	76
3912	0	0	0
3913	2	2	1
3914	0	0	1
3915	16	13	6
3916	3	1	4
3917	10	8	11
3918	15	13	13
3919	12	7	14
3920	34	44	45
3921	46	44	58
3922	51	48	40
3923	0	0	0
3924	15	15	16
3925	111	106	126
3926	10	14	18
3927	26	29	29
3928	7	3	4
3929	30	20	24
3930	4	1	3
3931	17	25	18
3932	10	11	7
3933	0	0	0
3934	38	27	43
3935	0	0	0
3936	5	5	7
3937	5	2	8
3938	1	0	0
3939	55	51	43
3940	33	26	23
3941	4	6	3
3942	0	0	0
3943	53	85	52
3944	1	0	1
3945	27	18	16
3946	1	2	1
3947	5	11	8
3948	10	11	10
3949	7	2	1
3950	8	8	8
3951	10	6	17
3952	0	0	0
3953	10	16	9
3954	5	9	5
3955	40	29	23
3956	1	1	0
3957	2	5	4
3958	16	18	10
3959	17	10	14
3960	2	3	3
3961	0	3	2
3962	1	1	0
3963	0	0	0
3964	4	4	3
3965	13	6	10
3966	0	0	0
3967	199	149	157
3968	21	16	13
3969	116	126	100
3970	21	19	26
3971	10	1	5
3972	7	12	4
3973	12	11	17
3974	0	0	0
3975	54	45	47
3976	10	14	14
3977	7	8	5
3978	31	42	37
3979	18	16	22
3980	56	42	55
3981	58	68	43
3982	94	76	91
3983	0	0	0
3984	2	1	10
3985	108	99	92
3986	35	56	27
3987	66	57	51
3988	0	1	0
3989	0	1	0
3990	14	17	15
3991	26	19	21
3992	4	4	3
3993	9	7	8
3994	3	5	4
3995	13	9	6
3996	27	21	18
3997	9	11	15
3998	11	15	10
3999	4	9	7
4000	0	0	0
4001	1	1	2
4002	2	9	8
4003	10	16	6
4004	131	117	108
4005	6	3	0
4006	39	29	48
4007	109	196	109
4008	4	5	8
4009	3	1	4
4010	8	9	12
4011	13	16	14
4012	30	19	19
4013	0	0	0
4014	34	52	56
4015	11	20	17
4016	51	48	30
4017	38	42	26
4018	63	76	82
4019	8	11	8
4020	1	0	0
4021	0	0	0
4022	380	322	354
4023	8	11	6
4024	6	8	8
4025	49	59	64
4026	4	3	3
4027	25	20	41
4028	3	2	2
4029	88	94	85
4030	155	127	106
4031	24	23	20
4032	33	28	20
4033	11	8	13
4034	1	4	1
4035	36	40	31
4036	3	2	5
4037	0	0	0
4038	78	69	66
4039	35	31	22
4040	7	6	7
4041	30	23	18
4042	0	2	2
4043	9	5	3
4044	20	14	25
4045	32	27	31
4046	0	0	1
4047	6	5	8
4048	11	9	7
4049	35	35	32
4050	9	7	3
4051	0	0	0
4052	1	1	0
4053	1	2	0
4054	8	1	4
4055	0	0	1
4056	1	1	0
4057	11	15	5
4058	2	1	0
4059	0	0	0
4060	2	1	1
4061	31	32	41
4062	56	43	63
4063	2	4	2
4064	9	17	9
4065	4	3	1
4066	2	3	1
4067	59	58	43
4068	0	1	0
4069	2	0	2
4070	4	0	1
4071	5	8	9
4072	0	0	0
4073	1	1	2
4074	14	14	11
4075	0	1	1
4076	30	28	34
4077	0	0	1
4078	0	0	0
4079	2	1	1
4080	0	0	0
4081	20	21	11
4082	0	0	0
4083	0	0	0
4084	15	10	18
4085	5	12	6
4086	1	0	1
4087	5	13	4
4088	3	8	1
4089	4	3	3
4090	15	16	28
4091	4	1	7
4092	1	2	1
4093	1	1	1
4094	0	0	0
4095	203	214	207
4096	0	0	0
4097	41	29	14
4098	20	14	11
4099	5	2	1
4100	29	26	20
4101	1	3	1
4102	16	11	9
4103	12	15	10
4104	15	6	3
4105	16	6	10
4106	0	0	0
4107	0	0	0
4108	24	30	26
4109	10	9	9
4110	26	25	21
4111	2	3	3
4112	10	7	8
4113	2	2	3
4114	1	5	3
4115	38	53	49
4116	7	2	1
4117	21	24	31
4118	0	0	0
4119	1	4	1
4120	2	2	3
4121	8	5	11
4122	0	0	2
4123	0	0	0
4124	0	0	0
4125	0	0	0
4126	0	0	0
4127	0	0	0
4128	0	0	0
4129	0	0	1
4130	26	37	42
4131	19	10	14
4132	28	20	29
4133	22	33	27
4134	4	4	4
4135	11	7	5
4136	0	2	3
4137	6	5	5
4138	7	4	7
4139	1	1	1
4140	0	0	0
4141	0	0	0
4142	0	0	0
4143	0	0	0
4144	32	30	20
4145	6	5	2
4146	1	7	3
4147	2	1	0
4148	0	0	0
4149	0	0	1
4150	0	0	0
4151	5	9	3
4152	41	45	43
4153	3	5	2
4154	8	13	9
4155	0	0	1
4156	5	6	6
4157	0	0	0
4158	49	51	42
4159	1	1	0
4160	112	103	117
4161	121	111	92
4162	6	7	8
4163	0	2	1
4164	1	4	2
4165	74	77	80
4166	1	4	0
4167	2	2	3
4168	21	12	13
4169	23	15	23
4170	0	0	0
4171	64	51	70
4172	4	2	1
4173	6	7	9
4174	61	63	46
4175	21	24	19
4176	25	32	47
4177	11	7	13
4178	41	50	42
4179	1	3	0
4180	0	2	0
4181	100	123	98
4182	8	6	6
4183	3	7	4
4184	0	2	0
4185	1	0	0
4186	7	1	3
4187	17	14	21
4188	0	0	3
4189	12	6	5
4190	11	7	17
4191	35	39	29
4192	0	0	0
4193	0	1	1
4194	3	11	5
4195	6	4	5
4196	3	3	2
4197	0	0	0
4198	37	35	60
4199	6	11	10
4200	2	1	0
4201	35	20	19
4202	0	1	2
4203	3	4	0
4204	136	151	136
4205	1	0	3
4206	7	5	8
4207	18	12	17
4208	10	5	10
4209	7	7	10
4210	9	15	15
4211	84	90	104
4212	4	10	7
4213	3	0	3
4214	3	3	5
4215	4	14	9
4216	5	10	5
4217	0	0	0
4218	0	1	0
4219	5	1	2
4220	6	3	2
4221	21	12	18
4222	46	49	42
4223	0	0	0
4224	14	18	21
4225	1	0	2
4226	54	47	47
4227	2	2	2
4228	3	6	1
4229	5	7	6
4230	13	10	23
4231	18	10	19
4232	24	16	19
4233	27	23	25
4234	13	21	14
4235	9	6	6
4236	17	16	13
4237	43	55	58
4238	5	6	5
4239	24	30	28
4240	29	27	33
4241	1	0	1
4242	20	18	18
4243	1	0	1
4244	1	1	0
4245	75	41	36
4246	13	14	21
4247	62	43	31
4248	36	90	75
4249	2	2	2
4250	0	0	0
4251	6	24	7
4252	1	0	3
4253	1	2	2
4254	11	6	6
4255	10	14	17
4256	15	5	19
4257	0	0	0
4258	189	186	185
4259	2	2	2
4260	14	8	14
4261	1	3	1
4262	196	210	158
4263	0	0	0
4264	30	26	26
4265	7	15	8
4266	6	8	6
4267	1	0	1
4268	6	4	3
4269	17	13	11
4270	34	29	28
4271	7	3	5
4272	10	15	17
4273	6	9	10
4274	45	40	35
4275	23	25	25
4276	29	34	20
4277	34	31	36
4278	18	10	17
4279	65	48	41
4280	1	3	0
4281	1274	1248	1087
4282	3	4	4
4283	14	8	11
4284	13	21	10
4285	23	19	23
4286	16	10	9
4287	46	44	22
4288	29	36	26
4289	2	4	7
4290	1	1	0
4291	34	51	42
4292	29	35	30
4293	8	14	7
4294	25	12	18
4295	2	0	0
4296	0	0	1
4297	20	8	7
4298	99	116	107
4299	16	17	25
4300	16	21	15
4301	5	10	4
4302	31	41	36
4303	17	16	21
4304	0	3	0
4305	1	1	1
4306	50	31	37
4307	8	8	30
4308	19	21	29
4309	5	6	6
4310	12	9	11
4311	6	8	7
4312	4	6	4
4313	14	14	16
4314	0	0	0
4315	168	146	151
4316	72	74	54
4317	10	11	13
4318	13	11	14
4319	38	33	23
4320	26	21	15
4321	15	14	13
4322	0	0	0
4323	14	13	16
4324	1	3	2
4325	0	1	2
4326	2	3	3
4327	0	0	0
4328	65	53	51
4329	4	4	6
4330	11	12	10
4331	2	1	3
4332	99	93	80
4333	6	2	4
4334	1	0	1
4335	1	1	0
4336	259	275	237
4337	1	1	1
4338	2	2	1
4339	0	0	0
4340	1	0	1
4341	29	13	13
4342	0	0	0
4343	0	0	0
4344	1	1	1
4345	28	27	20
4346	15	7	10
4347	9	6	5
4348	0	0	0
4349	4	2	1
4350	1	1	1
4351	15	17	13
4352	5	7	9
4353	1	2	2
4354	0	0	0
4355	0	0	1
4356	70	80	58
4357	3	0	7
4358	9	11	14
4359	0	1	0
4360	9	14	7
4361	3	4	1
4362	1	0	0
4363	14	16	12
4364	57	45	35
4365	3	3	3
4366	6	11	13
4367	0	0	0
4368	175	181	143
4369	4	2	0
4370	3	2	5
4371	41	42	35
4372	0	0	0
4373	11	11	4
4374	2	1	1
4375	10	10	12
4376	0	0	0
4377	10	7	9
4378	55	53	73
4379	2	1	1
4380	1	0	1
4381	6	7	5
4382	27	21	16
4383	0	1	1
4384	1	1	0
4385	0	0	0
4386	1	4	5
4387	0	1	2
4388	0	0	0
4389	12	18	17
4390	78	85	75
4391	131	138	182
4392	59	37	26
4393	150	159	140
4394	88	54	78
4395	30	28	27
4396	521	479	474
4397	13	12	8
4398	68	72	54
4399	32	27	41
4400	0	1	0
4401	11	8	10
4402	49	58	62
4403	28	27	17
4404	20	25	28
4405	0	0	0
4406	8	13	8
4407	2	4	3
4408	35	41	34
4409	13	5	4
4410	18	11	15
4411	5	6	3
4412	0	0	0
4413	34	43	35
4414	25	50	27
4415	21	9	13
4416	183	189	168
4417	10	34	39
4418	0	1	0
4419	0	4	3
4420	53	50	48
4421	11	9	7
4422	55	37	59
4423	31	19	18
4424	5	1	3
4425	0	0	0
4426	11	22	12
4427	6	7	8
4428	70	93	109
4429	10	8	10
4430	1	2	0
4431	0	0	0
4432	14	7	4
4433	8	20	10
4434	6	0	4
4435	69	46	63
4436	19	12	12
4437	55	33	45
4438	34	44	28
4439	34	28	14
4440	0	0	0
4441	4	2	0
4442	198	180	200
4443	0	1	0
4444	21	14	12
4445	4	8	6
4446	8	6	13
4447	7	6	3
4448	0	4	2
4449	8	1	3
4450	2	2	1
4451	3	3	3
4452	18	21	19
4453	41	38	43
4454	86	75	56
4455	1	1	0
4456	345	326	340
4457	3	5	4
4458	6	4	3
4459	93	88	72
4460	2	6	5
4461	12	17	10
4462	12	5	6
4463	13	8	10
4464	169	144	176
4465	43	38	49
4466	13	11	9
4467	48	40	45
4468	51	53	58
4469	12	12	6
4470	0	0	0
4471	402	345	298
4472	7	8	6
4473	0	0	0
4474	12	12	8
4475	21	50	31
4476	5	4	6
4477	7	8	5
4478	13	7	8
4479	0	0	0
4480	19	25	14
4481	2	3	4
4482	1	0	1
4483	0	0	0
4484	4	5	8
4485	1	2	0
4486	9	8	7
4487	5	4	2
4488	42	45	45
4489	76	72	78
4490	0	0	0
4491	29	21	34
4492	42	31	39
4493	6	4	6
4494	0	0	1
4495	4	5	3
4496	0	1	0
4497	4	8	7
4498	0	0	0
4499	9	8	4
4500	30	20	30
4501	4	1	2
4502	4	1	4
4503	0	1	0
4504	26	25	15
4505	12	6	8
4506	0	2	1
4507	3	2	3
4508	30	33	34
4509	0	0	0
4510	39	35	27
4511	1	2	0
4512	15	9	6
4513	10	10	15
4514	21	12	21
4515	2	1	1
4516	13	11	5
4517	9	9	6
4518	11	12	10
4519	76	80	73
4520	1	0	2
4521	0	0	0
4522	20	25	24
4523	2	3	4
4524	15	13	13
4525	5	3	6
4526	2	3	2
4527	27	34	23
4528	1	6	9
4529	0	0	0
4530	9	7	10
4531	1	0	1
4532	0	0	0
4533	0	0	0
4534	1	5	3
4535	0	0	0
4536	114	119	124
4537	1	1	0
4538	75	71	65
4539	2	2	1
4540	66	45	38
4541	6	2	5
4542	35	35	24
4543	4	3	3
4544	30	25	33
4545	21	14	34
4546	6	9	2
4547	14	12	16
4548	0	0	1
4549	0	0	0
4550	35	32	22
4551	4	8	6
4552	2	6	4
4553	0	0	0
4554	68	67	67
4555	10	8	3
4556	9	8	7
4557	4	1	1
4558	15	17	15
4559	8	7	9
4560	70	71	88
4561	2	1	2
4562	5	4	12
4563	120	132	105
4564	21	14	9
4565	303	296	267
4566	21	12	15
4567	5	5	5
4568	63	53	57
4569	23	29	19
4570	16	25	11
4571	49	46	43
4572	28	29	17
4573	3	2	1
4574	0	0	1
4575	0	0	0
4576	10	11	6
4577	3	0	1
4578	3	7	4
4579	38	44	44
4580	2	4	4
4581	0	0	0
4582	7	5	4
4583	0	0	0
4584	0	0	0
4585	2	2	1
4586	1	7	6
4587	3	1	4
4588	299	306	254
4589	11	15	11
4590	7	3	6
4591	10	5	4
4592	35	42	48
4593	2	6	5
4594	188	138	179
4595	12	9	9
4596	0	0	1
4597	24	23	33
4598	91	75	81
4599	4	1	2
4600	8	6	6
4601	14	16	13
4602	14	15	13
4603	9	14	4
4604	8	7	4
4605	9	9	7
4606	209	188	178
4607	0	0	0
4608	0	0	0
4609	1	1	1
4610	27	20	24
4611	97	75	59
4612	3	5	7
4613	21	20	17
4614	16	10	12
4615	27	36	51
4616	18	19	9
4617	54	53	54
4618	5	2	2
4619	6	3	5
4620	20	19	15
4621	2	7	2
4622	16	11	9
4623	0	0	0
4624	71	58	63
4625	10	17	9
4626	13	12	9
4627	82	79	71
4628	16	21	19
4629	27	25	27
4630	0	0	0
4631	327	289	257
4632	19	14	13
4633	46	52	61
4634	0	0	1
4635	8	18	13
4636	0	0	0
4637	19	16	22
4638	22	14	25
4639	8	15	10
4640	119	135	88
4641	9	17	19
4642	100	89	81
4643	73	69	86
4644	6	8	8
4645	2	1	1
4646	291	276	299
4647	5	6	5
4648	63	79	49
4649	12	3	4
4650	19	28	16
4651	12	17	14
4652	0	0	0
4653	0	0	0
4654	1	3	6
4655	1	1	1
4656	9	18	16
4657	15	14	16
4658	13	16	19
4659	6	6	5
4660	0	0	0
4661	89	69	52
4662	2	1	1
4663	285	287	281
4664	19	10	15
4665	8	15	10
4666	17	11	11
4667	176	204	219
4668	43	35	41
4669	25	34	26
4670	1	3	4
4671	0	1	0
4672	4	4	1
4673	0	0	0
4674	61	63	57
4675	48	36	44
4676	90	107	76
4677	6	10	5
4678	15	5	5
4679	101	68	57
4680	10	3	6
4681	144	136	102
4682	30	20	20
4683	0	2	0
4684	2	5	2
4685	0	1	1
4686	4	4	9
4687	0	2	4
4688	5	2	7
4689	6	4	9
4690	9	23	7
4691	5	8	3
4692	1	2	2
4693	11	7	11
4694	6	4	2
4695	1	3	2
4696	7	0	9
4697	1	3	1
4698	2	2	5
4699	21	29	30
4700	30	35	17
4701	2	4	1
4702	1	0	0
4703	1	0	0
4704	3	8	7
4705	1	1	0
4706	45	20	24
4707	15	20	37
4708	21	26	17
4709	30	35	40
4710	27	15	17
4711	2	0	1
4712	7	9	3
4713	40	30	49
4714	4	1	4
4715	20	13	12
4716	2	2	2
4717	132	105	101
4718	59	48	45
4719	12	13	13
4720	0	0	0
4721	9	19	25
4722	0	0	0
4723	16	14	32
4724	0	0	0
4725	9	7	5
4726	314	334	328
4727	3	3	2
4728	125	111	104
4729	9	4	8
4730	112	85	82
4731	2	1	2
4732	11	16	18
4733	12	10	10
4734	7	5	2
4735	92	91	117
4736	0	0	2
4737	6	3	2
4738	9	9	6
4739	2	1	1
4740	28	30	25
4741	6	6	6
4742	107	78	135
4743	100	114	137
4744	20	28	35
4745	37	21	19
4746	0	1	0
4747	0	0	0
4748	5	7	7
4749	52	53	35
4750	4	6	4
4751	10	6	11
4752	13	12	7
4753	2	5	3
4754	42	38	33
4755	16	10	11
4756	14	10	11
4757	3	1	5
4758	0	0	0
4759	11	9	8
4760	4	5	13
4761	11	9	8
4762	3	7	6
4763	4	5	5
4764	11	9	11
4765	16	6	13
4766	83	98	90
4767	17	13	5
4768	54	42	43
4769	67	54	76
4770	0	0	0
4771	1	1	1
4772	14	9	7
4773	89	85	95
4774	7	5	13
4775	1	1	0
4776	0	0	0
4777	56	57	42
4778	2	2	2
4779	0	0	0
4780	1	1	1
4781	4	5	3
4782	0	0	0
4783	15	10	7
4784	2	1	1
4785	36	22	27
4786	2	6	9
4787	7	8	12
4788	2	3	3
4789	58	65	48
4790	8	13	10
4791	2	2	9
4792	1	4	4
4793	2	0	1
4794	8	4	9
4795	40	41	39
4796	23	21	20
4797	4	3	6
4798	0	0	1
4799	4	5	8
4800	0	0	0
4801	0	0	0
4802	79	70	64
4803	122	106	115
4804	86	90	85
4805	19	8	8
4806	1	0	0
4807	111	97	91
4808	23	13	13
4809	70	84	73
4810	3	8	4
4811	1	1	3
4812	12	12	13
4813	4	16	10
4814	12	5	8
4815	0	0	0
4816	85	83	92
4817	1	1	1
4818	3	2	3
4819	104	93	87
4820	3	6	3
4821	10	9	8
4822	2	3	3
4823	12	7	3
4824	3	4	2
4825	42	51	43
4826	44	47	28
4827	15	36	27
4828	1	1	2
4829	4	4	0
4830	0	1	0
4831	0	4	3
4832	3	3	1
4833	10	10	15
4834	0	0	0
4835	9	6	11
4836	0	2	1
4837	4	2	3
4838	29	18	16
4839	236	235	232
4840	25	31	27
4841	35	39	30
4842	13	19	20
4843	4	7	4
4844	35	38	39
4845	120	76	84
4846	12	7	3
4847	2	2	4
4848	2	2	4
4849	53	35	45
4850	0	0	0
4851	13	7	5
4852	5	3	5
4853	7	10	5
4854	5	4	4
4855	7	6	5
4856	25	16	22
4857	3	1	1
4858	0	0	0
4859	0	0	0
4860	8	6	9
4861	827	860	915
4862	11	12	9
4863	7	5	10
4864	20	21	17
4865	0	0	0
4866	0	0	3
4867	0	0	1
4868	21	23	19
4869	30	48	50
4870	1	1	0
4871	0	0	0
4872	0	0	0
4873	8	5	1
4874	9	11	5
4875	3	5	8
4876	1	2	1
4877	21	29	23
4878	0	0	0
4879	1	1	1
4880	0	0	0
4881	0	0	0
4882	0	0	0
4883	0	0	0
4884	0	0	0
4885	0	1	0
4886	1	1	2
4887	2	0	2
4888	34	27	24
4889	166	191	213
4890	54	56	42
4891	50	38	26
4892	0	0	0
4893	0	0	2
4894	31	11	13
4895	3	2	1
4896	0	0	0
4897	0	0	0
4898	3	6	4
4899	28	25	22
4900	5	1	1
4901	14	7	10
4902	14	14	10
4903	1	1	0
4904	223	315	150
4905	0	0	0
4906	3	2	3
4907	13	12	11
4908	2	1	3
4909	34	26	23
4910	4	4	3
4911	185	203	246
4912	49	53	75
4913	1	2	4
4914	65	64	65
4915	0	0	0
4916	1	1	0
4917	6	5	4
4918	5	7	4
4919	12	14	7
4920	34	29	34
4921	24	18	28
4922	56	51	45
4923	63	70	37
4924	10	3	9
4925	0	0	0
4926	44	54	42
4927	7	6	3
4928	65	53	57
4929	3	0	2
4930	0	0	0
4931	49	37	61
4932	239	204	220
4933	1	4	0
4934	22	21	16
4935	18	20	17
4936	22	27	12
4937	5	8	3
4938	15	12	12
4939	18	16	21
4940	16	13	8
4941	6	4	3
4942	214	170	212
4943	3	1	2
4944	1	0	1
4945	0	1	0
4946	0	0	1
4947	11	10	10
4948	22	22	18
4949	32	26	23
4950	0	1	0
4951	0	0	0
4952	31	31	38
4953	3	4	3
4954	0	0	0
4955	0	0	0
4956	10	13	15
4957	3	3	2
4958	1	3	1
4959	3	1	0
4960	5	2	4
4961	17	15	19
4962	1	1	1
4963	11	15	6
4964	572	471	503
4965	3	2	5
4966	298	323	285
4967	0	0	2
4968	0	2	0
4969	0	0	0
4970	0	0	0
4971	14	17	14
4972	34	19	33
4973	2	0	1
4974	0	2	0
4975	10	9	4
4976	13	11	9
4977	8	6	7
4978	15	9	12
4979	33	32	28
4980	5	10	9
4981	0	1	1
4982	1	1	0
4983	0	1	1
4984	0	0	0
4985	2	0	0
4986	21	19	14
4987	6	5	11
4988	0	2	2
4989	1	1	0
4990	9	9	7
4991	29	23	28
4992	0	0	0
4993	1	0	1
4994	2	1	3
4995	1	1	2
4996	3	4	3
4997	12	22	17
4998	23	31	22
4999	81	71	70
5000	3	4	0
5001	20	16	16
5002	2	3	0
5003	103	85	96
5004	68	55	42
5005	2	0	0
5006	0	0	0
5007	44	35	53
5008	3	1	2
5009	20	25	18
5010	59	50	43
5011	0	0	1
5012	10	7	10
5013	1	1	2
5014	15	15	13
5015	49	59	41
5016	52	58	66
5017	0	1	0
5018	18	13	10
5019	6	10	4
5020	421	389	363
5021	3	2	1
5022	6	5	12
5023	24	17	13
5024	162	148	163
5025	2	1	2
5026	21	14	25
5027	6	3	3
5028	45	40	49
5029	21	15	20
5030	2	1	1
5031	2	0	0
5032	10	8	8
5033	5	6	4
5034	39	52	47
5035	243	182	221
5036	16	14	17
5037	50	46	60
5038	9	10	11
5039	2	3	1
5040	0	0	0
5041	0	0	0
5042	2	3	0
5043	17	11	13
5044	0	2	0
5045	0	1	0
5046	53	74	58
5047	7	9	3
5048	13	10	8
5049	0	0	0
5050	0	2	1
5051	1	3	1
5052	46	45	44
5053	16	28	15
5054	11	5	14
5055	74	82	58
5056	13	17	9
5057	0	0	0
5058	33	31	34
5059	4	3	3
5060	3	2	4
5061	1	3	3
5062	250	344	345
5063	3	3	7
5064	0	0	0
5065	0	1	1
5066	0	0	1
5067	25	19	31
5068	2	3	5
5069	62	48	72
5070	2	1	2
5071	6	6	6
5072	105	119	103
5073	59	57	47
5074	35	24	28
5075	0	1	2
5076	91	72	67
5077	24	15	15
5078	19	26	14
5079	3	3	4
5080	3	5	6
5081	3	2	2
5082	2	0	3
5083	0	2	0
5084	3	4	2
5085	15	14	8
5086	7	7	1
5087	2	1	1
5088	2	0	1
5089	71	58	51
5090	11	18	14
5091	5	9	9
5092	23	33	30
5093	1	0	1
5094	8	13	5
5095	45	24	15
5096	0	0	0
5097	9	10	11
5098	181	169	198
5099	26	24	15
5100	1	0	1
5101	17	31	35
5102	66	64	50
5103	10	7	12
5104	1	0	0
5105	28	16	21
5106	236	220	175
5107	4	3	3
5108	2	5	2
5109	8	3	4
5110	65	70	49
5111	39	40	32
5112	7	9	8
5113	4	2	6
5114	8	8	6
5115	7	10	5
5116	83	83	77
5117	0	0	0
5118	3	2	1
5119	7	8	8
5120	26	22	27
5121	107	92	121
5122	6	10	2
5123	3	7	1
5124	0	0	0
5125	1	1	2
5126	5	7	5
5127	363	353	343
5128	1	0	0
5129	0	0	0
5130	5	4	8
5131	36	32	52
5132	7	6	8
5133	3	2	0
5134	1	1	2
5135	0	0	0
5136	4	1	2
5137	2	1	3
5138	1	2	2
5139	12	24	15
5140	58	50	43
5141	2	0	2
5142	8	11	7
5143	1	1	4
5144	0	0	0
5145	3	5	4
5146	33	39	60
5147	0	0	2
5148	1	2	0
5149	0	0	1
5150	27	30	29
5151	19	27	34
5152	2	6	3
5153	0	0	0
5154	6	3	8
5155	71	44	58
5156	1	0	2
5157	36	24	26
5158	0	0	0
5159	6	10	8
5160	7	15	13
5161	3	7	1
5162	21	23	25
5163	12	10	7
5164	0	0	3
5165	24	27	30
5166	3	3	4
5167	3	2	5
5168	32	38	59
5169	1	3	4
5170	24	16	15
5171	11	7	11
5172	6	3	4
5173	90	71	71
5174	2	3	2
5175	0	0	0
5176	0	0	0
5177	27	23	19
5178	0	0	1
5179	18	11	11
5180	17	18	15
5181	0	0	0
5182	17	29	19
5183	27	22	36
5184	31	25	28
5185	138	127	123
5186	46	40	38
5187	29	20	32
5188	44	42	37
5189	4	8	5
5190	0	0	0
5191	4	14	10
5192	2	2	0
5193	11	13	15
5194	2	1	6
5195	5	8	6
5196	2	5	1
5197	11	17	25
5198	26	38	36
5199	0	1	3
5200	0	1	1
5201	19	20	14
5202	7	13	5
5203	80	89	72
5204	67	52	44
5205	0	0	0
5206	346	362	345
5207	0	0	0
5208	42	30	37
5209	8	8	5
5210	8	16	6
5211	13	5	4
5212	18	20	17
5213	50	32	46
5214	11	15	2
5215	28	34	32
5216	45	34	54
5217	0	0	0
5218	0	0	0
5219	10	7	5
5220	5	8	5
5221	1	2	1
5222	26	26	27
5223	98	84	97
5224	12	9	11
5225	32	22	22
5226	11	8	8
5227	4	6	4
5228	27	31	32
5229	33	40	32
5230	44	48	41
5231	55	28	31
5232	3	3	2
5233	1	3	3
5234	7	12	8
5235	0	0	0
5236	74	70	78
5237	0	0	0
5238	0	0	0
5239	0	0	0
5240	0	0	0
5241	0	0	0
5242	6	6	5
5243	7	12	4
5244	14	9	11
5245	1	0	0
5246	3	3	2
5247	13	5	8
5248	1	6	3
5249	19	11	6
5250	23	24	16
5251	87	85	70
5252	2	2	2
5253	0	0	0
5254	114	96	68
5255	5	5	5
5256	16	16	23
5257	0	1	0
5258	2	4	2
5259	26	18	13
5260	26	22	16
5261	22	22	16
5262	9	7	7
5263	0	0	1
5264	17	26	16
5265	4	4	3
5266	86	72	69
5267	0	0	0
5268	1	0	0
5269	7	3	8
5270	1	0	2
5271	9	12	7
5272	0	0	0
5273	0	0	0
5274	13	15	12
5275	0	0	0
5276	0	0	0
5277	5	3	2
5278	4	2	4
5279	37	30	21
5280	1	1	3
5281	38	30	25
5282	0	0	0
5283	13	21	23
5284	75	84	93
5285	6	4	5
5286	0	1	0
5287	16	10	6
5288	0	0	0
5289	18	14	12
5290	31	33	24
5291	23	25	32
5292	186	126	177
5293	10	21	22
5294	1	8	10
5295	36	38	26
5296	1	0	1
5297	3	4	5
5298	31	19	7
5299	0	0	0
5300	35	31	30
5301	13	7	9
5302	1	1	3
5303	19	5	12
5304	21	21	21
5305	20	17	21
5306	27	27	33
5307	8	10	7
5308	4	7	2
5309	25	24	26
5310	30	35	32
5311	9	4	3
5312	0	0	0
5313	26	14	18
5314	1	4	2
5315	0	0	0
5316	8	8	4
5317	0	1	0
5318	0	3	1
5319	7	6	6
5320	16	14	8
5321	196	181	170
5322	7	12	13
5323	1	1	1
5324	14	12	12
5325	20	14	6
5326	0	1	1
5327	358	309	380
5328	1	1	0
5329	13	6	6
5330	0	1	0
5331	31	36	24
5332	382	389	470
5333	17	7	9
5334	0	1	0
5335	9	5	8
5336	13	8	9
5337	480	452	504
5338	2	0	3
5339	9	4	2
5340	83	98	82
5341	12	10	11
5342	2	1	0
5343	1	7	4
5344	86	82	73
5345	6	17	15
5346	3	4	2
5347	1	1	0
5348	1	1	0
5349	54	45	63
5350	21	22	19
5351	44	38	35
5352	1	2	2
5353	2	6	8
5354	14	19	18
5355	7	4	10
5356	53	51	44
5357	13	19	20
5358	3	1	3
5359	0	0	0
5360	1	1	1
5361	3	1	2
5362	0	0	0
5363	0	0	0
5364	16	12	18
5365	3	3	1
5366	7	17	6
5367	6	13	6
5368	5	6	3
5369	43	56	38
5370	2	7	7
5371	3	6	5
5372	3	3	4
5373	14	13	17
5374	1	2	1
5375	39	21	25
5376	0	1	1
5377	0	0	2
5378	0	0	0
5379	74	64	59
5380	5	3	0
5381	0	0	0
5382	3	3	2
5383	17	16	16
5384	1	0	0
5385	12	11	18
5386	40	41	42
5387	0	2	0
5388	3	7	2
5389	5	4	0
5390	5	6	1
5391	7	13	5
5392	1	1	3
5393	15	11	6
5394	24	17	36
5395	2	0	0
5396	0	0	0
5397	2	8	8
5398	104	92	84
5399	7	0	3
5400	0	0	0
5401	93	94	90
5402	3	0	0
5403	20	18	19
5404	0	0	1
5405	23	28	21
5406	1	0	1
5407	1	4	4
5408	2	4	2
5409	17	19	14
5410	59	52	50
5411	0	0	0
5412	1	1	0
5413	4	4	4
5414	18	16	16
5415	0	0	5
5416	85	82	109
5417	1	0	0
5418	3	3	2
5419	21	6	10
5420	0	3	6
5421	0	1	0
5422	1	2	2
5423	24	16	10
5424	19	16	18
5425	3	2	0
5426	4	5	6
5427	6	8	8
5428	0	1	4
5429	4	4	2
5430	2	4	4
5431	4	0	2
5432	151	137	173
5433	63	56	55
5434	26	22	18
5435	2	2	2
5436	2	2	4
5437	5	3	1
5438	43	46	45
5439	0	0	1
5440	2	2	4
5441	129	144	156
5442	29	31	27
5443	564	574	510
5444	96	83	80
5445	14	9	11
5446	97	94	125
5447	54	44	28
5448	5	0	0
5449	28	23	31
5450	95	87	97
5451	85	88	75
5452	5	10	6
5453	112	122	122
5454	0	2	0
5455	0	0	0
5456	25	18	13
5457	137	102	98
5458	0	0	0
5459	2	2	3
5460	1	0	3
5461	1	1	3
5462	1	1	1
5463	146	138	156
5464	2	3	4
5465	8	5	2
5466	313	259	262
5467	2	4	3
5468	27	30	42
5469	2	2	2
5470	85	65	97
5471	6	11	6
5472	1	0	0
5473	1	1	0
5474	1	1	0
5475	0	0	0
5476	48	47	39
5477	4	3	4
5478	1	1	1
5479	0	0	0
5480	1	0	3
5481	5	7	2
5482	102	103	91
5483	3	3	2
5484	8	3	8
5485	1	1	0
5486	33	31	29
5487	15	20	20
5488	29	36	27
5489	28	25	29
5490	15	15	21
5491	16	12	11
5492	0	0	0
5493	0	0	0
5494	0	0	1
5495	0	0	0
5496	5	2	6
5497	10	13	11
5498	0	0	0
5499	5	1	3
5500	87	75	65
5501	0	0	0
5502	47	52	61
5503	74	87	69
5504	1	1	0
5505	4	9	3
5506	73	72	81
5507	7	6	3
5508	2	6	1
5509	169	149	160
5510	3	1	2
5511	0	3	1
5512	69	54	40
5513	0	0	0
5514	12	7	4
5515	7	12	8
5516	12	7	18
5517	0	0	1
5518	0	0	0
5519	5	19	8
5520	6	6	6
5521	20	21	19
5522	1	1	1
5523	5	3	4
5524	1	3	0
5525	1	0	0
5526	0	0	0
5527	0	0	0
5528	18	13	5
5529	4	0	1
5530	105	123	105
5531	256	217	200
5532	7	4	6
5533	0	0	0
5534	65	42	38
5535	28	28	28
5536	3	2	6
5537	2	1	0
5538	1	0	0
5539	4	2	1
5540	0	1	2
5541	101	72	49
5542	1	0	0
5543	1	0	4
5544	1	1	0
5545	10	12	12
5546	18	29	30
5547	34	22	40
5548	12	12	13
5549	0	2	1
5550	27	20	16
5551	5	4	9
5552	0	0	3
5553	2	0	0
5554	36	38	22
5555	1	2	1
5556	2	2	1
5557	0	0	1
5558	8	8	6
5559	1	2	1
5560	1	3	1
5561	10	5	10
5562	0	1	2
5563	3	5	6
5564	7	8	10
5565	703	696	639
5566	12	12	12
5567	1	2	2
5568	34	49	38
5569	11	9	10
5570	2	0	3
5571	0	0	0
5572	3	5	2
5573	17	14	14
5574	9	15	9
5575	2	1	2
5576	27	24	15
5577	281	239	204
5578	52	51	43
5579	6	3	4
5580	5	0	5
5581	3	4	3
5582	1	0	1
5583	30	15	13
5584	30	34	21
5585	5	4	4
5586	0	0	0
5587	3	1	4
5588	2	0	0
5589	47	47	54
5590	31	25	25
5591	1	2	3
5592	4	1	7
5593	3	6	3
5594	2	1	5
5595	2	3	5
5596	64	82	70
5597	1	5	3
5598	4	7	4
5599	14	8	13
5600	0	0	0
5601	11	14	8
5602	1	1	1
5603	17	14	13
5604	24	14	19
5605	41	35	36
5606	20	25	23
5607	14	7	10
5608	9	9	8
5609	0	0	0
5610	54	42	25
5611	8	14	12
5612	3	3	8
5613	6	6	7
5614	89	112	74
5615	7	3	4
5616	1	0	1
5617	17	13	10
5618	21	15	15
5619	167	153	103
5620	24	23	20
5621	1	2	3
5622	5	3	3
5623	6	2	3
5624	3	3	1
5625	1	1	1
5626	0	0	2
5627	0	0	2
5628	0	1	0
5629	5	4	4
5630	11	5	10
5631	0	0	0
5632	3	2	3
5633	9	15	6
5634	26	31	23
5635	2	1	2
5636	13	11	8
5637	2	8	3
5638	6	4	8
5639	5	5	7
5640	0	0	0
5641	14	17	4
5642	29	29	21
5643	64	68	66
5644	0	1	1
5645	1	0	0
5646	2	3	3
5647	5	6	13
5648	1	3	4
5649	4	1	0
5650	2	2	0
5651	1	7	6
5652	0	1	0
5653	12	17	13
5654	0	2	2
5655	2	3	1
5656	3	3	4
5657	10	4	6
5658	9	7	5
5659	0	0	0
5660	104	92	78
5661	5	3	7
5662	6	7	5
5663	11	6	7
5664	79	69	71
5665	2	2	3
5666	10	8	2
5667	38	38	36
5668	49	48	39
5669	3	6	4
5670	17	19	23
5671	5	2	1
5672	60	39	35
5673	57	44	42
5674	0	0	1
5675	4	4	3
5676	9	10	11
5677	0	0	1
5678	5	2	5
5679	0	0	0
5680	5	4	5
5681	65	53	57
5682	8	9	10
5683	3	6	2
5684	7	2	6
5685	4	2	0
5686	16	16	25
5687	14	22	22
5688	0	1	2
5689	0	0	0
5690	139	111	101
5691	75	93	92
5692	3	2	6
5693	27	20	16
5694	16	15	8
5695	917	859	841
5696	11	11	9
5697	11	8	4
5698	17	17	6
5699	56	50	41
5700	15	11	14
5701	1	0	3
5702	7	2	4
5703	0	0	0
5704	0	0	0
5705	13	7	9
5706	0	0	2
5707	1	0	0
5708	161	153	163
5709	31	32	26
5710	19	14	15
5711	41	38	49
5712	21	17	17
5713	191	196	213
5714	40	25	26
5715	2	2	2
5716	0	0	0
5717	1	2	0
5718	47	39	43
5719	101	112	88
5720	0	1	0
5721	9	9	12
5722	296	235	262
5723	2	6	5
5724	10	4	17
5725	7	6	9
5726	44	44	36
5727	4	3	11
5728	6	0	6
5729	37	45	24
5730	81	69	60
5731	265	262	305
5732	77	67	70
5733	32	29	14
5734	23	25	21
5735	1	1	2
5736	2	2	0
5737	7	7	3
5738	0	0	0
5739	5	8	4
5740	36	18	29
5741	21	11	17
5742	0	0	0
5743	11	9	10
5744	3	4	6
5745	8	9	12
5746	20	12	16
5747	60	60	40
5748	6	6	3
5749	351	351	349
5750	9	7	10
5751	88	85	69
5752	8	3	2
5753	6	2	4
5754	0	0	0
5755	7	7	4
5756	0	0	2
5757	78	72	63
5758	21	21	18
5759	2	2	1
5760	0	0	0
5761	132	136	159
5762	4	5	5
5763	10	5	4
5764	21	26	19
5765	29	26	26
5766	0	1	0
5767	0	4	2
5768	0	0	0
5769	3	0	0
5770	0	0	0
5771	36	35	33
5772	50	36	38
5773	4	3	6
5774	20	19	10
5775	76	55	34
5776	26	12	11
5777	0	0	0
5778	24	26	17
5779	48	45	41
5780	25	26	28
5781	4	1	1
5782	7	4	4
5783	66	75	42
5784	5	4	1
5785	8	11	6
5786	11	23	17
5787	4	3	5
5788	0	0	0
5789	1041	1036	1087
5790	277	293	305
5791	1	0	2
5792	348	289	205
5793	17	7	18
5794	485	428	435
5795	20	23	20
5796	19	19	26
5797	16	12	30
5798	1	0	0
5799	31	35	24
5800	160	138	128
5801	77	65	64
5802	2	2	3
5803	0	0	0
5804	6	8	7
5805	12	14	13
5806	25	19	20
5807	1	0	0
5808	6	6	8
5809	0	0	0
5810	64	61	50
5811	52	52	46
5812	76	77	103
5813	15	20	28
5814	0	0	0
5815	8	10	10
5816	91	98	71
5817	69	56	67
5818	18	21	20
5819	9	9	12
5820	20	22	19
5821	107	89	112
5822	1	3	2
5823	16	17	9
5824	322	277	250
5825	35	25	36
5826	1	0	0
5827	2	2	6
5828	15	10	10
5829	4	5	5
5830	20	28	20
5831	118	119	98
5832	3	6	4
5833	25	15	12
5834	6	9	15
5835	28	21	25
5836	20	25	23
5837	9	4	5
5838	41	36	33
5839	18	29	18
5840	140	128	128
5841	0	0	0
5842	18	18	19
5843	5	1	0
5844	3	1	1
5845	41	35	45
5846	0	0	2
5847	0	0	0
5848	0	0	0
5849	0	0	0
5850	1	1	1
5851	15	11	9
5852	11	13	3
5853	0	0	0
5854	22	12	15
5855	6	7	5
5856	36	28	30
5857	0	0	2
5858	71	60	70
5859	57	56	52
5860	17	24	33
5861	23	12	8
5862	7	11	8
5863	4	4	3
5864	18	15	18
5865	31	33	22
5866	0	0	1
5867	0	0	0
5868	0	0	0
5869	30	33	23
5870	1	2	0
5871	0	1	2
5872	4	3	5
5873	41	38	36
5874	6	7	5
5875	0	2	2
5876	42	39	33
5877	1	1	1
5878	0	0	0
5879	1	0	0
5880	1	4	0
5881	1	1	1
5882	0	0	0
5883	40	29	34
5884	8	11	8
5885	15	19	22
5886	0	3	3
5887	10	10	8
5888	19	16	12
5889	91	115	117
5890	42	39	39
5891	10	6	8
5892	0	0	0
5893	2	7	4
5894	253	242	242
5895	16	21	15
5896	0	0	0
5897	7	8	11
5898	1	0	0
5899	13	10	6
5900	0	0	0
5901	3	3	3
5902	30	42	33
5903	12	22	21
5904	6	3	4
5905	32	27	20
5906	50	52	31
5907	24	16	21
5908	168	162	151
5909	3	3	2
5910	4	5	4
5911	5	0	0
5912	6	7	7
5913	17	16	13
5914	49	57	38
5915	27	25	18
5916	108	117	126
5917	108	115	98
5918	194	191	183
5919	2	4	2
5920	2	2	0
5921	23	19	17
5922	1	0	0
5923	17	8	9
5924	1	1	1
5925	332	340	260
5926	36	43	26
5927	2	5	5
5928	17	9	6
5929	74	45	33
5930	0	0	0
5931	48	52	39
5932	420	378	426
5933	19	14	16
5934	2	4	3
5935	0	8	6
5936	0	0	0
5937	72	80	65
5938	124	133	94
5939	7	9	7
5940	21	14	20
5941	21	17	21
5942	5	4	4
5943	3	4	0
5944	0	0	0
5945	1750	1637	1552
5946	34	31	29
5947	12	9	12
5948	274	273	224
5949	64	50	47
5950	0	1	4
5951	25	8	21
5952	0	0	1
5953	14	9	5
5954	9	7	3
5955	32	30	28
5956	23	15	20
5957	0	0	0
5958	4	9	9
5959	1	1	3
5960	11	13	9
5961	155	176	148
5962	193	174	165
5963	5	5	3
5964	0	1	1
5965	1	2	2
5966	0	1	0
5967	1	0	0
5968	36	32	31
5969	186	170	184
5970	15	11	16
5971	7	8	3
5972	26	24	34
5973	4	2	3
5974	138	144	101
5975	52	45	29
5976	0	1	0
5977	0	0	0
5978	0	0	0
5979	56	64	45
5980	33	31	44
5981	24	31	22
5982	111	104	102
5983	0	0	0
5984	6	9	5
5985	48	54	71
5986	7	13	12
5987	15	12	12
5988	6	3	4
5989	20	17	15
5990	8	11	14
5991	141	147	139
5992	15	14	11
5993	22	28	38
5994	1	2	0
5995	16	12	14
5996	2	2	2
5997	3	4	7
5998	59	56	55
5999	46	70	68
6000	26	18	27
6001	14	32	13
6002	17	11	8
6003	7	18	18
6004	7	9	8
6005	33	30	43
6006	1	1	0
6007	1	5	1
6008	96	88	89
6009	26	20	29
6010	46	44	41
6011	260	302	289
6012	8	10	10
6013	74	65	76
6014	13	5	4
6015	4	3	9
6016	49	25	50
6017	12	3	14
6018	17	14	18
6019	5	5	1
6020	0	0	0
6021	15	7	10
6022	2	5	4
6023	30	28	19
6024	8	5	1
6025	20	25	11
6026	8	17	16
6027	3	6	1
6028	27	25	35
6029	136	129	141
