	ID	Name	position_from_start	position_from_term	actual_count	downsampled_count
0	rna-XM_713978.2	XM_713978.2	9	759	84.0	19.0
1	rna-XM_713978.2	XM_713978.2	53	715	34.0	19.0
2	rna-XM_713957.1	XM_713957.1	0	1203	27.0	19.0
3	rna-XM_713954.1	XM_713954.1	91	512	159.0	19.0
4	rna-XM_713954.1	XM_713954.1	127	476	25.0	19.0
5	rna-XM_019475060.1	XM_019475060.1	2611	1625	21.0	19.0
6	rna-XM_707863.2	XM_707863.2	308	3517	63.0	19.0
7	rna-XM_716341.2	XM_716341.2	36	627	24.0	19.0
8	rna-XM_716341.2	XM_716341.2	147	516	44.0	19.0
9	rna-XM_716371.1	XM_716371.1	216	837	27.0	19.0
10	rna-XM_716387.1	XM_716387.1	796	635	21.0	19.0
11	rna-XM_716397.1	XM_716397.1	141	180	26.0	19.0
12	rna-XM_716399.1	XM_716399.1	428	181	32.0	19.0
13	rna-XM_716399.1	XM_716399.1	522	87	46.0	19.0
14	rna-XM_716442.2	XM_716442.2	529	1361	21.0	19.0
15	rna-XM_716442.2	XM_716442.2	582	1308	20.0	19.0
16	rna-XM_716442.2	XM_716442.2	626	1264	23.0	19.0
17	rna-XM_716442.2	XM_716442.2	1833	57	20.0	19.0
18	rna-XM_716447.2	XM_716447.2	619	206	55.0	19.0
19	rna-XM_708542.1	XM_708542.1	178	1103	367.0	19.0
20	rna-XM_708542.1	XM_708542.1	179	1102	23.0	19.0
21	rna-XM_708542.1	XM_708542.1	332	949	32.0	19.0
22	rna-XM_708542.1	XM_708542.1	527	754	29.0	19.0
23	rna-XM_708542.1	XM_708542.1	534	747	27.0	19.0
24	rna-XM_708576.2	XM_708576.2	239	1699	28.0	19.0
25	rna-XM_708576.2	XM_708576.2	629	1309	24.0	19.0
26	rna-XM_019475113.1	XM_019475113.1	58	341	21.0	19.0
27	rna-XM_019475113.1	XM_019475113.1	80	319	38.0	19.0
28	rna-XM_019475113.1	XM_019475113.1	101	298	24.0	19.0
29	rna-XM_019475113.1	XM_019475113.1	128	271	40.0	19.0
30	rna-XM_019475113.1	XM_019475113.1	144	255	27.0	19.0
31	rna-XM_019475113.1	XM_019475113.1	198	201	20.0	19.0
32	rna-XM_019475113.1	XM_019475113.1	203	196	23.0	19.0
33	rna-XM_019475113.1	XM_019475113.1	206	193	36.0	19.0
34	rna-XM_019475113.1	XM_019475113.1	240	159	20.0	19.0
35	rna-XM_019475113.1	XM_019475113.1	261	138	26.0	19.0
36	rna-XM_713748.2	XM_713748.2	42	396	44.0	19.0
37	rna-XM_713748.2	XM_713748.2	57	381	20.0	19.0
38	rna-XM_713748.2	XM_713748.2	60	378	25.0	19.0
39	rna-XM_713748.2	XM_713748.2	62	376	25.0	19.0
40	rna-XM_713748.2	XM_713748.2	65	373	23.0	19.0
41	rna-XM_713748.2	XM_713748.2	120	318	23.0	19.0
42	rna-XM_713748.2	XM_713748.2	144	294	28.0	19.0
43	rna-XM_713748.2	XM_713748.2	208	230	28.0	19.0
44	rna-XM_713748.2	XM_713748.2	209	229	27.0	19.0
45	rna-XM_713748.2	XM_713748.2	211	227	27.0	19.0
46	rna-XM_713748.2	XM_713748.2	229	209	29.0	19.0
47	rna-XM_713748.2	XM_713748.2	231	207	24.0	19.0
48	rna-XM_713748.2	XM_713748.2	233	205	31.0	19.0
49	rna-XM_713748.2	XM_713748.2	234	204	27.0	19.0
50	rna-XM_713748.2	XM_713748.2	235	203	23.0	19.0
51	rna-XM_713748.2	XM_713748.2	238	200	29.0	19.0
52	rna-XM_713748.2	XM_713748.2	280	158	33.0	19.0
53	rna-XM_713748.2	XM_713748.2	299	139	30.0	19.0
54	rna-XM_712519.2	XM_712519.2	1343	532	26.0	19.0
55	rna-XM_712522.2	XM_712522.2	117	384	21.0	19.0
56	rna-XM_712555.2	XM_712555.2	1877	157	21.0	19.0
57	rna-XM_712560.1	XM_712560.1	634	827	25.0	19.0
58	rna-XM_718485.1	XM_718485.1	454	269	20.0	19.0
59	rna-XM_706117.2	XM_706117.2	623	904	32.0	19.0
60	rna-XM_706117.2	XM_706117.2	753	774	94.0	19.0
61	rna-XM_019475147.1	XM_019475147.1	263	151	161.0	19.0
62	rna-XM_019475156.1	XM_019475156.1	43	230	24.0	19.0
63	rna-XM_708702.2	XM_708702.2	776	301	81.0	19.0
64	rna-XM_019475165.1	XM_019475165.1	323	88	60.0	19.0
65	rna-XM_706471.2	XM_706471.2	1748	1045	21.0	19.0
66	rna-XM_706471.2	XM_706471.2	2310	483	46.0	19.0
67	rna-XM_706471.2	XM_706471.2	2357	436	20.0	19.0
68	rna-XM_717117.1	XM_717117.1	149	385	21.0	19.0
69	rna-XM_709943.1	XM_709943.1	24	816	22.0	19.0
70	rna-XM_709943.1	XM_709943.1	32	808	21.0	19.0
71	rna-XM_709943.1	XM_709943.1	44	796	29.0	19.0
72	rna-XM_709943.1	XM_709943.1	51	789	669.0	19.0
73	rna-XM_709943.1	XM_709943.1	52	788	32.0	19.0
74	rna-XM_709943.1	XM_709943.1	64	776	20.0	19.0
75	rna-XM_709968.1	XM_709968.1	68	871	52.0	19.0
76	rna-XM_705397.2	XM_705397.2	31	500	89.0	19.0
77	rna-XM_705397.2	XM_705397.2	53	478	109.0	19.0
78	rna-XM_705396.2	XM_705396.2	1182	489	25.0	19.0
79	rna-XM_705388.2	XM_705388.2	36	1668	20.0	19.0
80	rna-XM_705388.2	XM_705388.2	47	1657	29.0	19.0
81	rna-XM_717427.1	XM_717427.1	13	347	148.0	19.0
82	rna-XM_717427.1	XM_717427.1	73	287	49.0	19.0
83	rna-XM_717527.2	XM_717527.2	104	5065	58.0	19.0
84	rna-XM_717527.2	XM_717527.2	221	4948	39.0	19.0
85	rna-XM_717527.2	XM_717527.2	239	4930	150.0	19.0
86	rna-XM_019475213.1	XM_019475213.1	1439	1090	21.0	19.0
87	rna-XM_710225.2	XM_710225.2	6542	3319	21.0	19.0
88	rna-XM_715872.2	XM_715872.2	59	2032	26.0	19.0
89	rna-XM_019475216.1	XM_019475216.1	94	389	20.0	19.0
90	rna-XM_019475220.1	XM_019475220.1	72	228	33.0	19.0
91	rna-XM_019475220.1	XM_019475220.1	74	226	25.0	19.0
92	rna-XM_019475220.1	XM_019475220.1	82	218	25.0	19.0
93	rna-XM_019475220.1	XM_019475220.1	140	160	25.0	19.0
94	rna-XM_019475220.1	XM_019475220.1	141	159	39.0	19.0
95	rna-XM_019475220.1	XM_019475220.1	143	157	24.0	19.0
96	rna-XM_019475220.1	XM_019475220.1	162	138	33.0	19.0
97	rna-XM_715844.1	XM_715844.1	212	1867	29.0	19.0
98	rna-XM_715844.1	XM_715844.1	1081	998	25.0	19.0
99	rna-XM_715844.1	XM_715844.1	1170	909	28.0	19.0
100	rna-XM_715844.1	XM_715844.1	1259	820	32.0	19.0
101	rna-XM_707823.1	XM_707823.1	157	401	23.0	19.0
102	rna-XM_707822.2	XM_707822.2	845	2071	32.0	19.0
103	rna-XM_709806.2	XM_709806.2	2057	292	20.0	19.0
104	rna-XM_707710.1	XM_707710.1	373	248	29.0	19.0
105	rna-XM_710962.1	XM_710962.1	302	1201	40.0	19.0
106	rna-XM_019475256.1	XM_019475256.1	18	339	31.0	19.0
107	rna-XM_705056.2	XM_705056.2	174	1203	34.0	19.0
108	rna-XM_705056.2	XM_705056.2	324	1053	34.0	19.0
109	rna-XM_707506.1	XM_707506.1	712	1037	98.0	19.0
110	rna-XM_712051.1	XM_712051.1	290	499	25.0	19.0
111	rna-XM_712051.1	XM_712051.1	757	32	56.0	19.0
112	rna-XM_712709.1	XM_712709.1	32	628	24.0	19.0
113	rna-XM_712666.2	XM_712666.2	1996	692	24.0	19.0
114	rna-XM_713429.2	XM_713429.2	203	3430	74.0	19.0
115	rna-XM_716694.2	XM_716694.2	587	226	23.0	19.0
116	rna-XM_714842.1	XM_714842.1	366	210	51.0	19.0
117	rna-XM_714842.1	XM_714842.1	542	34	21.0	19.0
118	rna-XM_714845.2	XM_714845.2	2943	966	20.0	19.0
119	rna-XM_714889.1	XM_714889.1	345	45	22.0	19.0
120	rna-XM_714941.1	XM_714941.1	578	1147	20.0	19.0
121	rna-XM_707632.2	XM_707632.2	380	19	45.0	19.0
122	rna-XM_019475320.1	XM_019475320.1	3	570	24.0	19.0
123	rna-XM_019475320.1	XM_019475320.1	213	360	22.0	19.0
124	rna-XM_019475321.1	XM_019475321.1	0	684	27.0	19.0
125	rna-XM_019475323.1	XM_019475323.1	44	760	45.0	19.0
126	rna-XM_019475325.1	XM_019475325.1	0	363	36.0	19.0
127	rna-XM_019475325.1	XM_019475325.1	30	333	33.0	19.0
128	rna-XM_019475325.1	XM_019475325.1	40	323	29.0	19.0
129	rna-XM_019475325.1	XM_019475325.1	44	319	69.0	19.0
130	rna-XM_019475325.1	XM_019475325.1	46	317	28.0	19.0
131	rna-XM_019475325.1	XM_019475325.1	52	311	24.0	19.0
132	rna-XM_019475325.1	XM_019475325.1	53	310	23.0	19.0
133	rna-XM_019475325.1	XM_019475325.1	73	290	23.0	19.0
134	rna-XM_019475325.1	XM_019475325.1	77	286	21.0	19.0
135	rna-XM_019475325.1	XM_019475325.1	81	282	20.0	19.0
136	rna-XM_019475325.1	XM_019475325.1	98	265	242.0	19.0
137	rna-XM_019475325.1	XM_019475325.1	104	259	29.0	19.0
138	rna-XM_019475325.1	XM_019475325.1	105	258	33.0	19.0
139	rna-XM_019475325.1	XM_019475325.1	107	256	22.0	19.0
140	rna-XM_019475325.1	XM_019475325.1	109	254	29.0	19.0
141	rna-XM_019475325.1	XM_019475325.1	111	252	21.0	19.0
142	rna-XM_019475325.1	XM_019475325.1	127	236	42.0	19.0
143	rna-XM_019475325.1	XM_019475325.1	128	235	20.0	19.0
144	rna-XM_019475325.1	XM_019475325.1	129	234	20.0	19.0
145	rna-XM_019475325.1	XM_019475325.1	181	182	30.0	19.0
146	rna-XM_019475325.1	XM_019475325.1	203	160	25.0	19.0
147	rna-XM_718085.1	XM_718085.1	208	1025	22.0	19.0
148	rna-XM_019475328.1	XM_019475328.1	36	402	29.0	19.0
149	rna-XM_019475328.1	XM_019475328.1	80	358	29.0	19.0
150	rna-XM_019475328.1	XM_019475328.1	81	357	24.0	19.0
151	rna-XM_019475328.1	XM_019475328.1	82	356	27.0	19.0
152	rna-XM_019475328.1	XM_019475328.1	104	334	145.0	19.0
153	rna-XM_019475328.1	XM_019475328.1	111	327	50.0	19.0
154	rna-XM_019475328.1	XM_019475328.1	112	326	36.0	19.0
155	rna-XM_019475328.1	XM_019475328.1	146	292	29.0	19.0
156	rna-XM_019475328.1	XM_019475328.1	163	275	38.0	19.0
157	rna-XM_019475328.1	XM_019475328.1	165	273	25.0	19.0
158	rna-XM_019475328.1	XM_019475328.1	166	272	25.0	19.0
159	rna-XM_019475328.1	XM_019475328.1	167	271	29.0	19.0
160	rna-XM_019475328.1	XM_019475328.1	168	270	26.0	19.0
161	rna-XM_019475328.1	XM_019475328.1	169	269	36.0	19.0
162	rna-XM_019475328.1	XM_019475328.1	180	258	22.0	19.0
163	rna-XM_019475328.1	XM_019475328.1	187	251	28.0	19.0
164	rna-XM_019475328.1	XM_019475328.1	188	250	56.0	19.0
165	rna-XM_019475328.1	XM_019475328.1	189	249	53.0	19.0
166	rna-XM_019475328.1	XM_019475328.1	190	248	20.0	19.0
167	rna-XM_019475328.1	XM_019475328.1	202	236	23.0	19.0
168	rna-XM_019475328.1	XM_019475328.1	205	233	21.0	19.0
169	rna-XM_019475328.1	XM_019475328.1	207	231	20.0	19.0
170	rna-XM_019475328.1	XM_019475328.1	208	230	37.0	19.0
171	rna-XM_019475328.1	XM_019475328.1	209	229	25.0	19.0
172	rna-XM_019475328.1	XM_019475328.1	232	206	27.0	19.0
173	rna-XM_019475328.1	XM_019475328.1	234	204	33.0	19.0
174	rna-XM_019475328.1	XM_019475328.1	235	203	29.0	19.0
175	rna-XM_019475328.1	XM_019475328.1	238	200	28.0	19.0
176	rna-XM_019475328.1	XM_019475328.1	251	187	34.0	19.0
177	rna-XM_019475328.1	XM_019475328.1	318	120	30.0	19.0
178	rna-XM_019475328.1	XM_019475328.1	330	108	23.0	19.0
179	rna-XM_019475329.1	XM_019475329.1	439	347	37.0	19.0
180	rna-XM_019475329.1	XM_019475329.1	571	215	86.0	19.0
181	rna-XM_019475329.1	XM_019475329.1	626	160	25.0	19.0
182	rna-XM_019475329.1	XM_019475329.1	627	159	25.0	19.0
183	rna-XM_019475329.1	XM_019475329.1	632	154	20.0	19.0
184	rna-XM_019475329.1	XM_019475329.1	635	151	23.0	19.0
185	rna-XM_019475329.1	XM_019475329.1	683	103	34.0	19.0
186	rna-XM_019475329.1	XM_019475329.1	689	97	41.0	19.0
187	rna-XM_714755.1	XM_714755.1	66	816	27.0	19.0
188	rna-XM_705855.1	XM_705855.1	135	375	26.0	19.0
189	rna-XM_705855.1	XM_705855.1	164	346	25.0	19.0
190	rna-XM_705238.2	XM_705238.2	31	647	140.0	19.0
191	rna-XM_705238.2	XM_705238.2	53	625	108.0	19.0
192	rna-XM_705238.2	XM_705238.2	59	619	21.0	19.0
193	rna-XM_019475351.1	XM_019475351.1	574	728	55.0	19.0
194	rna-XM_708236.1	XM_708236.1	220	389	20.0	19.0
195	rna-XM_019475352.1	XM_019475352.1	1289	226	28.0	19.0
196	rna-XM_717669.2	XM_717669.2	12344	2764	22.0	19.0
197	rna-XM_717669.2	XM_717669.2	12420	2688	57.0	19.0
198	rna-XM_717669.2	XM_717669.2	12593	2515	24.0	19.0
199	rna-XM_717669.2	XM_717669.2	13232	1876	25.0	19.0
200	rna-XM_717669.2	XM_717669.2	13250	1858	28.0	19.0
201	rna-XM_019475360.1	XM_019475360.1	173	538	59.0	19.0
202	rna-XM_019475360.1	XM_019475360.1	234	477	26.0	19.0
203	rna-XM_019475360.1	XM_019475360.1	261	450	20.0	19.0
204	rna-XM_019475360.1	XM_019475360.1	264	447	31.0	19.0
205	rna-XM_019475360.1	XM_019475360.1	265	446	25.0	19.0
206	rna-XM_019475360.1	XM_019475360.1	276	435	25.0	19.0
207	rna-XM_019475360.1	XM_019475360.1	277	434	27.0	19.0
208	rna-XM_019475360.1	XM_019475360.1	278	433	28.0	19.0
209	rna-XM_019475360.1	XM_019475360.1	279	432	56.0	19.0
210	rna-XM_019475360.1	XM_019475360.1	280	431	54.0	19.0
211	rna-XM_019475360.1	XM_019475360.1	281	430	24.0	19.0
212	rna-XM_019475360.1	XM_019475360.1	282	429	29.0	19.0
213	rna-XM_019475360.1	XM_019475360.1	300	411	26.0	19.0
214	rna-XM_019475360.1	XM_019475360.1	301	410	27.0	19.0
215	rna-XM_019475360.1	XM_019475360.1	315	396	23.0	19.0
216	rna-XM_019475360.1	XM_019475360.1	320	391	88.0	19.0
217	rna-XM_019475360.1	XM_019475360.1	322	389	27.0	19.0
218	rna-XM_019475360.1	XM_019475360.1	330	381	33.0	19.0
219	rna-XM_019475360.1	XM_019475360.1	344	367	27.0	19.0
220	rna-XM_019475360.1	XM_019475360.1	348	363	102.0	19.0
221	rna-XM_019475360.1	XM_019475360.1	359	352	55.0	19.0
222	rna-XM_019475360.1	XM_019475360.1	364	347	20.0	19.0
223	rna-XM_019475360.1	XM_019475360.1	372	339	22.0	19.0
224	rna-XM_019475360.1	XM_019475360.1	375	336	23.0	19.0
225	rna-XM_019475360.1	XM_019475360.1	378	333	22.0	19.0
226	rna-XM_019475360.1	XM_019475360.1	381	330	22.0	19.0
227	rna-XM_019475360.1	XM_019475360.1	382	329	21.0	19.0
228	rna-XM_019475360.1	XM_019475360.1	390	321	20.0	19.0
229	rna-XM_019475360.1	XM_019475360.1	391	320	27.0	19.0
230	rna-XM_019475360.1	XM_019475360.1	392	319	41.0	19.0
231	rna-XM_019475360.1	XM_019475360.1	393	318	41.0	19.0
232	rna-XM_019475360.1	XM_019475360.1	394	317	32.0	19.0
233	rna-XM_019475360.1	XM_019475360.1	395	316	27.0	19.0
234	rna-XM_019475360.1	XM_019475360.1	396	315	75.0	19.0
235	rna-XM_019475360.1	XM_019475360.1	397	314	24.0	19.0
236	rna-XM_019475360.1	XM_019475360.1	399	312	28.0	19.0
237	rna-XM_019475360.1	XM_019475360.1	402	309	22.0	19.0
238	rna-XM_019475360.1	XM_019475360.1	417	294	20.0	19.0
239	rna-XM_019475360.1	XM_019475360.1	418	293	20.0	19.0
240	rna-XM_019475360.1	XM_019475360.1	422	289	25.0	19.0
241	rna-XM_019475360.1	XM_019475360.1	424	287	36.0	19.0
242	rna-XM_019475360.1	XM_019475360.1	425	286	29.0	19.0
243	rna-XM_019475360.1	XM_019475360.1	426	285	60.0	19.0
244	rna-XM_019475360.1	XM_019475360.1	427	284	32.0	19.0
245	rna-XM_019475360.1	XM_019475360.1	428	283	26.0	19.0
246	rna-XM_019475360.1	XM_019475360.1	429	282	34.0	19.0
247	rna-XM_019475360.1	XM_019475360.1	430	281	37.0	19.0
248	rna-XM_019475360.1	XM_019475360.1	438	273	20.0	19.0
249	rna-XM_019475360.1	XM_019475360.1	445	266	31.0	19.0
250	rna-XM_019475360.1	XM_019475360.1	446	265	20.0	19.0
251	rna-XM_019475360.1	XM_019475360.1	447	264	26.0	19.0
252	rna-XM_019475360.1	XM_019475360.1	448	263	21.0	19.0
253	rna-XM_019475360.1	XM_019475360.1	452	259	91.0	19.0
254	rna-XM_019475360.1	XM_019475360.1	453	258	21.0	19.0
255	rna-XM_019475360.1	XM_019475360.1	455	256	46.0	19.0
256	rna-XM_019475360.1	XM_019475360.1	456	255	25.0	19.0
257	rna-XM_019475360.1	XM_019475360.1	458	253	21.0	19.0
258	rna-XM_019475360.1	XM_019475360.1	460	251	20.0	19.0
259	rna-XM_019475360.1	XM_019475360.1	462	249	27.0	19.0
260	rna-XM_019475360.1	XM_019475360.1	464	247	20.0	19.0
261	rna-XM_019475360.1	XM_019475360.1	477	234	24.0	19.0
262	rna-XM_019475360.1	XM_019475360.1	478	233	20.0	19.0
263	rna-XM_019475360.1	XM_019475360.1	479	232	21.0	19.0
264	rna-XM_019475360.1	XM_019475360.1	480	231	36.0	19.0
265	rna-XM_019475360.1	XM_019475360.1	482	229	100.0	19.0
266	rna-XM_019475360.1	XM_019475360.1	485	226	23.0	19.0
267	rna-XM_019475360.1	XM_019475360.1	487	224	41.0	19.0
268	rna-XM_019475360.1	XM_019475360.1	489	222	20.0	19.0
269	rna-XM_019475360.1	XM_019475360.1	491	220	21.0	19.0
270	rna-XM_019475360.1	XM_019475360.1	498	213	21.0	19.0
271	rna-XM_019475360.1	XM_019475360.1	501	210	34.0	19.0
272	rna-XM_019475360.1	XM_019475360.1	502	209	22.0	19.0
273	rna-XM_019475360.1	XM_019475360.1	503	208	50.0	19.0
274	rna-XM_019475360.1	XM_019475360.1	504	207	21.0	19.0
275	rna-XM_019475360.1	XM_019475360.1	505	206	22.0	19.0
276	rna-XM_019475360.1	XM_019475360.1	511	200	20.0	19.0
277	rna-XM_019475360.1	XM_019475360.1	513	198	210.0	19.0
278	rna-XM_019475360.1	XM_019475360.1	534	177	38.0	19.0
279	rna-XM_019475360.1	XM_019475360.1	546	165	65.0	19.0
280	rna-XM_019475360.1	XM_019475360.1	554	157	22.0	19.0
281	rna-XM_019475360.1	XM_019475360.1	555	156	33.0	19.0
282	rna-XM_019475360.1	XM_019475360.1	556	155	37.0	19.0
283	rna-XM_019475360.1	XM_019475360.1	557	154	24.0	19.0
284	rna-XM_019475360.1	XM_019475360.1	558	153	26.0	19.0
285	rna-XM_019475360.1	XM_019475360.1	559	152	22.0	19.0
286	rna-XM_019475360.1	XM_019475360.1	560	151	21.0	19.0
287	rna-XM_019475360.1	XM_019475360.1	571	140	26.0	19.0
288	rna-XM_019475360.1	XM_019475360.1	573	138	22.0	19.0
289	rna-XM_019475360.1	XM_019475360.1	580	131	28.0	19.0
290	rna-XM_019475360.1	XM_019475360.1	582	129	20.0	19.0
291	rna-XM_019475360.1	XM_019475360.1	584	127	26.0	19.0
292	rna-XM_019475360.1	XM_019475360.1	586	125	22.0	19.0
293	rna-XM_019475360.1	XM_019475360.1	587	124	21.0	19.0
294	rna-XM_019475360.1	XM_019475360.1	589	122	24.0	19.0
295	rna-XM_019475360.1	XM_019475360.1	590	121	24.0	19.0
296	rna-XM_019475360.1	XM_019475360.1	606	105	32.0	19.0
297	rna-XM_019475360.1	XM_019475360.1	618	93	20.0	19.0
298	rna-XM_019475360.1	XM_019475360.1	620	91	32.0	19.0
299	rna-XM_019475360.1	XM_019475360.1	621	90	24.0	19.0
300	rna-XM_019475360.1	XM_019475360.1	653	58	54.0	19.0
301	rna-XM_717597.2	XM_717597.2	886	194	37.0	19.0
302	rna-XM_717566.1	XM_717566.1	398	691	25.0	19.0
303	rna-XM_717564.2	XM_717564.2	280	1547	21.0	19.0
304	rna-XM_717564.2	XM_717564.2	638	1189	35.0	19.0
305	rna-XM_717540.1	XM_717540.1	215	1174	38.0	19.0
306	rna-XM_715396.1	XM_715396.1	56	1663	138.0	19.0
307	rna-XM_715367.2	XM_715367.2	140	1144	26.0	19.0
308	rna-XM_019475378.1	XM_019475378.1	49	167	29.0	19.0
309	rna-XM_019475383.1	XM_019475383.1	205	437	20.0	19.0
310	rna-XM_019475383.1	XM_019475383.1	245	397	21.0	19.0
311	rna-XM_019475383.1	XM_019475383.1	248	394	27.0	19.0
312	rna-XM_019475383.1	XM_019475383.1	263	379	20.0	19.0
313	rna-XM_019475383.1	XM_019475383.1	290	352	29.0	19.0
314	rna-XM_712147.1	XM_712147.1	77	676	20.0	19.0
315	rna-XM_712142.1	XM_712142.1	149	682	37.0	19.0
316	rna-XM_712127.1	XM_712127.1	263	2587	22.0	19.0
317	rna-XM_705028.2	XM_705028.2	5330	1099	981.0	19.0
318	rna-XM_705028.2	XM_705028.2	5331	1098	26.0	19.0
319	rna-XM_711482.2	XM_711482.2	149	1237	74.0	19.0
320	rna-XM_710444.2	XM_710444.2	416	2575	61.0	19.0
321	rna-XM_710444.2	XM_710444.2	610	2381	25.0	19.0
322	rna-XM_710444.2	XM_710444.2	618	2373	72.0	19.0
323	rna-XM_710444.2	XM_710444.2	645	2346	36.0	19.0
324	rna-XM_710444.2	XM_710444.2	646	2345	28.0	19.0
325	rna-XM_710444.2	XM_710444.2	678	2313	20.0	19.0
326	rna-XM_710354.1	XM_710354.1	449	502	29.0	19.0
327	rna-XM_710354.1	XM_710354.1	900	51	20.0	19.0
328	rna-XM_710304.1	XM_710304.1	69	513	28.0	19.0
329	rna-XM_710304.1	XM_710304.1	81	501	29.0	19.0
330	rna-XM_710304.1	XM_710304.1	85	497	100.0	19.0
331	rna-XM_705430.2	XM_705430.2	0	1644	24.0	19.0
332	rna-XM_711724.1	XM_711724.1	1849	4265	20.0	19.0
333	rna-XM_711723.2	XM_711723.2	1268	862	73.0	19.0
334	rna-XM_711709.1	XM_711709.1	3239	868	24.0	19.0
335	rna-XM_019475412.1	XM_019475412.1	29	439	23.0	19.0
336	rna-XM_019475412.1	XM_019475412.1	113	355	21.0	19.0
337	rna-XM_706264.2	XM_706264.2	2636	517	43.0	19.0
338	rna-XM_706264.2	XM_706264.2	2642	511	22.0	19.0
339	rna-XM_706264.2	XM_706264.2	2802	351	21.0	19.0
340	rna-XM_706264.2	XM_706264.2	2852	301	269.0	19.0
341	rna-XM_706264.2	XM_706264.2	2853	300	22.0	19.0
342	rna-XM_706264.2	XM_706264.2	2900	253	50.0	19.0
343	rna-XM_019475419.1	XM_019475419.1	3098	2032	41.0	19.0
344	rna-XM_715498.2	XM_715498.2	109	899	20.0	19.0
345	rna-XM_715548.1	XM_715548.1	261	417	39.0	19.0
346	rna-XM_715548.1	XM_715548.1	377	301	20.0	19.0
347	rna-XM_715548.1	XM_715548.1	575	103	32.0	19.0
348	rna-XM_715548.1	XM_715548.1	625	53	22.0	19.0
349	rna-XM_019475428.1	XM_019475428.1	140	115	20.0	19.0
350	rna-XM_716869.2	XM_716869.2	31	728	35.0	19.0
351	rna-XM_716869.2	XM_716869.2	53	706	48.0	19.0
352	rna-XM_705398.2	XM_705398.2	181	1802	26.0	19.0
353	rna-XM_707223.1	XM_707223.1	1034	517	22.0	19.0
354	rna-XM_707223.1	XM_707223.1	1108	443	22.0	19.0
355	rna-XM_707223.1	XM_707223.1	1140	411	24.0	19.0
356	rna-XM_707223.1	XM_707223.1	1142	409	25.0	19.0
357	rna-XM_707223.1	XM_707223.1	1159	392	29.0	19.0
358	rna-XM_707223.1	XM_707223.1	1162	389	30.0	19.0
359	rna-XM_707223.1	XM_707223.1	1168	383	21.0	19.0
360	rna-XM_707223.1	XM_707223.1	1194	357	24.0	19.0
361	rna-XM_707223.1	XM_707223.1	1214	337	25.0	19.0
362	rna-XM_707223.1	XM_707223.1	1217	334	20.0	19.0
363	rna-XM_707223.1	XM_707223.1	1254	297	23.0	19.0
364	rna-XM_707223.1	XM_707223.1	1263	288	40.0	19.0
365	rna-XM_019475444.1	XM_019475444.1	323	88	35.0	19.0
366	rna-XM_711642.1	XM_711642.1	336	1146	20.0	19.0
367	rna-XM_019475454.1	XM_019475454.1	330	147	22.0	19.0
368	rna-XM_711618.2	XM_711618.2	280	377	34.0	19.0
369	rna-XM_707412.1	XM_707412.1	51	603	31.0	19.0
370	rna-XM_714063.2	XM_714063.2	674	886	43.0	19.0
371	rna-XM_714094.2	XM_714094.2	829	278	41.0	19.0
372	rna-XM_714096.1	XM_714096.1	84	300	39.0	19.0
373	rna-XM_714096.1	XM_714096.1	264	120	33.0	19.0
374	rna-XM_714096.1	XM_714096.1	290	94	56.0	19.0
375	rna-XM_714096.1	XM_714096.1	293	91	27.0	19.0
376	rna-XM_019475468.1	XM_019475468.1	1087	515	30.0	19.0
377	rna-XM_705132.2	XM_705132.2	1150	1388	30.0	19.0
378	rna-XM_705132.2	XM_705132.2	1323	1215	25.0	19.0
379	rna-XM_707011.2	XM_707011.2	1293	774	73.0	19.0
380	rna-XM_707011.2	XM_707011.2	1397	670	70.0	19.0
381	rna-XM_707320.2	XM_707320.2	62	3205	39.0	19.0
382	rna-XM_715316.1	XM_715316.1	597	1701	28.0	19.0
383	rna-XM_715286.1	XM_715286.1	623	526	39.0	19.0
384	rna-XM_715266.1	XM_715266.1	1142	2134	40.0	19.0
385	rna-XM_716286.1	XM_716286.1	245	652	36.0	19.0
386	rna-XM_716286.1	XM_716286.1	625	272	25.0	19.0
387	rna-XM_716260.1	XM_716260.1	434	1690	68.0	19.0
388	rna-XM_716260.1	XM_716260.1	457	1667	20.0	19.0
389	rna-XM_716260.1	XM_716260.1	482	1642	22.0	19.0
390	rna-XM_716260.1	XM_716260.1	581	1543	23.0	19.0
391	rna-XM_716260.1	XM_716260.1	584	1540	45.0	19.0
392	rna-XM_716260.1	XM_716260.1	605	1519	54.0	19.0
393	rna-XM_716260.1	XM_716260.1	656	1468	38.0	19.0
394	rna-XM_019475491.1	XM_019475491.1	316	77	113.0	19.0
395	rna-XM_019475491.1	XM_019475491.1	370	23	58.0	19.0
396	rna-XM_019475491.1	XM_019475491.1	373	20	42.0	19.0
397	rna-XM_705023.2	XM_705023.2	2555	2146	184.0	19.0
398	rna-XM_711899.2	XM_711899.2	2044	872	29.0	19.0
399	rna-XM_711860.2	XM_711860.2	1385	295	34.0	19.0
400	rna-XM_707061.1	XM_707061.1	1383	276	73.0	19.0
401	rna-XM_710152.1	XM_710152.1	179	2059	25.0	19.0
402	rna-XM_710152.1	XM_710152.1	2019	219	46.0	19.0
403	rna-XM_710148.1	XM_710148.1	1250	781	101.0	19.0
404	rna-XM_710134.1	XM_710134.1	138	714	21.0	19.0
405	rna-XM_710134.1	XM_710134.1	416	436	42.0	19.0
406	rna-XM_710134.1	XM_710134.1	542	310	22.0	19.0
407	rna-XM_710106.1	XM_710106.1	109	824	32.0	19.0
408	rna-XM_710094.1	XM_710094.1	53	4153	37.0	19.0
409	rna-XM_710094.1	XM_710094.1	58	4148	28.0	19.0
410	rna-XM_710085.1	XM_710085.1	9	519	37.0	19.0
411	rna-XM_710085.1	XM_710085.1	17	511	23.0	19.0
412	rna-XM_713605.1	XM_713605.1	9	744	21.0	19.0
413	rna-XM_713565.1	XM_713565.1	207	1101	23.0	19.0
414	rna-XM_713565.1	XM_713565.1	357	951	23.0	19.0
415	rna-XM_713113.2	XM_713113.2	1148	604	129.0	19.0
416	rna-XM_713113.2	XM_713113.2	1342	410	21.0	19.0
417	rna-XM_713178.1	XM_713178.1	2308	194	48.0	19.0
418	rna-XM_708320.2	XM_708320.2	482	328	70.0	19.0
419	rna-XM_019475520.1	XM_019475520.1	1064	625	34.0	19.0
420	rna-XM_710688.2	XM_710688.2	2771	2986	21.0	19.0
421	rna-XM_710697.1	XM_710697.1	467	820	34.0	19.0
422	rna-XM_019475522.1	XM_019475522.1	44	406	25.0	19.0
423	rna-XM_019475522.1	XM_019475522.1	149	301	20.0	19.0
424	rna-XM_019475522.1	XM_019475522.1	175	275	36.0	19.0
425	rna-XM_019475522.1	XM_019475522.1	215	235	73.0	19.0
426	rna-XM_019475522.1	XM_019475522.1	307	143	27.0	19.0
427	rna-XM_019475522.1	XM_019475522.1	384	66	171.0	19.0
428	rna-XM_712263.2	XM_712263.2	16	599	21.0	19.0
429	rna-XM_712263.2	XM_712263.2	81	534	23.0	19.0
430	rna-XM_712263.2	XM_712263.2	86	529	20.0	19.0
431	rna-XM_712263.2	XM_712263.2	89	526	22.0	19.0
432	rna-XM_712263.2	XM_712263.2	90	525	28.0	19.0
433	rna-XM_712263.2	XM_712263.2	100	515	23.0	19.0
434	rna-XM_712263.2	XM_712263.2	104	511	39.0	19.0
435	rna-XM_712267.2	XM_712267.2	655	683	55.0	19.0
436	rna-XM_712292.1	XM_712292.1	1040	2197	52.0	19.0
437	rna-XM_712292.1	XM_712292.1	2187	1050	34.0	19.0
438	rna-XM_712298.1	XM_712298.1	32	2827	27.0	19.0
439	rna-XM_705713.1	XM_705713.1	1672	473	28.0	19.0
440	rna-XM_705713.1	XM_705713.1	1677	468	23.0	19.0
441	rna-XM_706599.2	XM_706599.2	73	755	33.0	19.0
442	rna-XM_707557.2	XM_707557.2	6340	311	29.0	19.0
443	rna-XM_707557.2	XM_707557.2	6350	301	83.0	19.0
444	rna-XM_707557.2	XM_707557.2	6389	262	32.0	19.0
445	rna-XM_707557.2	XM_707557.2	6475	176	20.0	19.0
446	rna-XM_707557.2	XM_707557.2	6476	175	20.0	19.0
447	rna-XM_707557.2	XM_707557.2	6477	174	20.0	19.0
448	rna-XM_707557.2	XM_707557.2	6487	164	22.0	19.0
449	rna-XM_707557.2	XM_707557.2	6535	116	38.0	19.0
450	rna-XM_707557.2	XM_707557.2	6539	112	77.0	19.0
451	rna-XM_707997.2	XM_707997.2	740	658	52.0	19.0
452	rna-XM_707260.2	XM_707260.2	179	325	28.0	19.0
453	rna-XM_707250.2	XM_707250.2	336	594	20.0	19.0
454	rna-XM_707250.2	XM_707250.2	503	427	146.0	19.0
455	rna-XM_707240.2	XM_707240.2	1247	79	23.0	19.0
456	rna-XM_019475555.1	XM_019475555.1	44	205	23.0	19.0
457	rna-XM_019475555.1	XM_019475555.1	107	142	20.0	19.0
458	rna-XM_705951.2	XM_705951.2	158	1663	24.0	19.0
459	rna-XM_711115.2	XM_711115.2	0	1842	30.0	19.0
460	rna-XM_711115.2	XM_711115.2	86	1756	32.0	19.0
461	rna-XM_711115.2	XM_711115.2	110	1732	42.0	19.0
462	rna-XM_711115.2	XM_711115.2	381	1461	21.0	19.0
463	rna-XM_711115.2	XM_711115.2	388	1454	57.0	19.0
464	rna-XM_711115.2	XM_711115.2	751	1091	29.0	19.0
465	rna-XM_711115.2	XM_711115.2	1635	207	20.0	19.0
466	rna-XM_711122.1	XM_711122.1	38	322	50.0	19.0
467	rna-XM_711122.1	XM_711122.1	151	209	20.0	19.0
468	rna-XM_711122.1	XM_711122.1	162	198	67.0	19.0
469	rna-XM_711122.1	XM_711122.1	202	158	20.0	19.0
470	rna-XM_711122.1	XM_711122.1	209	151	25.0	19.0
471	rna-XM_711122.1	XM_711122.1	234	126	34.0	19.0
472	rna-XM_711122.1	XM_711122.1	250	110	22.0	19.0
473	rna-XM_711122.1	XM_711122.1	323	37	29.0	19.0
474	rna-XM_019475562.1	XM_019475562.1	357	129	20.0	19.0
475	rna-XM_711162.1	XM_711162.1	900	1629	20.0	19.0
476	rna-XM_019475575.1	XM_019475575.1	77	118	30.0	19.0
477	rna-XM_706199.2	XM_706199.2	457	890	24.0	19.0
478	rna-XM_714221.1	XM_714221.1	1013	1606	25.0	19.0
479	rna-XM_714238.1	XM_714238.1	893	658	60.0	19.0
480	rna-XM_714238.1	XM_714238.1	981	570	55.0	19.0
481	rna-XM_714238.1	XM_714238.1	993	558	20.0	19.0
482	rna-XM_714238.1	XM_714238.1	997	554	38.0	19.0
483	rna-XM_714238.1	XM_714238.1	999	552	21.0	19.0
484	rna-XM_714238.1	XM_714238.1	1038	513	22.0	19.0
485	rna-XM_714238.1	XM_714238.1	1090	461	22.0	19.0
486	rna-XM_714238.1	XM_714238.1	1092	459	32.0	19.0
487	rna-XM_714238.1	XM_714238.1	1093	458	23.0	19.0
488	rna-XM_714238.1	XM_714238.1	1097	454	25.0	19.0
489	rna-XM_714238.1	XM_714238.1	1111	440	20.0	19.0
490	rna-XM_714238.1	XM_714238.1	1161	390	24.0	19.0
491	rna-XM_714238.1	XM_714238.1	1165	386	23.0	19.0
492	rna-XM_714238.1	XM_714238.1	1166	385	35.0	19.0
493	rna-XM_714238.1	XM_714238.1	1167	384	25.0	19.0
494	rna-XM_714238.1	XM_714238.1	1171	380	20.0	19.0
495	rna-XM_714238.1	XM_714238.1	1187	364	35.0	19.0
496	rna-XM_714238.1	XM_714238.1	1188	363	21.0	19.0
497	rna-XM_714238.1	XM_714238.1	1189	362	24.0	19.0
498	rna-XM_714238.1	XM_714238.1	1203	348	26.0	19.0
499	rna-XM_714238.1	XM_714238.1	1215	336	21.0	19.0
500	rna-XM_714238.1	XM_714238.1	1216	335	30.0	19.0
501	rna-XM_714238.1	XM_714238.1	1218	333	54.0	19.0
502	rna-XM_714238.1	XM_714238.1	1220	331	21.0	19.0
503	rna-XM_714238.1	XM_714238.1	1235	316	20.0	19.0
504	rna-XM_714238.1	XM_714238.1	1236	315	28.0	19.0
505	rna-XM_714238.1	XM_714238.1	1237	314	31.0	19.0
506	rna-XM_714238.1	XM_714238.1	1267	284	71.0	19.0
507	rna-XM_714238.1	XM_714238.1	1286	265	21.0	19.0
508	rna-XM_714238.1	XM_714238.1	1300	251	22.0	19.0
509	rna-XM_714238.1	XM_714238.1	1331	220	24.0	19.0
510	rna-XM_714238.1	XM_714238.1	1337	214	30.0	19.0
511	rna-XM_714241.1	XM_714241.1	1480	2444	25.0	19.0
512	rna-XM_714241.1	XM_714241.1	2890	1034	20.0	19.0
513	rna-XM_714292.1	XM_714292.1	17	1579	20.0	19.0
514	rna-XM_714345.2	XM_714345.2	9	813	41.0	19.0
515	rna-XM_714345.2	XM_714345.2	31	791	102.0	19.0
516	rna-XM_714345.2	XM_714345.2	53	769	145.0	19.0
517	rna-XM_714345.2	XM_714345.2	119	703	25.0	19.0
518	rna-XM_713957.1	XM_713957.1	-14	1217	62.0	19.0
519	rna-XM_713957.1	XM_713957.1	-12	1215	23.0	19.0
520	rna-XM_713954.1	XM_713954.1	-8	611	31.0	19.0
521	rna-XM_019475064.1	XM_019475064.1	-26	290	20.0	19.0
522	rna-XM_713064.2	XM_713064.2	-89	839	110.0	19.0
523	rna-XM_713064.2	XM_713064.2	-82	832	49.0	19.0
524	rna-XM_713064.2	XM_713064.2	-81	831	96.0	19.0
525	rna-XM_713064.2	XM_713064.2	-80	830	452.0	19.0
526	rna-XM_713064.2	XM_713064.2	-78	828	30.0	19.0
527	rna-XM_713064.2	XM_713064.2	-67	817	33.0	19.0
528	rna-XM_713064.2	XM_713064.2	-60	810	25.0	19.0
529	rna-XM_713064.2	XM_713064.2	-32	782	36.0	19.0
530	rna-XM_713064.2	XM_713064.2	-24	774	25.0	19.0
531	rna-XM_713064.2	XM_713064.2	-23	773	31.0	19.0
532	rna-XM_713064.2	XM_713064.2	-22	772	85.0	19.0
533	rna-XM_713064.2	XM_713064.2	-21	771	32.0	19.0
534	rna-XM_713064.2	XM_713064.2	-20	770	24.0	19.0
535	rna-XM_713064.2	XM_713064.2	-9	759	38.0	19.0
536	rna-XM_716399.1	XM_716399.1	-24	633	22.0	19.0
537	rna-XM_019475076.1	XM_019475076.1	-16	445	44.0	19.0
538	rna-XM_708542.1	XM_708542.1	-27	1308	29.0	19.0
539	rna-XM_707148.2	XM_707148.2	-38	1076	31.0	19.0
540	rna-XM_707148.2	XM_707148.2	-28	1066	27.0	19.0
541	rna-XM_019475113.1	XM_019475113.1	-25	424	37.0	19.0
542	rna-XM_019475113.1	XM_019475113.1	-23	422	20.0	19.0
543	rna-XM_019475113.1	XM_019475113.1	-21	420	29.0	19.0
544	rna-XM_019475113.1	XM_019475113.1	-19	418	40.0	19.0
545	rna-XM_019475113.1	XM_019475113.1	-15	414	20.0	19.0
546	rna-XM_019475113.1	XM_019475113.1	-13	412	88.0	19.0
547	rna-XM_019475113.1	XM_019475113.1	-10	409	39.0	19.0
548	rna-XM_713748.2	XM_713748.2	-35	473	52.0	19.0
549	rna-XM_713748.2	XM_713748.2	-20	458	23.0	19.0
550	rna-XM_713748.2	XM_713748.2	-18	456	36.0	19.0
551	rna-XM_713748.2	XM_713748.2	-13	451	223.0	19.0
552	rna-XM_713748.2	XM_713748.2	-10	448	108.0	19.0
553	rna-XM_713748.2	XM_713748.2	-7	445	43.0	19.0
554	rna-XM_712526.2	XM_712526.2	-41	3095	24.0	19.0
555	rna-XM_019475144.1	XM_019475144.1	-28	349	129.0	19.0
556	rna-XM_019475147.1	XM_019475147.1	-20	434	35.0	19.0
557	rna-XM_019475147.1	XM_019475147.1	428	-14	321.0	19.0
558	rna-XM_711255.1	XM_711255.1	-52	475	27.0	19.0
559	rna-XM_019475165.1	XM_019475165.1	-20	431	37.0	19.0
560	rna-XM_019475174.1	XM_019475174.1	-24	420	47.0	19.0
561	rna-XM_709943.1	XM_709943.1	-43	883	39.0	19.0
562	rna-XM_709943.1	XM_709943.1	-39	879	25.0	19.0
563	rna-XM_709943.1	XM_709943.1	-36	876	34.0	19.0
564	rna-XM_709943.1	XM_709943.1	-30	870	26.0	19.0
565	rna-XM_709943.1	XM_709943.1	-27	867	28.0	19.0
566	rna-XM_709943.1	XM_709943.1	-17	857	23.0	19.0
567	rna-XM_709945.1	XM_709945.1	-21	882	26.0	19.0
568	rna-XM_709945.1	XM_709945.1	-18	879	31.0	19.0
569	rna-XM_705387.2	XM_705387.2	1416	-72	20.0	19.0
570	rna-XM_705387.2	XM_705387.2	1427	-83	29.0	19.0
571	rna-XM_717410.1	XM_717410.1	-33	2904	23.0	19.0
572	rna-XM_717410.1	XM_717410.1	-16	2887	39.0	19.0
573	rna-XM_717427.1	XM_717427.1	-8	368	24.0	19.0
574	rna-XM_717427.1	XM_717427.1	-7	367	65.0	19.0
575	rna-XM_717427.1	XM_717427.1	-6	366	59.0	19.0
576	rna-XM_717427.1	XM_717427.1	-5	365	31.0	19.0
577	rna-XM_717427.1	XM_717427.1	360	0	22.0	19.0
578	rna-XM_019475216.1	XM_019475216.1	-24	507	39.0	19.0
579	rna-XM_019475216.1	XM_019475216.1	-19	502	200.0	19.0
580	rna-XM_019475217.1	XM_019475217.1	-23	593	106.0	19.0
581	rna-XM_019475220.1	XM_019475220.1	-31	331	28.0	19.0
582	rna-XM_707825.2	XM_707825.2	-37	1321	27.0	19.0
583	rna-XM_709806.2	XM_709806.2	-46	2395	32.0	19.0
584	rna-XM_019475231.1	XM_019475231.1	-31	370	127.0	19.0
585	rna-XM_709849.2	XM_709849.2	-97	1255	22.0	19.0
586	rna-XM_019475236.1	XM_019475236.1	-45	369	26.0	19.0
587	rna-XM_019475236.1	XM_019475236.1	-39	363	23.0	19.0
588	rna-XM_019475256.1	XM_019475256.1	-25	382	20.0	19.0
589	rna-XM_019475256.1	XM_019475256.1	-22	379	95.0	19.0
590	rna-XM_705056.2	XM_705056.2	-23	1400	27.0	19.0
591	rna-XM_705590.2	XM_705590.2	-27	1197	36.0	19.0
592	rna-XM_712051.1	XM_712051.1	-23	812	33.0	19.0
593	rna-XM_712744.1	XM_712744.1	-16	424	41.0	19.0
594	rna-XM_712744.1	XM_712744.1	-14	422	24.0	19.0
595	rna-XM_712744.1	XM_712744.1	-9	417	30.0	19.0
596	rna-XM_712709.1	XM_712709.1	-33	693	23.0	19.0
597	rna-XM_712709.1	XM_712709.1	-29	689	91.0	19.0
598	rna-XM_712708.1	XM_712708.1	2117	-89	23.0	19.0
599	rna-XM_712708.1	XM_712708.1	2121	-93	91.0	19.0
600	rna-XM_712666.2	XM_712666.2	-7	2695	36.0	19.0
601	rna-XM_716679.2	XM_716679.2	-46	607	36.0	19.0
602	rna-XM_716679.2	XM_716679.2	-42	603	88.0	19.0
603	rna-XM_716679.2	XM_716679.2	-38	599	83.0	19.0
604	rna-XM_716679.2	XM_716679.2	-28	589	27.0	19.0
605	rna-XM_716645.2	XM_716645.2	-52	1675	24.0	19.0
606	rna-XM_716619.1	XM_716619.1	-26	524	43.0	19.0
607	rna-XM_714842.1	XM_714842.1	-31	607	40.0	19.0
608	rna-XM_019475322.1	XM_019475322.1	-19	448	24.0	19.0
609	rna-XM_019475322.1	XM_019475322.1	-17	446	30.0	19.0
610	rna-XM_019475322.1	XM_019475322.1	-10	439	171.0	19.0
611	rna-XM_718047.1	XM_718047.1	-68	404	66.0	19.0
612	rna-XM_019475325.1	XM_019475325.1	-49	412	24.0	19.0
613	rna-XM_019475325.1	XM_019475325.1	-35	398	20.0	19.0
614	rna-XM_019475325.1	XM_019475325.1	-32	395	38.0	19.0
615	rna-XM_019475325.1	XM_019475325.1	-24	387	26.0	19.0
616	rna-XM_019475325.1	XM_019475325.1	-23	386	164.0	19.0
617	rna-XM_019475325.1	XM_019475325.1	-22	385	20.0	19.0
618	rna-XM_019475325.1	XM_019475325.1	-21	384	47.0	19.0
619	rna-XM_019475325.1	XM_019475325.1	-20	383	74.0	19.0
620	rna-XM_019475325.1	XM_019475325.1	-19	382	34.0	19.0
621	rna-XM_019475325.1	XM_019475325.1	-18	381	27.0	19.0
622	rna-XM_019475325.1	XM_019475325.1	-17	380	34.0	19.0
623	rna-XM_019475325.1	XM_019475325.1	-10	373	27.0	19.0
624	rna-XM_019475325.1	XM_019475325.1	-9	372	65.0	19.0
625	rna-XM_019475325.1	XM_019475325.1	-4	367	22.0	19.0
626	rna-XM_019475325.1	XM_019475325.1	-1	364	23.0	19.0
627	rna-XM_019475326.1	XM_019475326.1	-22	583	23.0	19.0
628	rna-XM_019475328.1	XM_019475328.1	-29	467	22.0	19.0
629	rna-XM_019475328.1	XM_019475328.1	-26	464	531.0	19.0
630	rna-XM_019475328.1	XM_019475328.1	-23	461	26.0	19.0
631	rna-XM_019475328.1	XM_019475328.1	-22	460	48.0	19.0
632	rna-XM_019475328.1	XM_019475328.1	-21	459	21.0	19.0
633	rna-XM_019475328.1	XM_019475328.1	-20	458	31.0	19.0
634	rna-XM_019475328.1	XM_019475328.1	-19	457	20.0	19.0
635	rna-XM_019475328.1	XM_019475328.1	-16	454	79.0	19.0
636	rna-XM_019475328.1	XM_019475328.1	-10	448	24.0	19.0
637	rna-XM_019475328.1	XM_019475328.1	-6	444	23.0	19.0
638	rna-XM_019475328.1	XM_019475328.1	-3	441	30.0	19.0
639	rna-XM_711507.1	XM_711507.1	2237	-41	29.0	19.0
640	rna-XM_710995.1	XM_710995.1	-43	829	21.0	19.0
641	rna-XM_710995.1	XM_710995.1	-34	820	36.0	19.0
642	rna-XM_019475338.1	XM_019475338.1	-64	271	21.0	19.0
643	rna-XM_714717.1	XM_714717.1	-18	1356	41.0	19.0
644	rna-XM_019475360.1	XM_019475360.1	-26	737	34.0	19.0
645	rna-XM_019475360.1	XM_019475360.1	-22	733	43.0	19.0
646	rna-XM_717611.1	XM_717611.1	601	-82	29.0	19.0
647	rna-XM_715424.2	XM_715424.2	-51	393	63.0	19.0
648	rna-XM_715424.2	XM_715424.2	-45	387	26.0	19.0
649	rna-XM_715367.2	XM_715367.2	-42	1326	58.0	19.0
650	rna-XM_019475375.1	XM_019475375.1	-50	302	68.0	19.0
651	rna-XM_019475375.1	XM_019475375.1	-39	291	49.0	19.0
652	rna-XM_019475381.1	XM_019475381.1	-27	402	35.0	19.0
653	rna-XM_711467.2	XM_711467.2	-27	2091	25.0	19.0
654	rna-XM_710354.1	XM_710354.1	-82	1033	32.0	19.0
655	rna-XM_710293.2	XM_710293.2	-4	403	41.0	19.0
656	rna-XM_711707.1	XM_711707.1	-58	592	24.0	19.0
657	rna-XM_019475412.1	XM_019475412.1	-25	493	40.0	19.0
658	rna-XM_019475412.1	XM_019475412.1	-24	492	39.0	19.0
659	rna-XM_019475412.1	XM_019475412.1	-20	488	119.0	19.0
660	rna-XM_019475412.1	XM_019475412.1	-18	486	86.0	19.0
661	rna-XM_019475412.1	XM_019475412.1	-6	474	24.0	19.0
662	rna-XM_706332.1	XM_706332.1	-97	1564	31.0	19.0
663	rna-XM_019475428.1	XM_019475428.1	-58	313	92.0	19.0
664	rna-XM_019475428.1	XM_019475428.1	-7	262	21.0	19.0
665	rna-XM_019475443.1	XM_019475443.1	-31	487	37.0	19.0
666	rna-XM_711644.1	XM_711644.1	-54	1089	40.0	19.0
667	rna-XM_019475459.1	XM_019475459.1	-47	506	22.0	19.0
668	rna-XM_707412.1	XM_707412.1	-57	711	77.0	19.0
669	rna-XM_714036.2	XM_714036.2	-40	880	21.0	19.0
670	rna-XM_714084.2	XM_714084.2	-38	1478	20.0	19.0
671	rna-XM_714096.1	XM_714096.1	-9	393	20.0	19.0
672	rna-XM_705472.2	XM_705472.2	-43	1384	69.0	19.0
673	rna-XM_705129.2	XM_705129.2	-93	3078	24.0	19.0
674	rna-XM_715321.2	XM_715321.2	-24	819	36.0	19.0
675	rna-XM_715313.1	XM_715313.1	-7	961	42.0	19.0
676	rna-XM_715312.1	XM_715312.1	1947	-99	42.0	19.0
677	rna-XM_019475476.1	XM_019475476.1	-29	233	61.0	19.0
678	rna-XM_019475476.1	XM_019475476.1	-25	229	20.0	19.0
679	rna-XM_019475476.1	XM_019475476.1	-22	226	29.0	19.0
680	rna-XM_019475476.1	XM_019475476.1	-21	225	22.0	19.0
681	rna-XM_019475479.1	XM_019475479.1	-17	455	35.0	19.0
682	rna-XM_716286.1	XM_716286.1	-31	928	23.0	19.0
683	rna-XM_710117.1	XM_710117.1	-44	890	38.0	19.0
684	rna-XM_710095.1	XM_710095.1	471	-72	37.0	19.0
685	rna-XM_710095.1	XM_710095.1	476	-77	28.0	19.0
686	rna-XM_712865.1	XM_712865.1	-27	531	40.0	19.0
687	rna-XM_019475512.1	XM_019475512.1	-30	318	54.0	19.0
688	rna-XM_019475515.1	XM_019475515.1	-50	731	22.0	19.0
689	rna-XM_710681.1	XM_710681.1	615	-18	25.0	19.0
690	rna-XM_019475522.1	XM_019475522.1	-27	477	39.0	19.0
691	rna-XM_019475522.1	XM_019475522.1	-24	474	33.0	19.0
692	rna-XM_019475522.1	XM_019475522.1	-22	472	34.0	19.0
693	rna-XM_019475530.1	XM_019475530.1	-25	217	31.0	19.0
694	rna-XM_712263.2	XM_712263.2	-55	670	39.0	19.0
695	rna-XM_712263.2	XM_712263.2	-26	641	78.0	19.0
696	rna-XM_712263.2	XM_712263.2	-22	637	40.0	19.0
697	rna-XM_712263.2	XM_712263.2	-7	622	28.0	19.0
698	rna-XM_019475540.1	XM_019475540.1	-49	316	27.0	19.0
699	rna-XM_707983.2	XM_707983.2	577	-76	41.0	19.0
700	rna-XM_707260.2	XM_707260.2	-56	560	21.0	19.0
701	rna-XM_707260.2	XM_707260.2	-33	537	29.0	19.0
702	rna-XM_019475555.1	XM_019475555.1	-45	294	24.0	19.0
703	rna-XM_019475555.1	XM_019475555.1	-38	287	26.0	19.0
704	rna-XM_019475555.1	XM_019475555.1	-26	275	88.0	19.0
705	rna-XM_019475555.1	XM_019475555.1	-22	271	26.0	19.0
706	rna-XM_019475555.1	XM_019475555.1	-17	266	173.0	19.0
707	rna-XM_705951.2	XM_705951.2	-58	1879	27.0	19.0
708	rna-XM_705951.2	XM_705951.2	-37	1858	35.0	19.0
709	rna-XM_711115.2	XM_711115.2	-45	1887	20.0	19.0
710	rna-XM_711115.2	XM_711115.2	-39	1881	22.0	19.0
711	rna-XM_711115.2	XM_711115.2	-33	1875	33.0	19.0
712	rna-XM_711115.2	XM_711115.2	-29	1871	85.0	19.0
713	rna-XM_711115.2	XM_711115.2	-4	1846	26.0	19.0
714	rna-XM_711122.1	XM_711122.1	-28	388	148.0	19.0
715	rna-XM_711122.1	XM_711122.1	369	-9	46.0	19.0
716	rna-XM_019475562.1	XM_019475562.1	-65	551	23.0	19.0
717	rna-XM_019475575.1	XM_019475575.1	-58	253	65.0	19.0
718	rna-XM_714221.1	XM_714221.1	-40	2659	22.0	19.0
719	rna-XM_714221.1	XM_714221.1	-35	2654	31.0	19.0
