	-30	-29	-28	-27	-26	-25	-24	-23	-22	-21	-20	-19	-18	-17	-16	-15	-14	-13	-12	-11	-10	-9	-8	-7	-6	-5	-4	-3	-2	-1	0	1	2
ALA_GCT	7432	7124	7359	7572	7223	7439	7494	7303	7141	7385	7105	7269	7614	7274	7542	7503	7275	7449	7708	7552	7711	8017	7536	7451	7846	7227	7283	7618	7741	6158	6822	4987	5460
ALA_GCC	2725	2735	2701	2747	2624	2788	2811	2831	2831	2835	2778	2705	2654	2634	2706	2787	2858	2686	2759	2739	2763	3067	2936	2824	2910	2799	2861	3162	3371	2299	2152	1639	1962
ALA_GCA	3161	3050	3012	3090	3023	2905	3110	3081	2914	3244	3181	3036	3462	3206	3061	3176	3216	3116	3288	3113	3091	3515	3107	3104	3426	2999	3153	3318	3283	2403	2710	2124	2794
ALA_GCG	433	461	409	419	423	402	390	423	399	401	384	392	553	455	398	437	389	433	390	458	397	423	391	408	459	413	400	411	447	350	367	291	286
ARG_CGT	1611	1506	1542	1535	1535	1382	1487	1457	1485	1672	1565	1525	1688	1663	1484	1620	1655	1495	1587	1624	1569	1505	1555	1634	1639	1550	1535	1560	1386	1330	1379	1114	697
ARG_CGG	195	183	176	173	186	166	214	197	177	194	228	177	313	285	159	195	210	163	199	183	173	181	180	222	237	192	161	205	180	192	194	95	79
ARG_CGC	146	158	122	124	157	120	133	122	120	153	128	143	211	162	147	132	147	128	139	152	129	139	129	128	133	164	160	156	135	151	135	84	72
ARG_CGA	809	701	681	727	774	630	760	751	663	770	721	693	1035	942	711	877	842	713	781	807	744	773	754	699	753	832	708	819	731	673	708	623	440
ARG_AGA	7355	7060	7089	7358	7153	7123	7476	7138	7247	7546	7295	7181	7523	7090	7133	7560	7103	7097	7630	7292	7070	7424	7455	7485	7590	7347	6971	6927	7292	7349	7607	9260	6795
ARG_AGG	582	574	484	573	538	496	564	513	480	588	500	561	670	582	513	592	567	528	590	558	518	561	620	535	613	533	545	480	607	565	547	401	352
ASN_AAT	8114	7992	7831	8075	7921	7857	8149	7847	7602	8022	7833	7506	7879	7479	7541	8362	7984	7411	7780	7692	7546	7665	7745	7703	8061	7980	7743	8133	7308	8249	10022	11710	8948
ASN_AAC	4027	3917	4010	4280	3894	3968	3993	3934	4029	4083	3926	4019	4079	3888	3926	4156	4023	3888	3975	3822	4015	3959	3975	4052	4057	4109	4016	4378	3867	4399	4966	5431	4425
ASP_GAT	11528	11131	11284	11150	10888	11150	11369	10966	11325	11372	10934	11194	11441	11143	11542	11284	10856	11373	11006	11174	11719	11807	11200	11696	11584	10707	11117	10942	10355	10014	11241	9230	14210
ASP_GAC	3527	3612	3787	3711	3531	3554	3627	3442	3641	3479	3400	3787	3662	3628	3650	3450	3513	3861	3568	3537	3665	3791	3713	3694	3591	3504	3435	3465	3553	3454	3582	2988	4944
CYS_TGT	1629	1513	1539	1515	1557	1462	1653	1536	1509	1658	1612	1531	1650	1595	1526	1536	1547	1488	1669	1715	1661	1588	1664	1518	1680	1764	1648	1646	1701	1736	1393	1284	803
CYS_TGC	190	201	195	210	217	183	221	176	164	224	188	190	229	225	202	205	219	193	187	208	215	248	230	187	266	242	193	205	240	273	164	164	110
GLN_CAA	8669	8548	8591	8741	8663	8405	8756	8754	8714	8951	9044	8380	8542	8429	8704	8943	8770	8543	8883	8606	8713	8412	8902	8626	9074	9148	8855	9611	8819	7864	8333	10708	9362
GLN_CAG	1374	1356	1247	1397	1332	1254	1351	1405	1267	1416	1323	1341	1372	1425	1255	1368	1236	1334	1411	1279	1278	1315	1402	1355	1462	1580	1373	1446	1317	1244	1399	1347	1225
GLU_GAA	16745	15995	16732	16842	16560	16909	16947	16539	16966	16649	16184	17266	16820	16184	17127	16460	16038	17277	17182	16409	17468	17184	16219	17387	16857	16054	16946	15822	16040	15816	16582	14532	28339
GLU_GAG	3404	3374	3337	3460	3419	3299	3503	3329	3329	3434	3356	3555	3574	3403	3379	3433	3467	3391	3445	3390	3536	3292	3508	3346	3418	3228	3216	3033	3141	3010	3100	2504	4571
GLY_GGT	7630	7175	7141	7575	7405	7196	7455	7186	7241	7634	7398	7288	7462	7248	7295	7697	7754	7420	7422	7355	7277	7677	7605	7435	7213	7459	7053	7267	7792	6352	5143	4981	4647
GLY_GGC	810	759	743	791	759	771	791	755	742	828	768	828	918	879	821	766	844	761	801	828	762	836	858	729	808	859	750	838	987	753	451	602	603
GLY_GGA	2672	2836	2647	2768	2662	2619	2671	2751	2673	2705	2644	2536	2875	2805	2646	2868	2801	2664	2900	2743	2712	2783	2848	2740	2822	2627	2609	2504	2793	2232	1721	2106	2432
GLY_GGG	1300	1229	1139	1326	1217	1157	1322	1321	1097	1215	1208	1231	1376	1348	1130	1304	1261	1176	1291	1220	1187	1263	1314	1192	1345	1257	1192	1338	1560	1188	702	631	971
HIS_CAT	2740	2653	2497	2679	2543	2621	2569	2641	2506	2653	2554	2507	2548	2583	2525	2792	2741	2481	2692	2611	2463	2550	2678	2543	2588	2657	2458	2803	2301	2370	2568	3213	2142
HIS_CAC	1361	1311	1372	1470	1416	1367	1387	1373	1353	1483	1406	1362	1461	1341	1385	1385	1353	1370	1404	1383	1423	1451	1406	1248	1356	1523	1477	1580	1378	1424	1364	1522	1248
ILE_ATT	7510	7439	7335	7639	7423	7418	7686	7363	7505	7638	7487	7359	7520	7448	7404	7699	7448	7452	7764	7581	7291	7643	7171	7423	7661	7350	7307	7645	7209	8543	9838	8691	6995
ILE_ATC	2750	2585	2560	2733	2623	2712	2726	2565	2638	2718	2624	2725	2564	2536	2550	2845	2686	2652	2678	2645	2478	2732	2571	2652	2727	2633	2744	2691	2668	3146	3287	2568	2574
ILE_ATA	2462	2253	2241	2386	2385	2310	2529	2382	2331	2554	2355	2252	2614	2404	2445	2547	2500	2498	2462	2316	2175	2427	2361	2337	2473	2314	2334	2401	2485	2818	3152	2753	2640
LEU_TTA	7157	6926	7030	7082	7054	7150	7192	6879	6800	7086	7016	6809	7099	6975	6927	7236	6838	6870	7012	6929	6794	7201	6737	6464	7002	7164	6765	7314	7756	8301	7557	7611	6180
LEU_TTG	8351	7954	7956	8342	7718	7879	8195	7898	7994	8175	7664	8026	8094	7947	7974	8094	7612	7810	8121	7775	8175	8112	7891	7817	8096	8287	8054	8356	8085	8653	8407	6876	4844
LEU_CTT	1500	1420	1317	1422	1521	1420	1365	1474	1428	1520	1432	1390	1549	1539	1309	1409	1341	1353	1560	1468	1422	1487	1393	1313	1526	1479	1383	1607	1353	1461	1341	1516	1025
LEU_CTC	373	357	325	342	309	313	336	345	322	395	337	390	380	347	341	339	357	351	372	381	354	349	378	354	362	467	342	416	334	395	381	327	237
LEU_CTA	661	665	593	665	645	616	691	671	579	625	650	627	985	869	609	734	706	622	714	634	666	717	713	545	682	655	665	683	673	753	643	675	641
LYS_AAA	14315	13547	13543	13932	13545	13704	14047	13263	13406	13784	13749	13453	13981	13697	13633	14310	13690	13493	13978	13318	13342	13625	13225	13487	13982	13591	13791	13995	13411	14400	16091	19424	18722
LYS_AAG	6197	6345	6337	6249	6392	6110	6364	6205	6168	6438	6115	6311	6509	6376	6099	6534	6327	6315	6525	6308	6224	6397	6472	6455	6482	6510	6112	6316	5847	6533	7106	7457	6500
PHE_TTT	4710	4493	4374	4636	4401	4395	4692	4499	4463	4776	4579	4546	4397	4312	4489	4770	4464	4358	4410	4526	4320	4550	4515	4144	4315	4573	4227	4855	4758	5222	4788	5222	3164
PHE_TTC	2880	2838	2926	3039	2865	2926	2886	2859	2836	2854	2774	2779	2699	2699	2841	2923	2820	2780	2883	2755	2812	2897	2793	2745	2793	2789	2849	2991	2993	3305	2869	2785	2137
PRO_CCT	2213	2182	2094	2201	2219	2122	2132	2169	2094	2270	2172	2139	2186	2207	1989	2481	2394	2093	2492	2285	2165	2167	2119	2079	2175	2150	2282	2568	1950	2032	1860	2157	1578
PRO_CCC	597	581	568	521	565	498	560	547	518	535	533	533	598	577	534	613	587	528	590	589	522	561	540	540	551	572	572	773	607	554	547	472	369
PRO_CCA	5666	5530	5453	5768	5738	5673	5607	5562	5710	5741	5588	5494	5762	5722	5284	6191	5835	5539	6047	5790	5528	5998	5328	5530	5772	5392	5740	6247	5096	4929	4651	5153	4915
PRO_CCG	482	502	420	486	430	429	492	513	500	476	441	465	508	517	443	504	509	494	550	468	457	501	482	472	517	483	461	547	443	424	496	426	289
SER_TCT	4367	4273	4335	4375	4321	4374	4562	4236	4324	4518	4402	4283	4282	4234	4280	4277	4240	4439	4268	4121	4169	4384	4153	4181	4211	4303	4357	4531	4420	4565	3966	4552	2962
SER_TCC	1713	1726	1778	1791	1705	1790	1861	1781	1827	1826	1745	1790	1801	1694	1809	1781	1732	1762	1782	1833	1842	1903	1761	1817	1851	1732	1849	1869	1892	1934	1727	1534	1198
SER_TCA	4478	4317	4223	4482	4418	4233	4435	4553	4143	4352	4405	4331	4294	4354	4213	4105	4218	4198	4470	4290	3941	4619	4289	4203	4370	4165	4341	4383	4509	4336	4121	4224	3874
SER_TCG	1096	1111	1059	1168	1073	996	1048	1073	1091	1135	1038	1030	1133	1120	1038	1068	1055	1061	1152	1074	1071	1087	1068	1044	1093	1068	1114	1051	1101	1008	1034	1112	677
SER_AGT	3072	2872	2820	3074	2978	2893	3187	3108	2982	3136	3075	3005	3018	2952	2983	2990	2969	2892	3073	3052	3107	3142	3011	3122	3157	3107	3023	2982	2930	2987	3119	3171	1967
SER_AGC	927	881	843	831	813	854	908	918	861	885	886	831	896	828	858	778	838	853	880	836	850	867	819	776	812	874	845	848	851	923	797	951	643
SER_CTG	531	532	502	571	515	501	568	608	494	581	567	517	713	616	549	527	495	511	539	595	582	579	557	551	615	552	549	588	550	535	642	473	331
THR_ACT	5781	5501	5791	5744	5715	5773	5909	5561	5682	5800	5576	5417	5462	5403	5589	5529	5398	5232	5729	5485	5380	5746	5556	5566	5933	5348	5523	5741	5301	5485	7031	5840	5351
THR_ACC	2601	2736	2576	2649	2510	2476	2727	2536	2710	2701	2661	2579	2397	2440	2599	2553	2492	2574	2679	2505	2397	2673	2582	2622	2617	2489	2673	2811	2776	2610	2873	2217	2500
THR_ACA	2796	2717	2549	2740	2625	2650	2779	2693	2648	2802	2701	2739	2890	2752	2567	2843	2744	2595	2862	2612	2625	2809	2571	2745	2944	2599	2797	2906	2741	2901	3508	2961	2993
THR_ACG	633	599	601	599	623	564	630	596	582	651	609	592	722	615	624	651	629	644	639	617	638	642	630	639	705	569	623	663	613	678	887	701	443
TRP_TGG	1794	1819	1648	1803	1728	1528	1704	1709	1720	1848	1695	1877	2018	1872	1730	1732	1685	1721	1799	1796	1751	1824	1776	1674	1868	1823	1706	1718	1822	2037	1766	1031	1101
TYR_TAT	4039	4012	3818	4303	3996	3812	4142	3953	3786	4008	3862	3682	3975	3852	3787	3963	3918	3758	3930	4032	3709	3868	3893	3657	3921	3881	3820	4156	4086	4209	3995	5050	3296
TYR_TAC	2358	2256	2267	2311	2177	2272	2281	2266	2260	2332	2271	2190	2259	2271	2138	2231	2203	2248	2204	2160	2365	2237	2239	2112	2169	2313	2213	2451	2461	2551	2228	2871	1913
VAL_GTT	7024	6893	6997	7262	6832	6930	7015	6992	6822	6923	6913	6645	6792	6750	7033	7010	6758	7188	7043	6841	6724	7122	6786	6849	7153	6591	6862	6847	6413	6380	6404	4611	7214
VAL_GTC	2081	2095	2317	2166	2105	2244	2197	2161	2224	2239	2071	2266	2209	2201	2179	2243	2127	2395	2215	2268	2232	2339	2200	2137	2296	2135	2401	2264	2328	2019	1827	1303	2520
VAL_GTA	1582	1610	1548	1615	1578	1618	1617	1574	1624	1605	1588	1592	1626	1556	1523	1496	1526	1505	1649	1643	1569	1663	1539	1497	1549	1464	1481	1570	1534	1347	1458	1020	1843
VAL_GTG	1961	1902	1799	1951	1828	1961	1989	1956	1819	1962	1998	1879	2173	2032	1969	1997	1914	1934	2221	2025	1881	2043	1959	1980	2056	1987	1919	2107	1999	1623	1823	1123	1239
TERM_TAA	111	142	113	92	98	101	95	101	111	90	98	93	252	285	81	99	89	77	62	86	90	52	59	54	55	54	60	68	66	72	54	75	76
TERM_TGA	35	25	26	26	18	17	22	25	20	21	44	25	61	101	27	19	33	21	21	16	10	18	25	17	22	17	17	20	22	17	14	17	15
TERM_TAG	39	21	18	37	35	43	34	28	30	31	31	34	91	105	57	33	36	27	32	27	28	25	13	30	26	20	22	15	24	28	21	22	58
MET_ATG	3231	3177	3019	3192	3178	3100	3346	3112	3135	3321	3293	3077	3273	3101	3175	3262	3159	3036	3351	3025	3002	3175	3185	3049	3432	3182	3092	3233	3159	3372	4351	3207	2162
