	-27	-26	-25	-24	-23	-22	-21	-20	-19	-18	-17	-16	-15	-14	-13	-12	-11	-10	-9	-8	-7	-6	-5	-4	-3	-2	-1	0	1	2	3	4	5
ARG-ALA_CGAGCG	1	0	7	2	5	0	0	1	1	1	1	0	21	24	8	4	3	5	1	2	0	4	1	5	2	2	0	4	1	0	4	0	3
ARG-ARG_CGACGA	2	5	1	2	1	2	7	1	3	9	6	8	16	25	5	10	4	1	3	5	4	4	1	5	2	2	2	1	0	3	4	1	5
GLY-LEU_GGGCTA	12	14	7	6	2	4	13	8	6	8	3	5	5	22	5	6	5	8	5	8	9	3	4	7	5	9	7	3	2	8	2	3	4
ASP-ARG_GATCGC	4	2	4	6	6	4	3	1	3	7	3	3	4	11	2	2	4	3	4	3	11	2	4	3	3	1	1	5	0	3	5	1	0
PRO-SER_CCCCTG	4	2	5	5	3	6	8	5	4	3	8	2	17	18	8	4	4	5	5	6	4	4	4	10	6	5	9	8	3	3	7	4	6
PRO-GLY_CCTGGG	19	20	14	17	12	12	12	19	16	14	19	15	59	55	16	16	23	13	12	18	14	20	20	16	21	17	13	31	40	16	8	4	10
THR-PRO_ACGCCG	3	1	3	2	1	1	2	7	3	4	3	3	2	10	3	3	4	3	6	3	3	4	1	2	9	4	3	8	7	2	1	3	1
LEU-SER_CTCTCG	1	2	4	2	7	3	7	5	5	3	3	3	8	11	1	5	1	2	3	3	4	2	1	5	12	4	7	5	6	1	3	2	1
LEU-ARG_CTACGT	5	0	2	4	2	4	7	2	6	7	5	7	3	12	10	10	4	3	5	4	2	3	7	4	3	3	3	5	4	1	4	4	2
ALA-CYS_GCTTGC	1	3	2	8	3	4	6	1	2	5	3	3	5	9	4	1	6	7	3	2	1	1	0	2	2	7	5	3	4	2	2	3	1
GLY-LEU_GGACTA	8	8	3	7	5	3	7	6	11	10	7	8	10	19	11	10	6	7	5	7	12	9	8	5	4	8	1	3	7	3	5	7	6
GLU-ARG_GAGCGA	8	9	7	4	5	8	5	6	8	11	4	6	7	20	4	10	6	7	2	12	8	11	8	12	7	8	10	6	4	13	4	6	7
LEU-ALA_CTCGCT	4	6	5	7	6	5	8	5	5	4	7	8	4	15	9	2	9	3	9	2	5	3	6	6	6	9	7	9	6	2	4	5	4
SER-ARG_TCACGC	6	7	8	3	8	6	6	4	7	9	6	7	10	13	5	6	4	6	5	3	0	3	4	3	4	5	2	7	5	2	3	3	3
THR-GLY_ACCGGC	5	5	5	3	5	6	7	7	3	3	7	9	3	13	8	4	5	3	3	5	5	6	3	8	5	7	5	5	1	8	7	6	1
LEU-ALA_CTAGCG	2	3	1	2	6	2	4	4	3	5	9	2	6	9	3	2	4	2	2	1	1	0	4	8	4	1	15	1	4	3	4	1	5
GLY-HIS_GGCCAC	4	12	11	10	14	7	10	8	4	5	6	5	10	20	14	11	4	11	17	5	3	6	8	5	5	13	10	1	2	7	8	10	10
ARG-ASN_CGCAAC	5	5	2	7	0	2	2	3	2	5	3	4	0	9	4	3	6	3	6	6	4	3	3	2	4	3	2	4	2	3	5	3	10
PRO-TYR_CCGTAC	5	5	2	3	2	1	5	3	4	4	4	7	6	10	3	6	4	3	1	5	8	3	4	4	5	1	6	6	2	7	4	3	4
THR-SER_ACGTCC	2	3	4	1	1	4	5	6	3	7	2	2	4	8	2	4	4	3	5	3	3	4	2	5	2	3	6	4	2	3	2	3	0
TYR-PRO_TACCCC	4	2	5	7	3	7	6	8	0	7	10	6	5	11	5	5	6	4	4	6	2	4	3	3	1	2	1	4	6	3	10	5	1
SER-ARG_AGCAGG	6	3	4	5	7	5	4	2	4	2	7	5	7	10	5	4	5	1	5	7	7	1	6	4	2	3	2	2	4	2	5	2	4
SER-PRO_TCTCCG	5	6	2	4	2	7	5	4	3	1	7	4	5	13	6	7	6	6	14	8	2	6	15	3	7	3	7	4	7	4	5	5	5
ARG-SER_CGCTCC	5	0	4	7	1	2	6	5	2	10	3	1	2	9	4	3	6	5	5	7	1	6	5	3	3	0	9	4	3	3	2	4	1
ARG-TRP_CGATGG	7	8	2	6	8	7	4	7	5	5	12	2	9	13	12	2	5	4	7	5	3	9	3	9	5	5	4	4	8	3	8	1	1
VAL-ASP_GTAGAC	12	18	14	14	8	21	12	15	19	15	15	19	18	34	19	10	14	30	15	14	13	31	16	11	13	12	9	9	7	16	7	12	22
LEU-SER_CTAAGC	2	0	0	5	3	3	8	3	7	4	4	1	6	7	3	2	4	3	3	2	2	6	1	3	4	3	5	0	2	4	2	2	2
TRP-GLY_TGGGGC	9	4	2	3	17	10	13	7	16	23	26	21	19	24	19	16	13	9	5	16	6	14	14	5	5	12	9	11	5	4	1	4	2
ASP-SER_GACCTG	10	6	4	12	4	7	3	5	5	11	8	7	13	15	3	10	10	5	6	5	8	4	5	4	6	3	8	12	1	16	6	6	3
ASN-LEU_AACCTA	9	7	9	12	13	4	18	8	8	12	10	11	17	22	4	11	12	4	10	12	9	14	8	9	9	12	11	7	9	6	13	10	11
GLY-THR_GGGACG	4	8	5	5	2	2	3	4	1	0	3	6	9	10	1	3	4	6	9	3	7	5	6	6	2	10	11	0	1	5	5	4	5
SER-TYR_AGCTAT	16	21	9	8	28	17	20	24	16	29	10	18	10	41	35	19	23	17	21	18	17	14	19	19	11	20	21	18	23	17	26	17	14
PRO-VAL_CCGGTG	19	8	6	21	17	13	18	11	25	12	23	15	33	35	12	15	21	17	21	16	20	13	16	13	19	13	17	21	17	8	11	9	9
SER-SER_TCGTCG	28	23	13	33	33	21	26	19	28	19	21	37	25	53	26	36	37	19	25	26	29	28	27	39	9	18	25	23	17	20	19	11	11
PRO-GLU_CCGGAG	5	5	3	3	2	6	8	3	5	2	8	7	8	11	4	3	4	3	5	8	1	3	5	9	6	7	7	5	8	1	4	7	6
ARG-ARG_CGCAGA	7	3	2	7	4	4	3	6	9	6	0	4	3	10	3	3	1	7	8	5	2	7	4	3	7	7	8	5	3	2	9	5	0
THR-ALA_ACAGCG	6	4	2	11	9	3	7	8	3	6	15	7	5	13	7	8	1	7	8	4	9	11	5	0	4	9	4	3	10	5	4	2	5
ALA-ILE_GCGATA	8	5	9	12	9	3	10	7	10	13	1	5	5	14	6	8	6	6	10	6	7	11	7	9	7	2	5	3	2	4	8	3	4
LEU-PRO_CTACCC	2	4	2	2	3	2	2	4	4	9	3	2	5	7	4	6	2	2	2	1	3	5	3	4	2	6	4	7	2	3	1	2	3
ILE-SER_ATCCTG	4	3	9	4	5	5	4	5	1	5	3	4	11	8	1	4	10	4	1	5	2	4	2	2	1	4	2	4	5	3	2	2	2
SER-PRO_TCCCCC	6	7	3	5	5	5	4	4	11	2	4	1	4	9	0	0	6	2	5	5	4	5	2	8	3	6	5	8	5	1	5	5	3
VAL-SER_GTTCTG	8	5	4	10	10	6	9	7	4	6	9	10	11	17	7	10	7	14	11	7	5	10	14	10	10	5	8	9	3	7	15	7	5
VAL-TYR_GTCTAC	23	19	35	42	27	39	22	15	19	30	31	24	26	53	38	28	27	20	22	15	28	25	28	34	21	29	26	20	14	42	12	24	18
GLY-PHE_GGCTTT	6	9	10	2	3	2	8	7	8	9	4	5	9	13	10	5	5	5	3	3	8	10	9	5	7	8	6	6	2	6	6	5	11
ILE-LEU_ATATTG	102	79	87	96	100	79	99	94	99	114	105	89	102	206	109	99	74	108	114	92	82	93	85	81	92	111	123	138	151	118	102	119	70
PHE-LEU_TTCCTC	10	9	4	4	3	2	4	9	8	1	7	11	6	11	3	10	7	6	6	2	4	3	9	5	7	5	3	8	2	4	5	4	3
SER-TYR_CTGTAC	1	1	3	4	1	3	3	2	3	2	2	6	3	6	2	2	3	2	1	4	2	10	2	0	4	2	4	5	3	2	5	8	0
CYS-ASN_TGCAAC	3	4	1	11	1	4	3	3	0	6	2	2	4	8	6	3	10	3	8	6	4	2	6	2	3	7	6	2	2	2	8	2	3
ALA-ALA_GCCGCA	16	22	19	17	16	16	15	19	12	18	23	21	22	33	22	12	17	26	15	19	15	18	19	19	24	20	15	15	12	8	3	12	8
THR-ALA_ACGGCC	5	8	5	6	6	5	4	3	6	5	1	6	2	9	7	5	10	4	3	7	3	4	3	4	5	2	5	8	3	2	3	4	2
