	-27	-26	-25	-24	-23	-22	-21	-20	-19	-18	-17	-16	-15	-14	-13	-12	-11	-10	-9	-8	-7	-6	-5	-4	-3	-2	-1	0	1	2	3	4	5
TRP-CYS (WC)	40	43	33	21	33	28	38	18	31	36	30	30	34	49	38	29	23	25	36	41	38	36	33	30	26	35	36	29	14	25	23	15	17
GLY-TRP (GW)	123	121	109	124	111	96	92	117	112	124	107	120	135	145	112	107	118	116	97	116	136	108	107	93	135	117	89	66	72	92	87	47	69
HIS-MET (HM)	48	67	61	62	62	70	56	71	37	48	57	41	43	73	63	51	44	52	59	39	51	53	63	48	52	47	45	47	80	51	78	46	51
PRO-GLY (PG)	381	399	379	393	393	405	382	413	371	424	420	405	615	547	401	484	480	398	494	446	403	416	426	413	473	403	377	393	490	319	313	300	311
GLY-CYS (GC)	138	138	133	111	117	151	142	135	113	120	133	113	135	157	133	130	135	112	127	124	138	132	129	98	140	150	92	81	103	86	75	69	59
PRO-ASP (PD)	449	467	475	461	492	454	454	440	431	502	476	401	619	589	487	558	508	452	433	422	496	498	432	492	576	453	377	373	424	291	435	381	543
GLY-GLY (GG)	1155	1110	1077	1130	1100	1103	1162	1163	1126	1150	1163	1096	1235	1327	1128	1231	1279	1128	1128	1295	1067	1132	1149	1001	1097	1318	884	685	945	773	536	620	873
PRO-CYS (PC)	45	49	40	43	46	43	50	42	48	56	45	40	65	54	45	46	34	40	49	44	54	31	38	43	42	57	36	40	34	37	42	37	26
GLY-ARG (GR)	699	708	629	660	703	626	675	651	684	772	628	655	786	770	658	655	610	653	659	665	630	695	686	618	716	728	577	351	411	510	478	529	437
PHE-PRO (FP)	285	264	269	250	280	316	264	286	266	257	267	298	282	343	244	289	316	262	310	299	285	285	295	291	298	277	391	347	286	250	217	235	213
PRO-TRP (PW)	72	87	72	58	68	71	62	68	61	62	83	75	82	81	60	69	66	74	63	74	72	68	70	52	98	70	49	65	67	64	48	31	43
TRP-PRO (WP)	33	48	25	32	37	44	41	35	43	45	46	38	46	49	43	45	39	64	64	40	50	40	40	41	45	24	64	55	20	16	31	31	26
GLY-ASP (GD)	780	817	725	721	693	713	712	711	764	783	728	694	812	855	781	729	689	769	744	798	777	773	729	819	718	790	656	473	484	442	548	456	746
TRP-ARG (WR)	87	106	73	86	80	89	70	82	113	89	85	91	89	98	74	82	96	64	75	77	78	76	107	81	96	98	72	67	39	46	83	84	64
CYS-ASN (CN)	74	78	67	90	73	78	89	75	67	95	79	64	73	92	71	71	89	75	88	77	68	76	98	70	65	86	69	58	72	22	135	90	61
ASN-TRP (NW)	105	126	101	119	106	103	119	104	113	114	106	117	149	141	117	102	86	145	141	126	139	131	116	94	109	127	111	122	143	180	133	72	86
MET-PRO (MP)	97	126	104	160	124	111	117	119	110	148	122	114	123	135	110	148	125	109	132	82	108	129	108	95	93	119	122	187	91	70	60	87	82
ASN-ARG (NR)	510	420	494	442	467	433	450	447	491	588	436	474	554	576	437	477	415	439	501	443	448	455	475	471	486	443	500	608	686	536	553	529	411
ALA-CYS (AC)	92	85	93	103	129	88	109	123	124	123	98	118	113	123	105	109	91	96	104	111	112	97	107	91	145	139	96	90	86	126	76	77	68
THR-MET (TM)	185	169	145	176	189	149	188	206	163	180	169	170	187	208	191	164	170	203	181	185	161	162	185	171	203	172	179	196	153	191	263	136	103
HIS-GLU (HE)	303	276	275	258	285	256	269	265	265	274	244	294	290	343	278	293	303	258	278	290	287	261	306	317	311	265	259	275	326	248	251	197	762
HIS-PHE (HF)	152	126	134	132	141	134	155	136	158	129	117	141	136	169	164	156	145	132	119	150	137	159	172	139	180	138	135	140	170	136	151	162	118
VAL-TRP (VW)	111	93	110	114	110	100	111	102	114	126	119	103	126	121	109	124	101	95	105	109	120	144	95	100	121	109	90	82	67	126	59	49	55
MET-TRP (MW)	22	29	25	40	22	22	38	33	28	36	31	25	34	33	23	29	37	26	36	31	27	29	30	28	35	23	25	37	35	18	23	22	8
CYS-MET (CM)	32	27	23	39	27	27	26	26	19	27	21	24	31	30	23	30	30	37	25	26	43	29	30	27	27	22	25	14	18	11	33	17	20
GLN-TRP (QW)	72	66	72	67	71	55	68	80	82	69	55	57	65	76	79	60	60	74	80	69	69	66	73	54	79	67	44	39	93	80	83	43	29
GLY-TYR (GY)	376	411	394	422	403	358	400	353	354	400	440	405	447	433	370	378	344	405	396	410	488	366	400	320	365	438	375	286	340	275	327	354	295
ASP-PRO (DP)	423	496	470	461	423	447	431	484	462	469	427	471	450	514	460	500	477	418	485	492	416	480	435	449	435	488	405	500	384	499	432	363	344
SER-TRP (SW)	132	110	103	121	120	107	108	122	111	113	97	143	120	135	126	117	122	121	112	124	123	135	116	130	125	128	113	109	160	145	120	93	62
GLN-CYS (QC)	46	58	48	52	53	47	54	48	46	57	45	69	67	62	37	55	50	59	45	55	70	76	75	58	55	44	45	45	74	87	44	53	26
ARG-ARG (RR)	709	706	664	724	700	630	714	690	644	794	742	738	797	820	649	818	739	688	768	768	777	738	744	619	732	706	723	647	671	654	1039	764	559
HIS-SER (HS)	294	328	330	303	274	294	299	275	300	295	308	330	345	345	336	305	315	340	298	312	293	293	284	309	285	288	281	305	385	253	346	304	224
VAL-PRO (VP)	620	552	569	603	621	570	585	572	542	606	576	579	570	641	597	673	661	582	673	606	557	584	588	593	642	577	525	589	350	518	415	487	404
PRO-HIS (PH)	192	196	187	162	181	164	176	200	191	195	210	187	185	203	170	233	223	189	164	160	166	196	148	181	202	156	154	153	155	139	158	219	172
GLY-GLN (GQ)	452	376	370	425	434	449	489	454	460	478	493	386	418	469	421	446	456	451	449	426	407	361	412	431	433	472	369	325	337	302	339	430	392
PRO-GLU (PE)	732	620	747	670	736	739	734	724	732	651	699	719	845	806	782	762	756	700	755	702	751	760	754	801	775	629	660	585	665	475	659	566	1057
CYS-VAL (CV)	127	124	136	150	136	116	154	153	125	153	146	133	158	155	103	147	147	162	143	152	119	136	173	159	173	175	157	142	135	65	124	71	123
VAL-CYS (VC)	107	96	108	120	108	97	102	118	99	103	91	128	103	118	151	107	138	88	142	109	105	114	107	107	131	128	83	96	62	114	74	70	58
ASP-TRP (DW)	153	151	131	126	139	108	163	134	114	173	122	169	154	154	169	123	124	160	175	155	146	128	148	133	159	147	110	126	109	166	111	69	98
ALA-VAL (AV)	689	681	683	689	747	713	687	701	654	801	682	737	747	764	701	717	778	778	848	747	695	738	645	789	784	769	639	587	491	468	534	395	575
GLY-ALA (GA)	803	711	726	715	710	771	749	749	723	749	826	817	849	824	799	771	836	811	881	813	802	842	808	763	808	870	768	598	509	547	497	430	585
VAL-TYR (VY)	326	304	335	356	314	309	302	305	307	346	314	350	307	348	321	325	323	300	331	306	278	332	324	306	324	361	296	297	214	350	224	378	221
TYR-TRP (YW)	53	63	68	76	84	56	49	64	50	62	62	62	55	65	61	51	58	56	49	58	64	57	60	52	53	60	85	47	64	60	53	38	36
TYR-CYS (YC)	105	56	89	78	73	55	80	58	54	62	73	60	74	82	54	76	58	60	92	86	111	91	81	55	94	82	66	66	93	91	82	70	30
MET-GLU (ME)	212	215	241	231	210	263	269	217	269	244	239	285	226	269	205	286	207	267	271	221	258	297	240	254	250	219	220	288	255	112	232	312	229
PRO-LEU (PL)	599	542	595	523	557	612	642	590	518	556	527	551	615	614	562	582	601	529	596	539	581	564	516	551	621	524	493	484	531	534	499	520	457
ILE-LEU (IL)	1018	925	962	1059	952	956	1014	995	1001	986	915	955	1060	1107	962	958	890	940	1016	900	1053	1068	933	940	1006	1057	1129	1337	1185	1126	1004	1007	743
GLY-ILE (GI)	660	586	673	769	706	625	732	730	681	703	693	727	761	736	710	781	706	680	757	815	704	685	668	695	651	726	566	452	431	485	685	520	551
GLN-VAL (QV)	472	550	486	508	456	497	506	514	459	498	491	464	471	554	527	467	460	561	483	508	518	544	532	545	524	489	438	461	545	513	610	395	575
TRP-SER (WS)	129	120	100	113	122	120	141	125	132	137	134	132	117	137	130	128	135	125	137	145	119	146	135	141	115	128	133	138	78	136	107	111	78
