	F0	F1	F2
0	1	3	2
1	4	5	6
2	91	182	165
3	127	131	115
4	18	29	32
5	18	18	23
6	4	3	3
7	16	19	22
8	28	27	18
9	4	3	10
10	33	29	16
11	66	65	68
12	40	33	25
13	484	447	523
14	2	3	2
15	311	371	290
16	0	0	0
17	0	0	0
18	57	57	46
19	37	39	35
20	21	7	11
21	11	18	27
22	0	0	0
23	19	15	16
24	1	2	1
25	16	15	13
26	3	6	3
27	122	149	127
28	11	24	18
29	4	5	5
30	0	0	0
31	28	23	24
32	16	9	11
33	24	21	25
34	5	2	2
35	2	5	3
36	6	9	11
37	90	85	86
38	7	3	8
39	5	1	2
40	3	7	9
41	175	150	208
42	5	3	1
43	46	79	68
44	6	3	4
45	14	17	14
46	11	15	7
47	24	25	18
48	3	7	10
49	53	44	49
50	92	81	54
51	2	1	1
52	78	85	91
53	31	24	29
54	16	25	21
55	6	3	1
56	2	2	2
57	113	120	131
58	36	46	50
59	8	9	8
60	3	3	4
61	1	0	0
62	8	13	14
63	22	6	16
64	18	17	17
65	8	13	11
66	18	18	18
67	43	45	44
68	6	3	2
69	0	0	1
70	0	0	1
71	12	11	8
72	66	66	70
73	2	1	3
74	4	3	4
75	2	1	2
76	62	49	46
77	0	1	2
78	2	4	1
79	20	8	15
80	2	1	1
81	11	5	12
82	13	19	21
83	13	11	11
84	13	11	7
85	270	234	210
86	5	4	3
87	60	48	53
88	114	106	100
89	2	4	3
90	6	2	2
91	64	79	54
92	16	15	10
93	15	11	16
94	23	26	31
95	5	5	3
96	5	5	2
97	48	45	44
98	33	19	27
99	9	5	7
100	2	1	5
101	113	121	108
102	27	41	45
103	38	28	42
104	1	4	2
105	17	21	29
106	16	11	22
107	7	8	8
108	0	0	0
109	19	7	4
110	9	3	2
111	4	3	8
112	0	0	0
113	1	0	1
114	21	44	28
115	0	1	0
116	5	8	13
117	0	1	0
118	12	8	10
119	21	13	18
120	142	118	132
121	3	1	3
122	1	3	2
123	230	233	291
124	16	23	26
125	59	55	61
126	8	14	8
127	21	17	21
128	3	6	6
129	10	12	19
130	0	0	0
131	22	37	24
132	19	15	8
133	34	24	24
134	180	208	176
135	22	23	19
136	1	0	1
137	2	3	3
138	89	91	89
139	2	7	4
140	13	12	23
141	72	93	77
142	9	16	12
143	8	14	11
144	299	246	281
145	32	32	31
146	0	0	0
147	0	0	1
148	12	10	9
149	286	278	255
150	6	6	2
151	11	15	8
152	15	18	14
153	27	20	25
154	119	139	133
155	39	46	30
156	0	4	3
157	4	4	6
158	9	8	8
159	0	0	0
160	4	8	3
161	110	103	98
162	28	28	48
163	1	2	3
164	18	8	10
165	0	0	3
166	0	0	0
167	14	14	12
168	34	42	36
169	14	20	23
170	6	4	8
171	15	17	14
172	7	5	6
173	47	49	43
174	161	144	154
175	1	1	1
176	7	12	10
177	2	2	1
178	0	0	0
179	2	6	3
180	0	0	0
181	4	0	0
182	9	6	8
183	4	2	3
184	2	0	0
185	10	8	7
186	14	19	9
187	11	18	9
188	0	0	0
189	2	4	2
190	6	3	7
191	3	4	3
192	2	1	0
193	48	44	67
194	7	6	3
195	1	2	3
196	2	1	0
197	1	0	0
198	4	0	2
199	13	12	15
200	0	0	2
201	53	41	54
202	0	0	3
203	73	66	57
204	45	57	43
205	8	6	11
206	12	14	13
207	0	0	0
208	22	21	15
209	8	1	9
210	0	1	2
211	1	0	2
212	8	6	8
213	29	37	38
214	153	112	108
215	4	2	1
216	39	30	23
217	3	1	3
218	20	13	7
219	22	12	20
220	3	5	8
221	342	355	353
222	49	45	45
223	8	11	7
224	21	30	21
225	453	389	378
226	2	5	4
227	3	5	5
228	16	19	19
229	11	4	11
230	7	4	3
231	0	0	0
232	28	15	24
233	0	0	1
234	0	0	0
235	4	11	7
236	15	26	21
237	36	45	45
238	7	4	12
239	2	1	0
240	19	11	11
241	5	5	6
242	5	9	12
243	0	0	0
244	1	0	3
245	0	0	0
246	0	0	0
247	17	27	35
248	15	16	11
249	0	0	0
250	13	4	8
251	17	24	28
252	41	20	17
253	4	1	3
254	14	10	5
255	58	67	82
256	1	0	0
257	35	32	21
258	34	28	32
259	23	24	19
260	5	3	4
261	7	6	6
262	23	22	28
263	5	8	4
264	25	25	34
265	11	6	5
266	17	20	10
267	40	38	31
268	17	14	26
269	2	4	7
270	5	4	3
271	0	1	0
272	31	21	22
273	13	5	6
274	1	1	2
275	5	2	1
276	1	0	1
277	56	53	51
278	327	280	296
279	83	93	73
280	5	3	2
281	18	19	10
282	95	124	120
283	41	48	62
284	15	18	17
285	181	181	170
286	35	34	34
287	70	56	123
288	17	12	5
289	55	52	58
290	1	2	2
291	2	2	4
292	25	18	12
293	0	1	1
294	4	4	3
295	107	122	123
296	15	14	5
297	66	71	45
298	140	152	226
299	26	35	36
300	1	3	0
301	20	13	22
302	12	15	8
303	1	1	0
304	39	56	40
305	56	53	51
306	33	32	32
307	15	10	9
308	1	1	0
309	4	3	2
310	15	18	14
311	84	88	109
312	219	217	213
313	720	743	756
314	32	39	35
315	4	9	5
316	1	5	11
317	25	33	15
318	4	4	1
319	12	11	16
320	51	46	31
321	15	14	11
322	0	0	0
323	15	11	13
324	5	1	3
325	9	10	13
326	10	5	7
327	76	73	62
328	15	10	13
329	3	2	2
330	10	13	17
331	26	23	24
332	0	0	0
333	2	6	7
334	0	0	1
335	4	8	9
336	22	21	17
337	8	6	8
338	17	26	13
339	0	0	0
340	4	5	4
341	34	34	17
342	7	8	3
343	84	86	59
344	9	5	6
345	15	10	14
346	4	9	7
347	0	2	2
348	31	29	29
349	32	16	23
350	43	43	42
351	1060	1027	1400
352	3	6	2
353	7	2	1
354	4	2	3
355	6	9	13
356	18	17	17
357	43	44	41
358	5	6	5
359	0	0	0
360	0	0	0
361	0	1	0
362	92	86	74
363	2	3	2
364	30	35	36
365	55	48	62
366	1	0	0
367	24	22	24
368	3	3	3
369	4	16	5
370	11	16	17
371	0	0	0
372	0	2	3
373	8	7	6
374	122	114	140
375	0	0	0
376	2	0	2
377	4	1	7
378	2	0	1
379	50	32	25
380	5	11	12
381	1	1	0
382	63	80	76
383	191	170	154
384	0	0	0
385	0	0	0
386	6	4	6
387	51	56	61
388	71	67	50
389	3	6	5
390	111	98	68
391	97	116	99
392	3	2	2
393	33	34	31
394	30	27	33
395	38	44	35
396	1	0	0
397	6	3	2
398	75	72	76
399	548	520	583
400	1	0	1
401	9	7	5
402	155	149	125
403	1	2	3
404	5	9	6
405	9	12	14
406	8	1	4
407	13	16	18
408	403	402	317
409	62	42	56
410	4	6	6
411	42	31	37
412	5	2	3
413	0	0	0
414	17	17	13
415	1	0	0
416	1	2	2
417	17	20	16
418	37	36	32
419	4	1	0
420	3	3	2
421	6	4	8
422	16	10	13
423	6	6	4
424	0	1	1
425	4	5	9
426	4	3	1
427	2	3	2
428	2	0	2
429	33	23	30
430	100	92	108
431	231	260	262
432	20	7	21
433	19	10	17
434	0	0	0
435	5	12	11
436	18	16	13
437	21	20	23
438	0	0	0
439	1	2	1
440	13	11	13
441	1	1	0
442	47	48	48
443	2	5	5
444	1	0	1
445	2	8	8
446	70	55	51
447	32	35	24
448	16	19	12
449	0	0	0
450	17	15	16
451	0	3	2
452	57	81	58
453	3	4	3
454	19	28	20
455	0	0	0
456	5	7	9
457	129	116	120
458	9	16	3
459	0	2	0
460	0	2	1
461	0	0	0
462	44	54	33
463	22	29	28
464	922	939	958
465	17	14	15
466	18	19	23
467	90	68	60
468	1	1	2
469	2	8	3
470	3	1	2
471	64	66	61
472	101	94	92
473	8	11	3
474	0	1	0
475	9	12	14
476	0	0	1
477	11	12	21
478	9	4	5
479	0	0	1
480	0	0	0
481	1	2	3
482	26	27	32
483	3	1	2
484	2	0	1
485	33	42	30
486	57	57	49
487	2	0	1
488	6	16	8
489	60	66	61
490	0	0	0
491	18	11	6
492	67	51	54
493	2	1	2
494	74	76	93
495	55	47	46
496	2	2	3
497	4	4	1
498	19	11	16
499	0	1	0
500	28	27	20
501	16	7	4
502	46	41	29
503	23	23	35
504	7	4	4
505	10	10	6
506	1	0	0
507	58	67	46
508	0	0	0
509	0	0	0
510	21	18	18
511	3	14	9
512	1	1	0
513	11	12	13
514	96	111	91
515	5	12	9
516	0	1	2
517	10	8	10
518	17	13	9
519	10	6	3
520	8	6	6
521	11	16	10
522	0	0	0
523	95	75	112
524	63	52	44
525	8	3	4
526	47	34	28
527	3	7	3
528	2	4	6
529	0	0	0
530	0	0	0
531	0	0	2
532	56	53	45
533	4	4	6
534	87	61	76
535	1	0	0
536	5	4	6
537	33	39	28
538	1	1	0
539	1	3	1
540	7	4	8
541	4	2	0
542	0	0	0
543	2	1	0
544	53	61	58
545	4	3	19
546	2	0	0
547	7	6	5
548	2	0	0
549	19	18	17
550	11	10	13
551	5	5	1
552	9	11	7
553	64	66	44
554	3	6	1
555	19	14	10
556	0	0	0
557	6	9	6
558	2	1	1
559	0	0	0
560	27	21	15
561	17	7	12
562	0	1	4
563	13	7	5
564	7	5	4
565	40	27	47
566	12	7	7
567	4	3	3
568	20	17	18
569	347	331	352
570	14	11	8
571	0	0	4
572	28	23	38
573	0	0	0
574	0	1	0
575	120	188	116
576	0	0	0
577	7	9	3
578	1	2	1
579	0	0	0
580	17	14	13
581	28	20	29
582	0	0	0
583	11	8	7
584	0	1	0
585	29	32	24
586	1	0	0
587	37	39	27
588	9	8	7
589	0	0	0
590	2	3	1
591	1	2	2
592	18	24	23
593	30	35	30
594	13	12	14
595	0	0	0
596	23	18	15
597	1082	936	995
598	45	38	52
599	42	33	33
600	5	10	8
601	4	6	2
602	1	2	0
603	31	24	23
604	235	177	184
605	11	18	15
606	100	97	99
607	17	6	21
608	2	0	1
609	1132	1167	1103
610	30	29	30
611	56	73	72
612	0	0	0
613	0	0	0
614	31	34	24
615	4	1	0
616	8	5	10
617	8	17	12
618	13	11	20
619	12	17	7
620	5	4	13
621	16	18	13
622	3	1	4
623	5	4	5
624	27	20	19
625	37	44	49
626	1	1	0
627	24	26	26
628	16	9	9
629	3	5	4
630	14	13	15
631	11	6	7
632	31	44	33
633	1	1	0
634	35	37	30
635	0	0	0
636	0	0	0
637	0	0	0
638	139	145	144
639	13	11	18
640	37	45	28
641	3	4	4
642	98	84	76
643	4	3	5
644	67	65	63
645	1	2	3
646	3	13	6
647	42	30	31
648	14	18	13
649	27	19	20
650	6	6	13
651	0	0	0
652	26	32	28
653	0	2	2
654	47	54	39
655	0	0	1
656	33	25	25
657	7	4	4
658	219	208	157
659	17	23	14
660	88	64	62
661	94	51	63
662	4	0	0
663	0	0	0
664	18	10	10
665	4	5	6
666	28	21	24
667	6	16	17
668	26	18	20
669	1	0	0
670	0	1	0
671	25	33	18
672	8	6	5
673	22	13	12
674	21	16	13
675	0	1	0
676	7	7	4
677	110	124	95
678	3	1	0
679	29	21	26
680	8	5	9
681	62	51	56
682	10	14	11
683	61	56	59
684	88	114	114
685	1	0	4
686	0	0	0
687	32	24	23
688	5	2	5
689	28	16	31
690	0	1	0
691	12	13	14
692	78	66	87
693	10	7	9
694	22	31	32
695	0	0	0
696	41	36	36
697	5	1	1
698	3	8	3
699	3	5	3
700	0	0	0
701	10	12	10
702	13	6	8
703	5	1	3
704	0	0	0
705	6	5	3
706	1	0	1
707	0	0	0
708	4	8	9
709	0	0	0
710	13	9	15
711	19	14	16
712	22	35	25
713	61	69	58
714	119	92	77
715	60	64	74
716	11	13	12
717	6	9	8
718	1	3	2
719	7	6	8
720	13	7	10
721	3	5	5
722	1	3	1
723	116	96	97
724	18	10	13
725	39	43	47
726	9	11	3
727	21	27	33
728	86	71	62
729	2	8	2
730	19	26	23
731	28	46	27
732	62	57	41
733	0	3	1
734	1	1	3
735	67	72	67
736	8	13	6
737	47	35	70
738	9	5	2
739	0	0	2
740	206	177	181
741	4	2	5
742	3	10	3
743	33	27	24
744	335	343	335
745	12	19	9
746	120	94	121
747	58	41	43
748	7	5	6
749	0	4	3
750	2	0	1
751	75	51	65
752	12	8	8
753	113	104	113
754	10	3	4
755	4	1	5
756	168	143	170
757	42	37	30
758	2	2	1
759	6	5	3
760	10	12	11
761	60	67	49
762	243	210	189
763	54	68	49
764	15	19	7
765	44	39	70
766	1	2	0
767	1	0	0
768	1	1	1
769	176	199	163
770	20	11	11
771	349	421	350
772	8	6	7
773	18	31	28
774	4	8	6
775	24	29	23
776	11	10	10
777	1	1	1
778	14	15	11
779	9	9	8
780	25	27	19
781	1	3	2
782	17	7	9
783	81	66	75
784	1	8	8
785	4	6	2
786	0	0	0
787	18	16	18
788	55	48	58
789	34	19	29
790	4	5	6
791	18	9	19
792	22	21	29
793	147	134	125
794	11	17	8
795	13	8	10
796	16	12	5
797	4	4	3
798	3	1	2
799	5	3	3
800	19	16	21
801	20	12	13
802	3	6	0
803	364	294	270
804	32	40	38
805	5	2	8
806	42	54	49
807	1	2	2
808	8	10	13
809	1	1	2
810	9	10	16
811	3	4	6
812	15	9	7
813	173	153	171
814	0	0	1
815	0	0	0
816	0	1	1
817	3	4	1
818	6	8	8
819	77	86	80
820	14	18	15
821	2	1	0
822	8	6	8
823	4	6	3
824	21	19	25
825	4	4	2
826	5	3	3
827	43	33	26
828	17	17	19
829	57	43	46
830	3	2	3
831	55	43	35
832	7	5	2
833	16	24	17
834	30	28	26
835	1	0	1
836	14	16	15
837	57	78	62
838	31	19	20
839	6	8	8
840	5	6	5
841	4	4	3
842	9	2	5
843	5	3	3
844	0	0	0
845	0	1	0
846	42	43	33
847	6	6	5
848	9	11	16
849	2	6	1
850	12	9	18
851	6	3	1
852	3	1	2
853	0	0	0
854	4	5	2
855	8	7	9
856	3	4	5
857	36	37	25
858	0	4	2
859	0	0	0
860	2	0	0
861	6	9	2
862	10	10	14
863	6	6	4
864	38	28	24
865	57	68	46
866	24	23	22
867	13	6	5
868	6	13	9
869	0	0	0
870	0	0	0
871	15	9	12
872	1	3	2
873	48	47	41
874	52	69	47
875	7	8	8
876	0	0	0
877	69	81	119
878	0	1	1
879	27	22	24
880	5	3	5
881	1	2	1
882	31	34	27
883	0	0	0
884	5	5	4
885	0	0	0
886	0	0	0
887	2	0	3
888	5	7	5
889	2	6	6
890	53	68	42
891	57	51	69
892	0	2	1
893	33	37	23
894	0	0	1
895	46	44	37
896	4	2	4
897	0	0	0
898	55	51	47
899	17	16	10
900	9	6	12
901	0	0	1
902	0	2	2
903	7	5	6
904	1	0	0
905	13	3	6
906	9	13	13
907	12	7	4
908	19	13	14
909	0	0	0
910	57	42	57
911	4	4	6
912	25	19	21
913	56	49	58
914	17	11	19
915	1	1	0
916	0	0	0
917	3	1	4
918	24	33	27
919	1	0	0
920	0	0	0
921	2	7	3
922	7	5	6
923	14	12	17
924	2	4	3
925	6	9	11
926	12	12	8
927	49	43	31
928	38	26	26
929	79	61	46
930	18	19	16
931	0	0	0
932	0	0	0
933	15	21	18
934	7	9	9
935	58	72	63
936	13	5	13
937	0	1	0
938	103	87	84
939	3	1	2
940	1	4	1
941	43	53	55
942	0	0	0
943	3	5	1
944	19	18	16
945	18	9	15
946	51	36	40
947	15	18	22
948	65	36	46
949	0	0	0
950	4	2	4
951	183	154	158
952	6	5	6
953	2	4	4
954	0	0	0
955	0	1	2
956	0	1	0
957	2	0	0
958	1	2	3
959	0	1	0
960	48	46	65
961	27	33	19
962	35	39	25
963	95	84	83
964	8	10	9
965	1	0	0
966	14	8	14
967	0	0	0
968	115	98	90
969	14	28	15
970	7	5	2
971	10	13	11
972	194	171	193
973	16	21	15
974	3	3	4
975	0	0	0
976	0	1	1
977	7	8	18
978	34	36	30
979	0	0	0
980	2	0	1
981	0	0	0
982	11	10	4
983	124	99	99
984	592	540	554
985	10	3	5
986	23	19	19
987	73	64	42
988	10	18	14
989	413	430	396
990	126	120	162
991	7	8	8
992	2	0	4
993	0	2	1
994	7	10	3
995	5	10	7
996	4	5	2
997	5	3	4
998	14	10	11
999	5	4	2
1000	2	3	3
1001	138	157	137
1002	6	8	7
1003	0	0	0
1004	27	28	22
1005	0	3	2
1006	47	53	52
1007	0	0	0
1008	8	10	7
1009	60	57	74
1010	18	14	17
1011	1	4	4
1012	16	23	24
1013	2	8	1
1014	8	6	5
1015	9	8	16
1016	219	157	180
1017	14	10	12
1018	255	257	281
1019	0	0	0
1020	12	14	14
1021	220	247	202
1022	3	5	3
1023	0	0	0
1024	27	29	25
1025	11	6	16
1026	1	0	1
1027	102	93	99
1028	46	43	41
1029	7	10	2
1030	11	4	8
1031	0	3	4
1032	10	8	14
1033	12	11	16
1034	1	2	1
1035	2	4	2
1036	8	3	7
1037	6	8	5
1038	3	8	7
1039	6	10	8
1040	30	34	33
1041	17	24	25
1042	85	69	72
1043	2	0	0
1044	7	6	4
1045	5	3	5
1046	0	0	0
1047	2	1	0
1048	14	10	10
1049	0	0	0
1050	18	22	8
1051	27	21	17
1052	1	0	0
1053	10	4	5
1054	0	0	0
1055	29	27	30
1056	63	43	36
1057	9	14	18
1058	25	18	13
1059	0	0	0
1060	288	260	228
1061	7	1	6
1062	565	569	559
1063	20	20	25
1064	106	109	103
1065	26	36	33
1066	0	0	1
1067	6	7	6
1068	2	0	0
1069	12	14	12
1070	4	0	4
1071	9	7	8
1072	0	0	0
1073	90	80	91
1074	62	63	53
1075	6	1	3
1076	0	1	3
1077	0	0	0
1078	132	134	150
1079	3	2	2
1080	1	1	3
1081	0	0	0
1082	0	0	0
1083	7	9	4
1084	44	52	39
1085	11	6	6
1086	7	3	7
1087	4	5	2
1088	3	5	6
1089	1	1	0
1090	0	0	0
1091	3	4	1
1092	95	93	69
1093	13	11	13
1094	7	10	12
1095	5	4	6
1096	105	118	94
1097	1	4	2
1098	4	1	1
1099	22	7	10
1100	0	1	0
1101	63	55	81
1102	29	49	47
1103	6	11	17
1104	2	2	2
1105	51	45	43
1106	1	1	1
1107	122	120	128
1108	57	75	72
1109	7	5	2
1110	0	0	1
1111	0	0	0
1112	17	19	12
1113	5	0	1
1114	1	4	3
1115	0	0	0
1116	13	12	9
1117	5	2	8
1118	0	0	0
1119	146	138	120
1120	1	1	1
1121	2	3	1
1122	1	0	2
1123	0	0	0
1124	7	4	3
1125	0	0	2
1126	19	10	9
1127	5	10	7
1128	0	1	0
1129	0	1	0
1130	4	2	4
1131	2	6	4
1132	4	10	7
1133	2	1	2
1134	9	8	12
1135	42	39	43
1136	9	14	10
1137	208	212	166
1138	1	5	0
1139	20	18	17
1140	5	9	7
1141	1	0	0
1142	4	6	2
1143	17	13	19
1144	31	44	23
1145	22	16	26
1146	0	0	0
1147	15	16	26
1148	48	40	35
1149	12	13	12
1150	2	1	1
1151	80	72	73
1152	414	374	459
1153	1	4	0
1154	43	38	39
1155	16	12	8
1156	3	3	1
1157	161	126	110
1158	0	2	0
1159	0	1	0
1160	53	49	55
1161	22	20	23
1162	12	14	11
1163	15	8	10
1164	7	12	11
1165	44	42	35
1166	0	0	0
1167	2	1	1
1168	9	3	8
1169	2	3	4
1170	59	61	71
1171	9	1	4
1172	296	243	280
1173	3	3	6
1174	0	0	1
1175	0	0	0
1176	38	27	30
1177	25	29	30
1178	27	36	29
1179	0	0	0
1180	0	1	1
1181	13	15	12
1182	0	0	0
1183	5	11	6
1184	18	22	13
1185	4	5	9
1186	119	118	108
1187	820	730	793
1188	6	4	6
1189	2	10	6
1190	2	7	1
1191	7	6	7
1192	14	4	14
1193	11	10	10
1194	0	1	1
1195	0	0	0
1196	2	4	5
1197	1	0	0
1198	0	2	1
1199	2	4	2
1200	0	0	0
1201	1	1	0
1202	2	0	0
1203	0	0	0
1204	11	14	12
1205	114	93	80
1206	19	16	10
1207	63	45	61
1208	5	6	3
1209	81	64	80
1210	146	137	121
1211	88	103	90
1212	10	8	9
1213	0	0	0
1214	0	0	0
1215	178	123	131
1216	17	16	20
1217	33	32	29
1218	4	10	7
1219	1	0	1
1220	52	28	37
1221	0	0	0
1222	3	1	0
1223	10	11	2
1224	19	16	13
1225	1	3	1
1226	15	10	13
1227	12	17	13
1228	1	1	1
1229	10	13	7
1230	0	0	0
1231	289	310	272
1232	10	8	7
1233	9	13	13
1234	11	12	17
1235	21	25	22
1236	10	9	8
1237	33	37	21
1238	9	8	11
1239	1	6	4
1240	8	12	7
1241	0	1	0
1242	145	162	149
1243	0	1	0
1244	0	0	0
1245	0	0	0
1246	0	0	0
1247	234	227	208
1248	4	3	5
1249	8	4	2
1250	1	4	6
1251	13	19	17
1252	22	19	18
1253	6	7	1
1254	8	6	5
1255	24	24	22
1256	0	0	0
1257	3	2	6
1258	3	3	1
1259	344	343	302
1260	4	5	2
1261	14	13	9
1262	2	3	5
1263	7	6	4
1264	2	1	3
1265	156	130	154
1266	26	19	23
1267	16	15	18
1268	1	0	0
1269	272	238	219
1270	4	3	10
1271	14	6	7
1272	0	0	1
1273	21	12	10
1274	3	2	3
1275	137	148	158
1276	2	3	1
1277	0	0	0
1278	207	181	166
1279	14	13	19
1280	42	29	40
1281	17	24	14
1282	0	0	0
1283	59	58	53
1284	0	1	1
1285	23	16	17
1286	20	20	24
1287	11	9	14
1288	21	24	20
1289	22	19	15
1290	15	11	23
1291	1	0	0
1292	6	10	5
1293	33	19	25
1294	1	1	4
1295	1	0	1
1296	10	9	7
1297	0	0	0
1298	0	0	0
1299	1	3	0
1300	9	11	8
1301	17	21	18
1302	12	10	12
1303	107	121	114
1304	8	12	6
1305	3	3	6
1306	135	117	109
1307	5	5	5
1308	23	21	26
1309	221	187	192
1310	22	18	10
1311	30	31	32
1312	28	19	30
1313	0	0	0
1314	1	2	0
1315	6	4	8
1316	29	31	21
1317	43	41	36
1318	39	47	33
1319	64	52	63
1320	27	20	19
1321	503	513	576
1322	1	4	1
1323	314	240	320
1324	351	394	427
1325	18	14	19
1326	6	6	3
1327	10	7	3
1328	18	13	14
1329	173	186	190
1330	10	9	13
1331	29	26	24
1332	11	10	11
1333	3	9	4
1334	19	22	13
1335	3	6	4
1336	24	28	16
1337	9	4	3
1338	28	30	18
1339	23	33	20
1340	38	47	68
1341	54	66	46
1342	6	3	2
1343	4	3	2
1344	10	9	17
1345	155	138	127
1346	26	44	36
1347	4	7	11
1348	1	1	1
1349	0	0	0
1350	0	0	0
1351	0	0	0
1352	17	13	21
1353	39	63	48
1354	120	101	83
1355	0	0	0
1356	77	82	83
1357	359	386	358
1358	6	9	7
1359	6	8	3
1360	1	1	1
1361	1	3	4
1362	38	54	26
1363	121	130	110
1364	6	5	4
1365	6	7	5
1366	35	21	35
1367	1	1	1
1368	31	28	44
1369	13	10	21
1370	53	30	43
1371	33	28	31
1372	9	14	12
1373	0	0	0
1374	0	0	0
1375	55	32	47
1376	3	3	2
1377	2	4	0
1378	15	17	30
1379	59	77	61
1380	0	0	0
1381	2	1	1
1382	33	32	19
1383	6	10	8
1384	19	16	13
1385	30	20	23
1386	19	16	11
1387	72	54	74
1388	5	1	3
1389	21	21	26
1390	272	285	253
1391	1	2	1
1392	113	122	100
1393	0	2	1
1394	2	16	8
1395	0	0	0
1396	49	54	45
1397	0	0	0
1398	43	58	49
1399	1	4	10
1400	0	0	0
1401	14	10	15
1402	8	7	7
1403	0	0	0
1404	0	0	0
1405	20	16	24
1406	7	4	4
1407	14	14	11
1408	8	14	6
1409	1	0	0
1410	3	4	5
1411	0	0	3
1412	0	0	4
1413	14	17	18
1414	0	0	0
1415	1	0	0
1416	2	1	0
1417	54	55	61
1418	100	103	101
1419	18	14	11
1420	55	49	48
1421	5	10	5
1422	1	1	0
1423	0	0	0
1424	1	0	0
1425	2	1	2
1426	4	4	6
1427	13	10	13
1428	1	7	1
1429	8	9	6
1430	48	91	91
1431	6	12	10
1432	26	31	23
1433	0	0	0
1434	3	5	5
1435	8	7	7
1436	3	1	0
1437	0	0	0
1438	0	0	0
1439	0	0	0
1440	14	13	9
1441	0	1	0
1442	2	2	6
1443	8	7	11
1444	23	23	22
1445	30	28	28
1446	12	11	9
1447	0	0	0
1448	5	15	8
1449	0	0	0
1450	0	0	0
1451	1	4	2
1452	15	11	7
1453	2	7	5
1454	29	31	36
1455	109	125	148
1456	42	27	42
1457	0	0	0
1458	18	12	21
1459	1	1	2
1460	20	13	11
1461	0	0	0
1462	5	6	5
1463	47	58	47
1464	15	11	10
1465	27	19	28
1466	0	0	2
1467	24	18	18
1468	1	2	1
1469	10	8	6
1470	13	11	10
1471	18	14	14
1472	24	10	19
1473	15	15	13
1474	4	3	4
1475	18	20	19
1476	12	11	10
1477	36	24	19
1478	155	155	181
1479	18	9	13
1480	54	48	39
1481	39	45	35
1482	40	31	26
1483	29	13	15
1484	21	16	7
1485	3	0	3
1486	1	1	2
1487	0	0	0
1488	38	29	28
1489	221	203	249
1490	6	4	8
1491	0	0	0
1492	5	4	7
1493	0	1	1
1494	25	27	26
1495	2	2	1
1496	63	38	56
1497	38	45	30
1498	0	0	0
1499	16	11	13
1500	3	6	8
1501	34	32	28
1502	200	184	172
1503	6	3	11
1504	0	1	0
1505	70	78	62
1506	0	0	0
1507	0	0	0
1508	51	51	46
1509	41	20	31
1510	4	2	4
1511	23	17	7
1512	0	0	0
1513	5	2	3
1514	2	2	2
1515	12	13	15
1516	2	1	2
1517	4	3	0
1518	207	181	187
1519	0	0	0
1520	23	22	13
1521	18	13	10
1522	12	13	10
1523	52	44	55
1524	0	0	0
1525	3	1	0
1526	2	3	1
1527	54	41	32
1528	29	16	28
1529	3	1	2
1530	45	45	22
1531	42	55	28
1532	11	12	7
1533	13	11	13
1534	0	5	5
1535	66	85	78
1536	14	10	12
1537	0	1	1
1538	9	17	6
1539	26	37	45
1540	45	28	32
1541	52	86	59
1542	0	0	0
1543	0	0	0
1544	68	75	62
1545	250	270	243
1546	0	0	0
1547	29	25	19
1548	0	0	0
1549	0	0	0
1550	81	84	93
1551	50	34	28
1552	35	38	21
1553	3	2	3
1554	13	10	14
1555	19	24	22
1556	33	34	35
1557	1	0	0
1558	0	3	0
1559	6	4	6
1560	18	17	16
1561	20	29	26
1562	6	10	14
1563	14	22	16
1564	0	1	0
1565	20	28	28
1566	76	73	73
1567	7	6	7
1568	0	0	0
1569	37	29	49
1570	37	38	34
1571	1	3	1
1572	24	30	35
1573	50	63	54
1574	0	2	0
1575	0	8	5
1576	4	5	1
1577	76	86	93
1578	44	36	36
1579	11	6	7
1580	198	187	190
1581	32	26	24
1582	0	0	0
1583	44	30	47
1584	108	118	123
1585	24	15	20
1586	10	8	4
1587	1	0	0
1588	546	569	625
1589	0	0	0
1590	0	0	0
1591	3	3	5
1592	7	9	7
1593	2	1	1
1594	0	0	0
1595	4	1	3
1596	2	9	4
1597	7	3	4
1598	6	6	3
1599	1	0	1
1600	13	14	13
1601	18	15	22
1602	4	3	7
1603	23	22	16
1604	65	54	55
1605	18	25	21
1606	17	13	24
1607	0	1	0
1608	64	63	60
1609	87	82	90
1610	2	0	0
1611	0	0	0
1612	0	0	2
1613	6	4	3
1614	7	3	2
1615	42	51	50
1616	9	11	11
1617	0	0	0
1618	25	27	19
1619	7	7	10
1620	12	6	12
1621	19	16	6
1622	0	0	1
1623	0	0	0
1624	0	1	2
1625	47	46	47
1626	4	8	8
1627	1	0	0
1628	6	3	3
1629	140	130	143
1630	9	10	19
1631	36	33	38
1632	33	33	34
1633	8	10	18
1634	8	3	7
1635	6	3	7
1636	2	1	2
1637	19	16	23
1638	51	58	46
1639	2	3	2
1640	38	21	31
1641	15	14	13
1642	651	661	757
1643	0	0	0
1644	0	1	0
1645	10	5	9
1646	14	22	22
1647	4	1	3
1648	59	58	47
1649	1	0	1
1650	722	652	659
1651	15	14	17
1652	0	1	1
1653	20	28	14
1654	7	12	18
1655	125	124	93
1656	1	4	0
1657	2	3	1
1658	62	45	64
1659	40	36	47
1660	0	1	0
1661	10	11	10
1662	15	17	14
1663	14	12	6
1664	12	16	9
1665	11	10	18
1666	0	0	0
1667	46	52	66
1668	0	0	0
1669	152	127	122
1670	95	74	58
1671	9	8	11
1672	34	27	20
1673	13	13	14
1674	9	5	4
1675	0	3	1
1676	27	27	16
1677	23	27	28
1678	54	39	43
1679	7	4	7
1680	71	59	43
1681	33	23	13
1682	6	7	9
1683	14	26	15
1684	79	80	60
1685	50	54	64
1686	2	3	1
1687	4	4	1
1688	5	0	7
1689	0	0	0
1690	0	5	0
1691	0	0	0
1692	3	2	10
1693	0	0	0
1694	0	0	0
1695	12	7	8
1696	9	4	1
1697	0	0	0
1698	0	0	0
1699	3	4	1
1700	31	26	19
1701	24	15	13
1702	130	126	112
1703	0	0	0
1704	87	83	114
1705	146	130	128
1706	211	228	234
1707	46	40	40
1708	0	1	2
1709	7	5	10
1710	3	1	2
1711	1	0	2
1712	89	70	83
1713	11	11	3
1714	17	13	16
1715	28	35	23
1716	100	95	92
1717	29	29	18
1718	524	522	521
1719	3	5	3
1720	9	2	8
1721	72	61	57
1722	0	0	0
1723	0	0	0
1724	3	5	6
1725	32	28	39
1726	9	11	7
1727	57	53	42
1728	29	14	23
1729	1133	1125	1169
1730	0	0	0
1731	5	14	13
1732	2	2	2
1733	117	128	123
1734	41	41	40
1735	50	46	72
1736	0	1	1
1737	11	9	7
1738	15	5	11
1739	16	20	24
1740	8	8	14
1741	274	268	251
1742	8	9	6
1743	11	11	14
1744	4	4	4
1745	7	6	7
1746	29	34	17
1747	6	5	5
1748	5	3	3
1749	2	1	3
1750	2	1	3
1751	17	15	16
1752	183	214	197
1753	13	14	17
1754	1	1	1
1755	1	1	0
1756	22	19	17
1757	20	27	22
1758	3	10	8
1759	17	19	32
1760	0	0	0
1761	27	47	42
1762	2	2	5
1763	2	1	0
1764	0	0	0
1765	0	0	1
1766	0	0	1
1767	5	4	7
1768	0	0	0
1769	0	0	0
1770	97	87	98
1771	199	165	186
1772	4	8	2
1773	6	6	10
1774	3	3	8
1775	13	12	12
1776	76	108	114
1777	3	7	1
1778	243	275	331
1779	31	42	50
1780	7	5	4
1781	344	309	331
1782	331	313	392
1783	34	22	16
1784	69	69	72
1785	10	6	6
1786	0	0	0
1787	67	89	68
1788	75	50	58
1789	11	6	8
1790	8	7	2
1791	6	3	7
1792	3	3	4
1793	0	1	0
1794	2	0	1
1795	17	20	10
1796	224	250	185
1797	605	566	545
1798	18	11	6
1799	2	4	1
1800	1	2	0
1801	10	11	8
1802	6	5	1
1803	100	102	91
1804	15	12	12
1805	352	384	337
1806	4	7	8
1807	64	61	49
1808	3	4	1
1809	78	84	75
1810	7	9	6
1811	0	0	0
1812	13	10	17
1813	0	3	1
1814	18	15	15
1815	10	8	9
1816	1	10	3
1817	1	5	8
1818	6	8	6
1819	0	0	0
1820	2	2	1
1821	4	2	2
1822	120	129	143
1823	164	157	182
1824	20	29	22
1825	4	5	2
1826	13	20	14
1827	5	4	5
1828	77	66	99
1829	5	5	5
1830	2	1	2
1831	4	7	5
1832	10	19	13
1833	0	1	1
1834	23	23	19
1835	70	50	55
1836	3	4	1
1837	45	33	30
1838	52	44	47
1839	3	1	3
1840	2	3	2
1841	36	29	23
1842	30	17	26
1843	31	24	15
1844	28	29	29
1845	7	4	9
1846	3	1	2
1847	30	31	31
1848	13	4	7
1849	0	0	1
1850	1	0	2
1851	122	90	115
1852	12	12	9
1853	2	3	3
1854	111	120	87
1855	24	14	16
1856	0	1	3
1857	1	1	0
1858	24	19	18
1859	6	9	5
1860	3	2	5
1861	74	59	61
1862	10	15	14
1863	2	4	5
1864	3	5	6
1865	0	4	1
1866	86	85	87
1867	2	0	0
1868	148	202	143
1869	1	11	10
1870	83	98	61
1871	10	23	13
1872	54	67	66
1873	10	9	11
1874	26	20	17
1875	2	4	6
1876	7	7	6
1877	39	36	50
1878	16	10	15
1879	5	16	10
1880	12	9	18
1881	178	182	162
1882	24	43	47
1883	8	6	3
1884	9	3	9
1885	60	40	37
1886	61	63	63
1887	4	4	2
1888	1	1	0
1889	12	11	11
1890	19	8	7
1891	7	4	6
1892	0	1	0
1893	0	2	0
1894	37	34	42
1895	0	0	0
1896	37	44	33
1897	51	62	54
1898	2	2	1
1899	8	7	9
1900	0	3	1
1901	4	1	2
1902	4	5	1
1903	8	4	5
1904	0	0	0
1905	6	11	6
1906	24	26	26
1907	7	8	7
1908	9	8	12
1909	0	0	1
1910	1	1	1
1911	32	28	21
1912	109	127	73
1913	33	30	40
1914	23	25	38
1915	3	0	1
1916	5	4	13
1917	0	0	0
1918	71	46	71
1919	2	0	0
1920	19	29	30
1921	0	0	0
1922	36	34	30
1923	70	58	63
1924	13	12	24
1925	1	6	7
1926	33	40	40
1927	6	8	10
1928	73	56	62
1929	2	2	1
1930	1	0	1
1931	3	7	1
1932	13	10	8
1933	1	2	7
1934	34	23	16
1935	67	42	27
1936	3	5	1
1937	1	0	0
1938	0	0	0
1939	144	152	145
1940	0	0	2
1941	64	125	93
1942	47	32	26
1943	0	2	1
1944	6	6	5
1945	2	3	2
1946	6	8	5
1947	15	5	11
1948	6	8	6
1949	7	0	6
1950	1	0	0
1951	1	5	5
1952	51	55	55
1953	0	2	1
1954	2	0	3
1955	0	0	0
1956	34	19	16
1957	0	0	0
1958	4	4	2
1959	0	0	0
1960	199	173	244
1961	29	27	20
1962	17	9	8
1963	25	35	31
1964	6	6	6
1965	7	5	1
1966	1	0	4
1967	1	1	0
1968	0	2	1
1969	81	80	77
1970	61	62	53
1971	0	2	2
1972	4	1	2
1973	5	3	5
1974	14	6	14
1975	4	3	2
1976	3	3	4
1977	56	35	44
1978	15	15	27
1979	59	80	51
1980	0	0	0
1981	19	19	14
1982	60	49	49
1983	2	4	3
1984	6	6	4
1985	2	8	3
1986	10	5	4
1987	4	4	2
1988	0	0	1
1989	0	4	2
1990	3	3	2
1991	9	13	9
1992	104	87	82
1993	0	0	0
1994	1	0	1
1995	33	31	40
1996	86	72	69
1997	6	6	6
1998	21	22	18
1999	20	15	16
2000	10	8	2
2001	0	0	5
2002	3	2	4
2003	24	20	14
2004	23	14	15
2005	11	14	9
2006	4	4	3
2007	115	128	106
2008	6	4	5
2009	7	8	2
2010	21	30	19
2011	0	1	0
2012	63	81	64
2013	4	3	7
2014	27	29	22
2015	7	2	7
2016	14	8	11
2017	0	2	0
2018	0	0	0
2019	0	2	5
2020	3	5	0
2021	0	0	1
2022	25	17	15
2023	7	2	1
2024	61	66	56
2025	17	17	25
2026	83	78	65
2027	38	30	36
2028	101	102	82
2029	68	60	50
2030	14	6	14
2031	222	212	235
2032	50	36	41
2033	4	6	1
2034	4	3	8
2035	15	15	7
2036	11	13	11
2037	11	5	2
2038	13	16	12
2039	17	14	15
2040	45	37	45
2041	57	40	43
2042	34	25	44
2043	8	12	12
2044	5	3	1
2045	4	2	5
2046	0	0	0
2047	9	0	5
2048	17	25	23
2049	189	186	141
2050	1	0	2
2051	1	0	0
2052	17	15	21
2053	91	74	41
2054	57	44	71
2055	0	0	0
2056	0	0	0
2057	4	5	2
2058	14	15	12
2059	40	40	40
2060	90	63	86
2061	11	7	14
2062	4	0	7
2063	0	0	0
2064	0	0	0
2065	7	6	5
2066	27	19	21
2067	474	444	383
2068	1	2	0
2069	1	1	0
2070	0	0	0
2071	0	1	0
2072	6	4	2
2073	17	31	19
2074	4	0	2
2075	29	12	27
2076	0	0	0
2077	1	5	3
2078	0	0	0
2079	3	5	4
2080	22	16	16
2081	10	7	17
2082	1	3	5
2083	1	0	2
2084	105	102	55
2085	8	14	8
2086	9	10	17
2087	127	107	103
2088	1	3	4
2089	85	85	83
2090	204	181	191
2091	16	11	8
2092	0	0	0
2093	190	186	176
2094	1	0	0
2095	0	1	0
2096	5	3	3
2097	3	0	4
2098	0	1	0
2099	1	2	1
2100	3	8	8
2101	10	5	6
2102	4	3	6
2103	25	36	38
2104	0	0	0
2105	1	0	1
2106	0	0	0
2107	137	122	159
2108	5	8	3
2109	1	1	0
2110	0	0	0
2111	47	40	53
2112	0	0	0
2113	10	15	16
2114	5	4	5
2115	0	0	2
2116	9	10	7
2117	20	16	15
2118	1	4	2
2119	0	0	0
2120	0	0	0
2121	0	0	0
2122	457	443	473
2123	11	17	10
2124	2	1	0
2125	0	0	0
2126	2	1	1
2127	0	0	0
2128	138	113	92
2129	0	0	0
2130	2	4	6
2131	138	126	128
2132	9	13	9
2133	68	67	65
2134	2	0	1
2135	0	0	0
2136	60	49	59
2137	13	6	17
2138	36	53	42
2139	27	35	32
2140	22	25	26
2141	0	0	0
2142	319	312	358
2143	7	8	14
2144	15	19	23
2145	11	8	7
2146	139	120	134
2147	0	0	0
2148	33	22	33
2149	3	1	6
2150	22	23	22
2151	8	12	10
2152	0	0	0
2153	1	1	5
2154	18	16	15
2155	60	53	55
2156	35	32	41
2157	11	7	6
2158	0	0	0
2159	747	752	678
2160	0	1	0
2161	15	20	21
2162	32	21	15
2163	7	6	13
2164	49	48	48
2165	0	0	0
2166	4	2	2
2167	4	2	7
2168	1	1	6
2169	39	59	48
2170	9	2	9
2171	0	0	0
2172	0	0	0
2173	3	2	2
2174	3	10	2
2175	49	70	52
2176	6	6	7
2177	2	0	3
2178	1	0	0
2179	3	4	2
2180	0	0	0
2181	4	4	3
2182	8	4	6
2183	4	7	5
2184	1	2	3
2185	65	56	58
2186	1	0	2
2187	175	221	199
2188	5	1	7
2189	72	65	68
2190	3	2	4
2191	0	0	0
2192	64	53	48
2193	0	0	0
2194	0	1	0
2195	35	28	25
2196	6	8	6
2197	1	3	4
2198	3	12	6
2199	6	1	1
2200	1	0	1
2201	64	64	66
2202	3	2	2
2203	3	2	1
2204	4	1	2
2205	47	36	41
2206	1	0	0
2207	0	2	1
2208	20	16	14
2209	0	3	2
2210	416	432	436
2211	0	0	0
2212	0	0	0
2213	6	9	6
2214	19	33	19
2215	16	24	14
2216	41	32	40
2217	9	2	9
2218	14	12	7
2219	25	15	16
2220	312	278	309
2221	9	9	7
2222	8	12	9
2223	3	6	1
2224	5	1	1
2225	8	9	9
2226	40	44	45
2227	28	31	20
2228	8	11	8
2229	7	5	3
2230	11	14	8
2231	15	7	7
2232	1	0	0
2233	1	4	2
2234	3	5	4
2235	3	5	5
2236	3	1	0
2237	26	21	16
2238	90	96	85
2239	61	62	37
2240	4	3	2
2241	14	21	7
2242	19	16	14
2243	1	0	1
2244	7	6	12
2245	118	81	95
2246	9	5	9
2247	59	70	56
2248	34	28	28
2249	8	9	16
2250	9	9	7
2251	6	6	2
2252	13	10	3
2253	0	0	0
2254	0	0	1
2255	0	1	1
2256	5	3	9
2257	2	1	4
2258	0	0	0
2259	0	3	0
2260	23	12	16
2261	2	1	0
2262	6	2	4
2263	8	6	7
2264	2	7	4
2265	0	0	3
2266	58	42	42
2267	42	31	43
2268	26	23	21
2269	12	8	13
2270	9	10	7
2271	2	4	3
2272	179	192	143
2273	0	0	0
2274	9	5	7
2275	0	2	3
2276	51	54	58
2277	59	64	56
2278	1	0	4
2279	0	0	0
2280	7	22	6
2281	110	110	88
2282	16	7	12
2283	60	48	75
2284	17	16	18
2285	3	2	2
2286	4	1	2
2287	0	0	0
2288	1	2	3
2289	4	2	3
2290	0	0	0
2291	22	23	12
2292	3	1	1
2293	34	61	43
2294	25	21	21
2295	12	9	6
2296	3	7	7
2297	139	150	101
2298	10	10	10
2299	115	108	145
2300	14	14	16
2301	136	116	140
2302	1	0	0
2303	11	17	12
2304	0	0	0
2305	0	0	0
2306	4	4	5
2307	7	11	12
2308	27	17	20
2309	4	4	4
2310	22	17	18
2311	46	37	34
2312	1	0	0
2313	13	6	14
2314	5	4	11
2315	13	10	9
2316	54	59	48
2317	1	1	1
2318	248	254	268
2319	4	2	2
2320	70	66	68
2321	3	2	5
2322	11	7	14
2323	4	1	1
2324	17	10	6
2325	512	427	442
2326	3	1	0
2327	5	2	1
2328	1	1	0
2329	49	56	47
2330	13	19	19
2331	31	31	21
2332	16	13	14
2333	14	11	19
2334	233	220	193
2335	16	7	8
2336	0	0	0
2337	51	44	41
2338	33	24	19
2339	31	20	25
2340	8	3	4
2341	0	0	0
2342	11	9	1
2343	6	7	5
2344	32	32	16
2345	0	0	0
2346	7	4	7
2347	156	105	102
2348	28	27	20
2349	51	55	51
2350	0	0	0
2351	0	0	0
2352	7	7	9
2353	82	65	60
2354	356	386	353
2355	12	32	13
2356	71	68	44
2357	0	0	0
2358	187	164	175
2359	0	0	0
2360	0	0	0
2361	17	20	20
2362	10	3	10
2363	4	7	3
2364	0	0	0
2365	21	19	24
2366	0	0	0
2367	1	1	0
2368	0	0	0
2369	48	56	40
2370	173	211	157
2371	25	28	19
2372	85	77	62
2373	38	36	28
2374	38	30	37
2375	17	7	11
2376	1	1	1
2377	0	2	2
2378	40	52	42
2379	35	35	28
2380	5	6	6
2381	6	8	6
2382	71	51	78
2383	7	1	6
2384	1	3	2
2385	5	4	2
2386	0	0	0
2387	39	29	30
2388	0	0	1
2389	0	0	0
2390	152	146	158
2391	36	43	41
2392	16	19	19
2393	5	8	8
2394	18	17	19
2395	4	1	2
2396	7	8	5
2397	2	2	0
2398	5	12	11
2399	4	3	3
2400	84	90	85
2401	31	34	17
2402	157	174	196
2403	5	7	5
2404	3	0	1
2405	0	0	0
2406	4	1	1
2407	1	3	0
2408	19	19	15
2409	8	15	13
2410	0	2	0
2411	18	23	21
2412	2	3	1
2413	54	60	43
2414	22	31	18
2415	11	11	13
2416	40	27	41
2417	749	816	851
2418	44	34	36
2419	5	5	5
2420	17	9	16
2421	24	17	24
2422	6	9	3
2423	11	16	18
2424	16	11	7
2425	9	10	10
2426	13	13	7
2427	12	22	27
2428	11	10	10
2429	332	329	365
2430	13	14	15
2431	109	102	111
2432	8	6	5
2433	2	2	4
2434	18	11	17
2435	3	2	3
2436	0	0	0
2437	7	11	7
2438	6	4	5
2439	0	2	5
2440	41	38	48
2441	0	0	0
2442	532	535	525
2443	4	4	6
2444	14	17	13
2445	1	0	0
2446	0	0	0
2447	0	0	1
2448	6	3	2
2449	35	36	34
2450	10	7	9
2451	6	2	4
2452	8	8	4
2453	6	2	2
2454	1	0	1
2455	18	18	16
2456	2	3	4
2457	55	38	57
2458	17	16	19
2459	3	7	6
2460	33	31	21
2461	135	115	87
2462	9	13	4
2463	2	3	0
2464	0	1	0
2465	96	102	87
2466	4	5	3
2467	2	1	0
2468	14	10	21
2469	25	20	24
2470	3	1	3
2471	30	34	20
2472	4	0	2
2473	129	149	175
2474	6	13	9
2475	0	0	0
2476	35	33	29
2477	5	9	7
2478	6	10	14
2479	2	3	0
2480	19	22	18
2481	0	1	1
2482	62	38	40
2483	18	17	11
2484	0	1	3
2485	9	9	2
2486	161	138	157
2487	35	40	33
2488	20	23	18
2489	41	81	79
2490	41	33	38
2491	0	0	0
2492	17	11	24
2493	42	42	45
2494	2	3	1
2495	13	7	8
2496	11	16	13
2497	9	11	11
2498	41	36	50
2499	2	3	1
2500	18	31	23
2501	0	0	0
2502	8	9	8
2503	10	9	16
2504	4	1	0
2505	14	13	15
2506	31	46	29
2507	75	54	68
2508	82	62	95
2509	3	5	3
2510	0	0	0
2511	22	16	19
2512	71	73	67
2513	3	6	7
2514	1	1	1
2515	46	38	42
2516	79	66	44
2517	76	61	77
2518	6	2	5
2519	18	9	12
2520	30	33	39
2521	107	92	111
2522	2	5	1
2523	65	41	42
2524	3	3	1
2525	3	4	2
2526	0	0	1
2527	1	1	0
2528	13	6	10
2529	3	5	5
2530	1	1	0
2531	0	1	3
2532	117	97	139
2533	107	90	98
2534	0	0	0
2535	118	115	156
2536	15	27	12
2537	94	113	86
2538	0	0	0
2539	0	0	0
2540	4	5	4
2541	8	5	9
2542	2	2	5
2543	134	131	186
2544	4	7	10
2545	40	36	39
2546	6	2	2
2547	116	92	119
2548	93	101	99
2549	5	11	5
2550	26	20	33
2551	156	127	141
2552	0	0	0
2553	17	13	16
2554	7	4	7
2555	62	92	54
2556	10	11	7
2557	0	0	0
2558	59	60	54
2559	0	0	0
2560	53	47	58
2561	10	7	3
2562	1	2	0
2563	9	10	7
2564	13	21	19
2565	0	1	1
2566	0	0	0
2567	239	226	247
2568	0	0	0
2569	29	46	28
2570	26	34	18
2571	19	25	20
2572	28	26	37
2573	33	26	22
2574	1	2	0
2575	0	0	2
2576	1	1	1
2577	272	207	265
2578	15	19	17
2579	158	142	136
2580	14	36	20
2581	0	0	0
2582	0	1	1
2583	1	1	4
2584	1	2	0
2585	17	13	9
2586	0	0	0
2587	4	1	2
2588	81	78	80
2589	8	4	9
2590	4	0	3
2591	3	5	7
2592	0	3	1
2593	7	4	7
2594	0	0	0
2595	8	10	17
2596	17	17	8
2597	4	2	2
2598	32	53	20
2599	8	2	3
2600	4	2	1
2601	0	0	0
2602	59	45	37
2603	5	3	5
2604	157	159	155
2605	0	0	0
2606	0	0	0
2607	0	2	1
2608	4	2	3
2609	103	96	94
2610	12	7	7
2611	2	1	1
2612	0	2	4
2613	0	0	0
2614	0	0	1
2615	0	0	0
2616	2	5	3
2617	1	3	0
2618	22	12	9
2619	0	0	1
2620	14	15	19
2621	39	37	22
2622	88	73	83
2623	5	6	16
2624	1	0	0
2625	0	0	0
2626	0	0	0
2627	1	0	0
2628	0	0	0
2629	12	9	6
2630	41	35	33
2631	1	0	2
2632	0	4	1
2633	10	5	4
2634	5	5	3
2635	4	11	7
2636	16	23	28
2637	4	3	2
2638	0	0	1
2639	0	3	1
2640	0	0	0
2641	38	32	30
2642	4	5	5
2643	29	26	21
2644	7	5	18
2645	3	3	0
2646	1	0	2
2647	0	0	2
2648	1	1	2
2649	48	47	31
2650	80	68	74
2651	0	11	2
2652	12	19	16
2653	9	9	6
2654	24	22	21
2655	5	1	4
2656	5	7	4
2657	25	35	16
2658	21	7	14
2659	3	2	6
2660	0	0	0
2661	4	4	0
2662	6	9	8
2663	4	6	5
2664	22	21	15
2665	59	64	87
2666	4	1	3
2667	20	15	7
2668	10	9	5
2669	4	3	2
2670	11	15	6
2671	4	3	2
2672	0	0	0
2673	0	0	0
2674	18	23	16
2675	27	24	18
2676	0	0	0
2677	10	9	3
2678	7	6	5
2679	14	20	12
2680	0	0	0
2681	0	0	0
2682	20	17	16
2683	0	0	0
2684	0	0	0
2685	0	0	0
2686	0	0	0
2687	0	0	0
2688	83	74	56
2689	23	23	16
2690	11	17	12
2691	15	12	11
2692	0	0	0
2693	26	22	27
2694	0	0	0
2695	30	30	31
2696	0	3	0
2697	10	5	9
2698	1	1	2
2699	27	29	26
2700	0	0	0
2701	7	16	4
2702	43	41	40
2703	11	10	8
2704	9	12	5
2705	7	2	4
2706	10	11	12
2707	10	11	11
2708	1	1	1
2709	12	25	11
2710	8	13	27
2711	45	37	22
2712	15	15	17
2713	16	22	35
2714	2	4	0
2715	31	13	33
2716	0	1	0
2717	0	0	0
2718	4	3	0
2719	5	6	3
2720	8	9	6
2721	0	0	0
2722	36	28	31
2723	12	19	11
2724	186	164	223
2725	185	219	242
2726	0	0	0
2727	22	31	23
2728	1	3	0
2729	11	18	13
2730	67	52	60
2731	0	0	0
2732	1	1	0
2733	4	5	3
2734	0	0	0
2735	0	0	0
2736	0	0	0
2737	17	19	16
2738	13	18	15
2739	4	6	5
2740	5	10	5
2741	3	9	9
2742	58	58	44
2743	119	127	100
2744	0	0	0
2745	4	4	5
2746	0	2	0
2747	12	12	10
2748	0	0	0
2749	16	9	20
2750	35	40	30
2751	6	5	8
2752	4	7	6
2753	16	14	13
2754	17	26	10
2755	22	19	17
2756	102	104	87
2757	0	0	0
2758	0	0	0
2759	20	20	18
2760	39	35	39
2761	0	0	0
2762	22	17	12
2763	311	268	254
2764	38	15	19
2765	13	16	7
2766	3	2	0
2767	12	12	9
2768	8	10	4
2769	549	538	584
2770	0	0	0
2771	2	6	5
2772	64	47	47
2773	2	2	1
2774	1	3	4
2775	4	5	2
2776	21	18	11
2777	0	0	0
2778	0	1	0
2779	378	336	386
2780	210	187	157
2781	21	12	16
2782	14	5	12
2783	0	0	0
2784	4	4	3
2785	1	0	0
2786	4	4	9
2787	6	3	3
2788	86	75	81
2789	23	14	19
2790	10	2	8
2791	6	4	3
2792	7	10	4
2793	465	506	481
2794	63	76	82
2795	347	415	381
2796	0	0	0
2797	59	65	57
2798	0	0	0
2799	8	11	9
2800	24	15	18
2801	224	216	186
2802	14	10	6
2803	5	7	6
2804	22	16	12
2805	1	2	2
2806	25	17	31
2807	713	701	773
2808	19	15	19
2809	157	169	152
2810	13	11	21
2811	40	32	30
2812	8	6	6
2813	13	10	15
2814	3	3	4
2815	0	1	0
2816	8	9	9
2817	8	6	9
2818	0	0	0
2819	1	3	2
2820	138	136	166
2821	22	16	9
2822	12	16	22
2823	0	0	0
2824	24	27	26
2825	39	41	42
2826	136	141	135
2827	7	8	2
2828	1	1	2
2829	14	7	8
2830	1587	1426	1524
2831	194	184	192
2832	143	136	124
2833	0	0	0
2834	104	80	90
2835	12	11	7
2836	14	3	9
2837	29	22	19
2838	6	3	8
2839	3	1	2
2840	198	190	219
2841	33	24	24
2842	0	0	2
2843	1	2	0
2844	51	45	43
2845	6	10	12
2846	1016	955	909
2847	8	2	1
2848	4	6	1
2849	0	1	1
2850	38	31	33
2851	7	8	8
2852	8	4	6
2853	16	13	12
2854	4	4	5
2855	12	15	16
2856	17	16	16
2857	10	8	8
2858	82	87	93
2859	4	5	8
2860	1	1	1
2861	5	2	3
2862	13	7	18
2863	4	5	2
2864	1	0	0
2865	10	4	7
2866	1	1	0
2867	9	12	10
2868	0	1	0
2869	0	0	0
2870	0	0	0
2871	160	143	158
2872	0	0	0
2873	10	7	11
2874	148	187	142
2875	36	45	38
2876	16	19	11
2877	117	112	102
2878	14	9	6
2879	0	0	0
2880	1	3	3
2881	5	8	5
2882	14	24	15
2883	0	4	4
2884	17	23	14
2885	10	7	7
2886	13	14	12
2887	0	0	0
2888	1	4	2
2889	15	13	20
2890	48	61	61
2891	23	36	25
2892	2	3	1
2893	8	2	6
2894	18	16	11
2895	20	13	22
2896	20	26	21
2897	8	4	2
2898	5	9	5
2899	46	29	26
2900	24	27	34
2901	0	1	0
2902	4	0	2
2903	42	26	24
2904	128	124	116
2905	39	44	31
2906	213	229	207
2907	0	0	0
2908	3	3	4
2909	12	17	13
2910	34	36	42
2911	16	12	19
2912	5	8	2
2913	77	56	75
2914	6	6	6
2915	23	16	12
2916	1	2	2
2917	13	25	13
2918	12	12	12
2919	3	4	5
2920	0	0	0
2921	4	6	5
2922	2	3	2
2923	42	38	56
2924	0	0	0
2925	21	30	28
2926	5	7	0
2927	76	48	75
2928	8	6	4
2929	10	12	6
2930	7	11	9
2931	17	12	16
2932	90	91	69
2933	100	75	62
2934	10	10	8
2935	39	41	49
2936	7	11	4
2937	0	2	1
2938	34	24	44
2939	40	28	22
2940	77	92	58
2941	15	17	12
2942	4	5	5
2943	1	3	1
2944	25	25	26
2945	27	29	17
2946	97	121	88
2947	1	1	0
2948	14	13	17
2949	3	5	7
2950	0	2	2
2951	138	110	137
2952	0	0	0
2953	7	5	1
2954	1	0	2
2955	3	0	1
2956	5	4	7
2957	15	24	8
2958	4	2	4
2959	0	1	1
2960	3	3	6
2961	4	10	5
2962	24	19	14
2963	26	24	26
2964	28	29	21
2965	2	2	2
2966	7	8	7
2967	0	0	0
2968	2	3	0
2969	4	1	3
2970	10	11	6
2971	24	23	26
2972	26	36	33
2973	94	89	77
2974	0	0	0
2975	27	30	30
2976	27	21	35
2977	40	59	37
2978	13	4	8
2979	0	0	0
2980	0	0	1
2981	0	0	3
2982	10	6	4
2983	51	34	28
2984	59	60	50
2985	1	2	0
2986	0	0	0
2987	176	163	149
2988	0	0	1
2989	16	26	21
2990	4	4	1
2991	12	15	11
2992	5	4	1
2993	0	0	0
2994	11	7	5
2995	20	16	19
2996	14	9	12
2997	3	2	6
2998	107	95	98
2999	4	3	7
3000	453	425	426
3001	7	7	6
3002	4	1	4
3003	3	1	11
3004	13	23	22
3005	1	0	0
3006	1	2	4
3007	23	23	19
3008	23	20	12
3009	36	50	49
3010	1	3	2
3011	15	9	16
3012	25	13	6
3013	64	56	74
3014	2	1	1
3015	39	35	25
3016	26	25	22
3017	10	10	9
3018	8	1	4
3019	9	9	5
3020	27	29	32
3021	0	0	0
3022	32	26	28
3023	102	106	82
3024	90	86	82
3025	5	6	2
3026	23	17	30
3027	50	27	45
3028	701	734	716
3029	61	53	51
3030	0	0	0
3031	4	0	1
3032	9	5	6
3033	10	5	6
3034	9	7	7
3035	7	9	10
3036	6	5	12
3037	24	19	16
3038	81	97	82
3039	54	65	65
3040	6	6	3
3041	24	24	21
3042	4	5	0
3043	107	99	81
3044	3	2	0
3045	13	10	11
3046	14	16	11
3047	41	43	33
3048	2	1	4
3049	13	23	14
3050	151	198	136
3051	1	1	0
3052	2	0	3
3053	0	1	0
3054	28	22	25
3055	40	44	38
3056	11	4	9
3057	55	65	56
3058	7	12	10
3059	6	9	21
3060	13	15	10
3061	15	9	9
3062	47	59	43
3063	3	2	4
3064	11	14	12
3065	35	36	31
3066	7	10	7
3067	71	66	48
3068	66	88	78
3069	0	0	0
3070	10	8	6
3071	49	59	56
3072	5	2	3
3073	5	11	8
3074	20	13	17
3075	7	3	5
3076	6	2	0
3077	0	0	0
3078	4	11	3
3079	10	8	7
3080	4	4	1
3081	6	3	4
3082	5	6	9
3083	18	26	11
3084	32	37	23
3085	0	0	0
3086	4	7	5
3087	92	91	80
3088	83	47	67
3089	67	71	66
3090	35	24	13
3091	21	14	25
3092	313	304	245
3093	3	6	9
3094	3	4	0
3095	46	59	57
3096	1	0	0
3097	0	0	0
3098	28	20	27
3099	3	3	1
3100	0	1	1
3101	0	0	0
3102	68	73	82
3103	21	26	21
3104	118	96	133
3105	8	4	5
3106	9	10	7
3107	0	0	0
3108	6	3	4
3109	2	2	4
3110	144	136	151
3111	7	25	8
3112	11	10	13
3113	0	0	0
3114	18	12	9
3115	372	396	437
3116	41	36	41
3117	0	0	0
3118	62	69	57
3119	50	44	44
3120	8	2	10
3121	16	15	12
3122	30	25	22
3123	18	10	7
3124	2	3	5
3125	124	130	83
3126	9	3	12
3127	23	24	31
3128	88	98	83
3129	22	16	21
3130	28	22	29
3131	0	0	1
3132	0	1	0
3133	0	0	0
3134	43	45	28
3135	76	76	58
3136	1	0	0
3137	14	18	17
3138	24	17	16
3139	228	242	203
3140	3	4	1
3141	0	0	0
3142	184	179	204
3143	9	6	6
3144	57	64	52
3145	1	3	1
3146	43	51	43
3147	59	43	33
3148	3	2	0
3149	0	2	0
3150	15	15	18
3151	1	0	2
3152	17	23	22
3153	54	57	55
3154	7	5	12
3155	1	4	0
3156	30	34	43
3157	8	4	6
3158	22	32	23
3159	0	0	0
3160	1	0	2
3161	7	4	12
3162	7	12	8
3163	17	8	14
3164	27	23	32
3165	66	56	62
3166	1	6	3
3167	10	7	9
3168	50	39	25
3169	10	9	7
3170	0	0	0
3171	11	16	10
3172	0	0	0
3173	1	1	2
3174	18	15	27
3175	135	161	178
3176	21	25	18
3177	7	5	5
3178	5	4	3
3179	1	3	7
3180	25	20	13
3181	1993	1949	2340
3182	0	0	0
3183	1	0	0
3184	2	2	0
3185	7	5	3
3186	105	88	81
3187	59	65	46
3188	291	323	313
3189	0	1	0
3190	142	150	134
3191	2	1	1
3192	5	1	2
3193	4	3	1
3194	4	2	1
3195	5	4	10
3196	32	28	31
3197	2	3	2
3198	0	1	0
3199	62	57	50
3200	22	25	12
3201	1	0	0
3202	1	0	2
3203	7	5	5
3204	5	9	6
3205	21	14	14
3206	2580	2499	2427
3207	16	14	14
3208	167	168	122
3209	131	124	133
3210	45	38	31
3211	0	2	0
3212	0	0	0
3213	10	12	13
3214	13	24	22
3215	33	39	26
3216	0	0	1
3217	4	8	5
3218	279	261	223
3219	130	131	112
3220	19	28	20
3221	13	16	13
3222	129	113	131
3223	4	2	2
3224	3	5	1
3225	222	281	215
3226	18	20	15
3227	7	0	8
3228	220	176	202
3229	118	89	78
3230	1	1	1
3231	16	18	8
3232	40	19	23
3233	107	97	108
3234	16	17	9
3235	4	2	8
3236	9	7	5
3237	16	24	26
3238	49	51	54
3239	204	212	219
3240	40	46	39
3241	1	0	0
3242	529	518	431
3243	4	4	9
3244	18	9	18
3245	20	20	8
3246	42	37	30
3247	0	0	1
3248	28	21	25
3249	4	2	5
3250	3	4	5
3251	0	0	0
3252	0	0	1
3253	38	33	42
3254	32	24	27
3255	11	16	13
3256	33	35	30
3257	17	8	9
3258	2	1	8
3259	12	14	9
3260	0	0	0
3261	21	13	14
3262	18	10	10
3263	1	4	0
3264	94	103	104
3265	0	0	0
3266	110	97	84
3267	3	13	4
3268	11	11	12
3269	10	12	8
3270	0	1	2
3271	56	51	88
3272	253	297	285
3273	2	1	2
3274	0	1	0
3275	7	3	11
3276	2	1	1
3277	4	2	2
3278	13	15	10
3279	15	15	20
3280	1	0	0
3281	1	1	1
3282	84	60	87
3283	5	7	2
3284	5	6	1
3285	1	0	0
3286	0	0	0
3287	1	1	0
3288	1	0	0
3289	0	0	0
3290	0	0	0
3291	5	6	3
3292	12	14	27
3293	474	474	499
3294	15	12	13
3295	41	38	26
3296	12	21	16
3297	56	52	38
3298	10	4	4
3299	1	1	0
3300	1	4	1
3301	1	2	4
3302	98	99	130
3303	76	108	128
3304	18	26	15
3305	22	11	16
3306	10	11	8
3307	119	120	110
3308	13	11	15
3309	2	3	5
3310	0	1	0
3311	17	17	14
3312	0	2	0
3313	72	72	66
3314	32	26	25
3315	10	16	14
3316	56	51	31
3317	53	51	70
3318	9	7	5
3319	57	73	55
3320	0	0	0
3321	11	7	4
3322	1	1	1
3323	17	23	17
3324	96	95	125
3325	0	0	2
3326	6	4	5
3327	12	10	11
3328	46	40	34
3329	0	0	0
3330	8	3	9
3331	0	2	1
3332	20	19	18
3333	5	9	5
3334	4	5	9
3335	3	1	2
3336	10	8	18
3337	3	0	2
3338	14	12	23
3339	6	6	11
3340	146	129	157
3341	297	284	280
3342	19	33	16
3343	1	0	0
3344	591	546	501
3345	10	11	10
3346	43	22	41
3347	37	38	31
3348	288	268	291
3349	15	18	12
3350	33	21	23
3351	5	6	10
3352	25	11	10
3353	0	0	0
3354	307	313	322
3355	0	3	1
3356	63	53	49
3357	165	160	157
3358	120	95	116
3359	0	1	0
3360	0	1	0
3361	34	39	34
3362	90	98	80
3363	39	17	15
3364	10	12	12
3365	19	24	25
3366	107	109	91
3367	24	23	37
3368	0	0	0
3369	150	146	136
3370	84	94	69
3371	14	24	19
3372	3	4	6
3373	72	46	49
3374	0	0	0
3375	21	23	20
3376	120	145	128
3377	4	1	3
3378	2	0	0
3379	0	0	0
3380	0	0	0
3381	95	95	129
3382	87	88	103
3383	48	50	35
3384	0	0	0
3385	0	0	0
3386	13	13	14
3387	4	1	1
3388	0	0	0
3389	0	3	2
3390	20	20	19
3391	1	0	1
3392	20	10	17
3393	33	30	31
3394	24	38	27
3395	38	23	30
3396	0	0	0
3397	331	275	387
3398	22	23	16
3399	0	0	0
3400	0	0	0
3401	0	0	0
3402	0	0	0
3403	0	0	0
3404	0	0	0
3405	2	0	0
3406	3	2	3
3407	1	5	1
3408	105	105	108
3409	75	57	61
3410	1	0	0
3411	19	17	8
3412	72	60	65
3413	2	5	2
3414	2	3	0
3415	1	1	0
3416	14	7	6
3417	1	0	0
3418	9	9	13
3419	0	0	0
3420	1	0	2
3421	12	11	14
3422	29	33	36
3423	14	9	7
3424	0	0	0
3425	59	63	56
3426	71	57	65
3427	14	12	12
3428	231	233	201
3429	10	9	12
3430	0	3	3
3431	114	101	63
3432	6	16	10
3433	38	39	29
3434	5	4	4
3435	8	8	6
3436	0	2	2
3437	70	85	59
3438	4	3	11
3439	10	10	11
3440	22	13	19
3441	154	161	172
3442	0	0	0
3443	52	87	43
3444	1	0	0
3445	0	4	4
3446	15	12	11
3447	0	0	0
3448	1	1	0
3449	0	0	0
3450	0	0	0
3451	0	0	0
3452	0	0	0
3453	10	7	11
3454	144	133	147
3455	3	1	3
3456	51	50	29
3457	7	9	6
3458	0	0	0
3459	84	72	111
3460	46	45	52
3461	20	26	25
3462	11	10	18
3463	0	0	0
3464	0	0	0
3465	18	20	23
3466	0	4	1
3467	0	1	2
3468	102	97	87
3469	5	3	7
3470	34	47	39
3471	0	0	0
3472	10	7	8
3473	28	22	16
3474	3	2	0
3475	3	9	7
3476	43	38	48
3477	48	66	70
3478	9	3	6
3479	25	38	25
3480	1	0	0
3481	39	45	29
3482	1	0	2
3483	77	70	61
3484	0	0	0
3485	44	36	44
3486	12	12	10
3487	42	15	26
3488	162	135	142
3489	8	7	4
3490	120	100	119
3491	0	0	0
3492	487	438	528
3493	25	19	71
3494	92	81	77
3495	315	258	305
3496	18	17	10
3497	9	6	8
3498	6	7	8
3499	1	1	2
3500	201	191	185
3501	13	7	11
3502	31	35	16
3503	6	5	10
3504	0	0	0
3505	2	0	0
3506	6	8	8
3507	48	34	49
3508	5	10	9
3509	179	156	237
3510	16	17	6
3511	29	26	23
3512	60	64	49
3513	25	9	7
3514	9	10	8
3515	1	6	3
3516	29	35	37
3517	1	0	2
3518	13	10	10
3519	20	15	25
3520	46	24	39
3521	29	22	23
3522	4	7	3
3523	2	2	4
3524	13	9	9
3525	75	54	54
3526	0	1	0
3527	114	98	79
3528	16	20	23
3529	19	13	16
3530	21	18	12
3531	1	4	5
3532	0	0	0
3533	10	3	8
3534	12	5	8
3535	3	6	1
3536	0	5	4
3537	17	16	13
3538	61	51	79
3539	144	114	108
3540	1	1	0
3541	23	28	21
3542	44	43	28
3543	1	1	0
3544	11	4	6
3545	33	36	31
3546	97	101	102
3547	50	53	56
3548	0	1	3
3549	15	16	16
3550	39	30	37
3551	82	78	45
3552	59	42	69
3553	17	11	7
3554	0	0	0
3555	7	10	8
3556	10	12	14
3557	52	56	46
3558	45	52	51
3559	0	1	0
3560	54	54	46
3561	0	2	4
3562	687	627	684
3563	45	37	37
3564	12	10	11
3565	8	8	5
3566	10	20	19
3567	90	67	68
3568	6	5	5
3569	9	10	7
3570	3	5	0
3571	55	58	50
3572	1	0	0
3573	45	48	46
3574	29	26	25
3575	33	26	33
3576	22	26	17
3577	19	19	10
3578	28	23	31
3579	71	50	70
3580	5	5	7
3581	60	39	74
3582	9	5	9
3583	2	2	2
3584	21	30	23
3585	0	0	0
3586	97	106	106
3587	34	26	35
3588	332	368	318
3589	1	1	0
3590	32	27	24
3591	5	4	8
3592	83	111	82
3593	25	19	36
3594	182	242	194
3595	43	45	33
3596	40	43	46
3597	8	5	5
3598	0	2	0
3599	113	133	97
3600	11	16	16
3601	57	47	44
3602	8	8	14
3603	1	0	1
3604	36	37	38
3605	0	1	2
3606	169	186	220
3607	0	0	1
3608	1	3	1
3609	1	4	3
3610	6	6	8
3611	17	16	17
3612	3	5	1
3613	4	1	2
3614	9	5	2
3615	15	8	11
3616	24	27	26
3617	0	0	0
3618	4	1	1
3619	22	19	21
3620	54	65	58
3621	1	6	5
3622	9	6	7
3623	5	5	11
3624	30	23	32
3625	54	45	36
3626	2	1	5
3627	4	4	7
3628	200	187	187
3629	5	19	7
3630	1	0	0
3631	17	13	10
3632	25	25	29
3633	55	60	66
3634	64	72	76
3635	540	538	516
3636	0	0	0
3637	0	1	0
3638	1	4	1
3639	10	4	7
3640	48	49	49
3641	0	0	0
3642	218	228	213
3643	0	0	0
3644	28	37	38
3645	8	5	9
3646	171	184	146
3647	0	2	0
3648	21	15	14
3649	1	3	3
3650	19	39	40
3651	0	0	0
3652	0	0	0
3653	38	40	43
3654	27	23	22
3655	0	0	0
3656	8	9	24
3657	0	1	0
3658	3	6	2
3659	67	75	69
3660	14	14	13
3661	183	204	142
3662	53	54	34
3663	4	3	1
3664	6	5	1
3665	3	2	3
3666	8	2	7
3667	8	6	4
3668	11	8	17
3669	171	159	184
3670	3	0	2
3671	6	8	8
3672	797	729	658
3673	0	1	0
3674	0	0	0
3675	184	184	209
3676	49	60	65
3677	33	32	32
3678	188	153	146
3679	191	187	186
3680	0	0	0
3681	0	1	0
3682	0	0	0
3683	51	71	54
3684	18	21	32
3685	5	2	2
3686	85	84	107
3687	16	13	14
3688	3	0	0
3689	204	212	209
3690	5	7	9
3691	53	70	69
3692	31	34	48
3693	2	11	8
3694	0	3	2
3695	21	19	31
3696	76	61	81
3697	18	25	16
3698	41	47	46
3699	87	105	115
3700	3	5	6
3701	75	54	66
3702	3	1	3
3703	34	41	43
3704	15	9	12
3705	1	0	1
3706	0	0	0
3707	0	1	1
3708	0	0	0
3709	10	15	11
3710	7	13	6
3711	5	11	4
3712	1	2	2
3713	0	0	0
3714	0	0	0
3715	3	7	6
3716	0	0	0
3717	1	3	1
3718	0	0	0
3719	15	9	12
3720	0	0	0
3721	3	4	3
3722	195	186	216
3723	3	2	3
3724	90	131	124
3725	16	15	24
3726	132	120	106
3727	127	111	119
3728	32	26	23
3729	71	61	49
3730	19	14	16
3731	4	3	2
3732	0	1	0
3733	5	3	3
3734	201	200	234
3735	141	132	111
3736	4	3	3
3737	13	12	17
3738	18	19	9
3739	51	59	45
3740	6	11	4
3741	1	2	2
3742	0	0	0
3743	27	32	27
3744	26	27	27
3745	47	34	30
3746	21	16	19
3747	10	8	10
3748	18	21	14
3749	21	12	5
3750	7	8	14
3751	4	2	3
3752	160	157	150
3753	2	0	1
3754	12	9	4
3755	0	1	0
3756	49	55	46
3757	5	6	6
3758	6	15	12
3759	15	15	8
3760	247	285	270
3761	481	505	526
3762	181	199	194
3763	13	14	16
3764	0	1	0
3765	2	6	10
3766	1	1	0
3767	61	51	61
3768	2	7	6
3769	1	9	8
3770	5	5	11
3771	114	125	98
3772	133	139	129
3773	2	0	4
3774	78	80	97
3775	11	8	2
3776	12	15	16
3777	6	6	7
3778	33	37	35
3779	0	0	0
3780	27	38	39
3781	25	15	12
3782	11	9	5
3783	8	11	9
3784	11	16	21
3785	5	4	7
3786	0	0	0
3787	79	88	94
3788	11	19	11
3789	30	27	20
3790	8	13	11
3791	0	0	0
3792	0	0	0
3793	5	3	2
3794	12	13	9
3795	57	33	32
3796	5	5	6
3797	79	87	85
3798	0	0	0
3799	27	26	10
3800	2	1	1
3801	26	31	24
3802	4	6	3
3803	7	3	11
3804	28	44	47
3805	13	13	9
3806	29	27	36
3807	3	3	5
3808	18	23	22
3809	0	0	0
3810	1	2	0
3811	6	7	2
3812	18	11	3
3813	18	17	8
3814	23	22	25
3815	10	6	7
3816	28	32	29
3817	10	9	7
3818	0	0	0
3819	29	41	31
3820	36	36	40
3821	5	4	2
3822	1	0	3
3823	1	1	1
3824	0	0	0
3825	8	13	13
3826	6	8	14
3827	8	9	14
3828	0	0	1
3829	5	2	3
3830	8	4	9
3831	45	24	17
3832	12	10	9
3833	16	18	17
3834	8	5	7
3835	0	0	0
3836	0	1	0
3837	0	0	1
3838	55	65	54
3839	37	33	18
3840	8	9	8
3841	87	80	79
3842	29	19	20
3843	21	10	14
3844	19	19	22
3845	3	4	4
3846	33	37	30
3847	4	6	1
3848	23	23	25
3849	3	2	3
3850	1	1	0
3851	79	72	57
3852	11	4	4
3853	6	3	5
3854	19	17	17
3855	23	18	22
3856	0	0	0
3857	4	4	5
3858	8	9	15
3859	7	6	10
3860	0	0	0
3861	7	0	3
3862	31	34	30
3863	68	57	58
3864	10	4	7
3865	0	0	0
3866	0	0	0
3867	2	4	2
3868	4	5	2
3869	8	22	9
3870	1	3	3
3871	26	30	24
3872	3	2	1
3873	0	1	1
3874	50	55	67
3875	2	2	1
3876	7	2	17
3877	16	19	12
3878	30	39	26
3879	5	4	8
3880	22	27	38
3881	40	24	33
3882	301	294	308
3883	0	0	0
3884	4	3	6
3885	0	0	0
3886	2013	1939	2060
3887	3	1	5
3888	45	38	55
3889	26	29	30
3890	0	2	0
3891	28	21	28
3892	255	279	214
3893	0	0	0
3894	9	9	8
3895	21	17	30
3896	64	71	69
3897	15	13	10
3898	17	23	22
3899	11	12	16
3900	3	5	11
3901	0	0	1
3902	27	27	26
3903	39	41	52
3904	54	43	70
3905	16	9	9
3906	27	33	31
3907	267	260	263
3908	5	9	3
3909	14	9	13
3910	31	29	30
3911	123	109	121
3912	0	0	0
3913	3	5	2
3914	0	0	1
3915	26	12	15
3916	3	2	5
3917	14	9	13
3918	18	13	17
3919	11	13	22
3920	36	23	28
3921	79	76	80
3922	13	42	26
3923	0	0	0
3924	29	29	41
3925	141	167	182
3926	24	15	12
3927	22	18	34
3928	7	5	11
3929	43	47	34
3930	1	2	3
3931	32	24	18
3932	10	9	12
3933	0	0	0
3934	41	48	65
3935	0	0	0
3936	4	6	15
3937	11	6	11
3938	0	0	0
3939	98	76	92
3940	42	46	33
3941	2	6	1
3942	0	0	0
3943	93	95	77
3944	4	1	3
3945	24	18	18
3946	0	1	0
3947	10	4	11
3948	14	17	16
3949	10	12	2
3950	11	12	11
3951	30	20	20
3952	0	0	0
3953	15	20	8
3954	4	5	7
3955	60	48	63
3956	1	2	0
3957	1	2	4
3958	15	18	18
3959	26	21	25
3960	2	1	2
3961	2	5	5
3962	0	0	0
3963	0	0	0
3964	3	6	4
3965	12	9	8
3966	0	3	0
3967	263	230	251
3968	17	23	20
3969	117	130	117
3970	18	24	22
3971	10	10	9
3972	12	6	7
3973	15	7	12
3974	1	0	0
3975	78	59	69
3976	9	11	9
3977	9	2	8
3978	43	57	35
3979	27	32	20
3980	60	51	49
3981	82	87	65
3982	176	161	164
3983	1	0	0
3984	3	8	4
3985	130	155	138
3986	32	74	33
3987	87	71	69
3988	0	0	0
3989	0	0	0
3990	20	17	28
3991	28	32	27
3992	2	7	3
3993	2	9	2
3994	8	5	5
3995	21	16	15
3996	26	27	27
3997	17	15	27
3998	20	11	19
3999	18	13	13
4000	0	0	0
4001	0	3	0
4002	15	5	12
4003	20	21	10
4004	181	166	148
4005	5	3	3
4006	54	41	46
4007	157	263	169
4008	3	6	7
4009	2	2	5
4010	11	6	7
4011	22	23	17
4012	44	33	27
4013	0	0	0
4014	41	44	49
4015	19	23	20
4016	55	57	58
4017	67	62	57
4018	116	116	152
4019	24	20	27
4020	0	0	1
4021	0	0	0
4022	428	391	405
4023	10	14	7
4024	11	10	8
4025	109	63	75
4026	3	5	6
4027	37	41	38
4028	3	4	2
4029	156	137	124
4030	212	192	148
4031	44	46	30
4032	25	37	39
4033	10	9	15
4034	4	2	2
4035	35	22	39
4036	12	8	10
4037	0	0	0
4038	122	86	85
4039	46	37	32
4040	13	16	12
4041	68	53	33
4042	1	1	2
4043	13	18	6
4044	43	45	35
4045	23	26	30
4046	0	1	2
4047	6	7	7
4048	13	11	19
4049	44	54	36
4050	8	12	6
4051	0	1	0
4052	0	0	0
4053	1	0	0
4054	6	3	6
4055	3	5	1
4056	2	2	2
4057	15	12	14
4058	0	1	0
4059	0	0	0
4060	0	0	1
4061	47	63	36
4062	120	99	89
4063	2	3	2
4064	14	19	13
4065	4	4	2
4066	1	1	2
4067	39	44	55
4068	1	0	2
4069	2	0	0
4070	1	2	2
4071	16	11	17
4072	0	0	0
4073	1	0	2
4074	14	23	16
4075	0	2	0
4076	44	51	66
4077	0	2	0
4078	0	0	0
4079	2	1	0
4080	0	0	0
4081	13	13	15
4082	0	0	0
4083	0	0	0
4084	11	4	12
4085	8	8	10
4086	0	1	1
4087	10	20	18
4088	1	4	6
4089	3	5	3
4090	27	25	22
4091	0	1	0
4092	0	2	3
4093	3	1	0
4094	0	0	0
4095	781	843	838
4096	0	0	0
4097	43	47	33
4098	16	10	21
4099	3	2	5
4100	45	37	45
4101	5	3	2
4102	9	11	12
4103	25	11	21
4104	12	8	3
4105	18	8	12
4106	0	0	0
4107	0	0	0
4108	61	58	39
4109	10	6	8
4110	35	31	22
4111	5	6	1
4112	16	7	7
4113	5	6	2
4114	2	5	4
4115	77	95	91
4116	5	3	4
4117	77	49	69
4118	0	0	0
4119	2	0	1
4120	5	6	2
4121	21	18	20
4122	2	2	2
4123	0	0	0
4124	0	0	0
4125	0	0	0
4126	0	0	0
4127	0	0	0
4128	0	0	0
4129	1	0	1
4130	18	29	36
4131	17	20	12
4132	37	27	24
4133	25	34	30
4134	9	6	11
4135	8	15	9
4136	1	2	1
4137	7	6	12
4138	8	9	5
4139	0	1	1
4140	0	0	0
4141	0	0	0
4142	0	0	0
4143	0	0	0
4144	47	31	38
4145	7	6	7
4146	10	13	6
4147	2	0	1
4148	0	0	0
4149	3	1	0
4150	0	0	0
4151	5	7	5
4152	63	46	55
4153	2	2	0
4154	13	16	19
4155	1	0	0
4156	6	12	9
4157	0	0	0
4158	70	83	87
4159	4	1	3
4160	88	87	93
4161	190	167	139
4162	8	17	8
4163	2	2	1
4164	3	2	1
4165	129	122	129
4166	2	1	4
4167	2	2	0
4168	17	15	15
4169	24	12	19
4170	0	0	0
4171	93	93	122
4172	5	3	5
4173	7	12	14
4174	88	87	82
4175	34	22	30
4176	50	37	64
4177	13	15	19
4178	67	69	38
4179	1	0	1
4180	0	0	0
4181	119	98	102
4182	19	16	18
4183	8	7	7
4184	0	0	0
4185	0	0	0
4186	2	3	4
4187	19	10	16
4188	0	3	0
4189	7	11	12
4190	28	30	26
4191	72	60	51
4192	0	0	0
4193	1	1	0
4194	20	12	6
4195	6	12	4
4196	13	2	3
4197	0	0	0
4198	70	47	55
4199	18	25	18
4200	1	2	0
4201	43	37	32
4202	5	5	3
4203	6	2	8
4204	132	128	124
4205	1	1	1
4206	5	9	10
4207	27	17	25
4208	22	26	3
4209	15	5	13
4210	12	17	20
4211	139	132	118
4212	4	7	7
4213	2	3	3
4214	3	7	3
4215	11	17	13
4216	11	8	11
4217	0	0	0
4218	1	0	0
4219	10	7	7
4220	4	2	4
4221	23	21	9
4222	72	60	55
4223	2	0	0
4224	15	27	34
4225	1	2	0
4226	74	83	75
4227	1	0	0
4228	8	7	1
4229	13	10	8
4230	11	15	11
4231	22	14	21
4232	22	23	21
4233	22	27	31
4234	21	18	21
4235	11	15	11
4236	12	29	24
4237	68	87	75
4238	5	5	5
4239	53	35	25
4240	22	22	25
4241	2	0	1
4242	27	30	26
4243	0	1	3
4244	1	1	3
4245	75	45	38
4246	13	16	20
4247	86	62	75
4248	73	140	144
4249	4	0	1
4250	0	0	0
4251	5	24	21
4252	1	0	3
4253	1	3	3
4254	12	11	13
4255	15	12	11
4256	21	15	28
4257	1	0	2
4258	238	219	246
4259	0	2	0
4260	27	26	14
4261	1	0	1
4262	272	261	195
4263	0	0	0
4264	29	27	17
4265	23	14	15
4266	3	8	9
4267	1	1	1
4268	11	3	7
4269	6	8	6
4270	55	44	59
4271	6	9	8
4272	29	26	19
4273	16	12	8
4274	57	68	56
4275	21	34	26
4276	55	48	40
4277	26	30	33
4278	24	23	37
4279	95	62	61
4280	3	6	5
4281	1708	1755	1655
4282	5	1	3
4283	20	10	14
4284	10	12	8
4285	35	38	29
4286	16	15	12
4287	53	60	47
4288	48	51	60
4289	3	3	4
4290	0	0	0
4291	68	74	79
4292	40	36	30
4293	7	10	11
4294	20	19	25
4295	0	1	0
4296	2	0	2
4297	11	12	8
4298	134	145	155
4299	24	23	26
4300	23	13	20
4301	6	4	8
4302	32	29	34
4303	16	10	7
4304	0	1	2
4305	2	6	0
4306	57	41	37
4307	17	8	30
4308	42	51	57
4309	12	3	6
4310	33	12	27
4311	3	10	9
4312	7	3	4
4313	19	13	15
4314	0	0	0
4315	164	124	130
4316	68	69	74
4317	6	11	5
4318	10	13	16
4319	78	83	51
4320	26	29	27
4321	19	16	19
4322	0	0	0
4323	19	24	23
4324	0	4	2
4325	1	1	0
4326	1	6	2
4327	0	1	0
4328	82	87	65
4329	5	9	8
4330	13	21	19
4331	1	4	3
4332	165	141	173
4333	6	3	4
4334	1	2	1
4335	1	0	0
4336	379	429	347
4337	2	2	0
4338	3	1	1
4339	0	0	0
4340	0	1	2
4341	20	24	29
4342	0	0	2
4343	0	0	1
4344	1	1	1
4345	52	45	38
4346	31	18	18
4347	5	11	8
4348	0	0	0
4349	2	1	1
4350	4	0	2
4351	14	18	14
4352	5	10	12
4353	3	4	2
4354	0	0	1
4355	2	2	0
4356	129	100	95
4357	4	7	3
4358	40	37	35
4359	2	0	1
4360	16	12	12
4361	8	1	10
4362	0	0	0
4363	37	20	25
4364	46	52	42
4365	2	6	5
4366	14	13	18
4367	0	0	0
4368	247	232	236
4369	1	4	2
4370	4	10	7
4371	65	59	50
4372	0	0	0
4373	6	4	4
4374	2	1	6
4375	16	10	10
4376	0	0	0
4377	8	8	4
4378	64	82	82
4379	6	2	2
4380	0	1	0
4381	17	8	12
4382	39	20	30
4383	1	1	0
4384	2	4	3
4385	2	1	1
4386	5	2	7
4387	0	2	3
4388	0	2	0
4389	21	38	27
4390	134	107	135
4391	357	375	425
4392	65	55	44
4393	316	277	291
4394	72	65	67
4395	36	35	31
4396	857	723	793
4397	19	12	14
4398	111	104	79
4399	34	39	33
4400	0	0	0
4401	8	12	18
4402	40	48	38
4403	46	54	32
4404	51	44	42
4405	0	0	0
4406	11	13	20
4407	5	1	4
4408	72	64	64
4409	11	13	12
4410	24	21	11
4411	6	11	2
4412	0	0	0
4413	40	44	52
4414	34	53	30
4415	24	13	20
4416	206	220	204
4417	23	39	24
4418	1	1	0
4419	6	2	1
4420	61	83	87
4421	12	9	11
4422	68	80	68
4423	26	30	19
4424	9	3	4
4425	0	0	1
4426	16	13	25
4427	5	8	6
4428	59	61	81
4429	13	14	16
4430	0	0	0
4431	0	0	0
4432	7	9	15
4433	20	25	21
4434	6	6	5
4435	89	73	71
4436	28	14	13
4437	60	58	51
4438	40	44	49
4439	31	35	21
4440	0	0	0
4441	2	4	5
4442	282	292	297
4443	0	1	0
4444	17	23	11
4445	5	5	4
4446	7	11	13
4447	7	6	6
4448	2	7	1
4449	7	9	9
4450	0	0	1
4451	1	2	1
4452	19	24	15
4453	58	55	69
4454	91	84	80
4455	2	0	2
4456	460	395	429
4457	14	7	9
4458	7	11	16
4459	96	102	81
4460	0	4	7
4461	16	16	12
4462	18	16	13
4463	14	11	11
4464	252	227	277
4465	47	51	59
4466	13	21	18
4467	62	68	63
4468	89	117	101
4469	14	15	18
4470	0	0	0
4471	563	497	507
4472	10	10	3
4473	0	0	0
4474	19	18	13
4475	49	41	43
4476	5	3	2
4477	7	4	6
4478	8	7	8
4479	0	0	0
4480	19	15	30
4481	1	3	5
4482	2	2	3
4483	0	0	0
4484	2	3	7
4485	1	3	0
4486	12	8	5
4487	4	3	4
4488	61	76	77
4489	102	99	102
4490	0	0	0
4491	46	39	50
4492	34	20	26
4493	8	8	6
4494	1	0	0
4495	11	18	7
4496	0	1	2
4497	21	13	16
4498	0	0	1
4499	7	9	12
4500	64	59	72
4501	2	2	0
4502	4	2	2
4503	5	3	1
4504	54	44	52
4505	10	19	6
4506	5	2	0
4507	3	1	1
4508	55	62	55
4509	3	1	0
4510	35	40	34
4511	2	1	3
4512	25	23	23
4513	12	7	16
4514	12	11	22
4515	0	1	0
4516	18	14	6
4517	13	13	10
4518	25	29	25
4519	109	107	133
4520	4	2	2
4521	1	0	0
4522	24	26	24
4523	14	13	6
4524	31	31	29
4525	11	6	9
4526	1	0	0
4527	47	41	36
4528	7	9	4
4529	0	0	0
4530	12	18	14
4531	2	0	1
4532	0	0	0
4533	0	1	0
4534	1	3	4
4535	0	0	0
4536	127	130	98
4537	1	2	2
4538	77	90	93
4539	0	1	6
4540	96	97	91
4541	6	5	9
4542	77	47	34
4543	5	4	6
4544	55	42	39
4545	42	25	41
4546	11	10	5
4547	16	15	19
4548	1	0	1
4549	0	0	0
4550	46	39	39
4551	5	7	2
4552	2	5	2
4553	0	0	0
4554	89	73	90
4555	12	12	6
4556	5	3	5
4557	2	1	1
4558	15	10	15
4559	3	7	6
4560	74	78	56
4561	0	2	1
4562	8	7	4
4563	123	126	103
4564	15	14	19
4565	477	502	393
4566	21	16	24
4567	6	10	6
4568	85	64	90
4569	39	40	31
4570	32	30	29
4571	90	91	104
4572	36	39	31
4573	1	2	1
4574	0	1	0
4575	0	0	0
4576	21	10	18
4577	1	3	3
4578	2	1	2
4579	73	69	72
4580	9	6	2
4581	0	0	0
4582	6	9	3
4583	1	2	0
4584	0	0	0
4585	4	5	1
4586	5	6	12
4587	2	3	3
4588	381	304	271
4589	10	16	15
4590	4	10	9
4591	13	11	9
4592	100	97	114
4593	9	9	9
4594	154	161	159
4595	9	17	19
4596	1	0	0
4597	30	33	48
4598	84	116	94
4599	8	6	6
4600	10	8	8
4601	37	30	30
4602	17	18	4
4603	15	17	7
4604	12	8	6
4605	8	11	11
4606	345	336	358
4607	0	0	0
4608	0	2	2
4609	0	3	2
4610	28	26	33
4611	117	109	106
4612	4	7	6
4613	22	16	14
4614	11	16	7
4615	55	61	76
4616	24	32	17
4617	42	40	44
4618	3	3	6
4619	13	8	5
4620	29	33	38
4621	5	3	5
4622	29	16	20
4623	0	0	0
4624	78	92	80
4625	15	20	18
4626	11	9	5
4627	135	111	131
4628	22	27	42
4629	38	23	27
4630	0	0	0
4631	412	414	324
4632	24	28	20
4633	66	78	67
4634	0	0	0
4635	22	27	14
4636	0	2	0
4637	36	30	27
4638	20	11	33
4639	8	12	18
4640	241	205	225
4641	20	12	11
4642	121	115	112
4643	88	60	68
4644	6	4	5
4645	0	0	1
4646	395	326	380
4647	9	7	3
4648	103	101	92
4649	7	6	11
4650	25	40	27
4651	25	25	26
4652	0	0	0
4653	1	0	0
4654	4	4	3
4655	0	0	0
4656	16	22	23
4657	10	19	33
4658	20	24	18
4659	11	13	16
4660	0	0	0
4661	124	114	95
4662	1	1	2
4663	367	356	405
4664	47	38	29
4665	12	13	18
4666	22	16	15
4667	195	209	193
4668	37	44	35
4669	32	28	18
4670	2	3	1
4671	4	2	3
4672	5	6	5
4673	0	2	2
4674	81	90	76
4675	72	39	69
4676	114	117	128
4677	9	23	14
4678	19	12	16
4679	119	83	83
4680	5	7	5
4681	178	167	160
4682	26	31	31
4683	2	0	2
4684	1	8	2
4685	2	2	0
4686	13	11	9
4687	6	3	2
4688	6	9	10
4689	5	7	7
4690	13	28	18
4691	3	5	4
4692	1	2	2
4693	17	20	15
4694	8	5	6
4695	5	3	4
4696	3	2	6
4697	10	4	4
4698	1	2	2
4699	27	38	26
4700	36	31	20
4701	2	2	4
4702	0	1	0
4703	0	0	1
4704	14	8	17
4705	4	4	3
4706	24	45	41
4707	30	26	37
4708	17	19	21
4709	38	50	60
4710	28	18	19
4711	0	1	5
4712	13	8	3
4713	30	42	42
4714	1	4	2
4715	28	35	25
4716	0	0	1
4717	156	142	119
4718	84	82	85
4719	9	11	9
4720	1	0	0
4721	21	18	13
4722	0	0	0
4723	20	31	28
4724	0	0	0
4725	7	7	15
4726	458	447	513
4727	1	3	4
4728	149	150	144
4729	8	11	9
4730	147	156	150
4731	0	1	3
4732	25	26	10
4733	19	14	20
4734	8	3	4
4735	137	147	158
4736	0	0	0
4737	5	5	3
4738	32	23	17
4739	0	2	3
4740	46	46	36
4741	1	2	7
4742	101	91	119
4743	166	184	186
4744	31	39	39
4745	51	39	34
4746	3	1	3
4747	1	0	0
4748	5	7	7
4749	73	42	51
4750	9	9	8
4751	5	12	10
4752	25	28	13
4753	3	1	4
4754	55	65	60
4755	18	14	20
4756	10	15	14
4757	10	13	3
4758	0	0	0
4759	18	18	13
4760	9	14	7
4761	7	11	15
4762	2	6	9
4763	6	3	6
4764	8	10	16
4765	15	17	11
4766	82	65	92
4767	11	13	13
4768	68	52	56
4769	102	67	91
4770	0	0	0
4771	1	1	0
4772	12	8	11
4773	151	141	137
4774	9	5	7
4775	1	1	2
4776	0	0	0
4777	94	86	89
4778	2	0	3
4779	0	0	0
4780	0	2	1
4781	5	4	3
4782	0	0	0
4783	17	18	13
4784	1	6	2
4785	60	55	40
4786	18	7	24
4787	6	8	7
4788	4	2	5
4789	77	65	65
4790	12	18	20
4791	7	6	5
4792	4	4	5
4793	0	2	0
4794	8	15	11
4795	46	61	26
4796	38	28	34
4797	6	6	8
4798	0	0	2
4799	9	3	13
4800	0	0	0
4801	1	0	1
4802	95	101	76
4803	183	161	226
4804	85	74	92
4805	14	12	9
4806	0	1	0
4807	152	125	127
4808	25	29	27
4809	64	62	51
4810	8	8	8
4811	2	3	3
4812	19	13	13
4813	19	27	11
4814	21	17	21
4815	0	0	0
4816	146	153	119
4817	1	1	0
4818	4	2	0
4819	143	154	124
4820	4	5	11
4821	5	7	6
4822	2	2	2
4823	17	12	9
4824	4	5	7
4825	72	67	66
4826	49	40	30
4827	35	28	20
4828	1	0	1
4829	9	11	6
4830	0	0	0
4831	0	2	2
4832	1	5	2
4833	19	17	21
4834	0	0	0
4835	7	8	5
4836	0	1	3
4837	1	6	9
4838	32	30	30
4839	282	308	324
4840	34	29	32
4841	62	50	48
4842	16	22	18
4843	6	2	7
4844	40	57	44
4845	137	114	120
4846	5	9	9
4847	9	7	9
4848	2	4	8
4849	55	51	55
4850	0	2	0
4851	13	18	16
4852	5	8	5
4853	4	6	8
4854	5	4	7
4855	8	6	7
4856	29	22	37
4857	0	3	4
4858	0	0	0
4859	0	0	0
4860	7	9	11
4861	1516	1477	1636
4862	12	16	10
4863	13	9	9
4864	31	20	22
4865	0	0	0
4866	1	0	1
4867	2	0	0
4868	35	28	32
4869	55	48	46
4870	3	0	1
4871	0	0	0
4872	0	0	0
4873	6	6	2
4874	16	17	17
4875	10	13	19
4876	1	1	1
4877	39	48	40
4878	0	0	0
4879	1	1	0
4880	0	0	0
4881	0	0	0
4882	0	0	0
4883	0	0	0
4884	0	0	0
4885	0	0	0
4886	6	4	1
4887	0	5	4
4888	61	53	43
4889	235	207	219
4890	64	41	48
4891	41	53	52
4892	0	0	0
4893	0	0	0
4894	18	12	13
4895	2	4	0
4896	0	0	0
4897	0	0	0
4898	4	10	4
4899	51	37	47
4900	5	4	6
4901	13	15	9
4902	17	19	15
4903	2	1	1
4904	223	263	161
4905	0	0	0
4906	2	1	5
4907	12	10	21
4908	3	3	1
4909	21	25	23
4910	3	2	7
4911	359	409	440
4912	93	79	102
4913	4	1	4
4914	99	76	107
4915	0	0	0
4916	1	4	0
4917	7	7	5
4918	11	4	11
4919	21	34	7
4920	40	44	49
4921	31	31	30
4922	67	75	89
4923	64	76	68
4924	10	11	9
4925	0	0	0
4926	105	111	128
4927	7	11	5
4928	79	97	92
4929	9	6	5
4930	0	0	0
4931	64	69	85
4932	233	234	224
4933	0	0	0
4934	34	28	33
4935	26	29	26
4936	28	28	23
4937	4	3	4
4938	24	13	20
4939	30	31	23
4940	13	15	15
4941	9	9	6
4942	331	337	326
4943	3	0	4
4944	1	0	0
4945	0	0	2
4946	0	3	0
4947	12	19	9
4948	44	49	33
4949	28	37	42
4950	0	0	0
4951	0	0	0
4952	47	46	74
4953	4	0	3
4954	0	0	0
4955	0	0	1
4956	22	14	17
4957	4	3	2
4958	4	3	3
4959	5	2	1
4960	9	9	13
4961	22	21	26
4962	2	3	3
4963	23	16	4
4964	561	529	570
4965	1	2	4
4966	370	434	366
4967	0	0	1
4968	1	1	1
4969	0	0	0
4970	0	0	0
4971	10	24	13
4972	36	40	36
4973	0	4	2
4974	0	0	1
4975	7	10	10
4976	9	9	15
4977	8	5	2
4978	11	5	9
4979	45	49	52
4980	17	16	13
4981	2	4	1
4982	1	1	1
4983	2	1	0
4984	0	0	0
4985	0	1	0
4986	28	24	14
4987	9	8	14
4988	4	2	3
4989	3	0	0
4990	10	12	4
4991	42	36	18
4992	0	0	0
4993	0	0	0
4994	0	1	0
4995	2	0	3
4996	8	5	1
4997	33	32	27
4998	34	40	33
4999	115	93	98
5000	3	7	3
5001	29	26	18
5002	2	2	0
5003	136	107	131
5004	97	87	81
5005	0	0	0
5006	4	1	0
5007	75	58	80
5008	1	4	5
5009	22	15	29
5010	56	49	40
5011	0	0	0
5012	10	14	7
5013	0	1	0
5014	23	16	22
5015	51	53	44
5016	76	77	85
5017	0	1	0
5018	12	13	14
5019	2	7	6
5020	561	565	520
5021	1	1	1
5022	4	3	7
5023	20	23	25
5024	188	201	204
5025	1	2	3
5026	29	8	20
5027	7	6	2
5028	55	54	51
5029	21	21	19
5030	1	0	3
5031	1	1	0
5032	11	11	8
5033	1	3	4
5034	65	82	69
5035	233	234	243
5036	32	26	26
5037	91	80	98
5038	13	11	8
5039	2	4	5
5040	0	0	0
5041	0	0	0
5042	5	4	1
5043	18	9	7
5044	2	0	1
5045	0	0	0
5046	79	140	95
5047	11	10	7
5048	11	19	13
5049	0	1	1
5050	0	0	0
5051	2	0	2
5052	93	67	93
5053	50	35	40
5054	19	19	17
5055	97	136	94
5056	27	20	19
5057	1	0	0
5058	51	49	52
5059	6	4	7
5060	6	6	4
5061	5	0	7
5062	391	493	429
5063	8	11	14
5064	0	0	0
5065	0	2	1
5066	0	0	0
5067	26	10	28
5068	7	6	8
5069	58	54	96
5070	1	3	3
5071	20	12	17
5072	159	135	102
5073	102	95	69
5074	45	42	56
5075	2	2	4
5076	106	118	115
5077	58	34	48
5078	41	34	29
5079	1	4	2
5080	10	13	12
5081	5	2	0
5082	1	1	1
5083	1	1	1
5084	2	3	7
5085	22	27	13
5086	5	10	13
5087	1	5	3
5088	0	1	0
5089	103	81	77
5090	12	14	9
5091	10	6	13
5092	53	81	44
5093	1	0	3
5094	18	16	9
5095	46	42	29
5096	0	0	0
5097	6	7	9
5098	251	250	224
5099	19	20	15
5100	3	0	1
5101	35	27	32
5102	67	61	61
5103	17	16	21
5104	0	0	1
5105	29	33	34
5106	356	316	340
5107	3	5	2
5108	3	1	3
5109	6	3	12
5110	84	103	97
5111	33	36	33
5112	7	7	8
5113	3	1	10
5114	7	6	5
5115	4	10	8
5116	158	169	177
5117	0	0	0
5118	1	4	5
5119	10	12	9
5120	20	28	26
5121	158	139	153
5122	13	12	8
5123	8	6	4
5124	0	0	0
5125	0	0	0
5126	7	2	5
5127	561	572	529
5128	0	0	0
5129	2	0	0
5130	8	5	3
5131	71	70	61
5132	9	9	5
5133	2	0	0
5134	0	0	3
5135	0	0	0
5136	4	3	1
5137	4	3	2
5138	5	5	2
5139	15	13	15
5140	89	84	75
5141	4	2	1
5142	9	8	9
5143	5	1	0
5144	0	0	0
5145	11	13	9
5146	44	79	82
5147	1	1	0
5148	1	2	1
5149	0	3	0
5150	32	34	27
5151	51	44	49
5152	1	6	1
5153	0	0	0
5154	4	3	0
5155	86	79	67
5156	1	1	1
5157	29	24	25
5158	1	0	0
5159	20	10	14
5160	24	21	18
5161	5	5	4
5162	43	29	34
5163	19	7	14
5164	2	5	6
5165	47	48	47
5166	11	7	10
5167	3	0	8
5168	44	49	49
5169	5	3	2
5170	47	44	39
5171	20	18	22
5172	10	4	6
5173	112	95	107
5174	2	1	1
5175	0	1	0
5176	1	0	0
5177	32	38	34
5178	0	0	0
5179	24	22	20
5180	27	18	15
5181	0	0	0
5182	37	34	35
5183	51	32	51
5184	21	39	36
5185	117	115	113
5186	36	35	35
5187	18	18	31
5188	59	46	48
5189	6	11	11
5190	0	0	0
5191	13	20	15
5192	1	2	0
5193	18	31	24
5194	4	3	10
5195	5	5	6
5196	2	5	6
5197	27	32	38
5198	41	49	52
5199	1	1	0
5200	1	0	2
5201	22	16	31
5202	10	8	8
5203	110	105	99
5204	64	67	73
5205	0	0	0
5206	388	345	412
5207	0	0	0
5208	55	51	49
5209	7	4	5
5210	16	16	12
5211	12	14	16
5212	28	30	22
5213	45	49	49
5214	12	16	7
5215	34	35	52
5216	31	30	39
5217	0	0	0
5218	0	0	0
5219	6	6	7
5220	7	7	3
5221	6	5	3
5222	33	42	42
5223	135	131	147
5224	20	24	20
5225	62	42	51
5226	18	15	10
5227	7	5	8
5228	39	38	32
5229	25	34	42
5230	54	38	45
5231	54	47	51
5232	4	3	2
5233	2	2	5
5234	14	21	11
5235	1	0	0
5236	117	139	115
5237	0	0	0
5238	0	0	0
5239	0	0	0
5240	0	0	0
5241	0	2	0
5242	9	4	7
5243	13	13	6
5244	15	15	20
5245	2	1	1
5246	5	1	0
5247	20	11	6
5248	8	10	6
5249	32	30	29
5250	28	39	27
5251	133	153	122
5252	1	2	2
5253	0	0	0
5254	136	151	145
5255	3	7	9
5256	35	37	43
5257	2	1	0
5258	1	3	6
5259	33	30	23
5260	27	33	21
5261	35	22	31
5262	14	11	15
5263	0	0	0
5264	38	36	42
5265	4	6	6
5266	274	264	249
5267	0	1	1
5268	2	0	0
5269	8	14	7
5270	2	3	3
5271	15	18	5
5272	0	0	0
5273	0	0	0
5274	24	22	20
5275	0	0	0
5276	0	0	0
5277	6	4	1
5278	4	14	6
5279	47	56	58
5280	1	2	2
5281	48	50	40
5282	0	0	0
5283	43	39	25
5284	122	124	126
5285	11	13	7
5286	0	0	0
5287	18	18	10
5288	0	0	0
5289	21	15	15
5290	44	63	46
5291	38	36	38
5292	202	197	204
5293	23	25	17
5294	10	8	9
5295	70	67	58
5296	0	0	0
5297	12	8	11
5298	32	28	22
5299	0	1	0
5300	57	62	73
5301	16	14	6
5302	1	3	1
5303	19	15	14
5304	18	11	14
5305	27	23	22
5306	38	41	37
5307	11	9	6
5308	9	8	13
5309	49	39	45
5310	44	45	35
5311	20	17	17
5312	0	0	0
5313	21	30	19
5314	10	6	4
5315	0	0	0
5316	9	10	2
5317	0	0	0
5318	6	8	5
5319	9	11	16
5320	29	35	21
5321	188	178	178
5322	19	18	16
5323	0	0	0
5324	14	19	22
5325	8	9	16
5326	0	1	1
5327	430	390	473
5328	2	0	1
5329	7	10	12
5330	0	1	2
5331	40	47	35
5332	625	601	737
5333	25	11	9
5334	0	4	2
5335	12	20	12
5336	14	9	9
5337	548	477	522
5338	1	2	2
5339	11	14	11
5340	138	159	169
5341	11	19	19
5342	2	2	0
5343	5	3	5
5344	96	90	99
5345	7	24	13
5346	3	1	1
5347	1	2	1
5348	0	0	1
5349	60	68	57
5350	24	17	25
5351	65	74	76
5352	5	1	3
5353	22	15	9
5354	15	12	13
5355	6	5	3
5356	60	53	57
5357	25	23	26
5358	5	1	3
5359	1	0	1
5360	0	1	0
5361	3	2	8
5362	0	0	0
5363	0	0	0
5364	19	21	18
5365	6	5	7
5366	14	11	4
5367	7	8	7
5368	10	9	9
5369	60	59	54
5370	4	7	8
5371	7	4	7
5372	7	7	3
5373	18	20	21
5374	4	8	0
5375	51	38	42
5376	3	3	3
5377	0	3	0
5378	1	0	1
5379	80	75	71
5380	8	4	4
5381	0	0	0
5382	4	3	4
5383	21	30	27
5384	0	0	1
5385	12	17	14
5386	45	47	37
5387	0	1	0
5388	5	11	5
5389	4	2	5
5390	2	6	4
5391	5	7	7
5392	1	1	1
5393	16	6	19
5394	27	23	55
5395	1	2	4
5396	1	0	0
5397	11	10	8
5398	133	144	119
5399	9	6	5
5400	0	0	0
5401	128	125	137
5402	1	6	4
5403	31	31	34
5404	0	1	1
5405	28	26	28
5406	1	1	1
5407	4	4	6
5408	5	5	3
5409	23	22	13
5410	32	43	38
5411	0	0	1
5412	0	0	0
5413	3	6	5
5414	19	31	26
5415	7	4	3
5416	134	105	150
5417	2	1	1
5418	10	2	7
5419	32	9	10
5420	2	2	6
5421	0	0	1
5422	4	5	5
5423	38	29	19
5424	18	22	29
5425	10	6	5
5426	8	4	9
5427	7	11	11
5428	4	6	0
5429	5	4	4
5430	5	6	5
5431	3	4	3
5432	170	141	174
5433	77	61	84
5434	32	25	36
5435	3	6	5
5436	3	4	6
5437	2	5	1
5438	64	69	57
5439	1	5	2
5440	6	5	5
5441	223	218	232
5442	62	53	50
5443	722	681	654
5444	153	145	113
5445	24	29	25
5446	153	202	196
5447	78	61	70
5448	1	5	3
5449	50	32	30
5450	177	165	195
5451	125	126	101
5452	9	12	11
5453	170	208	173
5454	1	1	0
5455	0	0	0
5456	12	15	28
5457	192	127	186
5458	0	0	0
5459	5	2	2
5460	0	2	1
5461	0	3	3
5462	1	0	2
5463	179	199	187
5464	4	2	6
5465	15	14	16
5466	411	395	420
5467	3	2	1
5468	37	40	37
5469	1	0	1
5470	99	105	125
5471	14	15	9
5472	0	0	1
5473	1	1	0
5474	2	3	3
5475	0	0	0
5476	74	90	68
5477	6	4	3
5478	2	1	0
5479	0	0	0
5480	0	1	2
5481	4	5	7
5482	119	126	93
5483	2	4	2
5484	6	8	7
5485	1	0	0
5486	42	36	38
5487	14	23	23
5488	25	33	37
5489	23	22	37
5490	13	11	13
5491	4	15	5
5492	0	0	0
5493	0	0	0
5494	0	0	0
5495	0	0	0
5496	0	2	1
5497	18	16	15
5498	0	0	0
5499	5	6	4
5500	129	125	108
5501	0	0	0
5502	91	78	99
5503	87	98	72
5504	0	0	1
5505	10	5	6
5506	79	70	71
5507	6	10	3
5508	1	3	3
5509	165	165	182
5510	7	4	3
5511	2	3	1
5512	49	67	51
5513	2	2	3
5514	9	12	12
5515	12	10	9
5516	19	19	18
5517	1	0	2
5518	0	0	0
5519	5	11	3
5520	5	12	8
5521	30	18	33
5522	5	3	3
5523	5	3	4
5524	1	2	4
5525	0	0	0
5526	0	0	0
5527	0	0	0
5528	9	11	20
5529	1	1	1
5530	173	129	170
5531	185	219	182
5532	6	4	4
5533	0	0	0
5534	60	60	56
5535	40	42	36
5536	8	10	9
5537	1	2	1
5538	0	1	1
5539	6	4	6
5540	0	0	0
5541	125	99	72
5542	0	0	0
5543	3	2	4
5544	7	5	6
5545	33	24	21
5546	38	41	41
5547	19	26	17
5548	19	9	16
5549	0	0	0
5550	45	47	35
5551	4	3	5
5552	1	3	7
5553	0	0	0
5554	46	31	46
5555	3	1	0
5556	1	2	3
5557	1	0	0
5558	5	5	4
5559	0	0	1
5560	3	1	4
5561	7	6	6
5562	2	1	0
5563	8	7	4
5564	13	13	10
5565	975	980	889
5566	27	22	18
5567	1	3	2
5568	45	44	50
5569	8	14	15
5570	2	1	1
5571	0	0	0
5572	2	10	1
5573	17	12	19
5574	23	25	24
5575	0	0	1
5576	32	19	9
5577	398	318	348
5578	85	58	62
5579	2	6	7
5580	4	5	5
5581	5	7	5
5582	1	2	0
5583	24	19	23
5584	34	32	33
5585	11	6	10
5586	0	0	0
5587	2	4	3
5588	2	1	0
5589	101	98	76
5590	15	24	35
5591	7	2	4
5592	11	11	3
5593	7	8	6
5594	3	1	3
5595	3	2	1
5596	58	56	59
5597	5	1	5
5598	11	7	9
5599	26	25	16
5600	2	0	0
5601	28	31	21
5602	4	4	3
5603	26	25	32
5604	44	32	29
5605	71	52	67
5606	29	24	38
5607	23	18	13
5608	8	8	10
5609	0	0	0
5610	48	47	42
5611	7	17	12
5612	14	9	9
5613	8	10	11
5614	105	119	108
5615	7	8	6
5616	2	0	1
5617	25	31	27
5618	20	17	19
5619	200	201	135
5620	36	26	38
5621	5	2	3
5622	2	4	4
5623	6	4	6
5624	4	8	4
5625	1	0	0
5626	0	2	0
5627	2	2	7
5628	0	0	0
5629	10	5	4
5630	11	10	11
5631	0	0	0
5632	5	9	3
5633	17	15	18
5634	28	31	32
5635	4	3	5
5636	31	20	9
5637	4	5	2
5638	7	6	12
5639	6	8	4
5640	0	0	0
5641	15	14	13
5642	42	36	43
5643	116	104	112
5644	1	1	1
5645	1	1	1
5646	7	3	4
5647	8	8	2
5648	4	10	4
5649	1	2	0
5650	4	3	1
5651	4	1	2
5652	0	0	0
5653	19	17	11
5654	1	1	1
5655	3	2	2
5656	5	4	6
5657	19	18	11
5658	5	8	5
5659	0	0	0
5660	126	125	108
5661	3	5	8
5662	4	5	12
5663	15	13	11
5664	89	93	81
5665	2	2	1
5666	10	13	13
5667	43	37	47
5668	59	52	54
5669	2	7	2
5670	19	14	15
5671	2	1	2
5672	39	34	31
5673	64	55	54
5674	0	2	0
5675	7	3	0
5676	26	26	14
5677	2	0	0
5678	3	10	2
5679	0	0	0
5680	5	7	0
5681	86	89	78
5682	7	12	12
5683	3	7	3
5684	11	6	6
5685	2	1	1
5686	35	30	28
5687	26	31	40
5688	1	1	4
5689	0	0	0
5690	175	138	123
5691	86	72	74
5692	7	7	7
5693	38	31	28
5694	28	24	15
5695	1203	1221	1172
5696	13	8	10
5697	22	13	13
5698	27	20	29
5699	63	58	77
5700	34	30	18
5701	3	2	0
5702	7	8	5
5703	0	0	0
5704	0	0	0
5705	11	4	6
5706	0	1	0
5707	1	3	0
5708	261	223	229
5709	58	51	44
5710	26	37	26
5711	38	37	42
5712	22	27	30
5713	290	256	371
5714	69	75	67
5715	2	1	0
5716	0	0	0
5717	2	4	1
5718	60	59	48
5719	165	133	94
5720	0	0	1
5721	7	12	10
5722	328	323	284
5723	5	6	6
5724	15	11	9
5725	19	23	17
5726	50	51	37
5727	6	6	7
5728	7	5	5
5729	47	42	36
5730	90	92	94
5731	507	475	544
5732	219	148	131
5733	58	38	45
5734	30	40	30
5735	1	2	1
5736	0	1	2
5737	4	6	7
5738	0	0	0
5739	9	8	2
5740	52	40	47
5741	35	37	36
5742	0	0	1
5743	18	15	14
5744	7	3	2
5745	20	18	16
5746	20	23	18
5747	75	74	77
5748	13	5	7
5749	440	386	383
5750	6	16	14
5751	171	169	161
5752	14	7	12
5753	3	7	6
5754	0	1	1
5755	7	13	11
5756	0	0	0
5757	82	71	82
5758	20	35	30
5759	4	2	4
5760	0	0	0
5761	198	220	277
5762	7	6	4
5763	12	10	7
5764	20	35	19
5765	14	25	28
5766	0	0	0
5767	3	1	2
5768	1	0	0
5769	0	0	0
5770	2	0	2
5771	25	26	28
5772	33	40	41
5773	3	6	6
5774	35	29	31
5775	79	79	66
5776	21	19	20
5777	0	0	0
5778	19	29	25
5779	83	100	64
5780	46	35	30
5781	8	1	0
5782	1	11	9
5783	74	90	87
5784	4	4	8
5785	16	12	7
5786	17	13	22
5787	5	5	3
5788	0	0	0
5789	1621	1568	1714
5790	445	450	475
5791	6	13	6
5792	518	485	391
5793	16	21	23
5794	569	514	587
5795	41	30	41
5796	19	26	36
5797	30	41	27
5798	2	0	0
5799	46	42	34
5800	294	294	316
5801	119	101	133
5802	15	5	3
5803	0	0	0
5804	6	5	5
5805	37	39	23
5806	37	37	26
5807	0	0	0
5808	12	16	12
5809	2	2	0
5810	66	72	74
5811	72	59	54
5812	131	118	140
5813	38	29	39
5814	0	0	0
5815	9	10	7
5816	108	108	100
5817	115	132	114
5818	26	39	40
5819	24	16	13
5820	35	27	25
5821	125	117	130
5822	4	1	3
5823	16	18	7
5824	491	483	444
5825	42	32	30
5826	0	0	1
5827	2	7	6
5828	17	15	10
5829	8	9	5
5830	12	23	28
5831	144	155	145
5832	1	8	6
5833	31	29	20
5834	13	17	13
5835	16	22	27
5836	30	33	33
5837	17	14	8
5838	54	37	42
5839	31	34	23
5840	234	226	189
5841	0	0	0
5842	37	29	40
5843	2	0	2
5844	3	1	1
5845	48	54	42
5846	1	1	3
5847	0	0	1
5848	1	0	0
5849	0	0	0
5850	0	3	3
5851	16	10	10
5852	17	17	13
5853	0	0	0
5854	16	17	11
5855	20	18	17
5856	42	43	47
5857	1	0	2
5858	86	90	76
5859	86	80	85
5860	41	37	32
5861	23	30	9
5862	6	11	8
5863	4	2	1
5864	17	18	20
5865	37	35	34
5866	0	0	0
5867	0	0	0
5868	0	0	0
5869	23	34	17
5870	0	1	0
5871	2	2	1
5872	2	3	2
5873	86	50	50
5874	4	1	4
5875	0	0	1
5876	78	71	79
5877	1	3	2
5878	1	1	0
5879	2	1	0
5880	2	9	3
5881	0	3	1
5882	0	0	0
5883	41	37	52
5884	8	14	15
5885	27	25	26
5886	3	2	2
5887	19	27	16
5888	14	30	23
5889	122	120	115
5890	88	74	95
5891	8	10	16
5892	0	0	0
5893	1	2	0
5894	384	307	303
5895	25	25	33
5896	0	0	0
5897	11	12	15
5898	0	1	0
5899	15	19	17
5900	0	0	0
5901	5	2	4
5902	50	46	38
5903	43	25	29
5904	6	6	6
5905	33	28	22
5906	62	47	51
5907	21	28	15
5908	113	99	86
5909	3	3	3
5910	7	12	4
5911	2	7	3
5912	5	11	4
5913	18	10	12
5914	77	70	51
5915	47	43	38
5916	167	148	148
5917	134	149	143
5918	329	325	368
5919	2	2	3
5920	3	2	1
5921	27	29	22
5922	1	0	0
5923	12	16	7
5924	0	2	5
5925	503	469	420
5926	65	74	58
5927	9	3	5
5928	13	21	11
5929	84	80	66
5930	0	0	0
5931	77	75	69
5932	591	582	625
5933	47	27	26
5934	5	5	2
5935	1	3	3
5936	1	0	0
5937	96	118	63
5938	183	182	138
5939	10	9	4
5940	30	23	23
5941	23	31	20
5942	7	6	14
5943	7	7	1
5944	0	0	0
5945	2542	2354	2331
5946	49	41	52
5947	13	15	8
5948	406	388	339
5949	64	63	62
5950	1	2	5
5951	31	23	28
5952	0	1	1
5953	15	14	18
5954	10	3	4
5955	54	35	50
5956	49	31	31
5957	0	0	0
5958	8	20	15
5959	2	2	3
5960	20	15	21
5961	284	283	253
5962	222	214	235
5963	12	6	7
5964	0	1	1
5965	4	5	2
5966	0	0	0
5967	0	0	0
5968	38	50	49
5969	240	216	209
5970	19	29	23
5971	6	8	7
5972	33	37	41
5973	4	7	6
5974	195	213	139
5975	62	41	51
5976	0	0	0
5977	0	0	0
5978	0	0	0
5979	103	95	85
5980	30	30	24
5981	42	41	41
5982	114	132	130
5983	0	0	0
5984	10	3	6
5985	70	88	59
5986	16	15	18
5987	21	16	11
5988	3	2	2
5989	22	18	22
5990	20	21	20
5991	152	154	181
5992	15	10	13
5993	37	21	49
5994	0	2	3
5995	41	21	33
5996	5	2	2
5997	5	8	14
5998	74	98	84
5999	104	101	104
6000	36	33	29
6001	19	21	9
6002	33	25	26
6003	24	31	25
6004	10	12	13
6005	45	49	56
6006	1	3	2
6007	3	6	1
6008	118	132	131
6009	34	46	34
6010	58	52	41
6011	486	442	468
6012	24	8	9
6013	51	44	49
6014	18	10	8
6015	11	10	14
6016	62	55	62
6017	21	10	12
6018	25	25	42
6019	4	4	3
6020	0	0	0
6021	11	9	6
6022	1	6	2
6023	53	49	40
6024	15	13	12
6025	20	15	11
6026	30	24	23
6027	2	7	3
6028	26	26	29
6029	161	161	177
