	ID	Name	position_from_start	position_from_term	actual_count	downsampled_count
0	rna-XM_713978.2	XM_713978.2	9	759	54.0	19.0
1	rna-XM_713978.2	XM_713978.2	53	715	60.0	19.0
2	rna-XM_713978.2	XM_713978.2	251	517	41.0	19.0
3	rna-XM_713978.2	XM_713978.2	263	505	32.0	19.0
4	rna-XM_713957.1	XM_713957.1	0	1203	38.0	19.0
5	rna-XM_713957.1	XM_713957.1	47	1156	24.0	19.0
6	rna-XM_713957.1	XM_713957.1	50	1153	23.0	19.0
7	rna-XM_713957.1	XM_713957.1	78	1125	21.0	19.0
8	rna-XM_713957.1	XM_713957.1	94	1109	20.0	19.0
9	rna-XM_713954.1	XM_713954.1	91	512	122.0	19.0
10	rna-XM_713954.1	XM_713954.1	127	476	23.0	19.0
11	rna-XM_019475060.1	XM_019475060.1	2611	1625	45.0	19.0
12	rna-XM_019475067.1	XM_019475067.1	339	450	28.0	19.0
13	rna-XM_019475067.1	XM_019475067.1	364	425	25.0	19.0
14	rna-XM_707863.2	XM_707863.2	308	3517	69.0	19.0
15	rna-XM_716341.2	XM_716341.2	36	627	24.0	19.0
16	rna-XM_716341.2	XM_716341.2	147	516	83.0	19.0
17	rna-XM_716341.2	XM_716341.2	307	356	21.0	19.0
18	rna-XM_716371.1	XM_716371.1	216	837	76.0	19.0
19	rna-XM_716399.1	XM_716399.1	428	181	38.0	19.0
20	rna-XM_716399.1	XM_716399.1	475	134	23.0	19.0
21	rna-XM_716399.1	XM_716399.1	522	87	40.0	19.0
22	rna-XM_716419.1	XM_716419.1	113	682	24.0	19.0
23	rna-XM_716442.2	XM_716442.2	529	1361	20.0	19.0
24	rna-XM_716442.2	XM_716442.2	582	1308	87.0	19.0
25	rna-XM_716442.2	XM_716442.2	626	1264	24.0	19.0
26	rna-XM_716442.2	XM_716442.2	1470	420	24.0	19.0
27	rna-XM_716442.2	XM_716442.2	1833	57	25.0	19.0
28	rna-XM_716447.2	XM_716447.2	619	206	32.0	19.0
29	rna-XM_708542.1	XM_708542.1	178	1103	563.0	19.0
30	rna-XM_708542.1	XM_708542.1	230	1051	42.0	19.0
31	rna-XM_708542.1	XM_708542.1	233	1048	21.0	19.0
32	rna-XM_708542.1	XM_708542.1	332	949	44.0	19.0
33	rna-XM_708542.1	XM_708542.1	338	943	34.0	19.0
34	rna-XM_708542.1	XM_708542.1	344	937	25.0	19.0
35	rna-XM_708542.1	XM_708542.1	347	934	37.0	19.0
36	rna-XM_708542.1	XM_708542.1	353	928	26.0	19.0
37	rna-XM_708542.1	XM_708542.1	458	823	24.0	19.0
38	rna-XM_708542.1	XM_708542.1	470	811	20.0	19.0
39	rna-XM_708542.1	XM_708542.1	527	754	73.0	19.0
40	rna-XM_708542.1	XM_708542.1	534	747	69.0	19.0
41	rna-XM_708542.1	XM_708542.1	566	715	22.0	19.0
42	rna-XM_708553.2	XM_708553.2	798	690	22.0	19.0
43	rna-XM_708576.2	XM_708576.2	239	1699	33.0	19.0
44	rna-XM_708576.2	XM_708576.2	629	1309	61.0	19.0
45	rna-XM_708576.2	XM_708576.2	1205	733	21.0	19.0
46	rna-XM_705770.2	XM_705770.2	2111	1981	26.0	19.0
47	rna-XM_705770.2	XM_705770.2	2150	1942	24.0	19.0
48	rna-XM_705770.2	XM_705770.2	2174	1918	26.0	19.0
49	rna-XM_705770.2	XM_705770.2	2207	1885	20.0	19.0
50	rna-XM_705770.2	XM_705770.2	2209	1883	33.0	19.0
51	rna-XM_705770.2	XM_705770.2	2234	1858	25.0	19.0
52	rna-XM_705770.2	XM_705770.2	2308	1784	30.0	19.0
53	rna-XM_713365.1	XM_713365.1	1441	665	26.0	19.0
54	rna-XM_704918.2	XM_704918.2	535	461	22.0	19.0
55	rna-XM_019475113.1	XM_019475113.1	13	386	20.0	19.0
56	rna-XM_019475113.1	XM_019475113.1	21	378	29.0	19.0
57	rna-XM_019475113.1	XM_019475113.1	22	377	20.0	19.0
58	rna-XM_019475113.1	XM_019475113.1	39	360	26.0	19.0
59	rna-XM_019475113.1	XM_019475113.1	40	359	29.0	19.0
60	rna-XM_019475113.1	XM_019475113.1	80	319	50.0	19.0
61	rna-XM_019475113.1	XM_019475113.1	87	312	21.0	19.0
62	rna-XM_019475113.1	XM_019475113.1	90	309	28.0	19.0
63	rna-XM_019475113.1	XM_019475113.1	95	304	21.0	19.0
64	rna-XM_019475113.1	XM_019475113.1	101	298	28.0	19.0
65	rna-XM_019475113.1	XM_019475113.1	105	294	20.0	19.0
66	rna-XM_019475113.1	XM_019475113.1	106	293	24.0	19.0
67	rna-XM_019475113.1	XM_019475113.1	128	271	58.0	19.0
68	rna-XM_019475113.1	XM_019475113.1	130	269	26.0	19.0
69	rna-XM_019475113.1	XM_019475113.1	144	255	32.0	19.0
70	rna-XM_019475113.1	XM_019475113.1	146	253	24.0	19.0
71	rna-XM_019475113.1	XM_019475113.1	149	250	20.0	19.0
72	rna-XM_019475113.1	XM_019475113.1	182	217	29.0	19.0
73	rna-XM_019475113.1	XM_019475113.1	198	201	27.0	19.0
74	rna-XM_019475113.1	XM_019475113.1	200	199	25.0	19.0
75	rna-XM_019475113.1	XM_019475113.1	201	198	22.0	19.0
76	rna-XM_019475113.1	XM_019475113.1	206	193	35.0	19.0
77	rna-XM_019475113.1	XM_019475113.1	214	185	25.0	19.0
78	rna-XM_019475113.1	XM_019475113.1	240	159	29.0	19.0
79	rna-XM_019475113.1	XM_019475113.1	255	144	23.0	19.0
80	rna-XM_019475113.1	XM_019475113.1	267	132	29.0	19.0
81	rna-XM_019475113.1	XM_019475113.1	277	122	28.0	19.0
82	rna-XM_019475113.1	XM_019475113.1	285	114	20.0	19.0
83	rna-XM_019475113.1	XM_019475113.1	294	105	25.0	19.0
84	rna-XM_713748.2	XM_713748.2	40	398	30.0	19.0
85	rna-XM_713748.2	XM_713748.2	41	397	23.0	19.0
86	rna-XM_713748.2	XM_713748.2	42	396	49.0	19.0
87	rna-XM_713748.2	XM_713748.2	45	393	20.0	19.0
88	rna-XM_713748.2	XM_713748.2	48	390	25.0	19.0
89	rna-XM_713748.2	XM_713748.2	57	381	35.0	19.0
90	rna-XM_713748.2	XM_713748.2	58	380	34.0	19.0
91	rna-XM_713748.2	XM_713748.2	60	378	46.0	19.0
92	rna-XM_713748.2	XM_713748.2	61	377	24.0	19.0
93	rna-XM_713748.2	XM_713748.2	62	376	37.0	19.0
94	rna-XM_713748.2	XM_713748.2	63	375	30.0	19.0
95	rna-XM_713748.2	XM_713748.2	65	373	23.0	19.0
96	rna-XM_713748.2	XM_713748.2	66	372	20.0	19.0
97	rna-XM_713748.2	XM_713748.2	69	369	20.0	19.0
98	rna-XM_713748.2	XM_713748.2	79	359	20.0	19.0
99	rna-XM_713748.2	XM_713748.2	99	339	23.0	19.0
100	rna-XM_713748.2	XM_713748.2	116	322	32.0	19.0
101	rna-XM_713748.2	XM_713748.2	127	311	32.0	19.0
102	rna-XM_713748.2	XM_713748.2	133	305	20.0	19.0
103	rna-XM_713748.2	XM_713748.2	134	304	21.0	19.0
104	rna-XM_713748.2	XM_713748.2	142	296	42.0	19.0
105	rna-XM_713748.2	XM_713748.2	144	294	62.0	19.0
106	rna-XM_713748.2	XM_713748.2	145	293	35.0	19.0
107	rna-XM_713748.2	XM_713748.2	147	291	23.0	19.0
108	rna-XM_713748.2	XM_713748.2	156	282	29.0	19.0
109	rna-XM_713748.2	XM_713748.2	185	253	27.0	19.0
110	rna-XM_713748.2	XM_713748.2	186	252	24.0	19.0
111	rna-XM_713748.2	XM_713748.2	187	251	25.0	19.0
112	rna-XM_713748.2	XM_713748.2	189	249	23.0	19.0
113	rna-XM_713748.2	XM_713748.2	190	248	30.0	19.0
114	rna-XM_713748.2	XM_713748.2	193	245	22.0	19.0
115	rna-XM_713748.2	XM_713748.2	194	244	27.0	19.0
116	rna-XM_713748.2	XM_713748.2	195	243	31.0	19.0
117	rna-XM_713748.2	XM_713748.2	196	242	24.0	19.0
118	rna-XM_713748.2	XM_713748.2	198	240	21.0	19.0
119	rna-XM_713748.2	XM_713748.2	201	237	23.0	19.0
120	rna-XM_713748.2	XM_713748.2	205	233	26.0	19.0
121	rna-XM_713748.2	XM_713748.2	206	232	32.0	19.0
122	rna-XM_713748.2	XM_713748.2	207	231	42.0	19.0
123	rna-XM_713748.2	XM_713748.2	208	230	45.0	19.0
124	rna-XM_713748.2	XM_713748.2	209	229	62.0	19.0
125	rna-XM_713748.2	XM_713748.2	210	228	50.0	19.0
126	rna-XM_713748.2	XM_713748.2	211	227	54.0	19.0
127	rna-XM_713748.2	XM_713748.2	217	221	23.0	19.0
128	rna-XM_713748.2	XM_713748.2	226	212	20.0	19.0
129	rna-XM_713748.2	XM_713748.2	227	211	22.0	19.0
130	rna-XM_713748.2	XM_713748.2	229	209	38.0	19.0
131	rna-XM_713748.2	XM_713748.2	230	208	28.0	19.0
132	rna-XM_713748.2	XM_713748.2	233	205	44.0	19.0
133	rna-XM_713748.2	XM_713748.2	234	204	38.0	19.0
134	rna-XM_713748.2	XM_713748.2	235	203	30.0	19.0
135	rna-XM_713748.2	XM_713748.2	236	202	25.0	19.0
136	rna-XM_713748.2	XM_713748.2	238	200	32.0	19.0
137	rna-XM_713748.2	XM_713748.2	280	158	27.0	19.0
138	rna-XM_713748.2	XM_713748.2	295	143	20.0	19.0
139	rna-XM_713748.2	XM_713748.2	296	142	20.0	19.0
140	rna-XM_713748.2	XM_713748.2	299	139	41.0	19.0
141	rna-XM_713748.2	XM_713748.2	437	1	24.0	19.0
142	rna-XM_712519.2	XM_712519.2	1343	532	35.0	19.0
143	rna-XM_712522.2	XM_712522.2	117	384	22.0	19.0
144	rna-XM_712526.2	XM_712526.2	683	2371	24.0	19.0
145	rna-XM_712555.2	XM_712555.2	1877	157	29.0	19.0
146	rna-XM_712560.1	XM_712560.1	634	827	28.0	19.0
147	rna-XM_718485.1	XM_718485.1	386	337	20.0	19.0
148	rna-XM_706117.2	XM_706117.2	623	904	35.0	19.0
149	rna-XM_706117.2	XM_706117.2	753	774	133.0	19.0
150	rna-XM_705625.1	XM_705625.1	1130	310	20.0	19.0
151	rna-XM_019475147.1	XM_019475147.1	263	151	101.0	19.0
152	rna-XM_708702.2	XM_708702.2	776	301	99.0	19.0
153	rna-XM_019475165.1	XM_019475165.1	287	124	22.0	19.0
154	rna-XM_019475165.1	XM_019475165.1	323	88	63.0	19.0
155	rna-XM_706471.2	XM_706471.2	1748	1045	27.0	19.0
156	rna-XM_706471.2	XM_706471.2	2252	541	21.0	19.0
157	rna-XM_706471.2	XM_706471.2	2310	483	65.0	19.0
158	rna-XM_706471.2	XM_706471.2	2357	436	21.0	19.0
159	rna-XM_717055.2	XM_717055.2	3480	162	21.0	19.0
160	rna-XM_709943.1	XM_709943.1	24	816	25.0	19.0
161	rna-XM_709943.1	XM_709943.1	32	808	27.0	19.0
162	rna-XM_709943.1	XM_709943.1	44	796	37.0	19.0
163	rna-XM_709943.1	XM_709943.1	51	789	596.0	19.0
164	rna-XM_709943.1	XM_709943.1	62	778	24.0	19.0
165	rna-XM_709943.1	XM_709943.1	65	775	21.0	19.0
166	rna-XM_709943.1	XM_709943.1	86	754	26.0	19.0
167	rna-XM_709943.1	XM_709943.1	136	704	23.0	19.0
168	rna-XM_709943.1	XM_709943.1	137	703	24.0	19.0
169	rna-XM_709943.1	XM_709943.1	145	695	21.0	19.0
170	rna-XM_709943.1	XM_709943.1	146	694	20.0	19.0
171	rna-XM_709943.1	XM_709943.1	153	687	20.0	19.0
172	rna-XM_709943.1	XM_709943.1	155	685	20.0	19.0
173	rna-XM_019475187.1	XM_019475187.1	1625	358	37.0	19.0
174	rna-XM_709968.1	XM_709968.1	68	871	37.0	19.0
175	rna-XM_705397.2	XM_705397.2	31	500	101.0	19.0
176	rna-XM_705397.2	XM_705397.2	53	478	133.0	19.0
177	rna-XM_705396.2	XM_705396.2	1182	489	29.0	19.0
178	rna-XM_705388.2	XM_705388.2	36	1668	25.0	19.0
179	rna-XM_705388.2	XM_705388.2	47	1657	22.0	19.0
180	rna-XM_714472.2	XM_714472.2	733	782	33.0	19.0
181	rna-XM_717427.1	XM_717427.1	13	347	74.0	19.0
182	rna-XM_717427.1	XM_717427.1	21	339	28.0	19.0
183	rna-XM_717427.1	XM_717427.1	73	287	95.0	19.0
184	rna-XM_717527.2	XM_717527.2	104	5065	27.0	19.0
185	rna-XM_717527.2	XM_717527.2	221	4948	34.0	19.0
186	rna-XM_717527.2	XM_717527.2	239	4930	141.0	19.0
187	rna-XM_019475213.1	XM_019475213.1	168	2361	24.0	19.0
188	rna-XM_019475213.1	XM_019475213.1	587	1942	24.0	19.0
189	rna-XM_019475213.1	XM_019475213.1	1285	1244	22.0	19.0
190	rna-XM_019475213.1	XM_019475213.1	1439	1090	53.0	19.0
191	rna-XM_019475213.1	XM_019475213.1	1444	1085	21.0	19.0
192	rna-XM_715872.2	XM_715872.2	59	2032	35.0	19.0
193	rna-XM_019475216.1	XM_019475216.1	94	389	25.0	19.0
194	rna-XM_019475220.1	XM_019475220.1	1	299	22.0	19.0
195	rna-XM_019475220.1	XM_019475220.1	70	230	32.0	19.0
196	rna-XM_019475220.1	XM_019475220.1	72	228	26.0	19.0
197	rna-XM_019475220.1	XM_019475220.1	74	226	24.0	19.0
198	rna-XM_019475220.1	XM_019475220.1	82	218	39.0	19.0
199	rna-XM_019475220.1	XM_019475220.1	84	216	23.0	19.0
200	rna-XM_019475220.1	XM_019475220.1	140	160	31.0	19.0
201	rna-XM_019475220.1	XM_019475220.1	141	159	41.0	19.0
202	rna-XM_019475220.1	XM_019475220.1	143	157	26.0	19.0
203	rna-XM_019475220.1	XM_019475220.1	162	138	36.0	19.0
204	rna-XM_019475220.1	XM_019475220.1	183	117	23.0	19.0
205	rna-XM_019475220.1	XM_019475220.1	185	115	28.0	19.0
206	rna-XM_715844.1	XM_715844.1	212	1867	50.0	19.0
207	rna-XM_715844.1	XM_715844.1	1083	996	21.0	19.0
208	rna-XM_715844.1	XM_715844.1	1134	945	25.0	19.0
209	rna-XM_715844.1	XM_715844.1	1149	930	20.0	19.0
210	rna-XM_715844.1	XM_715844.1	1170	909	42.0	19.0
211	rna-XM_715844.1	XM_715844.1	1193	886	22.0	19.0
212	rna-XM_715844.1	XM_715844.1	1259	820	53.0	19.0
213	rna-XM_715844.1	XM_715844.1	1266	813	24.0	19.0
214	rna-XM_715844.1	XM_715844.1	1267	812	23.0	19.0
215	rna-XM_715844.1	XM_715844.1	1290	789	28.0	19.0
216	rna-XM_705032.1	XM_705032.1	1024	185	22.0	19.0
217	rna-XM_707828.1	XM_707828.1	7	1466	24.0	19.0
218	rna-XM_707823.1	XM_707823.1	157	401	35.0	19.0
219	rna-XM_707822.2	XM_707822.2	845	2071	27.0	19.0
220	rna-XM_707822.2	XM_707822.2	866	2050	21.0	19.0
221	rna-XM_707710.1	XM_707710.1	373	248	34.0	19.0
222	rna-XM_710962.1	XM_710962.1	302	1201	50.0	19.0
223	rna-XM_019475256.1	XM_019475256.1	15	342	20.0	19.0
224	rna-XM_019475256.1	XM_019475256.1	18	339	41.0	19.0
225	rna-XM_705056.2	XM_705056.2	131	1246	20.0	19.0
226	rna-XM_705056.2	XM_705056.2	174	1203	48.0	19.0
227	rna-XM_705056.2	XM_705056.2	324	1053	45.0	19.0
228	rna-XM_709350.1	XM_709350.1	523	2732	27.0	19.0
229	rna-XM_707506.1	XM_707506.1	712	1037	69.0	19.0
230	rna-XM_705590.2	XM_705590.2	534	636	30.0	19.0
231	rna-XM_705590.2	XM_705590.2	911	259	23.0	19.0
232	rna-XM_709322.1	XM_709322.1	116	217	23.0	19.0
233	rna-XM_709306.2	XM_709306.2	173	2104	21.0	19.0
234	rna-XM_712043.2	XM_712043.2	2102	5146	27.0	19.0
235	rna-XM_712051.1	XM_712051.1	236	553	21.0	19.0
236	rna-XM_712051.1	XM_712051.1	290	499	51.0	19.0
237	rna-XM_712051.1	XM_712051.1	757	32	48.0	19.0
238	rna-XM_712061.1	XM_712061.1	251	214	24.0	19.0
239	rna-XM_712061.1	XM_712061.1	261	204	31.0	19.0
240	rna-XM_712744.1	XM_712744.1	123	285	21.0	19.0
241	rna-XM_712666.2	XM_712666.2	48	2640	22.0	19.0
242	rna-XM_712666.2	XM_712666.2	1087	1601	21.0	19.0
243	rna-XM_712666.2	XM_712666.2	1145	1543	36.0	19.0
244	rna-XM_712666.2	XM_712666.2	1996	692	21.0	19.0
245	rna-XM_713429.2	XM_713429.2	203	3430	161.0	19.0
246	rna-XM_716626.1	XM_716626.1	314	307	25.0	19.0
247	rna-XM_714842.1	XM_714842.1	366	210	37.0	19.0
248	rna-XM_714842.1	XM_714842.1	392	184	27.0	19.0
249	rna-XM_714842.1	XM_714842.1	542	34	22.0	19.0
250	rna-XM_714845.2	XM_714845.2	2943	966	21.0	19.0
251	rna-XM_714941.1	XM_714941.1	578	1147	20.0	19.0
252	rna-XM_707632.2	XM_707632.2	380	19	44.0	19.0
253	rna-XM_019475311.1	XM_019475311.1	54	354	42.0	19.0
254	rna-XM_019475320.1	XM_019475320.1	3	570	27.0	19.0
255	rna-XM_718026.1	XM_718026.1	45	258	26.0	19.0
256	rna-XM_019475322.1	XM_019475322.1	92	337	20.0	19.0
257	rna-XM_019475322.1	XM_019475322.1	174	255	24.0	19.0
258	rna-XM_718047.1	XM_718047.1	156	180	20.0	19.0
259	rna-XM_019475323.1	XM_019475323.1	44	760	92.0	19.0
260	rna-XM_019475323.1	XM_019475323.1	256	548	23.0	19.0
261	rna-XM_019475323.1	XM_019475323.1	301	503	24.0	19.0
262	rna-XM_019475323.1	XM_019475323.1	302	502	22.0	19.0
263	rna-XM_019475323.1	XM_019475323.1	598	206	20.0	19.0
264	rna-XM_019475325.1	XM_019475325.1	0	363	48.0	19.0
265	rna-XM_019475325.1	XM_019475325.1	30	333	37.0	19.0
266	rna-XM_019475325.1	XM_019475325.1	40	323	21.0	19.0
267	rna-XM_019475325.1	XM_019475325.1	44	319	56.0	19.0
268	rna-XM_019475325.1	XM_019475325.1	46	317	46.0	19.0
269	rna-XM_019475325.1	XM_019475325.1	51	312	23.0	19.0
270	rna-XM_019475325.1	XM_019475325.1	52	311	39.0	19.0
271	rna-XM_019475325.1	XM_019475325.1	53	310	31.0	19.0
272	rna-XM_019475325.1	XM_019475325.1	73	290	29.0	19.0
273	rna-XM_019475325.1	XM_019475325.1	76	287	25.0	19.0
274	rna-XM_019475325.1	XM_019475325.1	95	268	23.0	19.0
275	rna-XM_019475325.1	XM_019475325.1	98	265	233.0	19.0
276	rna-XM_019475325.1	XM_019475325.1	103	260	21.0	19.0
277	rna-XM_019475325.1	XM_019475325.1	104	259	32.0	19.0
278	rna-XM_019475325.1	XM_019475325.1	105	258	28.0	19.0
279	rna-XM_019475325.1	XM_019475325.1	109	254	22.0	19.0
280	rna-XM_019475325.1	XM_019475325.1	110	253	35.0	19.0
281	rna-XM_019475325.1	XM_019475325.1	111	252	34.0	19.0
282	rna-XM_019475325.1	XM_019475325.1	112	251	21.0	19.0
283	rna-XM_019475325.1	XM_019475325.1	127	236	40.0	19.0
284	rna-XM_019475325.1	XM_019475325.1	128	235	25.0	19.0
285	rna-XM_019475325.1	XM_019475325.1	129	234	31.0	19.0
286	rna-XM_019475325.1	XM_019475325.1	181	182	24.0	19.0
287	rna-XM_019475328.1	XM_019475328.1	21	417	20.0	19.0
288	rna-XM_019475328.1	XM_019475328.1	23	415	29.0	19.0
289	rna-XM_019475328.1	XM_019475328.1	36	402	35.0	19.0
290	rna-XM_019475328.1	XM_019475328.1	38	400	22.0	19.0
291	rna-XM_019475328.1	XM_019475328.1	44	394	30.0	19.0
292	rna-XM_019475328.1	XM_019475328.1	45	393	20.0	19.0
293	rna-XM_019475328.1	XM_019475328.1	46	392	20.0	19.0
294	rna-XM_019475328.1	XM_019475328.1	61	377	21.0	19.0
295	rna-XM_019475328.1	XM_019475328.1	67	371	20.0	19.0
296	rna-XM_019475328.1	XM_019475328.1	68	370	22.0	19.0
297	rna-XM_019475328.1	XM_019475328.1	72	366	35.0	19.0
298	rna-XM_019475328.1	XM_019475328.1	74	364	25.0	19.0
299	rna-XM_019475328.1	XM_019475328.1	75	363	28.0	19.0
300	rna-XM_019475328.1	XM_019475328.1	79	359	22.0	19.0
301	rna-XM_019475328.1	XM_019475328.1	80	358	43.0	19.0
302	rna-XM_019475328.1	XM_019475328.1	81	357	26.0	19.0
303	rna-XM_019475328.1	XM_019475328.1	82	356	40.0	19.0
304	rna-XM_019475328.1	XM_019475328.1	97	341	21.0	19.0
305	rna-XM_019475328.1	XM_019475328.1	102	336	25.0	19.0
306	rna-XM_019475328.1	XM_019475328.1	104	334	181.0	19.0
307	rna-XM_019475328.1	XM_019475328.1	110	328	24.0	19.0
308	rna-XM_019475328.1	XM_019475328.1	111	327	39.0	19.0
309	rna-XM_019475328.1	XM_019475328.1	112	326	27.0	19.0
310	rna-XM_019475328.1	XM_019475328.1	126	312	21.0	19.0
311	rna-XM_019475328.1	XM_019475328.1	132	306	22.0	19.0
312	rna-XM_019475328.1	XM_019475328.1	142	296	21.0	19.0
313	rna-XM_019475328.1	XM_019475328.1	143	295	31.0	19.0
314	rna-XM_019475328.1	XM_019475328.1	144	294	28.0	19.0
315	rna-XM_019475328.1	XM_019475328.1	145	293	28.0	19.0
316	rna-XM_019475328.1	XM_019475328.1	146	292	31.0	19.0
317	rna-XM_019475328.1	XM_019475328.1	153	285	20.0	19.0
318	rna-XM_019475328.1	XM_019475328.1	154	284	24.0	19.0
319	rna-XM_019475328.1	XM_019475328.1	163	275	34.0	19.0
320	rna-XM_019475328.1	XM_019475328.1	165	273	23.0	19.0
321	rna-XM_019475328.1	XM_019475328.1	166	272	27.0	19.0
322	rna-XM_019475328.1	XM_019475328.1	167	271	36.0	19.0
323	rna-XM_019475328.1	XM_019475328.1	168	270	41.0	19.0
324	rna-XM_019475328.1	XM_019475328.1	169	269	43.0	19.0
325	rna-XM_019475328.1	XM_019475328.1	170	268	25.0	19.0
326	rna-XM_019475328.1	XM_019475328.1	171	267	32.0	19.0
327	rna-XM_019475328.1	XM_019475328.1	173	265	25.0	19.0
328	rna-XM_019475328.1	XM_019475328.1	180	258	21.0	19.0
329	rna-XM_019475328.1	XM_019475328.1	186	252	26.0	19.0
330	rna-XM_019475328.1	XM_019475328.1	187	251	22.0	19.0
331	rna-XM_019475328.1	XM_019475328.1	188	250	48.0	19.0
332	rna-XM_019475328.1	XM_019475328.1	189	249	31.0	19.0
333	rna-XM_019475328.1	XM_019475328.1	190	248	20.0	19.0
334	rna-XM_019475328.1	XM_019475328.1	192	246	22.0	19.0
335	rna-XM_019475328.1	XM_019475328.1	193	245	24.0	19.0
336	rna-XM_019475328.1	XM_019475328.1	194	244	20.0	19.0
337	rna-XM_019475328.1	XM_019475328.1	195	243	23.0	19.0
338	rna-XM_019475328.1	XM_019475328.1	199	239	26.0	19.0
339	rna-XM_019475328.1	XM_019475328.1	201	237	30.0	19.0
340	rna-XM_019475328.1	XM_019475328.1	202	236	27.0	19.0
341	rna-XM_019475328.1	XM_019475328.1	205	233	30.0	19.0
342	rna-XM_019475328.1	XM_019475328.1	206	232	23.0	19.0
343	rna-XM_019475328.1	XM_019475328.1	207	231	30.0	19.0
344	rna-XM_019475328.1	XM_019475328.1	208	230	58.0	19.0
345	rna-XM_019475328.1	XM_019475328.1	209	229	31.0	19.0
346	rna-XM_019475328.1	XM_019475328.1	231	207	40.0	19.0
347	rna-XM_019475328.1	XM_019475328.1	232	206	43.0	19.0
348	rna-XM_019475328.1	XM_019475328.1	233	205	36.0	19.0
349	rna-XM_019475328.1	XM_019475328.1	234	204	41.0	19.0
350	rna-XM_019475328.1	XM_019475328.1	235	203	33.0	19.0
351	rna-XM_019475328.1	XM_019475328.1	238	200	27.0	19.0
352	rna-XM_019475328.1	XM_019475328.1	239	199	37.0	19.0
353	rna-XM_019475328.1	XM_019475328.1	245	193	37.0	19.0
354	rna-XM_019475328.1	XM_019475328.1	251	187	24.0	19.0
355	rna-XM_019475328.1	XM_019475328.1	252	186	39.0	19.0
356	rna-XM_019475328.1	XM_019475328.1	253	185	28.0	19.0
357	rna-XM_019475328.1	XM_019475328.1	273	165	21.0	19.0
358	rna-XM_019475328.1	XM_019475328.1	274	164	21.0	19.0
359	rna-XM_019475328.1	XM_019475328.1	275	163	24.0	19.0
360	rna-XM_019475328.1	XM_019475328.1	276	162	29.0	19.0
361	rna-XM_019475328.1	XM_019475328.1	277	161	32.0	19.0
362	rna-XM_019475328.1	XM_019475328.1	278	160	23.0	19.0
363	rna-XM_019475328.1	XM_019475328.1	281	157	25.0	19.0
364	rna-XM_019475328.1	XM_019475328.1	284	154	24.0	19.0
365	rna-XM_019475328.1	XM_019475328.1	291	147	34.0	19.0
366	rna-XM_019475328.1	XM_019475328.1	303	135	22.0	19.0
367	rna-XM_019475328.1	XM_019475328.1	304	134	27.0	19.0
368	rna-XM_019475328.1	XM_019475328.1	306	132	26.0	19.0
369	rna-XM_019475328.1	XM_019475328.1	307	131	38.0	19.0
370	rna-XM_019475328.1	XM_019475328.1	310	128	21.0	19.0
371	rna-XM_019475328.1	XM_019475328.1	318	120	67.0	19.0
372	rna-XM_019475328.1	XM_019475328.1	330	108	44.0	19.0
373	rna-XM_019475328.1	XM_019475328.1	354	84	20.0	19.0
374	rna-XM_019475328.1	XM_019475328.1	398	40	31.0	19.0
375	rna-XM_019475329.1	XM_019475329.1	439	347	46.0	19.0
376	rna-XM_019475329.1	XM_019475329.1	459	327	22.0	19.0
377	rna-XM_019475329.1	XM_019475329.1	465	321	30.0	19.0
378	rna-XM_019475329.1	XM_019475329.1	493	293	23.0	19.0
379	rna-XM_019475329.1	XM_019475329.1	537	249	20.0	19.0
380	rna-XM_019475329.1	XM_019475329.1	550	236	26.0	19.0
381	rna-XM_019475329.1	XM_019475329.1	553	233	23.0	19.0
382	rna-XM_019475329.1	XM_019475329.1	571	215	153.0	19.0
383	rna-XM_019475329.1	XM_019475329.1	617	169	22.0	19.0
384	rna-XM_019475329.1	XM_019475329.1	624	162	26.0	19.0
385	rna-XM_019475329.1	XM_019475329.1	626	160	30.0	19.0
386	rna-XM_019475329.1	XM_019475329.1	627	159	28.0	19.0
387	rna-XM_019475329.1	XM_019475329.1	628	158	34.0	19.0
388	rna-XM_019475329.1	XM_019475329.1	629	157	28.0	19.0
389	rna-XM_019475329.1	XM_019475329.1	632	154	30.0	19.0
390	rna-XM_019475329.1	XM_019475329.1	633	153	35.0	19.0
391	rna-XM_019475329.1	XM_019475329.1	634	152	29.0	19.0
392	rna-XM_019475329.1	XM_019475329.1	635	151	21.0	19.0
393	rna-XM_019475329.1	XM_019475329.1	636	150	40.0	19.0
394	rna-XM_019475329.1	XM_019475329.1	637	149	28.0	19.0
395	rna-XM_019475329.1	XM_019475329.1	638	148	30.0	19.0
396	rna-XM_019475329.1	XM_019475329.1	666	120	20.0	19.0
397	rna-XM_019475329.1	XM_019475329.1	683	103	30.0	19.0
398	rna-XM_019475329.1	XM_019475329.1	689	97	50.0	19.0
399	rna-XM_705855.1	XM_705855.1	135	375	34.0	19.0
400	rna-XM_705855.1	XM_705855.1	164	346	22.0	19.0
401	rna-XM_705238.2	XM_705238.2	31	647	149.0	19.0
402	rna-XM_705238.2	XM_705238.2	53	625	100.0	19.0
403	rna-XM_019475351.1	XM_019475351.1	574	728	59.0	19.0
404	rna-XM_708236.1	XM_708236.1	220	389	20.0	19.0
405	rna-XM_019475352.1	XM_019475352.1	682	833	20.0	19.0
406	rna-XM_019475352.1	XM_019475352.1	1289	226	23.0	19.0
407	rna-XM_717669.2	XM_717669.2	12328	2780	27.0	19.0
408	rna-XM_717669.2	XM_717669.2	12420	2688	266.0	19.0
409	rna-XM_717669.2	XM_717669.2	12593	2515	24.0	19.0
410	rna-XM_717669.2	XM_717669.2	13118	1990	29.0	19.0
411	rna-XM_717669.2	XM_717669.2	13232	1876	26.0	19.0
412	rna-XM_717669.2	XM_717669.2	13250	1858	28.0	19.0
413	rna-XM_019475360.1	XM_019475360.1	173	538	98.0	19.0
414	rna-XM_019475360.1	XM_019475360.1	190	521	22.0	19.0
415	rna-XM_019475360.1	XM_019475360.1	232	479	22.0	19.0
416	rna-XM_019475360.1	XM_019475360.1	234	477	32.0	19.0
417	rna-XM_019475360.1	XM_019475360.1	240	471	24.0	19.0
418	rna-XM_019475360.1	XM_019475360.1	255	456	21.0	19.0
419	rna-XM_019475360.1	XM_019475360.1	261	450	25.0	19.0
420	rna-XM_019475360.1	XM_019475360.1	262	449	21.0	19.0
421	rna-XM_019475360.1	XM_019475360.1	264	447	38.0	19.0
422	rna-XM_019475360.1	XM_019475360.1	265	446	32.0	19.0
423	rna-XM_019475360.1	XM_019475360.1	272	439	21.0	19.0
424	rna-XM_019475360.1	XM_019475360.1	274	437	31.0	19.0
425	rna-XM_019475360.1	XM_019475360.1	275	436	29.0	19.0
426	rna-XM_019475360.1	XM_019475360.1	276	435	43.0	19.0
427	rna-XM_019475360.1	XM_019475360.1	277	434	31.0	19.0
428	rna-XM_019475360.1	XM_019475360.1	278	433	50.0	19.0
429	rna-XM_019475360.1	XM_019475360.1	279	432	101.0	19.0
430	rna-XM_019475360.1	XM_019475360.1	280	431	74.0	19.0
431	rna-XM_019475360.1	XM_019475360.1	281	430	68.0	19.0
432	rna-XM_019475360.1	XM_019475360.1	282	429	63.0	19.0
433	rna-XM_019475360.1	XM_019475360.1	283	428	56.0	19.0
434	rna-XM_019475360.1	XM_019475360.1	284	427	35.0	19.0
435	rna-XM_019475360.1	XM_019475360.1	285	426	25.0	19.0
436	rna-XM_019475360.1	XM_019475360.1	286	425	21.0	19.0
437	rna-XM_019475360.1	XM_019475360.1	287	424	25.0	19.0
438	rna-XM_019475360.1	XM_019475360.1	288	423	38.0	19.0
439	rna-XM_019475360.1	XM_019475360.1	291	420	20.0	19.0
440	rna-XM_019475360.1	XM_019475360.1	300	411	29.0	19.0
441	rna-XM_019475360.1	XM_019475360.1	301	410	26.0	19.0
442	rna-XM_019475360.1	XM_019475360.1	305	406	30.0	19.0
443	rna-XM_019475360.1	XM_019475360.1	315	396	24.0	19.0
444	rna-XM_019475360.1	XM_019475360.1	320	391	88.0	19.0
445	rna-XM_019475360.1	XM_019475360.1	321	390	26.0	19.0
446	rna-XM_019475360.1	XM_019475360.1	322	389	42.0	19.0
447	rna-XM_019475360.1	XM_019475360.1	330	381	51.0	19.0
448	rna-XM_019475360.1	XM_019475360.1	331	380	20.0	19.0
449	rna-XM_019475360.1	XM_019475360.1	334	377	22.0	19.0
450	rna-XM_019475360.1	XM_019475360.1	335	376	25.0	19.0
451	rna-XM_019475360.1	XM_019475360.1	336	375	24.0	19.0
452	rna-XM_019475360.1	XM_019475360.1	338	373	20.0	19.0
453	rna-XM_019475360.1	XM_019475360.1	341	370	25.0	19.0
454	rna-XM_019475360.1	XM_019475360.1	342	369	20.0	19.0
455	rna-XM_019475360.1	XM_019475360.1	343	368	28.0	19.0
456	rna-XM_019475360.1	XM_019475360.1	344	367	32.0	19.0
457	rna-XM_019475360.1	XM_019475360.1	345	366	21.0	19.0
458	rna-XM_019475360.1	XM_019475360.1	346	365	31.0	19.0
459	rna-XM_019475360.1	XM_019475360.1	348	363	102.0	19.0
460	rna-XM_019475360.1	XM_019475360.1	359	352	73.0	19.0
461	rna-XM_019475360.1	XM_019475360.1	361	350	32.0	19.0
462	rna-XM_019475360.1	XM_019475360.1	362	349	25.0	19.0
463	rna-XM_019475360.1	XM_019475360.1	364	347	20.0	19.0
464	rna-XM_019475360.1	XM_019475360.1	365	346	30.0	19.0
465	rna-XM_019475360.1	XM_019475360.1	367	344	29.0	19.0
466	rna-XM_019475360.1	XM_019475360.1	368	343	22.0	19.0
467	rna-XM_019475360.1	XM_019475360.1	369	342	25.0	19.0
468	rna-XM_019475360.1	XM_019475360.1	370	341	25.0	19.0
469	rna-XM_019475360.1	XM_019475360.1	372	339	20.0	19.0
470	rna-XM_019475360.1	XM_019475360.1	373	338	23.0	19.0
471	rna-XM_019475360.1	XM_019475360.1	376	335	24.0	19.0
472	rna-XM_019475360.1	XM_019475360.1	377	334	27.0	19.0
473	rna-XM_019475360.1	XM_019475360.1	378	333	22.0	19.0
474	rna-XM_019475360.1	XM_019475360.1	379	332	20.0	19.0
475	rna-XM_019475360.1	XM_019475360.1	381	330	58.0	19.0
476	rna-XM_019475360.1	XM_019475360.1	382	329	33.0	19.0
477	rna-XM_019475360.1	XM_019475360.1	386	325	26.0	19.0
478	rna-XM_019475360.1	XM_019475360.1	388	323	23.0	19.0
479	rna-XM_019475360.1	XM_019475360.1	389	322	25.0	19.0
480	rna-XM_019475360.1	XM_019475360.1	390	321	35.0	19.0
481	rna-XM_019475360.1	XM_019475360.1	391	320	43.0	19.0
482	rna-XM_019475360.1	XM_019475360.1	392	319	42.0	19.0
483	rna-XM_019475360.1	XM_019475360.1	393	318	30.0	19.0
484	rna-XM_019475360.1	XM_019475360.1	394	317	42.0	19.0
485	rna-XM_019475360.1	XM_019475360.1	395	316	38.0	19.0
486	rna-XM_019475360.1	XM_019475360.1	396	315	111.0	19.0
487	rna-XM_019475360.1	XM_019475360.1	397	314	34.0	19.0
488	rna-XM_019475360.1	XM_019475360.1	399	312	29.0	19.0
489	rna-XM_019475360.1	XM_019475360.1	400	311	20.0	19.0
490	rna-XM_019475360.1	XM_019475360.1	407	304	20.0	19.0
491	rna-XM_019475360.1	XM_019475360.1	411	300	20.0	19.0
492	rna-XM_019475360.1	XM_019475360.1	417	294	23.0	19.0
493	rna-XM_019475360.1	XM_019475360.1	418	293	20.0	19.0
494	rna-XM_019475360.1	XM_019475360.1	421	290	24.0	19.0
495	rna-XM_019475360.1	XM_019475360.1	422	289	31.0	19.0
496	rna-XM_019475360.1	XM_019475360.1	423	288	42.0	19.0
497	rna-XM_019475360.1	XM_019475360.1	424	287	35.0	19.0
498	rna-XM_019475360.1	XM_019475360.1	425	286	49.0	19.0
499	rna-XM_019475360.1	XM_019475360.1	426	285	105.0	19.0
500	rna-XM_019475360.1	XM_019475360.1	427	284	60.0	19.0
501	rna-XM_019475360.1	XM_019475360.1	428	283	49.0	19.0
502	rna-XM_019475360.1	XM_019475360.1	429	282	40.0	19.0
503	rna-XM_019475360.1	XM_019475360.1	430	281	59.0	19.0
504	rna-XM_019475360.1	XM_019475360.1	432	279	21.0	19.0
505	rna-XM_019475360.1	XM_019475360.1	433	278	24.0	19.0
506	rna-XM_019475360.1	XM_019475360.1	438	273	34.0	19.0
507	rna-XM_019475360.1	XM_019475360.1	441	270	23.0	19.0
508	rna-XM_019475360.1	XM_019475360.1	443	268	20.0	19.0
509	rna-XM_019475360.1	XM_019475360.1	444	267	20.0	19.0
510	rna-XM_019475360.1	XM_019475360.1	445	266	39.0	19.0
511	rna-XM_019475360.1	XM_019475360.1	446	265	21.0	19.0
512	rna-XM_019475360.1	XM_019475360.1	447	264	61.0	19.0
513	rna-XM_019475360.1	XM_019475360.1	448	263	23.0	19.0
514	rna-XM_019475360.1	XM_019475360.1	449	262	33.0	19.0
515	rna-XM_019475360.1	XM_019475360.1	450	261	21.0	19.0
516	rna-XM_019475360.1	XM_019475360.1	452	259	107.0	19.0
517	rna-XM_019475360.1	XM_019475360.1	453	258	56.0	19.0
518	rna-XM_019475360.1	XM_019475360.1	454	257	21.0	19.0
519	rna-XM_019475360.1	XM_019475360.1	455	256	53.0	19.0
520	rna-XM_019475360.1	XM_019475360.1	456	255	29.0	19.0
521	rna-XM_019475360.1	XM_019475360.1	458	253	33.0	19.0
522	rna-XM_019475360.1	XM_019475360.1	459	252	22.0	19.0
523	rna-XM_019475360.1	XM_019475360.1	462	249	24.0	19.0
524	rna-XM_019475360.1	XM_019475360.1	464	247	25.0	19.0
525	rna-XM_019475360.1	XM_019475360.1	465	246	20.0	19.0
526	rna-XM_019475360.1	XM_019475360.1	466	245	20.0	19.0
527	rna-XM_019475360.1	XM_019475360.1	473	238	23.0	19.0
528	rna-XM_019475360.1	XM_019475360.1	476	235	22.0	19.0
529	rna-XM_019475360.1	XM_019475360.1	477	234	49.0	19.0
530	rna-XM_019475360.1	XM_019475360.1	479	232	28.0	19.0
531	rna-XM_019475360.1	XM_019475360.1	480	231	59.0	19.0
532	rna-XM_019475360.1	XM_019475360.1	481	230	22.0	19.0
533	rna-XM_019475360.1	XM_019475360.1	482	229	112.0	19.0
534	rna-XM_019475360.1	XM_019475360.1	483	228	29.0	19.0
535	rna-XM_019475360.1	XM_019475360.1	485	226	20.0	19.0
536	rna-XM_019475360.1	XM_019475360.1	487	224	46.0	19.0
537	rna-XM_019475360.1	XM_019475360.1	488	223	21.0	19.0
538	rna-XM_019475360.1	XM_019475360.1	489	222	20.0	19.0
539	rna-XM_019475360.1	XM_019475360.1	491	220	27.0	19.0
540	rna-XM_019475360.1	XM_019475360.1	493	218	20.0	19.0
541	rna-XM_019475360.1	XM_019475360.1	497	214	26.0	19.0
542	rna-XM_019475360.1	XM_019475360.1	498	213	22.0	19.0
543	rna-XM_019475360.1	XM_019475360.1	500	211	23.0	19.0
544	rna-XM_019475360.1	XM_019475360.1	501	210	25.0	19.0
545	rna-XM_019475360.1	XM_019475360.1	502	209	31.0	19.0
546	rna-XM_019475360.1	XM_019475360.1	503	208	38.0	19.0
547	rna-XM_019475360.1	XM_019475360.1	504	207	21.0	19.0
548	rna-XM_019475360.1	XM_019475360.1	505	206	21.0	19.0
549	rna-XM_019475360.1	XM_019475360.1	506	205	28.0	19.0
550	rna-XM_019475360.1	XM_019475360.1	507	204	23.0	19.0
551	rna-XM_019475360.1	XM_019475360.1	508	203	20.0	19.0
552	rna-XM_019475360.1	XM_019475360.1	510	201	21.0	19.0
553	rna-XM_019475360.1	XM_019475360.1	511	200	28.0	19.0
554	rna-XM_019475360.1	XM_019475360.1	513	198	198.0	19.0
555	rna-XM_019475360.1	XM_019475360.1	514	197	24.0	19.0
556	rna-XM_019475360.1	XM_019475360.1	518	193	21.0	19.0
557	rna-XM_019475360.1	XM_019475360.1	520	191	21.0	19.0
558	rna-XM_019475360.1	XM_019475360.1	521	190	26.0	19.0
559	rna-XM_019475360.1	XM_019475360.1	522	189	21.0	19.0
560	rna-XM_019475360.1	XM_019475360.1	523	188	22.0	19.0
561	rna-XM_019475360.1	XM_019475360.1	525	186	22.0	19.0
562	rna-XM_019475360.1	XM_019475360.1	534	177	53.0	19.0
563	rna-XM_019475360.1	XM_019475360.1	546	165	113.0	19.0
564	rna-XM_019475360.1	XM_019475360.1	547	164	24.0	19.0
565	rna-XM_019475360.1	XM_019475360.1	553	158	23.0	19.0
566	rna-XM_019475360.1	XM_019475360.1	554	157	37.0	19.0
567	rna-XM_019475360.1	XM_019475360.1	555	156	25.0	19.0
568	rna-XM_019475360.1	XM_019475360.1	556	155	45.0	19.0
569	rna-XM_019475360.1	XM_019475360.1	557	154	36.0	19.0
570	rna-XM_019475360.1	XM_019475360.1	558	153	47.0	19.0
571	rna-XM_019475360.1	XM_019475360.1	559	152	36.0	19.0
572	rna-XM_019475360.1	XM_019475360.1	560	151	28.0	19.0
573	rna-XM_019475360.1	XM_019475360.1	561	150	27.0	19.0
574	rna-XM_019475360.1	XM_019475360.1	571	140	29.0	19.0
575	rna-XM_019475360.1	XM_019475360.1	577	134	21.0	19.0
576	rna-XM_019475360.1	XM_019475360.1	578	133	28.0	19.0
577	rna-XM_019475360.1	XM_019475360.1	579	132	37.0	19.0
578	rna-XM_019475360.1	XM_019475360.1	580	131	41.0	19.0
579	rna-XM_019475360.1	XM_019475360.1	581	130	31.0	19.0
580	rna-XM_019475360.1	XM_019475360.1	582	129	23.0	19.0
581	rna-XM_019475360.1	XM_019475360.1	584	127	32.0	19.0
582	rna-XM_019475360.1	XM_019475360.1	585	126	29.0	19.0
583	rna-XM_019475360.1	XM_019475360.1	586	125	33.0	19.0
584	rna-XM_019475360.1	XM_019475360.1	587	124	22.0	19.0
585	rna-XM_019475360.1	XM_019475360.1	588	123	26.0	19.0
586	rna-XM_019475360.1	XM_019475360.1	589	122	36.0	19.0
587	rna-XM_019475360.1	XM_019475360.1	590	121	20.0	19.0
588	rna-XM_019475360.1	XM_019475360.1	601	110	27.0	19.0
589	rna-XM_019475360.1	XM_019475360.1	604	107	24.0	19.0
590	rna-XM_019475360.1	XM_019475360.1	606	105	37.0	19.0
591	rna-XM_019475360.1	XM_019475360.1	608	103	27.0	19.0
592	rna-XM_019475360.1	XM_019475360.1	617	94	21.0	19.0
593	rna-XM_019475360.1	XM_019475360.1	618	93	31.0	19.0
594	rna-XM_019475360.1	XM_019475360.1	620	91	51.0	19.0
595	rna-XM_019475360.1	XM_019475360.1	621	90	31.0	19.0
596	rna-XM_019475360.1	XM_019475360.1	622	89	24.0	19.0
597	rna-XM_019475360.1	XM_019475360.1	630	81	20.0	19.0
598	rna-XM_019475360.1	XM_019475360.1	634	77	20.0	19.0
599	rna-XM_019475360.1	XM_019475360.1	653	58	62.0	19.0
600	rna-XM_717597.2	XM_717597.2	886	194	23.0	19.0
601	rna-XM_717566.1	XM_717566.1	398	691	21.0	19.0
602	rna-XM_717564.2	XM_717564.2	280	1547	28.0	19.0
603	rna-XM_717564.2	XM_717564.2	638	1189	53.0	19.0
604	rna-XM_717540.1	XM_717540.1	215	1174	66.0	19.0
605	rna-XM_717540.1	XM_717540.1	457	932	32.0	19.0
606	rna-XM_715396.1	XM_715396.1	56	1663	90.0	19.0
607	rna-XM_715367.2	XM_715367.2	55	1229	32.0	19.0
608	rna-XM_715367.2	XM_715367.2	122	1162	22.0	19.0
609	rna-XM_715367.2	XM_715367.2	140	1144	47.0	19.0
610	rna-XM_715327.1	XM_715327.1	376	515	23.0	19.0
611	rna-XM_019475383.1	XM_019475383.1	205	437	20.0	19.0
612	rna-XM_019475383.1	XM_019475383.1	245	397	20.0	19.0
613	rna-XM_019475383.1	XM_019475383.1	248	394	33.0	19.0
614	rna-XM_019475383.1	XM_019475383.1	290	352	23.0	19.0
615	rna-XM_712142.1	XM_712142.1	149	682	34.0	19.0
616	rna-XM_712127.1	XM_712127.1	263	2587	20.0	19.0
617	rna-XM_705028.2	XM_705028.2	5297	1132	22.0	19.0
618	rna-XM_705028.2	XM_705028.2	5330	1099	1579.0	19.0
619	rna-XM_705028.2	XM_705028.2	5331	1098	33.0	19.0
620	rna-XM_711482.2	XM_711482.2	149	1237	83.0	19.0
621	rna-XM_710478.2	XM_710478.2	81	1500	24.0	19.0
622	rna-XM_710474.2	XM_710474.2	1685	688	28.0	19.0
623	rna-XM_710444.2	XM_710444.2	416	2575	72.0	19.0
624	rna-XM_710444.2	XM_710444.2	608	2383	27.0	19.0
625	rna-XM_710444.2	XM_710444.2	610	2381	32.0	19.0
626	rna-XM_710444.2	XM_710444.2	618	2373	97.0	19.0
627	rna-XM_710444.2	XM_710444.2	645	2346	54.0	19.0
628	rna-XM_710444.2	XM_710444.2	646	2345	34.0	19.0
629	rna-XM_710444.2	XM_710444.2	678	2313	23.0	19.0
630	rna-XM_710440.1	XM_710440.1	152	1552	21.0	19.0
631	rna-XM_019475397.1	XM_019475397.1	239	517	36.0	19.0
632	rna-XM_710435.2	XM_710435.2	1667	259	23.0	19.0
633	rna-XM_710354.1	XM_710354.1	449	502	37.0	19.0
634	rna-XM_710354.1	XM_710354.1	900	51	34.0	19.0
635	rna-XM_710346.2	XM_710346.2	146	676	41.0	19.0
636	rna-XM_710314.2	XM_710314.2	2481	3483	44.0	19.0
637	rna-XM_710304.1	XM_710304.1	69	513	25.0	19.0
638	rna-XM_710304.1	XM_710304.1	81	501	48.0	19.0
639	rna-XM_710304.1	XM_710304.1	85	497	144.0	19.0
640	rna-XM_710304.1	XM_710304.1	86	496	22.0	19.0
641	rna-XM_710304.1	XM_710304.1	200	382	20.0	19.0
642	rna-XM_705430.2	XM_705430.2	0	1644	38.0	19.0
643	rna-XM_711723.2	XM_711723.2	1268	862	63.0	19.0
644	rna-XM_711687.1	XM_711687.1	749	157	22.0	19.0
645	rna-XM_019475412.1	XM_019475412.1	29	439	21.0	19.0
646	rna-XM_019475412.1	XM_019475412.1	89	379	22.0	19.0
647	rna-XM_706264.2	XM_706264.2	2491	662	24.0	19.0
648	rna-XM_706264.2	XM_706264.2	2515	638	42.0	19.0
649	rna-XM_706264.2	XM_706264.2	2634	519	36.0	19.0
650	rna-XM_706264.2	XM_706264.2	2635	518	20.0	19.0
651	rna-XM_706264.2	XM_706264.2	2636	517	80.0	19.0
652	rna-XM_706264.2	XM_706264.2	2637	516	28.0	19.0
653	rna-XM_706264.2	XM_706264.2	2638	515	27.0	19.0
654	rna-XM_706264.2	XM_706264.2	2639	514	22.0	19.0
655	rna-XM_706264.2	XM_706264.2	2642	511	34.0	19.0
656	rna-XM_706264.2	XM_706264.2	2643	510	22.0	19.0
657	rna-XM_706264.2	XM_706264.2	2645	508	23.0	19.0
658	rna-XM_706264.2	XM_706264.2	2649	504	22.0	19.0
659	rna-XM_706264.2	XM_706264.2	2688	465	40.0	19.0
660	rna-XM_706264.2	XM_706264.2	2745	408	21.0	19.0
661	rna-XM_706264.2	XM_706264.2	2746	407	22.0	19.0
662	rna-XM_706264.2	XM_706264.2	2747	406	29.0	19.0
663	rna-XM_706264.2	XM_706264.2	2786	367	32.0	19.0
664	rna-XM_706264.2	XM_706264.2	2787	366	23.0	19.0
665	rna-XM_706264.2	XM_706264.2	2789	364	26.0	19.0
666	rna-XM_706264.2	XM_706264.2	2790	363	21.0	19.0
667	rna-XM_706264.2	XM_706264.2	2791	362	22.0	19.0
668	rna-XM_706264.2	XM_706264.2	2792	361	20.0	19.0
669	rna-XM_706264.2	XM_706264.2	2793	360	21.0	19.0
670	rna-XM_706264.2	XM_706264.2	2798	355	22.0	19.0
671	rna-XM_706264.2	XM_706264.2	2799	354	26.0	19.0
672	rna-XM_706264.2	XM_706264.2	2801	352	21.0	19.0
673	rna-XM_706264.2	XM_706264.2	2802	351	55.0	19.0
674	rna-XM_706264.2	XM_706264.2	2852	301	598.0	19.0
675	rna-XM_706264.2	XM_706264.2	2853	300	33.0	19.0
676	rna-XM_706264.2	XM_706264.2	2876	277	25.0	19.0
677	rna-XM_706264.2	XM_706264.2	2882	271	88.0	19.0
678	rna-XM_706264.2	XM_706264.2	2883	270	25.0	19.0
679	rna-XM_706264.2	XM_706264.2	2884	269	29.0	19.0
680	rna-XM_706264.2	XM_706264.2	2885	268	28.0	19.0
681	rna-XM_706264.2	XM_706264.2	2886	267	25.0	19.0
682	rna-XM_706264.2	XM_706264.2	2888	265	26.0	19.0
683	rna-XM_706264.2	XM_706264.2	2893	260	26.0	19.0
684	rna-XM_706264.2	XM_706264.2	2900	253	89.0	19.0
685	rna-XM_706264.2	XM_706264.2	2903	250	20.0	19.0
686	rna-XM_706264.2	XM_706264.2	2910	243	20.0	19.0
687	rna-XM_706264.2	XM_706264.2	2933	220	31.0	19.0
688	rna-XM_706264.2	XM_706264.2	2936	217	28.0	19.0
689	rna-XM_706264.2	XM_706264.2	2937	216	27.0	19.0
690	rna-XM_706264.2	XM_706264.2	2945	208	23.0	19.0
691	rna-XM_706264.2	XM_706264.2	2955	198	81.0	19.0
692	rna-XM_706264.2	XM_706264.2	2976	177	31.0	19.0
693	rna-XM_706264.2	XM_706264.2	2981	172	25.0	19.0
694	rna-XM_706264.2	XM_706264.2	3008	145	30.0	19.0
695	rna-XM_019475419.1	XM_019475419.1	3098	2032	70.0	19.0
696	rna-XM_715498.2	XM_715498.2	109	899	43.0	19.0
697	rna-XM_715548.1	XM_715548.1	261	417	45.0	19.0
698	rna-XM_715548.1	XM_715548.1	575	103	46.0	19.0
699	rna-XM_706938.2	XM_706938.2	408	714	48.0	19.0
700	rna-XM_019475428.1	XM_019475428.1	0	255	33.0	19.0
701	rna-XM_019475428.1	XM_019475428.1	1	254	28.0	19.0
702	rna-XM_019475428.1	XM_019475428.1	2	253	24.0	19.0
703	rna-XM_019475428.1	XM_019475428.1	4	251	40.0	19.0
704	rna-XM_019475428.1	XM_019475428.1	5	250	48.0	19.0
705	rna-XM_019475428.1	XM_019475428.1	6	249	50.0	19.0
706	rna-XM_019475428.1	XM_019475428.1	7	248	56.0	19.0
707	rna-XM_019475428.1	XM_019475428.1	8	247	25.0	19.0
708	rna-XM_019475428.1	XM_019475428.1	12	243	25.0	19.0
709	rna-XM_019475428.1	XM_019475428.1	13	242	23.0	19.0
710	rna-XM_019475428.1	XM_019475428.1	17	238	21.0	19.0
711	rna-XM_019475428.1	XM_019475428.1	25	230	22.0	19.0
712	rna-XM_019475428.1	XM_019475428.1	26	229	22.0	19.0
713	rna-XM_019475428.1	XM_019475428.1	27	228	26.0	19.0
714	rna-XM_019475428.1	XM_019475428.1	28	227	23.0	19.0
715	rna-XM_019475428.1	XM_019475428.1	30	225	31.0	19.0
716	rna-XM_019475428.1	XM_019475428.1	33	222	26.0	19.0
717	rna-XM_019475428.1	XM_019475428.1	39	216	21.0	19.0
718	rna-XM_019475428.1	XM_019475428.1	41	214	37.0	19.0
719	rna-XM_019475428.1	XM_019475428.1	48	207	23.0	19.0
720	rna-XM_019475428.1	XM_019475428.1	49	206	28.0	19.0
721	rna-XM_019475428.1	XM_019475428.1	50	205	25.0	19.0
722	rna-XM_019475428.1	XM_019475428.1	54	201	24.0	19.0
723	rna-XM_019475428.1	XM_019475428.1	55	200	33.0	19.0
724	rna-XM_019475428.1	XM_019475428.1	56	199	44.0	19.0
725	rna-XM_019475428.1	XM_019475428.1	57	198	25.0	19.0
726	rna-XM_019475428.1	XM_019475428.1	58	197	21.0	19.0
727	rna-XM_019475428.1	XM_019475428.1	63	192	49.0	19.0
728	rna-XM_019475428.1	XM_019475428.1	64	191	74.0	19.0
729	rna-XM_019475428.1	XM_019475428.1	65	190	23.0	19.0
730	rna-XM_019475428.1	XM_019475428.1	66	189	21.0	19.0
731	rna-XM_019475428.1	XM_019475428.1	67	188	27.0	19.0
732	rna-XM_019475428.1	XM_019475428.1	88	167	73.0	19.0
733	rna-XM_019475428.1	XM_019475428.1	89	166	28.0	19.0
734	rna-XM_019475428.1	XM_019475428.1	114	141	36.0	19.0
735	rna-XM_019475428.1	XM_019475428.1	115	140	20.0	19.0
736	rna-XM_019475428.1	XM_019475428.1	136	119	27.0	19.0
737	rna-XM_019475428.1	XM_019475428.1	140	115	34.0	19.0
738	rna-XM_019475428.1	XM_019475428.1	157	98	20.0	19.0
739	rna-XM_019475428.1	XM_019475428.1	158	97	25.0	19.0
740	rna-XM_019475428.1	XM_019475428.1	175	80	24.0	19.0
741	rna-XM_019475428.1	XM_019475428.1	176	79	21.0	19.0
742	rna-XM_019475428.1	XM_019475428.1	180	75	22.0	19.0
743	rna-XM_019475428.1	XM_019475428.1	254	1	49.0	19.0
744	rna-XM_716869.2	XM_716869.2	31	728	40.0	19.0
745	rna-XM_716869.2	XM_716869.2	53	706	50.0	19.0
746	rna-XM_707223.1	XM_707223.1	999	552	23.0	19.0
747	rna-XM_707223.1	XM_707223.1	1034	517	28.0	19.0
748	rna-XM_707223.1	XM_707223.1	1049	502	23.0	19.0
749	rna-XM_707223.1	XM_707223.1	1061	490	21.0	19.0
750	rna-XM_707223.1	XM_707223.1	1062	489	27.0	19.0
751	rna-XM_707223.1	XM_707223.1	1074	477	27.0	19.0
752	rna-XM_707223.1	XM_707223.1	1092	459	20.0	19.0
753	rna-XM_707223.1	XM_707223.1	1108	443	26.0	19.0
754	rna-XM_707223.1	XM_707223.1	1114	437	30.0	19.0
755	rna-XM_707223.1	XM_707223.1	1117	434	21.0	19.0
756	rna-XM_707223.1	XM_707223.1	1118	433	27.0	19.0
757	rna-XM_707223.1	XM_707223.1	1135	416	24.0	19.0
758	rna-XM_707223.1	XM_707223.1	1136	415	20.0	19.0
759	rna-XM_707223.1	XM_707223.1	1140	411	25.0	19.0
760	rna-XM_707223.1	XM_707223.1	1142	409	36.0	19.0
761	rna-XM_707223.1	XM_707223.1	1149	402	20.0	19.0
762	rna-XM_707223.1	XM_707223.1	1159	392	35.0	19.0
763	rna-XM_707223.1	XM_707223.1	1162	389	35.0	19.0
764	rna-XM_707223.1	XM_707223.1	1164	387	21.0	19.0
765	rna-XM_707223.1	XM_707223.1	1165	386	21.0	19.0
766	rna-XM_707223.1	XM_707223.1	1166	385	33.0	19.0
767	rna-XM_707223.1	XM_707223.1	1167	384	30.0	19.0
768	rna-XM_707223.1	XM_707223.1	1168	383	28.0	19.0
769	rna-XM_707223.1	XM_707223.1	1169	382	39.0	19.0
770	rna-XM_707223.1	XM_707223.1	1170	381	35.0	19.0
771	rna-XM_707223.1	XM_707223.1	1194	357	39.0	19.0
772	rna-XM_707223.1	XM_707223.1	1195	356	22.0	19.0
773	rna-XM_707223.1	XM_707223.1	1212	339	20.0	19.0
774	rna-XM_707223.1	XM_707223.1	1214	337	36.0	19.0
775	rna-XM_707223.1	XM_707223.1	1218	333	21.0	19.0
776	rna-XM_707223.1	XM_707223.1	1219	332	62.0	19.0
777	rna-XM_707223.1	XM_707223.1	1226	325	21.0	19.0
778	rna-XM_707223.1	XM_707223.1	1254	297	25.0	19.0
779	rna-XM_707223.1	XM_707223.1	1261	290	20.0	19.0
780	rna-XM_707223.1	XM_707223.1	1263	288	58.0	19.0
781	rna-XM_707223.1	XM_707223.1	1264	287	23.0	19.0
782	rna-XM_707223.1	XM_707223.1	1265	286	20.0	19.0
783	rna-XM_707223.1	XM_707223.1	1412	139	22.0	19.0
784	rna-XM_019475444.1	XM_019475444.1	323	88	37.0	19.0
785	rna-XM_711656.1	XM_711656.1	886	356	21.0	19.0
786	rna-XM_711642.1	XM_711642.1	336	1146	56.0	19.0
787	rna-XM_711618.2	XM_711618.2	280	377	32.0	19.0
788	rna-XM_705744.2	XM_705744.2	980	4000	23.0	19.0
789	rna-XM_707412.1	XM_707412.1	51	603	27.0	19.0
790	rna-XM_019475465.1	XM_019475465.1	1196	1603	27.0	19.0
791	rna-XM_714063.2	XM_714063.2	674	886	50.0	19.0
792	rna-XM_714063.2	XM_714063.2	757	803	23.0	19.0
793	rna-XM_714094.2	XM_714094.2	829	278	32.0	19.0
794	rna-XM_714096.1	XM_714096.1	84	300	54.0	19.0
795	rna-XM_714096.1	XM_714096.1	124	260	25.0	19.0
796	rna-XM_714096.1	XM_714096.1	264	120	30.0	19.0
797	rna-XM_714096.1	XM_714096.1	290	94	69.0	19.0
798	rna-XM_714096.1	XM_714096.1	321	63	20.0	19.0
799	rna-XM_019475468.1	XM_019475468.1	1087	515	49.0	19.0
800	rna-XM_019475468.1	XM_019475468.1	1262	340	24.0	19.0
801	rna-XM_713013.2	XM_713013.2	140	1450	41.0	19.0
802	rna-XM_705132.2	XM_705132.2	1149	1389	20.0	19.0
803	rna-XM_707011.2	XM_707011.2	1293	774	52.0	19.0
804	rna-XM_707011.2	XM_707011.2	1349	718	25.0	19.0
805	rna-XM_707011.2	XM_707011.2	1388	679	26.0	19.0
806	rna-XM_707011.2	XM_707011.2	1397	670	100.0	19.0
807	rna-XM_707320.2	XM_707320.2	62	3205	39.0	19.0
808	rna-XM_715321.2	XM_715321.2	0	795	22.0	19.0
809	rna-XM_715316.1	XM_715316.1	597	1701	31.0	19.0
810	rna-XM_715286.1	XM_715286.1	623	526	62.0	19.0
811	rna-XM_715266.1	XM_715266.1	1142	2134	78.0	19.0
812	rna-XM_019475476.1	XM_019475476.1	56	148	24.0	19.0
813	rna-XM_716286.1	XM_716286.1	245	652	51.0	19.0
814	rna-XM_716286.1	XM_716286.1	625	272	48.0	19.0
815	rna-XM_716260.1	XM_716260.1	424	1700	20.0	19.0
816	rna-XM_716260.1	XM_716260.1	430	1694	20.0	19.0
817	rna-XM_716260.1	XM_716260.1	431	1693	27.0	19.0
818	rna-XM_716260.1	XM_716260.1	434	1690	106.0	19.0
819	rna-XM_716260.1	XM_716260.1	435	1689	31.0	19.0
820	rna-XM_716260.1	XM_716260.1	440	1684	35.0	19.0
821	rna-XM_716260.1	XM_716260.1	442	1682	30.0	19.0
822	rna-XM_716260.1	XM_716260.1	443	1681	20.0	19.0
823	rna-XM_716260.1	XM_716260.1	444	1680	34.0	19.0
824	rna-XM_716260.1	XM_716260.1	449	1675	49.0	19.0
825	rna-XM_716260.1	XM_716260.1	456	1668	20.0	19.0
826	rna-XM_716260.1	XM_716260.1	457	1667	54.0	19.0
827	rna-XM_716260.1	XM_716260.1	458	1666	25.0	19.0
828	rna-XM_716260.1	XM_716260.1	482	1642	61.0	19.0
829	rna-XM_716260.1	XM_716260.1	501	1623	21.0	19.0
830	rna-XM_716260.1	XM_716260.1	529	1595	27.0	19.0
831	rna-XM_716260.1	XM_716260.1	581	1543	43.0	19.0
832	rna-XM_716260.1	XM_716260.1	584	1540	116.0	19.0
833	rna-XM_716260.1	XM_716260.1	605	1519	74.0	19.0
834	rna-XM_716260.1	XM_716260.1	656	1468	29.0	19.0
835	rna-XM_716260.1	XM_716260.1	967	1157	21.0	19.0
836	rna-XM_019475491.1	XM_019475491.1	316	77	120.0	19.0
837	rna-XM_019475491.1	XM_019475491.1	370	23	57.0	19.0
838	rna-XM_019475491.1	XM_019475491.1	373	20	27.0	19.0
839	rna-XM_705023.2	XM_705023.2	2555	2146	299.0	19.0
840	rna-XM_711899.2	XM_711899.2	1835	1081	20.0	19.0
841	rna-XM_711899.2	XM_711899.2	2044	872	159.0	19.0
842	rna-XM_711860.2	XM_711860.2	1385	295	44.0	19.0
843	rna-XM_707061.1	XM_707061.1	1383	276	77.0	19.0
844	rna-XM_710152.1	XM_710152.1	134	2104	22.0	19.0
845	rna-XM_710152.1	XM_710152.1	179	2059	41.0	19.0
846	rna-XM_710152.1	XM_710152.1	1018	1220	23.0	19.0
847	rna-XM_710148.1	XM_710148.1	1250	781	53.0	19.0
848	rna-XM_710134.1	XM_710134.1	416	436	39.0	19.0
849	rna-XM_710106.1	XM_710106.1	109	824	35.0	19.0
850	rna-XM_710094.1	XM_710094.1	46	4160	35.0	19.0
851	rna-XM_710094.1	XM_710094.1	49	4157	37.0	19.0
852	rna-XM_710094.1	XM_710094.1	53	4153	53.0	19.0
853	rna-XM_710094.1	XM_710094.1	55	4151	34.0	19.0
854	rna-XM_710094.1	XM_710094.1	58	4148	41.0	19.0
855	rna-XM_710094.1	XM_710094.1	66	4140	26.0	19.0
856	rna-XM_710094.1	XM_710094.1	70	4136	22.0	19.0
857	rna-XM_710085.1	XM_710085.1	9	519	27.0	19.0
858	rna-XM_713605.1	XM_713605.1	53	700	21.0	19.0
859	rna-XM_713565.1	XM_713565.1	207	1101	24.0	19.0
860	rna-XM_713565.1	XM_713565.1	211	1097	21.0	19.0
861	rna-XM_713565.1	XM_713565.1	357	951	26.0	19.0
862	rna-XM_713541.1	XM_713541.1	14	625	20.0	19.0
863	rna-XM_713531.1	XM_713531.1	627	6189	23.0	19.0
864	rna-XM_713113.2	XM_713113.2	1148	604	172.0	19.0
865	rna-XM_713178.1	XM_713178.1	2308	194	73.0	19.0
866	rna-XM_708320.2	XM_708320.2	482	328	106.0	19.0
867	rna-XM_019475520.1	XM_019475520.1	1064	625	24.0	19.0
868	rna-XM_710697.1	XM_710697.1	467	820	94.0	19.0
869	rna-XM_710697.1	XM_710697.1	596	691	29.0	19.0
870	rna-XM_710697.1	XM_710697.1	608	679	27.0	19.0
871	rna-XM_019475522.1	XM_019475522.1	27	423	22.0	19.0
872	rna-XM_019475522.1	XM_019475522.1	28	422	20.0	19.0
873	rna-XM_019475522.1	XM_019475522.1	44	406	22.0	19.0
874	rna-XM_019475522.1	XM_019475522.1	215	235	71.0	19.0
875	rna-XM_019475522.1	XM_019475522.1	230	220	26.0	19.0
876	rna-XM_019475522.1	XM_019475522.1	307	143	20.0	19.0
877	rna-XM_019475522.1	XM_019475522.1	384	66	139.0	19.0
878	rna-XM_710038.2	XM_710038.2	221	2491	20.0	19.0
879	rna-XM_712263.2	XM_712263.2	15	600	23.0	19.0
880	rna-XM_712263.2	XM_712263.2	16	599	36.0	19.0
881	rna-XM_712263.2	XM_712263.2	26	589	27.0	19.0
882	rna-XM_712263.2	XM_712263.2	67	548	23.0	19.0
883	rna-XM_712263.2	XM_712263.2	81	534	21.0	19.0
884	rna-XM_712263.2	XM_712263.2	86	529	24.0	19.0
885	rna-XM_712263.2	XM_712263.2	93	522	26.0	19.0
886	rna-XM_712263.2	XM_712263.2	100	515	25.0	19.0
887	rna-XM_712263.2	XM_712263.2	104	511	46.0	19.0
888	rna-XM_712263.2	XM_712263.2	183	432	20.0	19.0
889	rna-XM_712263.2	XM_712263.2	193	422	23.0	19.0
890	rna-XM_712267.2	XM_712267.2	655	683	71.0	19.0
891	rna-XM_712292.1	XM_712292.1	1040	2197	60.0	19.0
892	rna-XM_712292.1	XM_712292.1	2187	1050	35.0	19.0
893	rna-XM_712298.1	XM_712298.1	32	2827	22.0	19.0
894	rna-XM_705713.1	XM_705713.1	1651	494	20.0	19.0
895	rna-XM_705713.1	XM_705713.1	1672	473	30.0	19.0
896	rna-XM_705713.1	XM_705713.1	1861	284	20.0	19.0
897	rna-XM_705713.1	XM_705713.1	1877	268	25.0	19.0
898	rna-XM_707557.2	XM_707557.2	6333	318	21.0	19.0
899	rna-XM_707557.2	XM_707557.2	6336	315	20.0	19.0
900	rna-XM_707557.2	XM_707557.2	6340	311	47.0	19.0
901	rna-XM_707557.2	XM_707557.2	6350	301	86.0	19.0
902	rna-XM_707557.2	XM_707557.2	6369	282	22.0	19.0
903	rna-XM_707557.2	XM_707557.2	6371	280	20.0	19.0
904	rna-XM_707557.2	XM_707557.2	6389	262	33.0	19.0
905	rna-XM_707557.2	XM_707557.2	6399	252	22.0	19.0
906	rna-XM_707557.2	XM_707557.2	6400	251	23.0	19.0
907	rna-XM_707557.2	XM_707557.2	6407	244	29.0	19.0
908	rna-XM_707557.2	XM_707557.2	6408	243	23.0	19.0
909	rna-XM_707557.2	XM_707557.2	6416	235	22.0	19.0
910	rna-XM_707557.2	XM_707557.2	6418	233	23.0	19.0
911	rna-XM_707557.2	XM_707557.2	6504	147	22.0	19.0
912	rna-XM_707557.2	XM_707557.2	6535	116	28.0	19.0
913	rna-XM_707557.2	XM_707557.2	6539	112	73.0	19.0
914	rna-XM_707557.2	XM_707557.2	6592	59	20.0	19.0
915	rna-XM_707997.2	XM_707997.2	740	658	67.0	19.0
916	rna-XM_707260.2	XM_707260.2	179	325	31.0	19.0
917	rna-XM_707250.2	XM_707250.2	503	427	212.0	19.0
918	rna-XM_707240.2	XM_707240.2	203	1123	30.0	19.0
919	rna-XM_707240.2	XM_707240.2	1247	79	26.0	19.0
920	rna-XM_019475555.1	XM_019475555.1	59	190	23.0	19.0
921	rna-XM_019475555.1	XM_019475555.1	64	185	25.0	19.0
922	rna-XM_019475555.1	XM_019475555.1	107	142	22.0	19.0
923	rna-XM_019475555.1	XM_019475555.1	144	105	27.0	19.0
924	rna-XM_019475555.1	XM_019475555.1	229	20	20.0	19.0
925	rna-XM_705951.2	XM_705951.2	158	1663	20.0	19.0
926	rna-XM_711115.2	XM_711115.2	86	1756	24.0	19.0
927	rna-XM_711115.2	XM_711115.2	381	1461	20.0	19.0
928	rna-XM_711115.2	XM_711115.2	388	1454	64.0	19.0
929	rna-XM_711115.2	XM_711115.2	751	1091	39.0	19.0
930	rna-XM_711115.2	XM_711115.2	801	1041	22.0	19.0
931	rna-XM_711115.2	XM_711115.2	1634	208	33.0	19.0
932	rna-XM_711115.2	XM_711115.2	1635	207	22.0	19.0
933	rna-XM_711117.2	XM_711117.2	940	464	20.0	19.0
934	rna-XM_711122.1	XM_711122.1	38	322	61.0	19.0
935	rna-XM_711122.1	XM_711122.1	162	198	79.0	19.0
936	rna-XM_711122.1	XM_711122.1	176	184	20.0	19.0
937	rna-XM_711122.1	XM_711122.1	204	156	20.0	19.0
938	rna-XM_711122.1	XM_711122.1	209	151	25.0	19.0
939	rna-XM_711122.1	XM_711122.1	211	149	23.0	19.0
940	rna-XM_711122.1	XM_711122.1	234	126	25.0	19.0
941	rna-XM_711122.1	XM_711122.1	264	96	33.0	19.0
942	rna-XM_711122.1	XM_711122.1	323	37	24.0	19.0
943	rna-XM_711162.1	XM_711162.1	900	1629	23.0	19.0
944	rna-XM_019475575.1	XM_019475575.1	77	118	25.0	19.0
945	rna-XM_019475575.1	XM_019475575.1	138	57	20.0	19.0
946	rna-XM_706206.1	XM_706206.1	476	700	22.0	19.0
947	rna-XM_706199.2	XM_706199.2	457	890	52.0	19.0
948	rna-XM_714221.1	XM_714221.1	1013	1606	29.0	19.0
949	rna-XM_714238.1	XM_714238.1	893	658	98.0	19.0
950	rna-XM_714238.1	XM_714238.1	981	570	69.0	19.0
951	rna-XM_714238.1	XM_714238.1	997	554	51.0	19.0
952	rna-XM_714238.1	XM_714238.1	999	552	22.0	19.0
953	rna-XM_714238.1	XM_714238.1	1000	551	26.0	19.0
954	rna-XM_714238.1	XM_714238.1	1001	550	25.0	19.0
955	rna-XM_714238.1	XM_714238.1	1020	531	20.0	19.0
956	rna-XM_714238.1	XM_714238.1	1036	515	23.0	19.0
957	rna-XM_714238.1	XM_714238.1	1038	513	26.0	19.0
958	rna-XM_714238.1	XM_714238.1	1039	512	28.0	19.0
959	rna-XM_714238.1	XM_714238.1	1040	511	27.0	19.0
960	rna-XM_714238.1	XM_714238.1	1044	507	23.0	19.0
961	rna-XM_714238.1	XM_714238.1	1055	496	21.0	19.0
962	rna-XM_714238.1	XM_714238.1	1058	493	25.0	19.0
963	rna-XM_714238.1	XM_714238.1	1059	492	28.0	19.0
964	rna-XM_714238.1	XM_714238.1	1067	484	30.0	19.0
965	rna-XM_714238.1	XM_714238.1	1075	476	24.0	19.0
966	rna-XM_714238.1	XM_714238.1	1080	471	20.0	19.0
967	rna-XM_714238.1	XM_714238.1	1086	465	26.0	19.0
968	rna-XM_714238.1	XM_714238.1	1090	461	31.0	19.0
969	rna-XM_714238.1	XM_714238.1	1091	460	22.0	19.0
970	rna-XM_714238.1	XM_714238.1	1092	459	38.0	19.0
971	rna-XM_714238.1	XM_714238.1	1093	458	46.0	19.0
972	rna-XM_714238.1	XM_714238.1	1097	454	29.0	19.0
973	rna-XM_714238.1	XM_714238.1	1098	453	30.0	19.0
974	rna-XM_714238.1	XM_714238.1	1104	447	21.0	19.0
975	rna-XM_714238.1	XM_714238.1	1107	444	20.0	19.0
976	rna-XM_714238.1	XM_714238.1	1110	441	27.0	19.0
977	rna-XM_714238.1	XM_714238.1	1111	440	27.0	19.0
978	rna-XM_714238.1	XM_714238.1	1112	439	29.0	19.0
979	rna-XM_714238.1	XM_714238.1	1119	432	22.0	19.0
980	rna-XM_714238.1	XM_714238.1	1123	428	20.0	19.0
981	rna-XM_714238.1	XM_714238.1	1134	417	26.0	19.0
982	rna-XM_714238.1	XM_714238.1	1138	413	31.0	19.0
983	rna-XM_714238.1	XM_714238.1	1141	410	29.0	19.0
984	rna-XM_714238.1	XM_714238.1	1143	408	24.0	19.0
985	rna-XM_714238.1	XM_714238.1	1144	407	22.0	19.0
986	rna-XM_714238.1	XM_714238.1	1146	405	26.0	19.0
987	rna-XM_714238.1	XM_714238.1	1160	391	22.0	19.0
988	rna-XM_714238.1	XM_714238.1	1161	390	30.0	19.0
989	rna-XM_714238.1	XM_714238.1	1162	389	23.0	19.0
990	rna-XM_714238.1	XM_714238.1	1163	388	22.0	19.0
991	rna-XM_714238.1	XM_714238.1	1164	387	22.0	19.0
992	rna-XM_714238.1	XM_714238.1	1165	386	32.0	19.0
993	rna-XM_714238.1	XM_714238.1	1166	385	66.0	19.0
994	rna-XM_714238.1	XM_714238.1	1167	384	26.0	19.0
995	rna-XM_714238.1	XM_714238.1	1168	383	29.0	19.0
996	rna-XM_714238.1	XM_714238.1	1169	382	27.0	19.0
997	rna-XM_714238.1	XM_714238.1	1170	381	34.0	19.0
998	rna-XM_714238.1	XM_714238.1	1171	380	38.0	19.0
999	rna-XM_714238.1	XM_714238.1	1172	379	27.0	19.0
1000	rna-XM_714238.1	XM_714238.1	1173	378	26.0	19.0
1001	rna-XM_714238.1	XM_714238.1	1175	376	27.0	19.0
1002	rna-XM_714238.1	XM_714238.1	1176	375	21.0	19.0
1003	rna-XM_714238.1	XM_714238.1	1177	374	23.0	19.0
1004	rna-XM_714238.1	XM_714238.1	1179	372	26.0	19.0
1005	rna-XM_714238.1	XM_714238.1	1180	371	20.0	19.0
1006	rna-XM_714238.1	XM_714238.1	1181	370	30.0	19.0
1007	rna-XM_714238.1	XM_714238.1	1182	369	24.0	19.0
1008	rna-XM_714238.1	XM_714238.1	1183	368	32.0	19.0
1009	rna-XM_714238.1	XM_714238.1	1184	367	21.0	19.0
1010	rna-XM_714238.1	XM_714238.1	1185	366	24.0	19.0
1011	rna-XM_714238.1	XM_714238.1	1187	364	20.0	19.0
1012	rna-XM_714238.1	XM_714238.1	1188	363	22.0	19.0
1013	rna-XM_714238.1	XM_714238.1	1189	362	29.0	19.0
1014	rna-XM_714238.1	XM_714238.1	1190	361	24.0	19.0
1015	rna-XM_714238.1	XM_714238.1	1191	360	20.0	19.0
1016	rna-XM_714238.1	XM_714238.1	1193	358	31.0	19.0
1017	rna-XM_714238.1	XM_714238.1	1195	356	35.0	19.0
1018	rna-XM_714238.1	XM_714238.1	1196	355	23.0	19.0
1019	rna-XM_714238.1	XM_714238.1	1203	348	32.0	19.0
1020	rna-XM_714238.1	XM_714238.1	1204	347	30.0	19.0
1021	rna-XM_714238.1	XM_714238.1	1205	346	37.0	19.0
1022	rna-XM_714238.1	XM_714238.1	1207	344	24.0	19.0
1023	rna-XM_714238.1	XM_714238.1	1210	341	35.0	19.0
1024	rna-XM_714238.1	XM_714238.1	1211	340	25.0	19.0
1025	rna-XM_714238.1	XM_714238.1	1212	339	32.0	19.0
1026	rna-XM_714238.1	XM_714238.1	1213	338	53.0	19.0
1027	rna-XM_714238.1	XM_714238.1	1214	337	43.0	19.0
1028	rna-XM_714238.1	XM_714238.1	1215	336	59.0	19.0
1029	rna-XM_714238.1	XM_714238.1	1216	335	46.0	19.0
1030	rna-XM_714238.1	XM_714238.1	1217	334	39.0	19.0
1031	rna-XM_714238.1	XM_714238.1	1218	333	91.0	19.0
1032	rna-XM_714238.1	XM_714238.1	1219	332	23.0	19.0
1033	rna-XM_714238.1	XM_714238.1	1220	331	35.0	19.0
1034	rna-XM_714238.1	XM_714238.1	1221	330	20.0	19.0
1035	rna-XM_714238.1	XM_714238.1	1223	328	37.0	19.0
1036	rna-XM_714238.1	XM_714238.1	1224	327	28.0	19.0
1037	rna-XM_714238.1	XM_714238.1	1225	326	36.0	19.0
1038	rna-XM_714238.1	XM_714238.1	1226	325	31.0	19.0
1039	rna-XM_714238.1	XM_714238.1	1227	324	23.0	19.0
1040	rna-XM_714238.1	XM_714238.1	1228	323	23.0	19.0
1041	rna-XM_714238.1	XM_714238.1	1229	322	20.0	19.0
1042	rna-XM_714238.1	XM_714238.1	1230	321	31.0	19.0
1043	rna-XM_714238.1	XM_714238.1	1234	317	30.0	19.0
1044	rna-XM_714238.1	XM_714238.1	1235	316	34.0	19.0
1045	rna-XM_714238.1	XM_714238.1	1236	315	39.0	19.0
1046	rna-XM_714238.1	XM_714238.1	1237	314	66.0	19.0
1047	rna-XM_714238.1	XM_714238.1	1240	311	29.0	19.0
1048	rna-XM_714238.1	XM_714238.1	1241	310	21.0	19.0
1049	rna-XM_714238.1	XM_714238.1	1243	308	22.0	19.0
1050	rna-XM_714238.1	XM_714238.1	1244	307	20.0	19.0
1051	rna-XM_714238.1	XM_714238.1	1245	306	29.0	19.0
1052	rna-XM_714238.1	XM_714238.1	1248	303	30.0	19.0
1053	rna-XM_714238.1	XM_714238.1	1260	291	29.0	19.0
1054	rna-XM_714238.1	XM_714238.1	1263	288	37.0	19.0
1055	rna-XM_714238.1	XM_714238.1	1266	285	30.0	19.0
1056	rna-XM_714238.1	XM_714238.1	1267	284	142.0	19.0
1057	rna-XM_714238.1	XM_714238.1	1268	283	26.0	19.0
1058	rna-XM_714238.1	XM_714238.1	1269	282	20.0	19.0
1059	rna-XM_714238.1	XM_714238.1	1272	279	26.0	19.0
1060	rna-XM_714238.1	XM_714238.1	1282	269	41.0	19.0
1061	rna-XM_714238.1	XM_714238.1	1284	267	20.0	19.0
1062	rna-XM_714238.1	XM_714238.1	1286	265	49.0	19.0
1063	rna-XM_714238.1	XM_714238.1	1287	264	30.0	19.0
1064	rna-XM_714238.1	XM_714238.1	1289	262	25.0	19.0
1065	rna-XM_714238.1	XM_714238.1	1296	255	20.0	19.0
1066	rna-XM_714238.1	XM_714238.1	1299	252	22.0	19.0
1067	rna-XM_714238.1	XM_714238.1	1300	251	34.0	19.0
1068	rna-XM_714238.1	XM_714238.1	1301	250	38.0	19.0
1069	rna-XM_714238.1	XM_714238.1	1330	221	24.0	19.0
1070	rna-XM_714238.1	XM_714238.1	1331	220	40.0	19.0
1071	rna-XM_714238.1	XM_714238.1	1333	218	23.0	19.0
1072	rna-XM_714238.1	XM_714238.1	1336	215	23.0	19.0
1073	rna-XM_714238.1	XM_714238.1	1337	214	39.0	19.0
1074	rna-XM_714238.1	XM_714238.1	1338	213	29.0	19.0
1075	rna-XM_714238.1	XM_714238.1	1340	211	23.0	19.0
1076	rna-XM_714238.1	XM_714238.1	1343	208	21.0	19.0
1077	rna-XM_714238.1	XM_714238.1	1369	182	22.0	19.0
1078	rna-XM_714238.1	XM_714238.1	1372	179	23.0	19.0
1079	rna-XM_714238.1	XM_714238.1	1378	173	22.0	19.0
1080	rna-XM_714238.1	XM_714238.1	1379	172	26.0	19.0
1081	rna-XM_714238.1	XM_714238.1	1381	170	30.0	19.0
1082	rna-XM_714238.1	XM_714238.1	1383	168	21.0	19.0
1083	rna-XM_714238.1	XM_714238.1	1384	167	27.0	19.0
1084	rna-XM_714238.1	XM_714238.1	1385	166	31.0	19.0
1085	rna-XM_714238.1	XM_714238.1	1387	164	22.0	19.0
1086	rna-XM_714238.1	XM_714238.1	1390	161	28.0	19.0
1087	rna-XM_714238.1	XM_714238.1	1392	159	30.0	19.0
1088	rna-XM_714238.1	XM_714238.1	1394	157	21.0	19.0
1089	rna-XM_714238.1	XM_714238.1	1396	155	25.0	19.0
1090	rna-XM_714238.1	XM_714238.1	1417	134	21.0	19.0
1091	rna-XM_714241.1	XM_714241.1	1480	2444	31.0	19.0
1092	rna-XM_714241.1	XM_714241.1	2890	1034	37.0	19.0
1093	rna-XM_714292.1	XM_714292.1	12	1584	20.0	19.0
1094	rna-XM_714345.2	XM_714345.2	9	813	52.0	19.0
1095	rna-XM_714345.2	XM_714345.2	31	791	91.0	19.0
1096	rna-XM_714345.2	XM_714345.2	53	769	142.0	19.0
1097	rna-XM_714345.2	XM_714345.2	119	703	28.0	19.0
1098	rna-XM_713957.1	XM_713957.1	-27	1230	21.0	19.0
1099	rna-XM_713957.1	XM_713957.1	-14	1217	117.0	19.0
1100	rna-XM_713957.1	XM_713957.1	-12	1215	29.0	19.0
1101	rna-XM_713957.1	XM_713957.1	-8	1211	30.0	19.0
1102	rna-XM_713957.1	XM_713957.1	-6	1209	20.0	19.0
1103	rna-XM_713957.1	XM_713957.1	-4	1207	21.0	19.0
1104	rna-XM_713954.1	XM_713954.1	-17	620	25.0	19.0
1105	rna-XM_713954.1	XM_713954.1	-12	615	23.0	19.0
1106	rna-XM_713954.1	XM_713954.1	-8	611	51.0	19.0
1107	rna-XM_019475064.1	XM_019475064.1	-26	290	25.0	19.0
1108	rna-XM_713064.2	XM_713064.2	-90	840	20.0	19.0
1109	rna-XM_713064.2	XM_713064.2	-89	839	181.0	19.0
1110	rna-XM_713064.2	XM_713064.2	-82	832	98.0	19.0
1111	rna-XM_713064.2	XM_713064.2	-81	831	157.0	19.0
1112	rna-XM_713064.2	XM_713064.2	-80	830	691.0	19.0
1113	rna-XM_713064.2	XM_713064.2	-79	829	28.0	19.0
1114	rna-XM_713064.2	XM_713064.2	-78	828	53.0	19.0
1115	rna-XM_713064.2	XM_713064.2	-60	810	67.0	19.0
1116	rna-XM_713064.2	XM_713064.2	-59	809	21.0	19.0
1117	rna-XM_713064.2	XM_713064.2	-44	794	29.0	19.0
1118	rna-XM_713064.2	XM_713064.2	-39	789	23.0	19.0
1119	rna-XM_713064.2	XM_713064.2	-32	782	29.0	19.0
1120	rna-XM_713064.2	XM_713064.2	-31	781	21.0	19.0
1121	rna-XM_713064.2	XM_713064.2	-26	776	24.0	19.0
1122	rna-XM_713064.2	XM_713064.2	-23	773	43.0	19.0
1123	rna-XM_713064.2	XM_713064.2	-22	772	64.0	19.0
1124	rna-XM_713064.2	XM_713064.2	-21	771	21.0	19.0
1125	rna-XM_713064.2	XM_713064.2	-18	768	26.0	19.0
1126	rna-XM_713064.2	XM_713064.2	-13	763	22.0	19.0
1127	rna-XM_713064.2	XM_713064.2	-9	759	28.0	19.0
1128	rna-XM_713064.2	XM_713064.2	-6	756	27.0	19.0
1129	rna-XM_713064.2	XM_713064.2	-5	755	25.0	19.0
1130	rna-XM_713064.2	XM_713064.2	-1	751	20.0	19.0
1131	rna-XM_716397.1	XM_716397.1	-55	376	21.0	19.0
1132	rna-XM_716399.1	XM_716399.1	-24	633	50.0	19.0
1133	rna-XM_019475076.1	XM_019475076.1	-16	445	22.0	19.0
1134	rna-XM_708542.1	XM_708542.1	-27	1308	35.0	19.0
1135	rna-XM_707148.2	XM_707148.2	-38	1076	64.0	19.0
1136	rna-XM_019475113.1	XM_019475113.1	-39	438	27.0	19.0
1137	rna-XM_019475113.1	XM_019475113.1	-25	424	31.0	19.0
1138	rna-XM_019475113.1	XM_019475113.1	-21	420	24.0	19.0
1139	rna-XM_019475113.1	XM_019475113.1	-19	418	38.0	19.0
1140	rna-XM_019475113.1	XM_019475113.1	-17	416	20.0	19.0
1141	rna-XM_019475113.1	XM_019475113.1	-13	412	106.0	19.0
1142	rna-XM_019475113.1	XM_019475113.1	-10	409	41.0	19.0
1143	rna-XM_713748.2	XM_713748.2	-35	473	64.0	19.0
1144	rna-XM_713748.2	XM_713748.2	-20	458	32.0	19.0
1145	rna-XM_713748.2	XM_713748.2	-18	456	43.0	19.0
1146	rna-XM_713748.2	XM_713748.2	-13	451	241.0	19.0
1147	rna-XM_713748.2	XM_713748.2	-10	448	134.0	19.0
1148	rna-XM_713748.2	XM_713748.2	-7	445	55.0	19.0
1149	rna-XM_713748.2	XM_713748.2	-1	439	20.0	19.0
1150	rna-XM_019475120.1	XM_019475120.1	-14	383	24.0	19.0
1151	rna-XM_712526.2	XM_712526.2	-41	3095	20.0	19.0
1152	rna-XM_712562.2	XM_712562.2	-21	1398	24.0	19.0
1153	rna-XM_718402.2	XM_718402.2	-56	1352	20.0	19.0
1154	rna-XM_019475144.1	XM_019475144.1	-28	349	74.0	19.0
1155	rna-XM_019475147.1	XM_019475147.1	-20	434	68.0	19.0
1156	rna-XM_019475147.1	XM_019475147.1	428	-14	274.0	19.0
1157	rna-XM_708826.1	XM_708826.1	-16	424	26.0	19.0
1158	rna-XM_711255.1	XM_711255.1	-52	475	46.0	19.0
1159	rna-XM_019475165.1	XM_019475165.1	-20	431	61.0	19.0
1160	rna-XM_019475174.1	XM_019475174.1	-24	420	63.0	19.0
1161	rna-XM_709943.1	XM_709943.1	-43	883	30.0	19.0
1162	rna-XM_709943.1	XM_709943.1	-39	879	20.0	19.0
1163	rna-XM_709943.1	XM_709943.1	-30	870	38.0	19.0
1164	rna-XM_709943.1	XM_709943.1	-27	867	36.0	19.0
1165	rna-XM_709945.1	XM_709945.1	-21	882	35.0	19.0
1166	rna-XM_709966.1	XM_709966.1	-15	1365	28.0	19.0
1167	rna-XM_709967.1	XM_709967.1	1393	-40	28.0	19.0
1168	rna-XM_705396.2	XM_705396.2	-6	1677	39.0	19.0
1169	rna-XM_705387.2	XM_705387.2	1416	-72	25.0	19.0
1170	rna-XM_705387.2	XM_705387.2	1427	-83	22.0	19.0
1171	rna-XM_717410.1	XM_717410.1	-33	2904	53.0	19.0
1172	rna-XM_717410.1	XM_717410.1	-19	2890	30.0	19.0
1173	rna-XM_717410.1	XM_717410.1	-16	2887	54.0	19.0
1174	rna-XM_717427.1	XM_717427.1	-7	367	45.0	19.0
1175	rna-XM_717427.1	XM_717427.1	-6	366	35.0	19.0
1176	rna-XM_717427.1	XM_717427.1	360	0	23.0	19.0
1177	rna-XM_715893.2	XM_715893.2	-19	1156	20.0	19.0
1178	rna-XM_019475216.1	XM_019475216.1	-24	507	23.0	19.0
1179	rna-XM_019475216.1	XM_019475216.1	-19	502	154.0	19.0
1180	rna-XM_019475217.1	XM_019475217.1	-26	596	25.0	19.0
1181	rna-XM_019475217.1	XM_019475217.1	-23	593	141.0	19.0
1182	rna-XM_019475217.1	XM_019475217.1	-19	589	28.0	19.0
1183	rna-XM_019475220.1	XM_019475220.1	-31	331	39.0	19.0
1184	rna-XM_019475220.1	XM_019475220.1	-9	309	22.0	19.0
1185	rna-XM_715844.1	XM_715844.1	-48	2127	41.0	19.0
1186	rna-XM_707828.1	XM_707828.1	-3	1476	22.0	19.0
1187	rna-XM_707825.2	XM_707825.2	-37	1321	31.0	19.0
1188	rna-XM_707825.2	XM_707825.2	-29	1313	20.0	19.0
1189	rna-XM_707823.1	XM_707823.1	-30	588	21.0	19.0
1190	rna-XM_709806.2	XM_709806.2	-46	2395	23.0	19.0
1191	rna-XM_709813.2	XM_709813.2	-31	2035	25.0	19.0
1192	rna-XM_019475231.1	XM_019475231.1	-31	370	148.0	19.0
1193	rna-XM_019475231.1	XM_019475231.1	-10	349	26.0	19.0
1194	rna-XM_709849.2	XM_709849.2	-97	1255	24.0	19.0
1195	rna-XM_019475235.1	XM_019475235.1	-71	284	20.0	19.0
1196	rna-XM_019475236.1	XM_019475236.1	-45	369	21.0	19.0
1197	rna-XM_019475256.1	XM_019475256.1	-25	382	25.0	19.0
1198	rna-XM_019475256.1	XM_019475256.1	-22	379	196.0	19.0
1199	rna-XM_019475256.1	XM_019475256.1	-11	368	20.0	19.0
1200	rna-XM_705056.2	XM_705056.2	-23	1400	75.0	19.0
1201	rna-XM_707492.2	XM_707492.2	-28	610	24.0	19.0
1202	rna-XM_707492.2	XM_707492.2	-16	598	22.0	19.0
1203	rna-XM_705590.2	XM_705590.2	-27	1197	56.0	19.0
1204	rna-XM_712051.1	XM_712051.1	-28	817	21.0	19.0
1205	rna-XM_712051.1	XM_712051.1	-26	815	21.0	19.0
1206	rna-XM_712051.1	XM_712051.1	-23	812	78.0	19.0
1207	rna-XM_712051.1	XM_712051.1	-20	809	21.0	19.0
1208	rna-XM_712077.1	XM_712077.1	-5	1619	26.0	19.0
1209	rna-XM_712744.1	XM_712744.1	-16	424	55.0	19.0
1210	rna-XM_712744.1	XM_712744.1	-14	422	44.0	19.0
1211	rna-XM_712744.1	XM_712744.1	-10	418	26.0	19.0
1212	rna-XM_712744.1	XM_712744.1	-9	417	62.0	19.0
1213	rna-XM_712709.1	XM_712709.1	-33	693	22.0	19.0
1214	rna-XM_712709.1	XM_712709.1	-29	689	126.0	19.0
1215	rna-XM_712708.1	XM_712708.1	2117	-89	22.0	19.0
1216	rna-XM_712708.1	XM_712708.1	2121	-93	126.0	19.0
1217	rna-XM_712666.2	XM_712666.2	-7	2695	92.0	19.0
1218	rna-XM_712666.2	XM_712666.2	2689	-1	20.0	19.0
1219	rna-XM_716679.2	XM_716679.2	-46	607	40.0	19.0
1220	rna-XM_716679.2	XM_716679.2	-42	603	70.0	19.0
1221	rna-XM_716679.2	XM_716679.2	-38	599	56.0	19.0
1222	rna-XM_716676.2	XM_716676.2	-45	1107	28.0	19.0
1223	rna-XM_716645.2	XM_716645.2	-52	1675	25.0	19.0
1224	rna-XM_716619.1	XM_716619.1	-26	524	98.0	19.0
1225	rna-XM_714842.1	XM_714842.1	-31	607	30.0	19.0
1226	rna-XM_019475322.1	XM_019475322.1	-22	451	37.0	19.0
1227	rna-XM_019475322.1	XM_019475322.1	-19	448	27.0	19.0
1228	rna-XM_019475322.1	XM_019475322.1	-17	446	34.0	19.0
1229	rna-XM_019475322.1	XM_019475322.1	-10	439	103.0	19.0
1230	rna-XM_718047.1	XM_718047.1	-68	404	77.0	19.0
1231	rna-XM_019475323.1	XM_019475323.1	-43	847	23.0	19.0
1232	rna-XM_019475325.1	XM_019475325.1	-49	412	26.0	19.0
1233	rna-XM_019475325.1	XM_019475325.1	-35	398	26.0	19.0
1234	rna-XM_019475325.1	XM_019475325.1	-32	395	46.0	19.0
1235	rna-XM_019475325.1	XM_019475325.1	-23	386	137.0	19.0
1236	rna-XM_019475325.1	XM_019475325.1	-21	384	35.0	19.0
1237	rna-XM_019475325.1	XM_019475325.1	-20	383	52.0	19.0
1238	rna-XM_019475325.1	XM_019475325.1	-19	382	28.0	19.0
1239	rna-XM_019475325.1	XM_019475325.1	-18	381	25.0	19.0
1240	rna-XM_019475325.1	XM_019475325.1	-9	372	55.0	19.0
1241	rna-XM_019475325.1	XM_019475325.1	-1	364	27.0	19.0
1242	rna-XM_019475326.1	XM_019475326.1	-22	583	31.0	19.0
1243	rna-XM_019475328.1	XM_019475328.1	-26	464	339.0	19.0
1244	rna-XM_019475328.1	XM_019475328.1	-16	454	39.0	19.0
1245	rna-XM_019475328.1	XM_019475328.1	-10	448	27.0	19.0
1246	rna-XM_019475328.1	XM_019475328.1	-6	444	22.0	19.0
1247	rna-XM_019475328.1	XM_019475328.1	-3	441	25.0	19.0
1248	rna-XM_019475328.1	XM_019475328.1	-1	439	21.0	19.0
1249	rna-XM_718118.1	XM_718118.1	-20	809	22.0	19.0
1250	rna-XM_711507.1	XM_711507.1	2237	-41	21.0	19.0
1251	rna-XM_710995.1	XM_710995.1	-34	820	35.0	19.0
1252	rna-XM_714719.1	XM_714719.1	2075	-98	30.0	19.0
1253	rna-XM_714717.1	XM_714717.1	-21	1359	30.0	19.0
1254	rna-XM_714717.1	XM_714717.1	-18	1356	89.0	19.0
1255	rna-XM_019475352.1	XM_019475352.1	-54	1569	20.0	19.0
1256	rna-XM_019475360.1	XM_019475360.1	-26	737	28.0	19.0
1257	rna-XM_019475360.1	XM_019475360.1	-22	733	56.0	19.0
1258	rna-XM_717611.1	XM_717611.1	601	-82	28.0	19.0
1259	rna-XM_715424.2	XM_715424.2	-51	393	142.0	19.0
1260	rna-XM_715424.2	XM_715424.2	-45	387	41.0	19.0
1261	rna-XM_715374.2	XM_715374.2	-33	1728	26.0	19.0
1262	rna-XM_715374.2	XM_715374.2	-31	1726	40.0	19.0
1263	rna-XM_715367.2	XM_715367.2	-42	1326	62.0	19.0
1264	rna-XM_715335.2	XM_715335.2	-7	3292	20.0	19.0
1265	rna-XM_019475375.1	XM_019475375.1	-50	302	50.0	19.0
1266	rna-XM_019475375.1	XM_019475375.1	-39	291	50.0	19.0
1267	rna-XM_019475381.1	XM_019475381.1	-27	402	31.0	19.0
1268	rna-XM_019475381.1	XM_019475381.1	-23	398	24.0	19.0
1269	rna-XM_019475381.1	XM_019475381.1	-20	395	28.0	19.0
1270	rna-XM_711465.2	XM_711465.2	-30	1017	32.0	19.0
1271	rna-XM_711467.2	XM_711467.2	-27	2091	29.0	19.0
1272	rna-XM_710478.2	XM_710478.2	-43	1624	26.0	19.0
1273	rna-XM_710478.2	XM_710478.2	-35	1616	30.0	19.0
1274	rna-XM_710354.1	XM_710354.1	-82	1033	34.0	19.0
1275	rna-XM_710332.1	XM_710332.1	-36	759	22.0	19.0
1276	rna-XM_710293.2	XM_710293.2	-4	403	41.0	19.0
1277	rna-XM_711707.1	XM_711707.1	-58	592	29.0	19.0
1278	rna-XM_711676.2	XM_711676.2	-66	972	35.0	19.0
1279	rna-XM_019475412.1	XM_019475412.1	-33	501	35.0	19.0
1280	rna-XM_019475412.1	XM_019475412.1	-25	493	39.0	19.0
1281	rna-XM_019475412.1	XM_019475412.1	-24	492	31.0	19.0
1282	rna-XM_019475412.1	XM_019475412.1	-20	488	129.0	19.0
1283	rna-XM_019475412.1	XM_019475412.1	-18	486	199.0	19.0
1284	rna-XM_019475412.1	XM_019475412.1	-15	483	23.0	19.0
1285	rna-XM_019475412.1	XM_019475412.1	-6	474	21.0	19.0
1286	rna-XM_715548.1	XM_715548.1	-28	706	21.0	19.0
1287	rna-XM_019475428.1	XM_019475428.1	-60	315	28.0	19.0
1288	rna-XM_019475428.1	XM_019475428.1	-58	313	386.0	19.0
1289	rna-XM_019475428.1	XM_019475428.1	-52	307	28.0	19.0
1290	rna-XM_019475428.1	XM_019475428.1	-40	295	21.0	19.0
1291	rna-XM_019475428.1	XM_019475428.1	-38	293	30.0	19.0
1292	rna-XM_019475428.1	XM_019475428.1	-33	288	24.0	19.0
1293	rna-XM_019475428.1	XM_019475428.1	-32	287	58.0	19.0
1294	rna-XM_019475428.1	XM_019475428.1	-27	282	21.0	19.0
1295	rna-XM_019475428.1	XM_019475428.1	-26	281	23.0	19.0
1296	rna-XM_019475428.1	XM_019475428.1	-25	280	23.0	19.0
1297	rna-XM_019475428.1	XM_019475428.1	-24	279	36.0	19.0
1298	rna-XM_019475428.1	XM_019475428.1	-23	278	42.0	19.0
1299	rna-XM_019475428.1	XM_019475428.1	-22	277	57.0	19.0
1300	rna-XM_019475428.1	XM_019475428.1	-21	276	52.0	19.0
1301	rna-XM_019475428.1	XM_019475428.1	-20	275	35.0	19.0
1302	rna-XM_019475428.1	XM_019475428.1	-19	274	43.0	19.0
1303	rna-XM_019475428.1	XM_019475428.1	-18	273	60.0	19.0
1304	rna-XM_019475428.1	XM_019475428.1	-17	272	71.0	19.0
1305	rna-XM_019475428.1	XM_019475428.1	-16	271	95.0	19.0
1306	rna-XM_019475428.1	XM_019475428.1	-15	270	86.0	19.0
1307	rna-XM_019475428.1	XM_019475428.1	-14	269	92.0	19.0
1308	rna-XM_019475428.1	XM_019475428.1	-13	268	47.0	19.0
1309	rna-XM_019475428.1	XM_019475428.1	-12	267	79.0	19.0
1310	rna-XM_019475428.1	XM_019475428.1	-11	266	43.0	19.0
1311	rna-XM_019475428.1	XM_019475428.1	-10	265	88.0	19.0
1312	rna-XM_019475428.1	XM_019475428.1	-9	264	43.0	19.0
1313	rna-XM_019475428.1	XM_019475428.1	-8	263	71.0	19.0
1314	rna-XM_019475428.1	XM_019475428.1	-7	262	82.0	19.0
1315	rna-XM_019475428.1	XM_019475428.1	-6	261	69.0	19.0
1316	rna-XM_019475428.1	XM_019475428.1	-5	260	45.0	19.0
1317	rna-XM_019475428.1	XM_019475428.1	-4	259	26.0	19.0
1318	rna-XM_019475428.1	XM_019475428.1	-3	258	27.0	19.0
1319	rna-XM_019475428.1	XM_019475428.1	-2	257	35.0	19.0
1320	rna-XM_019475428.1	XM_019475428.1	-1	256	46.0	19.0
1321	rna-XM_019475440.1	XM_019475440.1	-35	293	21.0	19.0
1322	rna-XM_706164.2	XM_706164.2	-39	945	20.0	19.0
1323	rna-XM_019475443.1	XM_019475443.1	-31	487	53.0	19.0
1324	rna-XM_711644.1	XM_711644.1	-54	1089	80.0	19.0
1325	rna-XM_711638.2	XM_711638.2	-94	1462	29.0	19.0
1326	rna-XM_019475459.1	XM_019475459.1	-47	506	24.0	19.0
1327	rna-XM_707412.1	XM_707412.1	-57	711	69.0	19.0
1328	rna-XM_714036.2	XM_714036.2	-40	880	23.0	19.0
1329	rna-XM_714084.2	XM_714084.2	-38	1478	52.0	19.0
1330	rna-XM_705472.2	XM_705472.2	-43	1384	45.0	19.0
1331	rna-XM_705129.2	XM_705129.2	-93	3078	36.0	19.0
1332	rna-XM_715321.2	XM_715321.2	-24	819	41.0	19.0
1333	rna-XM_715321.2	XM_715321.2	-22	817	25.0	19.0
1334	rna-XM_715321.2	XM_715321.2	-8	803	27.0	19.0
1335	rna-XM_715313.1	XM_715313.1	-7	961	50.0	19.0
1336	rna-XM_715312.1	XM_715312.1	1947	-99	50.0	19.0
1337	rna-XM_019475476.1	XM_019475476.1	-51	255	39.0	19.0
1338	rna-XM_019475476.1	XM_019475476.1	-29	233	54.0	19.0
1339	rna-XM_019475479.1	XM_019475479.1	-17	455	32.0	19.0
1340	rna-XM_716286.1	XM_716286.1	-31	928	30.0	19.0
1341	rna-XM_707061.1	XM_707061.1	-33	1692	21.0	19.0
1342	rna-XM_710117.1	XM_710117.1	-48	894	24.0	19.0
1343	rna-XM_710117.1	XM_710117.1	-44	890	23.0	19.0
1344	rna-XM_710117.1	XM_710117.1	-40	886	21.0	19.0
1345	rna-XM_710110.1	XM_710110.1	-18	1677	24.0	19.0
1346	rna-XM_710095.1	XM_710095.1	464	-65	35.0	19.0
1347	rna-XM_710095.1	XM_710095.1	467	-68	37.0	19.0
1348	rna-XM_710095.1	XM_710095.1	471	-72	53.0	19.0
1349	rna-XM_710095.1	XM_710095.1	473	-74	34.0	19.0
1350	rna-XM_710095.1	XM_710095.1	476	-77	41.0	19.0
1351	rna-XM_710095.1	XM_710095.1	484	-85	26.0	19.0
1352	rna-XM_710095.1	XM_710095.1	488	-89	22.0	19.0
1353	rna-XM_712865.1	XM_712865.1	-27	531	63.0	19.0
1354	rna-XM_019475512.1	XM_019475512.1	-30	318	30.0	19.0
1355	rna-XM_019475522.1	XM_019475522.1	-27	477	25.0	19.0
1356	rna-XM_019475522.1	XM_019475522.1	-24	474	47.0	19.0
1357	rna-XM_019475522.1	XM_019475522.1	-22	472	50.0	19.0
1358	rna-XM_712263.2	XM_712263.2	-55	670	40.0	19.0
1359	rna-XM_712263.2	XM_712263.2	-26	641	56.0	19.0
1360	rna-XM_712263.2	XM_712263.2	-7	622	22.0	19.0
1361	rna-XM_019475540.1	XM_019475540.1	-49	316	32.0	19.0
1362	rna-XM_705713.1	XM_705713.1	-23	2168	27.0	19.0
1363	rna-XM_707983.2	XM_707983.2	577	-76	29.0	19.0
1364	rna-XM_707565.1	XM_707565.1	-34	1279	22.0	19.0
1365	rna-XM_707260.2	XM_707260.2	-56	560	23.0	19.0
1366	rna-XM_707260.2	XM_707260.2	-45	549	27.0	19.0
1367	rna-XM_707260.2	XM_707260.2	-38	542	22.0	19.0
1368	rna-XM_707260.2	XM_707260.2	-33	537	21.0	19.0
1369	rna-XM_019475555.1	XM_019475555.1	-38	287	27.0	19.0
1370	rna-XM_019475555.1	XM_019475555.1	-26	275	135.0	19.0
1371	rna-XM_019475555.1	XM_019475555.1	-22	271	22.0	19.0
1372	rna-XM_019475555.1	XM_019475555.1	-17	266	149.0	19.0
1373	rna-XM_705951.2	XM_705951.2	-58	1879	41.0	19.0
1374	rna-XM_705951.2	XM_705951.2	-37	1858	51.0	19.0
1375	rna-XM_705951.2	XM_705951.2	-26	1847	31.0	19.0
1376	rna-XM_711115.2	XM_711115.2	-29	1871	51.0	19.0
1377	rna-XM_711122.1	XM_711122.1	-28	388	258.0	19.0
1378	rna-XM_711122.1	XM_711122.1	369	-9	63.0	19.0
1379	rna-XM_019475562.1	XM_019475562.1	-65	551	29.0	19.0
1380	rna-XM_019475575.1	XM_019475575.1	-58	253	55.0	19.0
1381	rna-XM_714221.1	XM_714221.1	-40	2659	23.0	19.0
1382	rna-XM_714221.1	XM_714221.1	-35	2654	30.0	19.0
