	-27	-26	-25	-24	-23	-22	-21	-20	-19	-18	-17	-16	-15	-14	-13	-12	-11	-10	-9	-8	-7	-6	-5	-4	-3	-2	-1	0	1	2	3	4	5
TRP-ILE_TGGATA	1	8	2	6	13	2	4	8	2	4	6	0	2	46	17	5	13	7	14	17	2	3	10	4	2	11	1	6	2	1	8	7	2
SER-ASP_TCAGAC	3	11	4	1	7	1	2	11	3	5	15	1	5	33	0	6	2	1	2	10	3	3	11	3	3	7	4	3	5	0	3	15	1
LEU-TRP_CTCTGG	50	131	18	48	130	26	53	115	43	27	51	43	62	357	53	38	88	26	39	114	35	52	110	30	37	176	39	40	18	7	22	59	23
ALA-MET_GCGATG	29	51	18	21	42	14	20	72	24	17	30	12	30	172	17	21	49	13	30	74	25	22	87	25	23	105	33	22	25	8	12	64	8
TRP-PRO_TGGCCT	13	17	7	11	26	5	7	12	8	11	16	2	12	56	5	6	23	5	5	25	15	7	27	3	4	23	4	4	7	1	11	12	6
ASP-PRO_GACCCG	5	16	2	6	17	6	4	17	3	5	7	3	14	43	8	9	10	5	8	16	8	11	19	5	3	19	13	9	7	2	3	2	4
VAL-LYS_GTGAAG	31	80	24	26	105	31	28	134	28	20	34	27	60	295	46	55	91	53	43	139	26	68	124	38	44	195	43	41	50	21	28	78	15
LEU-SER_CTTTCG	11	18	4	9	27	2	14	23	9	12	32	31	18	73	9	11	26	9	11	27	8	22	23	8	11	25	7	10	48	4	5	4	1
ASP-TERM_GACTAG	1	19	2	1	7	2	2	18	4	5	0	1	15	27	0	4	12	3	4	16	3	4	16	4	2	21	3	3	1	1	1	1	2
GLY-GLY_GGCGGT	20	47	14	17	48	11	25	50	19	17	24	14	36	133	25	14	36	10	17	55	27	29	62	8	13	78	20	13	19	4	17	85	17
TYR-PHE_TATTTC	13	52	5	18	33	5	7	39	8	12	22	5	16	80	11	12	34	11	16	55	8	20	35	6	9	31	3	8	12	4	14	23	3
ALA-ARG_GCTCGG	9	28	7	9	24	6	23	59	5	4	13	4	13	72	8	6	39	8	6	34	18	11	36	4	8	44	12	9	13	4	10	22	7
VAL-ARG_GTCCGG	23	53	13	16	64	7	22	52	9	10	23	9	41	122	13	27	53	26	28	68	18	23	64	11	22	80	12	5	20	3	10	26	9
GLY-GLY_GGCGGG	30	70	22	37	77	39	32	90	29	21	25	14	37	211	41	29	71	29	31	74	45	68	112	39	30	111	37	32	50	15	33	108	25
ILE-SER_ATCTCA	4	8	2	2	11	0	1	16	1	0	6	2	6	21	2	4	7	3	6	12	2	6	12	1	5	8	5	3	5	3	2	6	0
ASP-GLN_GACCAG	6	32	7	10	42	4	5	26	4	7	4	3	6	43	7	5	25	7	4	15	4	7	24	1	2	26	6	2	6	2	1	7	3
CYS-SER_TGCTCC	76	169	34	59	155	43	66	215	40	63	142	46	111	418	60	68	249	71	64	166	40	69	150	36	65	208	37	44	337	45	41	53	30
SER-ARG_TCTAGG	12	57	18	23	42	10	18	38	15	17	19	10	23	101	15	14	39	13	17	83	19	27	59	13	10	63	23	9	13	6	8	10	7
ALA-ARG_GCTCGA	21	74	13	23	46	18	21	57	15	17	20	12	18	131	11	21	54	15	22	100	19	32	102	16	24	70	20	21	29	12	23	42	9
MET-SER_ATGTCC	21	45	12	20	48	9	15	49	11	6	23	6	16	78	7	8	25	6	15	37	9	15	53	14	17	43	12	11	8	4	11	16	6
CYS-ALA_TGCGCT	80	172	41	80	232	63	82	211	55	88	170	72	93	430	93	70	183	65	57	194	50	98	191	52	62	210	44	47	309	40	18	71	50
ILE-LEU_ATACTA	42	97	22	54	128	22	34	125	26	31	91	27	68	211	25	26	63	23	36	117	17	32	91	25	29	95	21	40	148	23	22	54	15
SER-GLU_TCAGAA	15	58	12	22	44	4	18	64	12	6	23	6	19	100	23	15	44	13	20	66	14	22	52	12	12	63	17	22	16	5	12	57	11
LEU-GLU_CTCGAA	18	89	27	34	78	21	39	55	14	16	27	28	43	148	25	29	96	19	23	69	31	24	74	22	26	111	33	28	26	5	15	41	10
GLY-ILE_GGGATC	146	441	107	140	400	165	173	524	130	150	337	123	240	890	169	175	497	133	123	325	111	153	336	165	170	470	130	108	627	105	84	178	74
GLU-HIS_GAGCAT	316	944	263	359	992	296	330	997	289	302	703	276	466	1829	357	333	1065	220	229	686	242	282	636	244	342	852	214	265	1231	171	232	446	335
ARG-ARG_CGTCGT	118	351	79	120	309	92	137	439	118	94	310	73	162	664	100	102	261	61	74	234	95	118	269	63	149	345	102	152	448	66	87	230	99
GLU-ALA_GAGGCT	130	365	100	135	406	91	158	381	124	108	244	121	161	721	134	133	312	92	101	240	68	137	299	89	111	362	79	119	549	64	144	226	149
ILE-ARG_ATAAGG	49	130	34	40	130	28	61	123	28	40	124	37	68	276	40	50	169	34	43	128	31	31	116	44	52	90	28	64	191	36	43	209	22
GLY-ARG_GGGAGG	53	160	40	55	196	49	48	135	33	69	137	52	81	294	58	57	151	53	68	211	48	62	191	40	57	146	47	21	50	23	65	52	16
SER-VAL_TCAGTC	8	45	10	11	32	13	22	52	8	15	21	16	22	78	12	8	44	13	12	21	9	18	50	13	9	52	12	11	30	6	16	59	9
ARG-TERM_CGATAA	106	314	76	115	293	104	120	399	112	105	271	105	149	556	110	111	266	69	91	222	65	105	238	81	82	321	97	96	397	82	52	97	62
TERM-TRP_TAATGG	166	400	101	136	382	96	149	323	90	117	345	100	187	729	147	98	210	119	145	424	120	112	387	115	154	392	120	172	627	161	142	136	73
VAL-LEU_GTGCTT	17	47	10	7	42	6	14	28	6	10	16	10	18	76	22	12	31	9	10	36	21	20	41	16	21	59	12	12	24	11	10	69	7
VAL-TRP_GTCTGG	73	180	78	82	250	93	87	214	55	80	192	57	113	418	66	75	153	67	77	234	80	83	207	45	100	240	56	66	376	49	77	91	32
GLU-LEU_GAGCTA	42	123	41	55	137	39	63	159	43	62	130	32	64	263	49	57	112	42	50	156	33	63	185	40	47	149	28	41	75	31	59	113	41
SER-PRO_TCACCG	19	51	11	12	46	6	12	64	12	9	24	8	14	70	7	10	46	9	16	29	4	14	24	3	13	65	16	17	17	7	9	34	7
SER-PHE_TCGTTT	0	11	0	2	19	4	2	9	3	1	5	9	12	25	4	4	22	3	7	16	3	6	13	9	4	28	2	2	5	2	4	14	2
CYS-TERM_TGCTAA	29	94	29	38	120	21	42	91	18	46	86	18	72	207	30	45	92	35	37	118	33	41	77	36	57	130	30	47	252	49	27	22	18
GLY-HIS_GGACAC	197	501	134	230	487	143	174	473	160	174	422	135	272	873	216	174	382	145	208	506	175	171	442	136	191	458	107	152	381	202	101	122	164
SER-PHE_TCTTTC	22	43	10	14	42	10	21	69	11	9	26	11	18	75	9	17	41	13	20	49	11	15	39	16	13	40	6	12	16	4	7	46	4
ARG-SER_CGCTCT	252	688	212	281	756	236	290	672	222	264	603	190	379	1255	281	249	727	243	291	756	185	207	672	267	243	718	193	192	317	99	179	321	268
ARG-LYS_CGAAAG	45	160	35	51	160	55	55	150	47	56	109	36	69	260	42	50	195	35	60	156	47	51	173	42	63	169	45	24	82	36	33	27	19
ALA-THR_GCGACA	68	138	54	80	223	52	91	283	55	47	87	52	116	372	104	76	235	57	68	214	89	73	263	50	75	322	57	56	49	40	40	171	38
ALA-ARG_GCTAGA	159	429	148	183	440	95	187	416	137	203	434	145	244	793	206	164	546	219	181	418	140	128	398	113	139	601	142	75	147	75	119	195	84
LEU-GLU_CTTGAA	44	102	28	44	115	18	23	83	42	35	126	32	51	178	26	41	129	20	31	82	31	41	79	24	39	129	21	27	103	19	16	34	10
GLU-ILE_GAAATA	38	99	26	33	104	36	40	61	34	21	62	18	29	144	33	26	59	21	23	106	31	20	97	19	26	88	35	19	29	22	25	40	13
ALA-PHE_GCCTTT	135	403	82	151	374	99	124	346	102	128	435	100	218	680	141	131	398	132	176	390	113	130	461	130	134	398	101	70	138	87	137	323	38
ILE-GLN_ATACAG	65	118	35	74	150	51	57	182	35	56	101	45	103	267	51	61	88	32	39	121	32	38	131	33	60	172	41	77	248	39	55	66	29
TERM-THR_TGAACC	149	362	86	138	344	74	118	332	64	112	361	99	147	582	103	94	249	78	66	218	57	116	241	57	111	239	63	119	498	65	116	493	83
