	-27	-26	-25	-24	-23	-22	-21	-20	-19	-18	-17	-16	-15	-14	-13	-12	-11	-10	-9	-8	-7	-6	-5	-4	-3	-2	-1	0	1	2	3	4	5
PRO-ASP (PD)	1380	3577	1003	1322	3885	1060	1304	3860	1109	1287	3403	1064	1746	6156	1308	1391	4033	916	1006	2804	971	1226	2599	855	1289	3536	881	1181	5224	740	1120	2174	1363
PRO-GLY (PG)	1210	3101	908	1300	3324	1000	1314	3645	1090	1249	3021	1084	1657	5488	1125	1363	3482	1012	1119	2745	876	1257	2546	952	1243	3747	897	1074	4773	928	754	1203	623
GLY-GLU (GE)	2694	6751	2275	2814	6665	2341	2822	6255	2277	2870	5886	2282	3600	10589	2747	2456	6592	2500	2771	6519	2317	2570	6317	2378	2487	7464	2175	1662	3178	1256	1920	4116	3286
HIS-TYR (HY)	519	1136	370	450	1119	423	438	1226	418	334	703	344	595	1907	403	411	1005	332	426	1027	368	408	1159	414	490	1184	260	458	1563	329	461	1728	458
ASP-GLY (DG)	2288	5886	1922	2309	6056	1903	2236	5787	1952	2296	5585	1916	2955	9059	2452	2385	6086	2136	2371	6082	2109	2168	5764	1735	2178	5054	1607	1986	5356	2827	1303	2500	1419
PRO-TYR (PY)	784	2201	594	774	2051	660	855	2312	612	750	2239	658	947	3192	672	703	1661	511	586	1592	572	728	1618	469	875	2258	524	807	2696	568	535	2195	595
CYS-TYR (CY)	240	612	199	259	608	183	266	758	210	224	551	203	324	1036	208	183	573	222	220	684	180	245	687	202	205	675	236	218	420	126	410	1039	210
ASP-LYS (DK)	3080	7627	2454	3051	8074	2614	3139	7432	2633	3232	7807	2731	4052	12699	3175	3180	8441	2747	3545	8158	2559	3033	7522	2540	3224	7037	2151	3486	5738	3801	2824	7694	3344
ASN-GLU (NE)	3434	8754	2773	3385	8757	2783	3460	8804	2811	3150	6550	2622	4241	14146	3570	3197	8104	2883	3161	8932	2852	3475	7760	2880	4330	8290	3186	3976	11895	2854	3430	5839	8360
ASP-TYR (DY)	1254	3381	990	1227	3554	991	1195	3119	1001	1225	3811	1146	1571	5146	1177	1132	2749	1003	1129	3027	1044	1226	3190	988	1252	2942	784	1511	2229	1563	1396	4996	1171
ASN-TYR (NY)	1061	2911	962	1170	2888	864	1089	3103	900	1099	3073	852	1217	4635	931	879	2353	845	844	2790	929	999	2714	912	1052	2564	812	1582	3466	1310	1817	4444	1121
PRO-GLU (PE)	2174	5450	1885	2170	5727	1744	2231	6021	1711	2176	5192	1787	2725	8287	2066	2032	4563	1562	2274	4825	1754	2430	4257	1764	2762	6376	1722	1689	7732	1359	1396	3093	2952
PRO-SER (PS)	2553	6596	2057	2512	6837	2049	2559	6884	1976	2535	6842	2010	2926	9474	2010	2267	5186	1649	2336	5371	1662	2453	5101	1691	2528	6149	1650	2283	9347	1651	2037	7026	1446
ASN-ARG (NR)	1759	4423	1324	1578	4332	1336	1719	4506	1379	1689	4175	1374	2116	6554	1580	1435	3583	1448	1723	4702	1599	1675	4751	1474	1911	4371	1411	1761	6629	1677	1553	2555	1032
ASN-PRO (NP)	1537	4141	1159	1455	3963	1225	1552	4092	1236	1524	3869	1236	1719	5876	1537	1443	4559	1275	1233	3453	1107	1337	3387	1063	1607	2828	877	1897	4741	1040	1582	6247	1096
ASP-GLU (DE)	5204	12812	4250	5322	13082	4236	5177	12501	4582	4899	11185	4873	6844	19454	5440	4893	12631	5075	5791	13010	4975	5528	12341	4870	5873	11761	4378	5355	10226	6332	4018	8458	10578
ASP-LEU (DL)	3885	10007	3270	3784	9787	3197	3895	9152	3238	4034	11928	3384	4691	14968	3932	3739	9486	3526	4006	9692	3218	4306	10784	3304	4183	9273	2986	4340	8509	4624	3972	11205	3073
HIS-GLU (HE)	887	2331	667	887	2285	740	920	2395	758	550	916	729	1204	3386	888	882	2339	812	838	2105	734	831	2124	790	1283	2596	786	813	3426	734	707	1463	2248
GLY-LYS (GK)	3511	8769	2807	3471	8653	2935	3447	8080	2897	3755	9060	3089	4548	12546	3272	3886	10378	3227	4044	9659	3100	3546	9478	3215	3470	9298	2881	2578	3974	1712	3184	8112	2800
HIS-PRO (HP)	675	1811	549	653	1750	462	591	1789	496	457	1033	385	817	2394	566	649	2199	490	544	1440	397	569	1433	447	739	1464	419	809	2796	414	563	2267	519
GLY-LEU (GL)	3056	7579	2614	3281	7756	2375	3108	7343	2468	3563	9282	2696	3659	10808	3124	3004	6927	2275	3341	7429	2347	3098	8652	2661	2806	8299	2486	2055	3982	1815	2745	8658	1849
PRO-LEU (PL)	2292	5836	1779	2444	6158	1761	2404	6687	1773	2249	6567	1795	2636	8399	1763	1930	4255	1362	2189	5624	1607	2463	5733	1606	2526	6484	1691	2385	9957	1715	1749	5237	1432
GLY-TYR (GY)	1229	3015	905	1254	3126	1011	1158	2808	983	1301	3268	944	1302	3993	1020	1218	2606	947	1013	2756	913	1063	2929	927	918	2744	774	794	1115	599	970	3985	876
CYS-LEU (CL)	517	1559	484	545	1528	446	623	1704	526	544	1264	456	740	2103	483	457	1179	469	594	1727	441	538	1681	481	497	1569	559	495	1207	298	848	1895	349
ASN-ASP (ND)	2781	7228	2283	2756	7386	2143	2736	7316	2294	2504	5718	2101	3144	10207	2662	2840	8591	2519	2406	6615	2355	2513	6463	2428	2985	6093	2371	3599	9068	2234	3396	5695	5249
ASN-LYS (NK)	3384	8841	2818	3482	8860	2716	3294	8571	2622	3134	7382	2531	3947	12372	2795	3151	8273	2660	3397	9411	2982	3221	8680	2892	4129	7980	3074	4511	11298	3166	4428	9495	3785
GLY-VAL (GV)	2622	5964	1995	2598	6270	2154	2569	5614	2072	2656	5526	2136	2954	7977	2324	2351	5297	2020	2468	5807	2058	2624	6879	1959	2214	6357	2035	1770	2385	1185	2501	4309	2240
CYS-GLU (CE)	353	943	335	330	929	309	436	987	288	263	602	244	459	1232	331	283	914	303	389	1050	310	364	942	294	384	1135	307	280	634	161	403	603	485
GLY-ILE (GI)	2522	5925	1924	2487	6085	1872	2369	5690	1932	2624	6534	1958	2764	7934	2110	2277	5573	1854	2152	5245	1946	2119	6927	2013	2040	5724	1775	1560	2531	1252	2956	6795	1980
LYS-GLU (KE)	5943	15037	5032	6224	15326	4948	6276	14929	5252	6611	17244	5263	7616	20981	5676	7002	15434	5632	6410	14875	5654	6640	13866	5399	6505	14397	4569	5426	15309	3483	5067	9844	7268
CYS-LYS (CK)	483	1137	365	510	1311	404	536	1378	448	528	926	416	635	1828	533	532	1127	500	694	1568	436	529	1501	540	580	1507	560	546	1054	269	712	1342	455
ASN-GLY (NG)	2465	6172	1897	2382	6414	1997	2432	6237	1884	2238	5121	1795	2858	8316	2195	2643	7747	2119	2290	6959	2125	2309	6300	2007	2439	6032	2006	2327	8710	2033	1520	2911	1649
PRO-ASN (PN)	1331	3710	1042	1337	3820	1124	1279	3934	1032	1456	3834	1065	1457	4759	1078	1345	3987	941	1074	2782	833	1133	2927	885	1448	3908	993	1340	5128	836	1230	3653	1183
HIS-LYS (HK)	1104	2601	900	1092	2684	869	1117	2705	875	811	1273	655	1239	3472	822	976	2717	812	1064	2458	724	751	2177	916	1207	2687	883	1068	3679	826	960	2439	1133
GLY-ARG (GR)	2007	5039	1786	2187	5119	1802	2071	4641	1783	2429	5246	1825	2667	6584	1842	1999	4979	1944	2328	5514	1846	1964	5776	1886	1859	5381	1721	1091	2454	1106	1614	2800	994
CYS-ILE (CI)	502	1294	372	437	1213	374	466	1414	346	400	946	328	581	1623	433	394	834	374	414	1248	344	417	1529	405	416	1221	498	418	960	225	995	1509	344
HIS-SER (HS)	1079	2802	856	1055	2847	843	1218	3214	948	912	1619	738	1254	3794	898	975	2852	819	930	2546	794	948	2934	812	1252	2965	874	1039	4354	942	982	3827	741
ASN-ILE (NI)	2517	5984	1867	2295	6377	1889	2374	6257	2035	2454	6069	1881	2753	8567	1865	2099	5108	1753	2011	5607	1790	2379	7140	2000	2584	5432	1897	2985	8197	2618	4901	7648	2430
HIS-ALA (HA)	612	1649	523	682	1758	550	692	1860	539	478	732	426	790	2153	612	580	1437	516	581	1550	478	747	1693	554	856	1668	535	704	2354	468	531	1331	494
ASN-LEU (NL)	3212	8113	2468	3055	8029	2414	2995	7806	2448	3128	8274	2582	3231	10896	2568	2645	6822	2425	2892	8420	2356	3154	8513	2532	3313	7132	2299	3581	11652	3156	4789	9133	2297
ASN-SER (NS)	3327	8971	2770	3343	9159	2542	3483	9226	2503	3326	8916	2489	3678	11904	2688	2911	8027	2393	3065	9043	2682	3301	9137	2730	3776	8315	2597	4001	12187	2978	3795	12209	2188
ASP-PRO (DP)	1490	4082	1298	1560	4288	1354	1600	4014	1284	1721	4877	1452	2003	5649	1646	1925	5885	1577	1553	3661	1194	1515	3966	1233	1782	3482	1036	1639	2939	1476	1542	7067	1168
CYS-MET (CM)	85	228	82	79	239	75	87	247	62	82	178	66	97	307	73	68	153	62	118	341	72	85	334	94	89	268	92	90	197	47	168	226	42
PRO-LYS (PK)	2432	5935	1907	2568	6064	1897	2525	6326	1853	2449	6025	2060	2704	7860	1994	2304	5423	1679	2647	5463	1729	2348	5054	1975	2813	6294	2034	2433	8890	1881	2193	4852	1972
HIS-ASP (HD)	691	1579	473	613	1670	504	659	1848	484	437	657	488	759	2173	582	621	2251	585	548	1590	598	584	1650	553	749	1792	456	689	2421	385	536	1208	1451
GLY-ASP (GD)	2175	5396	1892	2247	5650	1831	1974	5124	1697	2198	4713	1884	2487	6743	2010	2520	7380	2292	2127	5620	1930	1892	5126	1871	1987	5531	1545	1470	2138	863	1973	3953	2026
ASP-ILE (DI)	2763	6925	2175	2587	7070	2174	2518	6453	2356	2970	7589	2234	3025	9105	2561	2677	6482	2272	2551	6032	2145	2827	8049	2177	2584	5984	1955	3067	5247	3712	3930	8714	2560
GLN-GLU (QE)	2725	6972	2043	2707	6624	2159	2604	6749	2129	2208	4454	2045	3006	8410	2375	2834	7020	2200	2695	6494	2184	2710	6236	2173	2897	7894	2107	1959	7017	1551	2098	4300	3825
HIS-LEU (HL)	1090	2935	841	1167	2992	819	1234	3225	887	955	1719	879	1269	3794	865	1019	3087	863	1045	3199	801	1224	3264	891	1287	3075	881	1147	4679	905	1127	3114	789
THR-LYS (TK)	3391	8003	2511	3254	8096	2655	3208	8030	2685	3031	6256	2576	3445	10261	2679	3160	7480	2355	3435	8003	2455	3320	6857	2601	3378	7750	2847	4698	9859	2602	2924	7872	2776
