	F0	F1	F2
0	0	0	0
1	0	0	0
2	0	0	0
3	0	0	0
4	0	1	1
5	0	1	0
6	0	1	0
7	3	4	2
8	0	0	0
9	1	0	0
10	1	0	2
11	8	6	2
12	7	6	5
13	16	25	4
14	35	73	24
15	0	0	0
16	77	262	54
17	33	94	24
18	0	0	0
19	116	310	91
20	52	121	45
21	3	1	0
22	68	184	35
23	82	263	50
24	24	56	19
25	29	57	13
26	0	0	0
27	77	246	71
28	9	25	22
29	0	1	0
30	19	39	16
31	142	270	136
32	71	264	51
33	0	0	0
34	273	801	253
35	304	822	222
36	196	625	120
37	98	315	51
38	532	1064	560
39	0	0	0
40	0	0	0
41	4	9	3
42	661	1423	390
43	2407	4583	2164
44	1	0	1
45	107	303	77
46	24	43	32
47	123	338	106
48	81	287	46
49	0	0	0
50	44	120	24
51	27	71	21
52	258	686	202
53	8	25	6
54	50	107	38
55	147	67	64
56	171	466	172
57	984	2455	667
58	255	685	159
59	132	335	90
60	41	130	27
61	67	202	61
62	41	95	34
63	0	1	1
64	313	968	237
65	0	0	0
66	107	306	71
67	0	0	0
68	0	0	0
69	82	218	74
70	110	245	83
71	23	57	26
72	363	959	166
73	219	530	195
74	163	440	105
75	22	65	28
76	79	199	43
77	41	107	33
78	206	588	140
79	803	1761	707
80	0	0	0
81	2734	3736	2178
82	38	103	37
83	89	240	67
84	155	384	93
85	103	240	83
86	48	141	39
87	105	186	52
88	57	123	46
89	163	499	160
90	114	250	90
91	44	122	29
92	25	82	24
93	0	0	1
94	0	0	0
95	2	0	1
96	42	94	21
97	11	31	14
98	13	20	24
99	1	0	3
100	23	50	19
101	33	120	24
102	3	19	8
103	0	0	0
104	161	408	99
105	0	0	0
106	0	3	2
107	0	2	0
108	0	0	0
109	0	0	0
110	0	0	0
111	5	4	2
112	0	0	0
113	0	0	0
114	4	8	3
115	3	4	4
116	0	1	0
117	6	13	6
118	0	0	0
119	0	0	0
120	0	0	0
121	0	0	0
122	0	0	3
123	0	0	0
124	0	0	0
125	46	105	92
126	40	125	31
127	185	511	140
128	40	142	53
129	201	649	135
130	27	81	28
131	35	96	27
132	0	0	0
133	0	0	0
134	50	127	37
135	8	13	4
136	363	992	310
137	0	0	2
138	17	45	23
139	0	0	0
140	192	541	86
141	967	1409	775
142	16	46	10
143	142	343	159
144	49	155	35
145	26	62	19
146	49	125	49
147	460	872	398
148	292	852	165
149	225	722	155
150	82	236	45
151	21	11	41
152	11	47	23
153	202	799	141
154	42	140	23
155	254	702	225
156	51	193	24
157	0	0	0
158	434	863	450
159	37	44	94
160	25	56	22
161	0	0	1
162	252	589	251
163	2	4	6
164	76	289	95
165	0	0	1
166	0	0	0
167	69	150	39
168	21	67	12
169	44	149	41
170	117	280	80
171	73	255	61
172	0	0	0
173	37	78	21
174	63	200	59
175	0	1	0
176	163	406	104
177	94	217	71
178	55	151	39
179	37	102	25
180	174	506	147
181	84	189	47
182	61	147	54
183	42	102	31
184	171	622	120
185	0	0	0
186	582	1505	509
187	390	966	221
188	322	731	178
189	0	0	0
190	1	0	0
191	665	1415	748
192	134	435	93
193	24	82	23
194	0	0	0
195	1	1	1
196	119	344	79
197	190	564	137
198	115	337	78
199	8	33	6
200	336	962	290
201	5	3	0
202	168	543	95
203	53	148	37
204	47	227	67
205	95	357	75
206	195	568	197
207	50	192	44
208	168	489	159
209	110	271	86
210	46	164	29
211	8	26	5
212	14	48	12
213	165	456	125
214	1558	2242	1341
215	91	335	56
216	36	70	13
217	453	1159	340
218	83	248	67
219	454	1081	391
220	64	203	63
221	65	163	50
222	14	35	13
223	41	77	46
224	230	518	187
225	64	204	52
226	19	47	7
227	138	330	87
228	14	39	14
229	0	0	0
230	84	271	107
231	93	272	55
232	86	317	71
233	3	9	14
234	125	367	77
235	257	591	227
236	109	392	100
237	0	1	0
238	51	105	25
239	501	1218	489
240	550	1009	384
241	201	605	117
242	99	221	108
243	74	217	49
244	242	734	160
245	59	159	58
246	24	67	13
247	18	48	8
248	9	13	8
249	126	450	101
250	40	80	21
251	832	1524	624
252	323	714	335
253	251	562	232
254	26	20	22
255	8	13	6
256	150	403	108
257	74	207	90
258	128	413	93
259	200	499	160
260	0	1	0
261	0	0	5
262	4	2	4
263	37	74	20
264	24	98	28
265	105	259	67
266	58	155	45
267	433	966	499
268	57	110	47
269	0	1	2
270	67	236	62
271	31	161	43
272	47	168	51
273	495	912	436
274	0	0	0
275	3	3	4
276	113	353	104
277	56	130	45
278	23	74	10
279	82	259	68
280	90	227	53
281	182	443	107
282	0	0	0
283	52	150	38
284	23	53	21
285	103	259	98
286	60	137	35
287	2	12	5
288	6	23	4
289	23	77	54
290	1452	1737	1292
291	209	550	166
292	0	4	2
293	0	2	0
294	41	129	35
295	13	50	15
296	4	7	2
297	125	279	130
298	20	48	22
299	1	2	0
300	0	1	1
301	151	375	130
302	25	72	22
303	118	319	96
304	290	744	255
305	119	414	142
306	71	203	61
307	27	102	36
308	11	21	13
309	0	0	0
310	47	176	31
311	147	341	92
312	146	376	114
313	370	1369	271
314	153	442	115
315	35	71	22
316	159	591	82
317	8	18	3
318	0	1	0
319	261	785	192
320	111	228	101
321	1	3	0
322	6	8	6
323	44	133	33
324	101	312	85
325	906	2073	817
326	129	351	117
327	422	1228	427
328	464	944	303
329	384	1141	247
330	186	423	201
331	1368	2395	1154
332	12	42	16
333	6	43	8
334	137	344	113
335	74	131	27
336	56	167	59
337	0	0	0
338	108	271	70
339	218	40	73
340	45	193	37
341	38	104	59
342	1	3	4
343	80	150	36
344	136	429	122
345	59	157	38
346	34	100	27
347	52	204	68
348	3	3	1
349	328	1048	236
350	88	165	52
351	101	227	94
352	0	0	0
353	91	280	68
354	92	207	39
355	248	571	203
356	24	53	12
357	85	221	76
358	129	253	109
359	3	2	0
360	78	208	72
361	132	289	105
362	40	109	30
363	393	1179	244
364	2	0	3
365	88	272	76
366	88	233	86
367	1	0	2
368	1	1	0
369	1340	2112	1497
370	67	202	50
371	130	522	74
372	551	1108	457
373	15	7	7
374	309	847	160
375	141	325	104
376	0	0	0
377	56	174	32
378	66	168	61
379	8	39	10
380	3	3	19
381	652	992	560
382	5	29	3
383	72	199	54
384	199	575	154
385	76	212	64
386	0	1	0
387	5	25	3
388	82	186	73
389	1	0	0
390	48	190	33
391	77	197	55
392	38	77	28
393	28	105	12
394	24	35	14
395	134	404	123
396	29	119	26
397	0	0	0
398	241	626	149
399	549	1266	451
400	1	0	1
401	5	19	6
402	166	457	159
403	3	2	1
404	5	13	5
405	44	90	27
406	66	154	50
407	178	388	103
408	171	483	129
409	37	77	16
410	327	746	270
411	320	881	301
412	70	206	46
413	27	92	37
414	343	897	247
415	24	73	16
416	122	350	63
417	32	145	27
418	94	207	72
419	262	520	154
420	68	177	53
421	127	301	128
422	72	244	37
423	54	128	36
424	37	83	26
425	17	65	41
426	31	57	24
427	77	205	81
428	106	334	145
429	1323	2903	833
430	52	139	18
431	0	0	0
432	23	91	26
433	51	73	31
434	37	76	28
435	0	0	0
436	56	158	50
437	0	0	1
438	1134	1888	1003
439	4	7	1
440	0	0	0
441	6	4	4
442	16	54	20
443	12	28	17
444	0	2	1
445	110	277	79
446	60	160	27
447	943	1611	869
448	28	15	30
449	335	640	269
450	8	6	6
451	98	277	60
452	78	175	27
453	48	170	34
454	45	111	23
455	369	847	345
456	0	0	1
457	0	0	0
458	13	29	12
459	208	682	179
460	195	544	137
461	39	140	46
462	0	0	0
463	51	179	30
464	4	31	2
465	76	208	45
466	6	10	1
467	12	33	10
468	76	229	60
469	114	36	47
470	124	472	76
471	32	37	18
472	0	0	2
473	19	55	11
474	66	242	26
475	69	187	33
476	26	65	6
477	25	47	14
478	200	514	123
479	46	158	38
480	77	166	53
481	111	227	171
482	19	42	12
483	21	61	13
484	89	162	95
485	0	0	0
486	33	61	25
487	14	54	24
488	0	0	0
489	4	8	13
490	101	359	102
491	0	0	1
492	129	383	125
493	31	74	60
494	121	248	127
495	59	249	52
496	15	32	13
497	108	379	64
498	0	0	0
499	59	174	53
500	37	132	28
501	45	91	45
502	35	62	31
503	110	294	86
504	97	227	131
505	57	197	26
506	151	453	108
507	2	3	1
508	3	7	1
509	150	400	87
510	78	164	50
511	263	773	195
512	177	521	238
513	74	198	77
514	446	1086	241
515	179	455	140
516	172	303	124
517	3	7	6
518	79	153	72
519	86	230	59
520	55	115	34
521	29	103	15
522	162	430	103
523	60	164	43
524	140	250	99
525	107	298	68
526	61	203	43
527	14	64	13
528	57	185	54
529	55	115	40
530	43	142	29
531	41	55	47
532	46	117	30
533	37	115	30
534	296	941	182
535	0	0	0
536	82	162	74
537	73	202	49
538	15	53	12
539	70	229	59
540	48	93	31
541	52	157	43
542	48	89	37
543	393	1108	367
544	93	244	85
545	0	0	1
546	93	194	73
547	411	1093	297
548	1	21	3
549	57	108	34
550	109	409	86
551	364	751	253
552	17	30	9
553	0	3	3
554	110	249	116
555	24	71	21
556	138	399	109
557	196	680	118
558	298	952	177
559	35	69	20
560	1	4	1
561	16	20	8
562	1	0	1
563	22	47	11
564	0	3	1
565	0	0	0
566	3	18	2
567	3	10	9
568	0	0	0
569	0	0	0
570	1	0	0
571	0	1	1
572	0	1	0
573	0	0	0
574	0	2	0
575	0	0	0
576	0	1	0
577	70	98	113
578	3	2	1
579	2	4	5
580	475	1221	369
581	67	164	46
582	218	605	170
583	668	1537	483
584	1	0	1
585	272	688	158
586	36	135	23
587	117	241	91
588	54	92	36
589	59	166	31
590	10	16	16
591	1342	3462	1034
592	22	71	25
593	81	238	77
594	108	303	90
595	13	33	15
596	0	0	0
597	0	0	0
598	44	100	28
599	150	360	120
600	0	0	0
601	126	431	93
602	280	588	208
603	27	65	147
604	0	1	0
605	8	14	5
606	111	378	70
607	7	31	9
608	742	1760	406
609	61	180	45
610	225	589	109
611	42	145	39
612	11	24	1
613	53	215	34
614	378	1217	281
615	90	222	82
616	102	238	88
617	53	113	38
618	9	34	11
619	8	27	7
620	1	1	0
621	30	92	35
622	0	0	0
623	142	465	122
624	0	0	0
625	3	5	7
626	0	0	0
627	86	162	44
628	60	143	31
629	218	489	199
630	33	123	23
631	174	351	181
632	54	169	46
633	117	208	113
634	53	192	40
635	6	3	7
636	121	328	71
637	37	92	20
638	13	27	10
639	10	28	10
640	131	419	93
641	2	4	3
642	0	0	9
643	0	0	0
644	96	219	86
645	70	211	47
646	35	55	35
647	154	344	145
648	0	2	1
649	9	16	11
650	207	482	146
651	68	104	37
652	0	1	1
653	71	213	95
654	374	994	265
655	1	3	0
656	47	44	68
657	19	67	18
658	407	1025	316
659	129	278	163
660	74	137	61
661	0	5	0
662	28	48	22
663	11	2	6
664	30	57	26
665	7	31	3
666	1	2	0
667	1	1	0
668	100	281	57
669	65	173	37
670	29	25	32
671	13	44	10
672	3	3	2
673	123	367	77
674	40	103	33
675	17	29	9
676	129	236	86
677	125	290	78
678	746	1228	720
679	111	295	77
680	797	2326	557
681	87	180	70
682	308	862	250
683	50	142	92
684	39	120	24
685	46	86	20
686	1	0	0
687	0	0	0
688	0	0	0
689	0	1	0
690	295	776	216
691	81	179	43
692	39	50	18
693	2	0	0
694	0	1	0
695	86	208	51
696	279	830	157
697	0	0	0
698	2	0	0
699	22	79	12
700	0	0	0
701	167	277	103
702	123	356	82
703	137	283	137
704	40	128	27
705	293	702	232
706	33	59	24
707	5	16	11
708	8	13	3
709	0	2	2
710	13	37	5
711	94	328	82
712	69	189	45
713	66	144	40
714	34	99	24
715	23	83	30
716	100	239	40
717	59	174	42
718	61	145	32
719	23	33	5
720	5	18	5
721	24	74	14
722	21	67	17
723	84	226	66
724	34	92	16
725	33	115	26
726	0	0	0
727	62	178	82
728	20	42	11
729	306	768	188
730	0	2	1
731	46	153	39
732	0	0	1
733	174	445	173
734	356	672	394
735	19	20	26
736	89	311	104
737	16	20	11
738	144	433	89
739	271	756	269
740	50	156	52
741	129	357	102
742	0	0	2
743	2	3	0
744	104	299	99
745	0	0	0
746	1	7	0
747	3	2	5
748	0	0	4
749	5	11	3
750	4	9	7
751	0	0	0
752	0	0	0
753	5	14	4
754	9	32	14
755	7	11	8
756	0	0	0
757	1	6	0
758	0	0	0
759	0	0	0
760	0	1	0
761	0	0	0
762	0	1	0
763	13	13	7
764	0	0	0
765	18	53	14
766	0	0	0
767	59	214	46
768	31	35	28
769	7	19	11
770	31	66	28
771	18	53	16
772	30	70	8
773	60	126	40
774	39	108	25
775	5	18	5
776	38	103	28
777	24	62	10
778	469	799	553
779	0	0	0
780	233	732	210
781	128	331	110
782	437	1204	333
783	71	292	54
784	11	19	12
785	0	0	1
786	1	0	0
787	52	158	47
788	33	65	30
789	2	1	2
790	22	59	20
791	40	115	36
792	35	62	26
793	4	6	1
794	215	495	233
795	90	213	87
796	73	244	56
797	1	1	1
798	94	272	73
799	809	1632	527
800	245	678	185
801	22	63	11
802	84	299	84
803	2	5	10
804	95	280	73
805	115	365	87
806	153	417	140
807	52	62	25
808	6	31	8
809	36	71	46
810	87	235	71
811	2	10	5
812	159	388	157
813	15	74	22
814	80	222	41
815	789	1787	746
816	137	263	76
817	87	187	67
818	185	578	146
819	36	110	32
820	1	3	2
821	1	1	0
822	0	0	0
823	316	581	356
824	388	439	295
825	23	71	28
826	228	581	222
827	2	5	4
828	52	153	36
829	51	107	25
830	47	111	49
831	60	54	11
832	147	394	95
833	70	209	36
834	56	111	64
835	85	307	75
836	0	0	1
837	166	339	153
838	31	92	19
839	3	4	2
840	36	80	35
841	285	899	184
842	134	348	99
843	28	169	53
844	51	172	40
845	0	0	0
846	0	1	0
847	307	759	198
848	16	48	14
849	121	291	66
850	0	0	0
851	76	270	56
852	0	0	0
853	17	16	16
854	91	223	82
855	43	173	49
856	142	408	114
857	15	15	20
858	679	1942	610
859	0	0	0
860	0	0	0
861	536	1366	374
862	33	102	31
863	657	1857	479
864	504	1267	429
865	18	37	15
866	356	591	315
867	63	190	42
868	150	295	165
869	26	105	21
870	22	65	31
871	764	2206	569
872	25	78	15
873	137	502	92
874	163	467	131
875	921	1753	777
876	72	166	83
877	78	248	60
878	166	227	126
879	85	233	63
880	124	333	107
881	244	550	163
882	71	238	41
883	606	966	460
884	41	121	28
885	24	57	19
886	74	155	42
887	637	1291	629
888	93	241	104
889	135	238	73
890	29	88	19
891	667	1812	484
892	242	688	140
893	62	156	88
894	26	64	19
895	0	0	0
896	213	760	139
897	106	396	91
898	64	159	95
899	0	0	0
900	0	1	0
901	72	198	44
902	193	468	163
903	135	362	100
904	28	64	27
905	9	16	25
906	59	149	73
907	35	92	28
908	125	420	82
909	47	178	36
910	21	57	15
911	22	84	33
912	57	226	53
913	45	117	26
914	269	759	318
915	644	1431	414
916	105	284	116
917	186	528	170
918	0	0	0
919	266	644	265
920	0	0	0
921	43	143	40
922	232	726	204
923	91	241	57
924	22	50	24
925	56	136	29
926	88	294	56
927	36	77	26
928	90	196	80
929	1	3	0
930	43	75	18
931	0	0	0
932	465	839	516
933	522	1023	477
934	803	1295	718
935	402	882	411
936	24	94	13
937	1	6	0
938	71	154	61
939	64	176	69
940	75	169	61
941	1407	1643	1260
942	448	1208	404
943	154	392	104
944	58	206	52
945	1	0	0
946	567	1403	416
947	20	39	12
948	0	0	0
949	35	114	29
950	45	93	45
951	571	1423	433
952	100	314	110
953	82	218	61
954	0	0	0
955	621	866	450
956	317	886	273
957	144	363	80
958	968	2081	956
959	7	32	8
960	238	607	150
961	534	1157	465
962	17	46	11
963	250	621	156
964	120	345	118
965	209	562	204
966	0	0	0
967	3	13	1
968	19	59	13
969	89	271	69
970	31	120	32
971	246	635	111
972	55	126	23
973	136	466	108
974	22	79	17
975	60	199	43
976	0	0	0
977	177	445	180
978	12	21	19
979	0	2	0
980	65	152	43
981	128	377	88
982	0	0	0
983	15	52	16
984	0	0	0
985	469	1155	253
986	87	283	79
987	97	265	113
988	263	917	219
989	28	75	15
990	0	0	0
991	42	139	44
992	0	0	0
993	0	3	1
994	0	0	0
995	1	0	1
996	37	101	28
997	8	25	12
998	282	944	159
999	170	449	168
1000	66	231	60
1001	51	191	60
1002	0	6	1
1003	48	168	67
1004	506	1181	459
1005	140	399	95
1006	52	163	47
1007	0	0	0
1008	99	277	53
1009	2	0	1
1010	17	58	12
1011	1	3	3
1012	349	912	275
1013	43	142	34
1014	378	1274	219
1015	80	187	73
1016	310	848	171
1017	260	711	146
1018	152	464	106
1019	42	116	27
1020	646	973	486
1021	30	118	19
1022	7	12	11
1023	37	78	32
1024	39	118	32
1025	498	1525	257
1026	31	65	26
1027	3	0	1
1028	5	12	19
1029	0	0	0
1030	564	1486	413
1031	103	249	116
1032	62	223	76
1033	17	94	30
1034	1	1	1
1035	0	0	0
1036	44	93	22
1037	305	855	247
1038	0	1	1
1039	33	108	35
1040	35	118	39
1041	101	301	53
1042	33	32	29
1043	275	714	293
1044	53	116	70
1045	1333	1532	1251
1046	201	541	172
1047	293	827	226
1048	279	802	220
1049	0	0	0
1050	9	51	20
1051	17	30	9
1052	21	57	25
1053	57	146	50
1054	263	837	213
1055	0	0	0
1056	2	0	1
1057	47	100	38
1058	41	154	40
1059	434	1105	396
1060	39	93	23
1061	34	72	28
1062	27	76	34
1063	66	175	44
1064	11	23	7
1065	49	129	27
1066	36	177	21
1067	127	353	66
1068	162	581	109
1069	91	220	73
1070	0	0	0
1071	173	496	117
1072	207	523	240
1073	90	277	73
1074	499	1570	359
1075	0	0	0
1076	116	346	99
1077	36	161	27
1078	491	1223	419
1079	66	191	46
1080	16	54	14
1081	17	52	24
1082	891	2656	843
1083	152	463	135
1084	473	986	356
1085	82	178	83
1086	573	1150	458
1087	12	36	33
1088	12	23	8
1089	63	190	42
1090	184	465	138
1091	23	66	18
1092	4	26	8
1093	226	713	175
1094	81	249	43
1095	50	96	36
1096	75	221	58
1097	105	307	72
1098	16	52	8
1099	546	1262	356
1100	34	95	25
1101	56	201	50
1102	31	79	23
1103	249	621	275
1104	68	297	67
1105	32	67	18
1106	361	899	257
1107	23	34	13
1108	29	51	18
1109	538	1011	410
1110	620	1653	399
1111	131	437	133
1112	42	134	48
1113	32	90	15
1114	55	150	34
1115	62	151	36
1116	222	538	137
1117	46	15	19
1118	0	0	0
1119	28	119	21
1120	123	339	116
1121	109	267	99
1122	120	361	156
1123	21	56	18
1124	105	283	104
1125	0	0	0
1126	123	349	115
1127	67	196	65
1128	118	332	76
1129	6	17	7
1130	25	35	8
1131	59	217	49
1132	34	91	27
1133	56	220	60
1134	24	84	54
1135	0	0	0
1136	264	879	251
1137	0	0	0
1138	84	261	46
1139	50	143	43
1140	98	233	75
1141	43	114	28
1142	1	5	7
1143	88	342	93
1144	0	0	1
1145	177	408	137
1146	223	564	176
1147	130	396	90
1148	37	121	23
1149	2	3	1
1150	7	7	5
1151	17	40	17
1152	93	199	89
1153	151	390	103
1154	116	191	88
1155	54	132	35
1156	22	65	18
1157	19	70	15
1158	17	23	17
1159	186	433	135
1160	0	1	0
1161	98	222	66
1162	217	567	148
1163	65	173	66
1164	51	112	31
1165	232	627	197
1166	16	44	18
1167	162	543	162
1168	62	204	48
1169	259	696	189
1170	124	450	104
1171	48	147	52
1172	51	113	35
1173	0	0	0
1174	397	919	339
1175	72	243	48
1176	570	1682	455
1177	373	1176	322
1178	220	155	171
1179	397	814	266
1180	86	207	45
1181	5	7	15
1182	434	1118	363
1183	162	430	122
1184	17	58	18
1185	132	335	122
1186	237	560	122
1187	83	229	60
1188	64	175	65
1189	160	417	163
1190	63	142	27
1191	92	208	65
1192	267	737	190
1193	127	345	67
1194	0	0	0
1195	571	1314	661
1196	47	92	14
1197	433	1226	357
1198	38	127	33
1199	101	259	162
1200	155	489	132
1201	458	1422	410
1202	218	673	183
1203	6	20	6
1204	85	280	78
1205	29	73	15
1206	73	181	62
1207	69	202	94
1208	52	141	33
1209	0	0	1
1210	44	98	48
1211	7	17	7
1212	826	1930	477
1213	11	26	5
1214	691	1921	430
1215	0	0	0
1216	200	611	175
1217	63	185	53
1218	363	916	201
1219	7	29	2
1220	47	140	20
1221	0	0	0
1222	234	644	211
1223	0	0	0
1224	38	195	27
1225	60	90	47
1226	32	136	34
1227	57	140	40
1228	0	0	0
1229	113	363	110
1230	82	195	45
1231	32	70	19
1232	0	0	0
1233	59	126	39
1234	26	68	19
1235	39	109	34
1236	119	370	81
1237	187	561	112
1238	0	0	0
1239	18	28	11
1240	155	351	141
1241	125	309	93
1242	223	659	152
1243	124	341	90
1244	0	0	0
1245	32	71	21
1246	265	726	222
1247	3	0	5
1248	100	319	69
1249	0	1	1
1250	73	190	54
1251	26	77	18
1252	19	41	25
1253	223	590	134
1254	965	1624	657
1255	149	389	106
1256	187	464	150
1257	79	211	45
1258	238	902	168
1259	1	0	0
1260	21	35	5
1261	146	506	91
1262	270	714	279
1263	78	142	62
1264	74	193	70
1265	41	104	41
1266	37	104	21
1267	218	451	158
1268	79	194	54
1269	74	161	43
1270	3	2	1
1271	9	16	7
1272	55	130	52
1273	64	187	45
1274	188	569	149
1275	78	312	91
1276	0	2	0
1277	17	92	11
1278	36	83	31
1279	18	41	18
1280	0	0	0
1281	115	318	89
1282	3	7	1
1283	43	134	37
1284	22	75	14
1285	13	49	12
1286	1	2	2
1287	37	103	34
1288	103	293	90
1289	29	58	21
1290	33	94	25
1291	55	118	42
1292	54	140	39
1293	6	8	8
1294	115	320	78
1295	11	27	23
1296	90	257	53
1297	65	140	37
1298	33	71	46
1299	0	0	0
1300	181	526	103
1301	0	1	0
1302	112	252	74
1303	6	23	11
1304	0	0	0
1305	58	164	63
1306	122	375	56
1307	17	33	8
1308	0	2	0
1309	28	89	16
1310	414	1164	292
1311	11	16	3
1312	11	20	9
1313	148	453	152
1314	50	162	31
1315	56	127	85
1316	22	25	16
1317	14	65	15
1318	71	227	59
1319	262	870	192
1320	0	0	0
1321	65	155	61
1322	86	257	72
1323	145	394	149
1324	162	463	92
1325	52	188	43
1326	65	157	41
1327	104	296	98
1328	37	99	25
1329	781	1787	487
1330	58	127	47
1331	168	457	113
1332	28	107	15
1333	133	436	126
1334	339	1006	432
1335	41	96	36
1336	30	106	29
1337	45	122	35
1338	173	531	119
1339	124	441	104
1340	327	1048	231
1341	153	353	91
1342	219	506	170
1343	46	146	34
1344	25	50	18
1345	12	43	19
1346	242	725	261
1347	9	18	6
1348	60	157	41
1349	23	80	10
1350	92	213	85
1351	92	239	86
1352	1	0	0
1353	74	158	67
1354	59	117	40
1355	55	110	36
1356	32	110	17
1357	1477	2997	1057
1358	146	304	100
1359	189	440	133
1360	1	0	0
1361	98	217	78
1362	65	236	52
1363	41	160	38
1364	7	35	5
1365	35	93	43
1366	99	279	78
1367	403	1141	297
1368	236	556	143
1369	29	65	30
1370	119	398	72
1371	114	395	78
1372	146	447	127
1373	0	0	0
1374	118	247	167
1375	3	26	8
1376	1	0	0
1377	3	1	1
1378	241	741	173
1379	408	1026	441
1380	70	180	33
1381	228	638	148
1382	100	206	74
1383	58	166	32
1384	88	323	67
1385	23	72	18
1386	178	392	190
1387	77	180	46
1388	0	0	0
1389	0	0	0
1390	698	1646	502
1391	45	124	31
1392	68	217	50
1393	289	831	195
1394	0	0	0
1395	159	386	127
1396	42	111	26
1397	29	110	25
1398	387	717	310
1399	27	38	24
1400	1037	2069	1018
1401	0	1	1
1402	83	266	40
1403	29	76	17
1404	30	95	27
1405	48	139	43
1406	36	126	41
1407	0	0	0
1408	167	337	114
1409	29	84	18
1410	0	0	0
1411	18	52	26
1412	33	78	31
1413	87	138	44
1414	66	200	25
1415	93	206	93
1416	168	488	98
1417	5	19	5
1418	27	61	21
1419	171	496	135
1420	27	53	21
1421	445	859	459
1422	42	149	51
1423	97	304	57
1424	101	199	122
1425	67	121	55
1426	15	47	11
1427	277	808	164
1428	70	272	74
1429	127	359	71
1430	29	63	24
1431	76	222	50
1432	101	333	87
1433	403	1107	222
1434	250	713	223
1435	0	0	1
1436	965	2133	531
1437	593	1534	529
1438	222	445	179
1439	11	32	14
1440	0	0	1
1441	1	2	2
1442	3	1	5
1443	245	733	126
1444	512	1636	365
1445	74	132	57
1446	0	1	0
1447	128	383	94
1448	94	223	65
1449	115	277	75
1450	61	251	52
1451	35	113	25
1452	445	1154	312
1453	0	0	0
1454	35	90	28
1455	27	98	29
1456	81	225	59
1457	0	0	0
1458	661	1070	557
1459	49	96	31
1460	203	595	132
1461	81	233	87
1462	92	261	77
1463	91	263	96
1464	78	164	54
1465	46	137	31
1466	1	0	0
1467	144	392	109
1468	41	35	21
1469	614	1188	449
1470	114	327	73
1471	0	0	0
1472	111	322	85
1473	94	49	51
1474	86	246	74
1475	9	29	10
1476	35	97	21
1477	28	82	5
1478	8	3	3
1479	37	89	35
1480	130	387	91
1481	20	91	20
1482	0	0	0
1483	54	160	41
1484	137	381	128
1485	0	0	0
1486	0	1	0
1487	428	857	282
1488	112	416	80
1489	248	724	201
1490	653	1261	673
1491	170	529	102
1492	218	617	262
1493	12	22	16
1494	155	281	196
1495	0	0	0
1496	28	112	23
1497	381	910	407
1498	220	625	156
1499	21	61	14
1500	202	661	175
1501	59	114	47
1502	9	11	6
1503	116	381	81
1504	211	664	179
1505	762	2275	623
1506	0	0	0
1507	194	463	150
1508	254	768	201
1509	1	0	1
1510	124	290	70
1511	67	198	68
1512	35	94	9
1513	507	1008	408
1514	33	150	35
1515	208	571	131
1516	53	178	45
1517	23	85	38
1518	147	401	126
1519	57	158	34
1520	78	217	37
1521	21	84	17
1522	59	181	44
1523	44	119	53
1524	24	74	25
1525	45	133	37
1526	343	957	293
1527	72	206	53
1528	50	166	40
1529	26	53	22
1530	32	99	22
1531	81	255	65
1532	0	0	1
1533	57	173	41
1534	22	108	9
1535	118	362	67
1536	112	323	141
1537	371	1073	274
1538	371	964	265
1539	56	215	51
1540	59	153	55
1541	356	697	246
1542	34	91	29
1543	33	146	29
1544	16	45	12
1545	6	5	2
1546	69	204	45
1547	10	34	7
1548	578	1366	355
1549	501	1460	371
1550	0	0	0
1551	519	998	297
1552	1	0	0
1553	19	78	44
1554	42	139	36
1555	43	103	50
1556	89	235	60
1557	95	238	50
1558	12	36	13
1559	52	161	44
1560	161	469	161
1561	23	76	23
1562	110	348	68
1563	0	0	0
1564	1	0	1
1565	1	2	3
1566	110	355	74
1567	0	0	0
1568	246	516	137
1569	0	0	0
1570	0	0	0
1571	47	187	26
1572	0	0	0
1573	263	838	286
1574	277	922	175
1575	182	517	124
1576	11	21	18
1577	21	52	23
1578	162	332	95
1579	25	38	48
1580	102	222	67
1581	0	0	0
1582	0	1	1
1583	0	0	0
1584	9	21	11
1585	67	218	49
1586	5	24	12
1587	12	25	13
1588	0	1	0
1589	0	0	0
1590	0	0	0
1591	0	1	1
1592	0	0	0
1593	23	47	26
1594	0	0	0
1595	0	0	0
1596	0	0	3
1597	7	26	11
1598	0	0	0
1599	1	0	1
1600	5	17	5
1601	6	6	8
1602	0	4	3
1603	0	0	0
1604	8	20	10
1605	103	285	195
1606	0	0	0
1607	351	921	232
1608	132	358	75
1609	31	84	16
1610	5	8	4
1611	35	102	37
1612	110	316	93
1613	9	29	5
1614	40	138	25
1615	21	81	13
1616	29	89	26
1617	191	396	121
1618	85	237	69
1619	860	2268	688
1620	1107	1777	846
1621	147	372	134
1622	10	17	6
1623	37	114	36
1624	235	812	202
1625	68	241	47
1626	0	0	0
1627	154	397	118
1628	28	44	38
1629	76	127	44
1630	32	56	43
1631	209	527	147
1632	113	257	99
1633	27	58	35
1634	326	1027	208
1635	0	1	0
1636	9	57	18
1637	460	829	387
1638	11	36	19
1639	92	300	60
1640	185	655	108
1641	95	230	61
1642	85	249	77
1643	607	1905	411
1644	733	1835	522
1645	82	110	56
1646	57	104	35
1647	66	174	71
1648	39	92	20
1649	69	123	33
1650	21	44	14
1651	75	269	45
1652	370	1222	286
1653	21	66	20
1654	26	69	45
1655	0	0	0
1656	261	601	232
1657	10	17	8
1658	3	20	3
1659	576	1680	376
1660	18	51	10
1661	52	110	49
1662	100	246	68
1663	9	47	10
1664	31	93	27
1665	51	197	39
1666	95	305	53
1667	0	0	0
1668	209	671	162
1669	69	164	51
1670	3	4	2
1671	0	0	0
1672	17	21	3
1673	0	0	0
1674	1	1	0
1675	1	0	0
1676	42	101	22
1677	16	57	17
1678	91	282	74
1679	58	177	40
1680	176	379	122
1681	110	340	67
1682	37	125	37
1683	656	2079	533
1684	27	86	17
1685	0	3	2
1686	23	75	21
1687	13	14	6
1688	2	4	4
1689	129	294	110
1690	187	657	146
1691	38	67	49
1692	0	5	6
1693	155	541	128
1694	806	1700	722
1695	38	89	28
1696	132	219	158
1697	407	987	358
1698	34	156	50
1699	12	36	12
1700	3	5	2
1701	0	0	0
1702	36	81	47
1703	86	212	53
1704	488	946	321
1705	0	1	0
1706	176	473	149
1707	66	180	43
1708	1	0	0
1709	3	9	2
1710	187	489	118
1711	44	82	54
1712	172	498	145
1713	131	214	73
1714	53	165	49
1715	0	0	0
1716	4	8	3
1717	0	0	0
1718	1	2	0
1719	97	285	92
1720	28	28	16
1721	0	0	0
1722	342	1087	305
1723	819	1444	795
1724	424	899	312
1725	226	675	120
1726	31	93	21
1727	108	255	82
1728	102	49	46
1729	82	185	67
1730	2	1	1
1731	69	202	38
1732	37	84	27
1733	98	283	79
1734	127	244	121
1735	19	49	22
1736	210	578	118
1737	64	289	47
1738	46	133	47
1739	294	879	245
1740	0	1	1
1741	131	386	116
1742	639	1015	388
1743	64	169	62
1744	93	261	46
1745	0	0	0
1746	145	400	115
1747	24	8	11
1748	197	616	164
1749	0	0	0
1750	0	0	2
1751	0	0	1
1752	209	626	141
1753	101	294	99
1754	0	0	0
1755	5	14	8
1756	35	102	16
1757	240	679	138
1758	266	700	189
1759	0	0	1
1760	1	0	1
1761	50	134	34
1762	405	1194	320
1763	151	283	182
1764	85	160	59
1765	160	307	131
1766	50	217	72
1767	7	12	6
1768	125	435	86
1769	13	21	4
1770	0	0	0
1771	0	24	5
1772	41	72	29
1773	13	21	20
1774	105	192	80
1775	167	411	110
1776	153	383	76
1777	27	58	16
1778	167	473	101
1779	46	69	22
1780	46	122	68
1781	59	114	67
1782	107	286	119
1783	30	95	33
1784	37	83	19
1785	129	303	131
1786	154	385	126
1787	517	1517	408
1788	11	35	14
1789	177	446	154
1790	20	36	17
1791	46	112	17
1792	51	154	18
1793	761	2073	479
1794	36	132	20
1795	117	248	72
1796	0	0	0
1797	73	210	51
1798	37	112	19
1799	4	5	11
1800	32	117	11
1801	0	0	1
1802	190	585	118
1803	0	1	0
1804	18	17	23
1805	0	0	0
1806	0	0	0
1807	0	1	0
1808	40	89	23
1809	2	0	1
1810	89	172	65
1811	151	449	109
1812	1	0	0
1813	82	236	52
1814	54	171	40
1815	60	230	59
1816	2	3	2
1817	4	2	2
1818	10	14	15
1819	9	13	1
1820	1	0	0
1821	12	23	27
1822	4	11	9
1823	504	1544	352
1824	6	15	7
1825	16	42	22
1826	22	47	17
1827	0	0	0
1828	40	123	33
1829	16	20	18
1830	4	5	2
1831	0	0	0
1832	1	0	0
1833	0	1	2
1834	1	0	1
1835	0	0	0
1836	0	0	0
1837	367	436	392
1838	121	156	114
1839	35	43	53
1840	37	49	46
1841	45	65	54
1842	42	56	51
1843	7	5	7
1844	0	0	0
1845	37	38	47
1846	0	0	0
1847	67	46	47
1848	60	41	42
1849	68	55	47
1850	71	59	76
1851	1	0	2
1852	0	0	0
1853	0	0	0
1854	0	0	0
1855	0	0	0
1856	3	2	1
1857	0	0	0
1858	36	45	69
1859	4	5	10
1860	9	9	7
1861	0	0	0
1862	21	43	19
1863	0	0	0
1864	3	2	0
1865	15	6	2
1866	0	0	0
1867	0	0	0
1868	0	0	1
1869	0	0	1
1870	5	10	4
1871	138	314	146
1872	5	9	4
1873	0	1	0
1874	17	18	14
1875	1	7	3
1876	14	26	11
1877	767	1913	448
1878	10	35	9
1879	45	122	28
1880	27	78	23
1881	280	723	221
1882	55	155	30
1883	6	11	2
1884	0	0	0
1885	153	247	87
1886	18	46	5
1887	125	296	78
1888	276	660	234
1889	407	667	450
1890	0	0	0
1891	49	120	30
1892	66	141	66
1893	195	301	176
1894	0	0	0
1895	67	245	71
1896	0	0	0
1897	5	18	6
1898	12	27	8
1899	127	413	70
1900	1	1	1
1901	131	223	88
1902	96	267	57
1903	160	442	131
1904	9	18	4
1905	179	583	203
1906	0	19	0
1907	21	36	21
1908	233	638	166
1909	223	525	136
1910	0	0	0
1911	0	0	1
1912	213	570	129
1913	19	15	16
1914	100	332	105
1915	0	0	0
1916	198	630	194
1917	0	0	0
1918	23	14	19
1919	111	364	95
1920	0	3	2
1921	102	259	136
1922	253	614	269
1923	25	87	35
1924	5	7	2
1925	19	30	12
1926	382	1082	355
1927	0	0	0
1928	0	1	0
1929	55	208	33
1930	10	7	5
1931	41	82	15
1932	0	0	0
1933	119	308	75
1934	10	23	6
1935	36	101	26
1936	108	374	108
1937	645	1723	532
1938	0	0	0
1939	51	68	22
1940	47	160	38
1941	14	31	6
1942	0	0	0
1943	0	2	0
1944	275	486	189
1945	2	1	0
1946	1	1	0
1947	215	630	140
1948	20	67	16
1949	20	68	19
1950	26	109	13
1951	214	447	309
1952	41	127	51
1953	143	330	118
1954	76	237	59
1955	602	1293	442
1956	39	119	60
1957	5	20	9
1958	41	158	32
1959	438	1178	314
1960	0	1	0
1961	32	61	14
1962	79	215	75
1963	422	1111	380
1964	70	239	74
1965	15	15	11
1966	96	277	51
1967	462	1243	341
1968	174	557	105
1969	51	94	33
1970	0	0	0
1971	8	16	17
1972	55	196	48
1973	23	75	22
1974	29	107	24
1975	54	162	42
1976	230	517	147
1977	69	206	39
1978	137	307	126
1979	89	219	89
1980	125	244	159
1981	0	0	0
1982	13	18	21
1983	214	594	137
1984	128	379	89
1985	56	131	37
1986	15	59	12
1987	185	704	130
1988	618	1175	488
1989	107	265	91
1990	190	656	170
1991	21	56	15
1992	26	112	17
1993	96	294	47
1994	302	660	322
1995	1	5	4
1996	12	36	17
1997	5	2	1
1998	1	0	1
1999	0	1	0
2000	59	221	37
2001	67	153	51
2002	28	65	17
2003	434	1065	372
2004	46	146	30
2005	2	1	1
2006	43	156	36
2007	49	152	37
2008	0	0	0
2009	209	709	194
2010	451	1007	297
2011	40	157	30
2012	228	645	231
2013	119	415	74
2014	30	70	19
2015	33	121	17
2016	17	50	8
2017	0	5	0
2018	10	15	7
2019	268	548	216
2020	164	492	122
2021	748	1259	674
2022	98	200	103
2023	30	79	13
2024	161	480	94
2025	16	40	8
2026	32	38	20
2027	18	50	13
2028	6	12	4
2029	86	262	97
2030	201	825	154
2031	7	6	5
2032	9	4	9
2033	0	0	0
2034	100	214	33
2035	0	0	0
2036	211	834	134
2037	0	0	0
2038	82	171	65
2039	132	496	135
2040	24	55	19
2041	284	779	148
2042	200	672	153
2043	559	1064	526
2044	98	276	99
2045	146	473	95
2046	4	10	1
2047	1	1	0
2048	97	288	64
2049	37	81	56
2050	0	0	0
2051	28	110	16
2052	0	0	0
2053	178	372	212
2054	9	10	15
2055	361	1071	256
2056	65	151	52
2057	2	9	4
2058	0	0	0
2059	2	9	5
2060	187	316	170
2061	44	125	25
2062	0	0	1
2063	69	198	92
2064	165	451	101
2065	6	3	8
2066	3	0	0
2067	129	244	73
2068	64	146	64
2069	0	0	0
2070	16	52	14
2071	0	1	0
2072	57	143	73
2073	115	285	107
2074	16	26	15
2075	242	585	157
2076	32	99	19
2077	1	3	3
2078	1	2	5
2079	22	60	22
2080	68	201	59
2081	166	384	94
2082	8	40	22
2083	1070	1899	977
2084	36	76	39
2085	25	101	20
2086	128	345	128
2087	3	2	5
2088	51	126	26
2089	0	0	0
2090	290	548	352
2091	233	602	168
2092	229	724	152
2093	43	159	29
2094	167	513	135
2095	38	52	24
2096	59	183	98
2097	371	819	346
2098	102	275	62
2099	9	28	8
2100	0	0	0
2101	172	368	124
2102	13	23	16
2103	671	1918	501
2104	175	560	119
2105	162	501	84
2106	351	964	315
2107	496	895	296
2108	658	1892	445
2109	29	83	16
2110	145	521	139
2111	42	118	25
2112	862	1286	674
2113	221	666	150
2114	263	683	188
2115	0	1	0
2116	53	141	50
2117	0	0	0
2118	59	169	53
2119	81	189	53
2120	0	0	0
2121	31	6	26
2122	19	49	8
2123	41	128	34
2124	19	66	17
2125	21	73	22
2126	93	244	73
2127	59	163	53
2128	337	1125	324
2129	0	0	2
2130	157	368	76
2131	59	185	46
2132	0	0	0
2133	151	340	63
2134	0	0	1
2135	94	287	47
2136	3	2	3
2137	243	724	250
2138	48	66	21
2139	1	0	0
2140	14	33	9
2141	135	244	84
2142	367	1063	317
2143	99	295	87
2144	135	343	96
2145	27	67	16
2146	1	0	0
2147	398	1026	245
2148	196	593	141
2149	96	304	80
2150	33	86	30
2151	259	673	185
2152	136	273	133
2153	0	0	0
2154	210	542	136
2155	140	445	119
2156	53	151	59
2157	115	343	60
2158	12	27	9
2159	224	641	189
2160	320	771	281
2161	0	0	0
2162	50	190	42
2163	13	44	7
2164	28	57	29
2165	1	0	0
2166	203	491	155
2167	482	1046	392
2168	167	255	199
2169	2	3	1
2170	14	9	23
2171	9	30	5
2172	1	0	0
2173	24	65	13
2174	23	29	24
2175	5	14	8
2176	4	5	3
2177	22	10	13
2178	0	2	0
2179	0	1	2
2180	0	1	1
2181	0	0	0
2182	0	0	0
2183	0	0	0
2184	0	0	0
2185	0	0	0
2186	0	0	0
2187	0	0	2
2188	0	0	0
2189	0	0	0
2190	0	0	0
2191	11	24	21
2192	0	0	0
2193	10	25	10
2194	4	11	1
2195	0	1	2
2196	2	3	7
2197	2	7	2
2198	0	0	0
2199	0	1	0
2200	1	0	0
2201	7	14	11
2202	97	284	87
2203	62	151	65
2204	68	190	60
2205	250	629	190
2206	108	214	121
2207	16	41	6
2208	66	186	33
2209	2	0	3
2210	25	69	16
2211	0	0	0
2212	294	647	345
2213	1673	3073	1228
2214	52	118	73
2215	161	470	123
2216	44	177	27
2217	318	877	263
2218	207	404	115
2219	85	302	72
2220	8	6	5
2221	11	13	9
2222	0	0	0
2223	0	3	1
2224	27	56	6
2225	36	101	45
2226	52	160	65
2227	247	754	191
2228	32	135	21
2229	154	487	150
2230	519	1466	386
2231	133	343	114
2232	0	0	0
2233	65	188	38
2234	0	5	0
2235	0	0	0
2236	117	278	128
2237	27	107	11
2238	52	83	40
2239	492	1279	305
2240	1	0	0
2241	0	0	0
2242	6	20	4
2243	0	0	0
2244	452	1291	279
2245	0	0	1
2246	3	2	1
2247	1	1	2
2248	0	0	1
2249	55	103	64
2250	83	177	58
2251	331	964	243
2252	208	506	208
2253	63	230	73
2254	152	356	105
2255	4	16	9
2256	246	729	220
2257	73	180	49
2258	519	1415	360
2259	138	421	91
2260	85	239	44
2261	220	556	125
2262	28	80	22
2263	52	145	55
2264	24	90	40
2265	43	127	38
2266	158	454	142
2267	6	0	4
2268	180	372	144
2269	0	0	0
2270	59	214	73
2271	0	0	0
2272	1	0	0
2273	137	423	109
2274	24	41	23
2275	10	21	4
2276	448	1041	427
2277	3	9	8
2278	24	33	11
2279	131	354	94
2280	7	13	6
2281	41	128	22
2282	40	76	19
2283	1	1	0
2284	73	144	114
2285	33	58	16
2286	8	12	6
2287	77	215	54
2288	293	845	210
2289	68	219	47
2290	31	90	25
2291	249	618	211
2292	1544	2622	1385
2293	5	5	4
2294	606	875	437
2295	154	147	123
2296	156	307	111
2297	467	1263	209
2298	4	3	9
2299	0	4	0
2300	328	864	142
2301	0	0	0
2302	681	1626	446
2303	181	441	110
2304	138	357	87
2305	296	894	183
2306	23	113	35
2307	30	122	21
2308	32	83	19
2309	60	124	113
2310	11	45	19
2311	52	93	48
2312	29	44	22
2313	99	366	74
2314	16	43	9
2315	127	312	66
2316	98	304	100
2317	113	373	157
2318	0	1	1
2319	6	14	6
2320	0	0	2
2321	0	0	0
2322	41	84	23
2323	0	0	0
2324	2	14	6
2325	0	0	0
2326	2	0	0
2327	0	0	0
2328	0	0	0
2329	0	0	0
2330	0	0	0
2331	77	232	58
2332	11	24	13
2333	27	45	19
2334	24	37	9
2335	261	657	258
2336	163	369	138
2337	23	53	29
2338	7	22	4
2339	1	3	3
2340	51	173	39
2341	39	92	22
2342	121	299	79
2343	272	496	272
2344	504	1385	379
2345	32	107	58
2346	169	404	142
2347	75	178	87
2348	8	15	7
2349	0	0	0
2350	200	523	144
2351	70	153	59
2352	20	54	14
2353	1	6	1
2354	152	285	141
2355	126	313	90
2356	182	336	116
2357	53	187	40
2358	1	2	0
2359	26	61	20
2360	355	1003	295
2361	57	187	48
2362	49	169	32
2363	18	47	18
2364	78	211	49
2365	32	98	50
2366	8	39	15
2367	612	1009	307
2368	77	233	115
2369	75	166	59
2370	167	542	115
2371	0	0	0
2372	0	0	2
2373	119	417	87
2374	246	768	159
2375	0	0	0
2376	89	235	75
2377	52	142	41
2378	70	210	48
2379	66	192	61
2380	89	407	67
2381	18	60	11
2382	274	643	288
2383	208	398	190
2384	1	4	0
2385	1	2	0
2386	280	640	188
2387	173	219	126
2388	123	343	84
2389	236	509	171
2390	0	0	1
2391	23	141	24
2392	214	668	163
2393	29	52	18
2394	351	591	324
2395	27	72	10
2396	44	135	25
2397	9	14	12
2398	0	0	0
2399	48	158	37
2400	182	489	127
2401	777	1266	742
2402	136	256	395
2403	1	0	1
2404	25	72	28
2405	127	328	82
2406	36	109	31
2407	0	2	3
2408	6	4	3
2409	5	20	8
2410	113	355	55
2411	25	61	17
2412	27	76	21
2413	148	508	84
2414	9	15	11
2415	38	84	22
2416	71	215	61
2417	96	274	82
2418	390	850	305
2419	112	340	101
2420	217	507	139
2421	1	1	1
2422	97	248	88
2423	0	0	1
2424	123	341	105
2425	74	227	70
2426	1	0	2
2427	332	991	259
2428	123	322	76
2429	90	219	50
2430	64	196	48
2431	54	140	45
2432	12	41	14
2433	2	10	4
2434	34	68	15
2435	8	14	6
2436	198	604	169
2437	12	10	17
2438	78	268	74
2439	0	1	0
2440	164	473	144
2441	661	1435	531
2442	0	0	0
2443	200	429	140
2444	541	1142	638
2445	10	24	1
2446	140	449	121
2447	29	92	24
2448	54	131	52
2449	39	97	36
2450	71	195	74
2451	119	330	123
2452	54	190	43
2453	0	1	0
2454	277	610	306
2455	35	73	16
2456	69	243	89
2457	41	185	58
2458	279	719	241
2459	0	0	0
2460	49	127	52
2461	126	298	110
2462	36	96	18
2463	14	36	12
2464	210	843	130
2465	4	16	6
2466	10	54	10
2467	17	55	19
2468	503	917	596
2469	1	0	0
2470	459	1316	402
2471	3	3	4
2472	461	1206	383
2473	44	131	41
2474	0	0	0
2475	9	25	4
2476	236	722	183
2477	121	400	115
2478	65	192	53
2479	110	234	77
2480	78	215	56
2481	316	929	260
2482	150	485	146
2483	0	0	1
2484	97	337	82
2485	95	376	67
2486	77	223	60
2487	770	1479	538
2488	8	11	9
2489	1047	1661	964
2490	0	0	0
2491	43	151	30
2492	126	288	116
2493	224	446	182
2494	37	137	20
2495	145	333	79
2496	2	5	12
2497	103	259	94
2498	120	268	81
2499	91	241	58
2500	297	885	258
2501	63	217	44
2502	80	200	61
2503	0	0	0
2504	22	15	23
2505	43	142	16
2506	439	1224	300
2507	51	153	42
2508	68	102	35
2509	70	150	40
2510	19	63	15
2511	12	45	14
2512	37	140	29
2513	37	77	31
2514	256	622	212
2515	30	88	22
2516	314	687	405
2517	59	178	44
2518	1	0	0
2519	136	391	102
2520	4	2	3
2521	476	1601	288
2522	106	367	59
2523	0	2	1
2524	69	164	70
2525	46	149	67
2526	273	821	186
2527	60	175	63
2528	50	119	21
2529	0	5	3
2530	0	0	0
2531	43	65	56
2532	106	345	78
2533	23	83	15
2534	40	105	24
2535	152	425	99
2536	12	38	10
2537	180	685	124
2538	223	667	128
2539	102	333	83
2540	58	214	75
2541	0	3	1
2542	3	6	2
2543	59	190	70
2544	348	889	319
2545	153	393	133
2546	14	47	16
2547	27	96	25
2548	72	246	64
2549	171	432	113
2550	0	0	0
2551	0	0	1
2552	34	135	36
2553	0	0	0
2554	70	142	44
2555	74	208	53
2556	81	282	47
2557	50	69	32
2558	50	148	23
2559	60	174	38
2560	1	1	0
2561	2	3	1
2562	15	59	16
2563	600	1096	522
2564	269	634	305
2565	1073	1689	641
2566	114	461	73
2567	64	179	81
2568	81	144	70
2569	94	263	45
2570	0	0	0
2571	188	460	124
2572	199	465	139
2573	154	522	140
2574	72	201	56
2575	142	413	82
2576	28	59	20
2577	48	112	30
2578	48	94	49
2579	0	1	0
2580	194	589	158
2581	0	0	0
2582	85	234	56
2583	96	194	65
2584	339	742	263
2585	14	84	24
2586	80	223	81
2587	1042	2208	974
2588	0	0	0
2589	0	0	0
2590	1	2	1
2591	35	92	52
2592	147	316	89
2593	45	117	56
2594	94	320	70
2595	54	126	25
2596	67	187	77
2597	43	69	16
2598	59	222	46
2599	58	149	35
2600	62	119	49
2601	215	552	171
2602	29	62	10
2603	89	170	110
2604	64	213	43
2605	294	746	270
2606	18	52	13
2607	28	8	12
2608	71	173	86
2609	138	403	117
2610	165	489	94
2611	10	50	8
2612	6	8	1
2613	531	1223	293
2614	0	0	0
2615	15	23	12
2616	174	471	137
2617	44	135	40
2618	0	0	0
2619	12	37	6
2620	11	31	15
2621	8	20	17
2622	171	422	119
2623	799	1486	581
2624	23	63	25
2625	31	63	43
2626	71	205	69
2627	23	71	23
2628	0	0	0
2629	51	113	53
2630	89	257	58
2631	576	907	412
2632	159	458	117
2633	0	0	0
2634	15	47	14
2635	179	373	128
2636	26	52	12
2637	3	10	2
2638	74	233	62
2639	103	293	78
2640	65	116	56
2641	6	9	8
2642	15	64	17
2643	2	2	0
2644	32	120	20
2645	92	235	63
2646	101	319	69
2647	201	692	113
2648	8	15	23
2649	0	0	0
2650	3	9	3
2651	12	34	10
2652	251	688	179
2653	132	458	121
2654	276	853	188
2655	6	21	9
2656	23	91	18
2657	1	2	1
2658	100	330	109
2659	236	487	275
2660	22	45	20
2661	30	66	11
2662	1	3	3
2663	33	141	26
2664	0	0	1
2665	1	14	3
2666	99	323	62
2667	0	0	0
2668	0	1	1
2669	20	64	35
2670	48	178	61
2671	286	835	221
2672	1	0	1
2673	17	93	17
2674	3	5	4
2675	191	696	113
2676	28	62	18
2677	122	347	106
2678	161	480	86
2679	29	138	27
2680	150	508	99
2681	97	319	60
2682	1073	1665	669
2683	75	271	72
2684	1276	1442	1116
2685	278	650	275
2686	0	0	1
2687	2	8	4
2688	355	1134	288
2689	277	836	185
2690	84	303	87
2691	81	226	61
2692	57	139	36
2693	487	925	394
2694	73	173	46
2695	5	52	12
2696	72	168	57
2697	69	248	40
2698	209	778	154
2699	71	204	72
2700	33	108	21
2701	102	227	96
2702	401	908	437
2703	54	184	55
2704	64	167	48
2705	79	177	59
2706	1	0	0
2707	66	243	94
2708	99	357	45
2709	2	8	1
2710	37	95	52
2711	71	211	39
2712	109	433	86
2713	0	0	0
2714	0	0	0
2715	548	1160	532
2716	39	78	33
2717	1115	2104	949
2718	313	809	236
2719	30	90	25
2720	15	36	11
2721	3	4	5
2722	9	29	7
2723	2	1	2
2724	118	314	97
2725	133	263	142
2726	196	581	120
2727	25	83	14
2728	24	55	15
2729	147	427	128
2730	77	259	81
2731	128	352	109
2732	10	19	9
2733	132	137	46
2734	20	24	13
2735	98	276	55
2736	195	469	184
2737	113	285	60
2738	93	44	69
2739	5	18	2
2740	0	3	0
2741	161	548	100
2742	31	91	18
2743	206	558	150
2744	32	90	23
2745	3	2	2
2746	772	2145	797
2747	39	107	24
2748	0	4	1
2749	157	412	94
2750	601	1237	500
2751	15	59	19
2752	197	417	120
2753	147	49	72
2754	200	419	129
2755	12	38	11
2756	15	11	15
2757	298	789	297
2758	81	258	41
2759	141	394	147
2760	119	319	82
2761	475	1456	388
2762	0	0	0
2763	74	265	43
2764	11	28	10
2765	1302	2610	1092
2766	169	290	71
2767	0	0	0
2768	125	380	101
2769	73	237	45
2770	585	1221	399
2771	17	53	10
2772	33	92	32
2773	650	998	359
2774	91	231	79
2775	26	57	24
2776	26	104	23
2777	147	390	145
2778	23	93	18
2779	0	0	0
2780	190	523	160
2781	0	0	0
2782	13	65	19
2783	180	435	176
2784	149	525	113
2785	220	600	250
2786	48	118	24
2787	9	11	9
2788	23	65	8
2789	224	569	217
2790	340	840	304
2791	340	795	292
2792	282	736	259
2793	168	581	137
2794	130	382	99
2795	0	0	0
2796	139	371	61
2797	704	1204	822
2798	111	276	67
2799	19	55	23
2800	171	449	112
2801	259	678	211
2802	140	504	88
2803	132	340	210
2804	39	105	24
2805	268	628	212
2806	10	9	3
2807	113	343	119
2808	11	46	13
2809	124	321	109
2810	0	0	0
2811	10	26	8
2812	16	45	18
2813	148	346	110
2814	295	827	219
2815	422	1027	270
2816	195	431	137
2817	204	621	119
2818	8	26	6
2819	3	3	0
2820	326	693	465
2821	210	626	170
2822	39	120	30
2823	169	593	138
2824	113	273	93
2825	0	0	0
2826	80	206	76
2827	45	85	23
2828	26	99	26
2829	95	244	67
2830	47	133	33
2831	1	1	0
2832	0	0	0
2833	247	605	132
2834	0	0	0
2835	536	1737	509
2836	15	33	12
2837	100	259	103
2838	59	123	53
2839	80	189	56
2840	581	1176	508
2841	76	234	44
2842	0	1	0
2843	172	442	120
2844	82	216	77
2845	62	177	61
2846	230	444	232
2847	0	0	0
2848	98	336	106
2849	0	0	1
2850	9	21	4
2851	43	84	25
2852	572	1370	466
2853	133	331	95
2854	12	30	8
2855	1	4	1
2856	4	14	4
2857	43	111	23
2858	128	330	77
2859	119	320	112
2860	943	2275	773
2861	125	241	103
2862	113	340	93
2863	4	3	1
2864	119	356	78
2865	92	283	95
2866	0	0	0
2867	58	131	30
2868	151	305	78
2869	88	223	58
2870	3	16	10
2871	174	351	195
2872	0	0	0
2873	58	164	46
2874	140	356	89
2875	10	38	10
2876	2	3	1
2877	482	1112	464
2878	0	0	0
2879	147	390	103
2880	524	1225	362
2881	0	0	1
2882	200	591	172
2883	26	90	30
2884	26	74	18
2885	49	125	51
2886	192	653	156
2887	109	326	52
2888	1944	3741	1242
2889	193	584	210
2890	119	223	95
2891	41	183	53
2892	23	59	20
2893	589	1227	592
2894	16	34	7
2895	6	11	2
2896	13	45	8
2897	1	1	0
2898	0	0	0
2899	0	0	0
2900	1	0	1
2901	0	0	0
2902	0	0	1
2903	36	113	34
2904	1	5	0
2905	0	0	0
2906	0	0	0
2907	2	7	2
2908	0	0	0
2909	1	1	2
2910	0	0	0
2911	22	71	24
2912	272	646	214
2913	0	0	0
2914	0	0	0
2915	0	0	0
2916	4	21	6
2917	0	0	0
2918	0	2	3
2919	0	0	0
2920	88	211	116
2921	53	148	42
2922	87	304	76
2923	0	0	0
2924	10	10	5
2925	150	392	139
2926	0	0	0
2927	769	1324	699
2928	499	1281	392
2929	29	38	18
2930	185	519	101
2931	0	0	0
2932	78	164	99
2933	167	546	104
2934	109	360	62
2935	127	372	91
2936	13	59	18
2937	98	254	63
2938	1	7	6
2939	105	241	65
2940	2	1	3
2941	23	56	16
2942	195	593	112
2943	2	1	2
2944	85	272	73
2945	0	5	1
2946	21	78	48
2947	14	17	9
2948	0	0	0
2949	52	112	41
2950	36	66	21
2951	210	630	144
2952	0	2	3
2953	146	442	144
2954	37	104	49
2955	38	100	28
2956	137	412	114
2957	330	956	280
2958	0	0	1
2959	7	11	2
2960	0	0	0
2961	47	234	43
2962	99	290	93
2963	0	0	0
2964	88	284	83
2965	755	1332	535
2966	67	141	69
2967	27	149	16
2968	20	76	18
2969	132	314	102
2970	45	135	32
2971	197	510	107
2972	194	544	162
2973	88	259	53
2974	320	1039	272
2975	2	1	2
2976	75	206	64
2977	68	108	33
2978	536	1044	535
2979	59	217	44
2980	47	183	28
2981	104	237	85
2982	0	2	1
2983	3	7	3
2984	18	39	17
2985	57	157	44
2986	95	305	107
2987	262	475	236
2988	179	451	240
2989	71	157	47
2990	2	3	5
2991	0	7	0
2992	0	0	0
2993	417	1126	371
2994	80	217	57
2995	88	183	116
2996	21	55	20
2997	263	707	237
2998	70	187	86
2999	0	0	0
3000	5	15	2
3001	71	207	76
3002	45	98	38
3003	27	86	11
3004	3	0	1
3005	0	0	0
3006	6	3	12
3007	70	149	30
3008	13	46	12
3009	192	532	89
3010	40	140	48
3011	36	99	37
3012	52	178	44
3013	165	258	190
3014	294	839	191
3015	5	10	6
3016	272	574	226
3017	26	65	21
3018	3	15	3
3019	62	187	50
3020	53	183	60
3021	171	349	143
3022	6	16	3
3023	47	98	22
3024	0	0	1
3025	63	182	34
3026	11	4	3
3027	15	49	11
3028	157	509	125
3029	5	14	4
3030	141	269	79
3031	1	1	1
3032	0	2	0
3033	1057	1290	1044
3034	141	313	105
3035	1	1	0
3036	53	65	41
3037	25	90	17
3038	89	294	50
3039	180	586	128
3040	21	80	14
3041	68	275	57
3042	48	121	54
3043	0	0	0
3044	403	823	395
3045	205	532	133
3046	675	1903	525
3047	11	28	17
3048	97	210	79
3049	106	256	58
3050	0	2	0
3051	82	272	43
3052	0	0	0
3053	37	53	30
3054	0	0	0
3055	59	200	72
3056	719	1118	444
3057	159	386	136
3058	4	2	4
3059	0	0	0
3060	32	80	42
3061	15	44	7
3062	45	128	35
3063	477	1299	432
3064	56	182	44
3065	71	244	52
3066	0	0	0
3067	71	125	63
3068	432	1181	314
3069	259	740	224
3070	65	132	40
3071	99	272	65
3072	74	228	43
3073	12	47	8
3074	0	0	0
3075	0	9	5
3076	283	864	191
3077	497	1429	414
3078	155	524	137
3079	47	111	33
3080	6	11	8
3081	1	0	0
3082	51	192	44
3083	0	1	0
3084	1	4	0
3085	56	119	36
3086	91	198	77
3087	420	1022	351
3088	7	31	8
3089	31	86	21
3090	131	431	98
3091	105	326	124
3092	88	262	54
3093	8	24	2
3094	7	12	6
3095	157	467	128
3096	89	248	71
3097	29	76	17
3098	48	150	82
3099	39	98	28
3100	26	39	17
3101	15	41	4
3102	52	159	36
3103	41	141	30
3104	11	22	10
3105	173	354	138
3106	105	379	75
3107	406	1268	318
3108	60	157	52
3109	137	318	115
3110	57	161	41
3111	23	70	21
3112	7	6	3
3113	0	0	0
3114	0	0	0
3115	64	161	58
3116	80	256	83
3117	44	147	46
3118	3	3	4
3119	295	883	203
3120	0	0	0
3121	52	136	32
3122	34	129	18
3123	15	42	9
3124	24	69	29
3125	220	626	181
3126	0	2	3
3127	17	57	17
3128	0	0	0
3129	21	78	12
3130	0	3	0
3131	0	0	0
3132	0	9	1
3133	718	1105	506
3134	43	169	30
3135	146	414	77
3136	206	534	97
3137	36	110	32
3138	0	0	0
3139	1240	2541	841
3140	58	213	42
3141	21	67	14
3142	115	366	82
3143	71	289	81
3144	21	55	6
3145	151	516	178
3146	5	10	6
3147	548	1442	423
3148	83	306	73
3149	62	146	43
3150	0	2	1
3151	133	397	130
3152	33	81	17
3153	1	1	2
3154	61	215	59
3155	172	531	115
3156	39	97	44
3157	179	504	174
3158	307	889	255
3159	1	0	0
3160	75	176	57
3161	62	208	27
3162	47	149	45
3163	228	620	124
3164	718	1833	626
3165	21	32	20
3166	54	168	56
3167	0	0	0
3168	1048	1667	1147
3169	40	139	33
3170	0	5	5
3171	10	25	5
3172	9	34	10
3173	20	54	25
3174	281	787	224
3175	0	0	0
3176	0	0	1
3177	0	0	0
3178	62	194	45
3179	48	132	48
3180	0	0	0
3181	95	249	97
3182	6	23	7
3183	0	0	3
3184	61	214	53
3185	56	225	35
3186	106	287	89
3187	17	60	18
3188	306	832	278
3189	65	179	44
3190	92	173	66
3191	249	573	292
3192	0	1	0
3193	25	73	23
3194	108	257	56
3195	867	2516	612
3196	222	635	206
3197	20	63	21
3198	92	206	65
3199	8	13	2
3200	452	1241	275
3201	131	255	93
3202	8	16	9
3203	185	406	241
3204	56	154	67
3205	351	1135	265
3206	84	290	59
3207	55	148	26
3208	140	333	131
3209	5	15	8
3210	1	3	1
3211	8	8	5
3212	0	0	0
3213	0	0	0
3214	0	0	0
3215	0	0	0
3216	0	0	0
3217	0	1	0
3218	0	0	1
3219	0	0	0
3220	0	0	0
3221	4	7	3
3222	47	115	47
3223	0	0	0
3224	2	5	5
3225	0	9	3
3226	10	7	1
3227	0	0	0
3228	5	7	4
3229	0	0	0
3230	0	0	0
3231	0	0	0
3232	0	0	0
3233	55	87	57
3234	1	0	0
3235	0	0	0
3236	2	1	0
3237	13	43	11
3238	50	128	78
3239	1	8	8
3240	1	0	1
3241	2	3	3
3242	8	12	13
3243	109	379	74
3244	0	0	0
3245	36	81	15
3246	168	470	121
3247	125	389	92
3248	121	324	79
3249	32	82	31
3250	13	26	9
3251	46	162	52
3252	99	257	59
3253	0	0	0
3254	104	341	62
3255	79	184	104
3256	1	7	3
3257	184	522	115
3258	257	709	194
3259	0	0	0
3260	57	147	46
3261	1	0	0
3262	34	145	34
3263	44	133	26
3264	157	430	94
3265	262	688	172
3266	888	1314	707
3267	131	283	56
3268	0	0	0
3269	81	244	72
3270	145	394	102
3271	3	5	0
3272	276	709	132
3273	74	160	73
3274	0	0	0
3275	49	190	43
3276	33	55	20
3277	70	214	49
3278	85	287	84
3279	652	1259	540
3280	238	681	171
3281	0	0	0
3282	298	760	214
3283	73	205	87
3284	40	108	25
3285	2	14	6
3286	3	13	4
3287	0	0	0
3288	371	1131	283
3289	206	388	205
3290	181	585	101
3291	133	374	81
3292	30	111	35
3293	7	11	4
3294	67	200	55
3295	1	3	2
3296	1	5	1
3297	2108	3038	1607
3298	353	852	234
3299	109	304	68
3300	1	0	0
3301	76	223	40
3302	89	221	56
3303	172	443	180
3304	1	5	2
3305	0	0	0
3306	98	275	80
3307	3	6	14
3308	55	210	31
3309	285	748	205
3310	64	188	43
3311	21	53	18
3312	93	249	96
3313	6	15	4
3314	51	146	30
3315	33	30	16
3316	67	202	54
3317	378	738	197
3318	42	127	23
3319	55	158	52
3320	20	32	9
3321	2	0	0
3322	338	676	364
3323	5	5	4
3324	46	78	27
3325	85	253	47
3326	108	336	73
3327	10	19	11
3328	82	249	50
3329	558	959	587
3330	317	1045	232
3331	175	465	107
3332	0	0	0
3333	20	60	13
3334	78	271	57
3335	13	35	11
3336	184	518	135
3337	149	414	97
3338	534	1442	415
3339	329	881	187
3340	30	51	31
3341	0	0	0
3342	3	2	1
3343	52	137	23
3344	42	104	28
3345	3	2	1
3346	555	1410	425
3347	144	363	102
3348	228	621	196
3349	195	583	122
3350	222	599	196
3351	0	6	0
3352	15	37	8
3353	6	5	15
3354	18	56	21
3355	242	572	144
3356	16	33	9
3357	16	46	16
3358	101	305	83
3359	25	70	14
3360	39	131	25
3361	357	1176	285
3362	29	96	21
3363	121	322	122
3364	110	368	83
3365	71	239	47
3366	67	158	72
3367	142	431	129
3368	13	49	11
3369	59	176	49
3370	3	5	0
3371	4	9	4
3372	68	222	49
3373	2	5	28
3374	116	358	113
3375	122	289	76
3376	40	121	30
3377	65	198	47
3378	87	195	64
3379	220	450	261
3380	17	46	20
3381	218	583	134
3382	4	4	1
3383	0	0	1
3384	11	20	3
3385	459	978	306
3386	0	0	0
3387	170	467	182
3388	165	468	74
3389	25	59	18
3390	22	57	23
3391	29	76	48
3392	150	510	130
3393	12	31	6
3394	1	0	0
3395	71	204	66
3396	69	200	43
3397	0	0	0
3398	61	169	40
3399	22	41	12
3400	33	80	34
3401	109	386	85
3402	25	29	7
3403	15	59	14
3404	49	158	38
3405	115	240	169
3406	21	73	23
3407	144	335	77
3408	228	564	174
3409	47	136	52
3410	0	0	0
3411	5	13	5
3412	45	176	33
3413	646	1468	575
3414	389	870	248
3415	7	29	7
3416	5	6	8
3417	61	163	44
3418	61	154	48
3419	0	1	0
3420	141	314	103
3421	0	0	2
3422	116	288	103
3423	116	335	88
3424	144	437	103
3425	1	2	0
3426	6	2	3
3427	51	175	73
3428	40	112	28
3429	524	1017	390
3430	600	1505	413
3431	0	0	0
3432	73	134	35
3433	175	410	126
3434	91	292	91
3435	0	0	0
3436	1	2	0
3437	16	52	27
3438	0	0	0
3439	47	165	35
3440	55	118	33
3441	41	97	39
3442	0	0	3
3443	506	986	483
3444	0	0	0
3445	44	171	31
3446	17	36	24
3447	1	0	0
3448	428	1024	350
3449	117	351	108
3450	67	183	74
3451	93	280	41
3452	169	451	120
3453	0	0	0
3454	193	491	129
3455	0	0	0
3456	35	133	27
3457	94	213	68
3458	42	101	59
3459	23	88	26
3460	76	203	80
3461	94	168	75
3462	121	221	78
3463	809	2143	638
3464	104	320	101
3465	16	27	17
3466	69	225	66
3467	25	79	19
3468	146	312	98
3469	227	632	225
3470	3	5	4
3471	455	862	390
3472	7	6	4
3473	3	6	3
3474	51	144	31
3475	13	35	23
3476	55	158	37
3477	224	516	204
3478	25	56	12
3479	51	162	112
3480	26	67	24
3481	1	2	0
3482	15	46	10
3483	0	0	0
3484	52	122	35
3485	11	79	10
3486	0	0	0
3487	14	49	16
3488	22	92	20
3489	53	158	43
3490	111	280	86
3491	70	207	92
3492	23	52	20
3493	219	581	93
3494	97	183	44
3495	9	28	14
3496	0	0	0
3497	0	0	0
3498	15	37	21
3499	53	103	30
3500	76	169	37
3501	98	241	69
3502	100	227	67
3503	39	161	40
3504	553	1264	440
3505	182	460	122
3506	16	19	9
3507	29	96	9
3508	63	168	59
3509	136	354	128
3510	76	157	82
3511	55	124	40
3512	65	218	47
3513	27	81	28
3514	13	59	13
3515	127	445	89
3516	63	139	47
3517	80	185	78
3518	280	927	166
3519	195	523	94
3520	12	31	8
3521	71	198	58
3522	246	630	153
3523	168	406	152
3524	141	347	117
3525	112	254	107
3526	17	62	20
3527	108	282	79
3528	89	268	71
3529	212	471	201
3530	0	0	0
3531	473	1367	368
3532	21	51	26
3533	50	96	59
3534	62	159	43
3535	163	423	146
3536	13	35	7
3537	2	5	0
3538	0	0	0
3539	96	251	76
3540	82	213	52
3541	96	266	48
3542	24	83	21
3543	442	948	271
3544	75	328	46
3545	3	2	1
3546	65	208	55
3547	238	666	145
3548	167	431	116
3549	57	156	36
3550	952	3012	744
3551	96	331	89
3552	27	73	17
3553	527	1043	432
3554	1	2	1
3555	28	47	31
3556	48	181	40
3557	11	36	17
3558	71	149	55
3559	35	79	26
3560	80	233	63
3561	33	114	24
3562	37	95	38
3563	1492	2480	1118
3564	135	290	197
3565	23	46	16
3566	9	4	12
3567	2	3	12
3568	53	109	51
3569	97	312	74
3570	41	162	29
3571	297	969	165
3572	23	60	21
3573	93	202	37
3574	0	0	0
3575	21	17	5
3576	40	102	22
3577	50	150	47
3578	85	297	66
3579	17	69	11
3580	8	1	6
3581	112	191	98
3582	56	211	60
3583	943	1458	843
3584	48	104	39
3585	86	255	63
3586	72	195	56
3587	115	297	69
3588	1	0	0
3589	86	215	79
3590	62	133	49
3591	30	66	28
3592	69	194	58
3593	54	130	36
3594	373	818	291
3595	22	57	13
3596	64	144	55
3597	88	290	59
3598	12	29	5
3599	115	399	106
3600	68	152	87
3601	145	442	153
3602	0	0	0
3603	17	55	20
3604	61	85	60
3605	58	113	31
3606	247	715	198
3607	481	958	638
3608	4	6	7
3609	35	103	38
3610	202	480	168
3611	11	10	16
3612	5	18	5
3613	26	54	33
3614	0	0	0
3615	3	6	9
3616	0	4	0
3617	7	22	16
3618	9	13	4
3619	1	0	0
3620	0	0	0
3621	0	0	0
3622	6	9	6
3623	1	2	0
3624	6	23	2
3625	0	0	0
3626	0	0	0
3627	0	1	0
3628	0	0	0
3629	11	28	13
3630	0	1	0
3631	5	18	9
3632	17	41	13
3633	8	22	8
3634	5	1	6
3635	229	591	241
3636	35	114	51
3637	64	159	50
3638	65	149	33
3639	254	642	211
3640	18	50	10
3641	202	385	247
3642	288	780	202
3643	49	141	38
3644	98	215	63
3645	59	101	38
3646	78	267	64
3647	231	744	138
3648	134	359	92
3649	0	0	0
3650	255	623	336
3651	98	287	45
3652	66	114	51
3653	154	388	133
3654	290	786	193
3655	21	90	40
3656	28	97	21
3657	181	411	167
3658	55	148	45
3659	110	267	105
3660	26	116	22
3661	13	25	13
3662	1	4	1
3663	114	226	81
3664	373	1103	253
3665	62	132	31
3666	0	0	0
3667	26	89	17
3668	477	1048	454
3669	309	650	228
3670	505	932	521
3671	286	638	165
3672	0	6	2
3673	0	1	0
3674	162	436	165
3675	73	283	71
3676	92	250	78
3677	177	483	157
3678	2043	3523	1372
3679	97	301	98
3680	117	230	58
3681	0	1	0
3682	36	110	31
3683	63	154	57
3684	408	1325	328
3685	10	11	33
3686	46	132	33
3687	111	356	43
3688	34	106	15
3689	0	0	0
3690	22	85	19
3691	12	16	11
3692	162	349	188
3693	17	55	10
3694	62	138	59
3695	187	563	132
3696	0	0	0
3697	127	399	94
3698	283	740	197
3699	0	0	0
3700	1105	2183	995
3701	9	9	2
3702	28	84	34
3703	40	112	40
3704	11	31	7
3705	0	0	0
3706	41	135	23
3707	246	645	170
3708	9	1	2
3709	74	251	85
3710	528	1423	407
3711	32	73	22
3712	20	54	8
3713	50	159	36
3714	164	495	83
3715	41	129	19
3716	202	555	119
3717	79	185	48
3718	0	0	0
3719	47	114	41
3720	46	128	41
3721	5	13	5
3722	4	7	3
3723	0	0	0
3724	80	210	73
3725	85	159	89
3726	76	178	58
3727	46	100	42
3728	102	233	76
3729	152	474	105
3730	54	157	44
3731	48	15	21
3732	525	1342	298
3733	23	55	11
3734	506	1049	246
3735	75	229	67
3736	0	0	0
3737	252	556	264
3738	45	186	41
3739	4	6	24
3740	253	538	248
3741	288	808	219
3742	157	381	158
3743	0	0	0
3744	59	150	62
3745	40	107	20
3746	77	273	85
3747	0	2	0
3748	0	0	0
3749	27	78	20
3750	173	412	119
3751	75	194	52
3752	23	39	10
3753	3	6	0
3754	309	866	247
3755	44	125	40
3756	0	0	0
3757	520	1701	422
3758	65	169	35
3759	0	0	0
3760	0	0	0
3761	242	505	140
3762	83	222	69
3763	53	138	32
3764	78	168	78
3765	1	3	3
3766	123	428	95
3767	18	64	19
3768	38	126	32
3769	213	654	161
3770	222	615	140
3771	45	159	23
3772	17	47	8
3773	215	520	195
3774	6	23	4
3775	0	0	0
3776	2228	5069	1518
3777	444	999	480
3778	63	149	60
3779	119	307	84
3780	93	300	74
3781	165	387	126
3782	95	39	37
3783	137	425	99
3784	116	326	72
3785	94	313	100
3786	160	429	145
3787	2	9	6
3788	0	0	1
3789	31	51	25
3790	92	334	60
3791	182	610	159
3792	219	505	141
3793	11	6	12
3794	1	4	4
3795	92	261	72
3796	230	504	163
3797	502	1301	325
3798	10	26	3
3799	62	131	50
3800	743	1587	821
3801	99	336	76
3802	68	174	34
3803	115	349	122
3804	293	652	354
3805	4	15	2
3806	1689	3805	1233
3807	146	381	114
3808	1	3	2
3809	161	391	148
3810	49	224	41
3811	11	15	21
3812	154	512	91
3813	94	252	62
3814	43	158	45
3815	45	138	38
3816	117	380	88
3817	33	59	26
3818	56	147	41
3819	76	252	61
3820	186	399	88
3821	101	322	97
3822	106	304	76
3823	89	182	45
3824	0	0	0
3825	3	5	6
3826	111	311	76
3827	44	122	21
3828	161	382	111
3829	70	177	61
3830	195	651	139
3831	0	1	0
3832	0	1	0
3833	93	217	49
3834	327	823	258
3835	119	246	83
3836	3	6	1
3837	100	240	64
3838	44	92	40
3839	6	11	3
3840	88	223	71
3841	94	280	70
3842	270	717	237
3843	119	333	59
3844	23	43	12
3845	117	327	82
3846	36	92	20
3847	53	143	43
3848	68	252	63
3849	91	256	85
3850	296	739	254
3851	227	612	174
3852	166	334	96
3853	52	126	30
3854	187	492	168
3855	140	418	120
3856	65	214	57
3857	81	241	66
3858	62	161	43
3859	258	531	205
3860	133	347	125
3861	42	136	55
3862	228	629	118
3863	105	212	75
3864	23	32	26
3865	352	862	304
3866	109	286	84
3867	40	101	26
3868	15	39	8
3869	2	2	2
3870	90	239	58
3871	106	339	97
3872	119	316	73
3873	19	33	14
3874	100	297	55
3875	49	157	22
3876	0	2	1
3877	183	566	98
3878	239	706	190
3879	2	3	1
3880	83	277	79
3881	21	69	14
3882	55	145	49
3883	86	314	53
3884	79	253	48
3885	56	178	51
3886	97	218	67
3887	110	272	90
3888	181	474	109
3889	237	607	195
3890	86	238	54
3891	34	92	19
3892	396	1118	345
3893	202	593	159
3894	17	75	12
3895	232	678	201
3896	0	0	0
3897	0	0	0
3898	0	1	0
3899	1	1	2
3900	206	404	119
3901	122	302	75
3902	29	77	17
3903	96	271	82
3904	7	23	6
3905	5	3	6
3906	21	51	26
3907	215	599	186
3908	83	208	62
3909	58	195	42
3910	45	104	16
3911	3	3	3
3912	0	0	0
3913	234	566	233
3914	12	18	6
3915	42	28	29
3916	48	159	31
3917	27	72	16
3918	10	31	13
3919	167	407	136
3920	13	33	10
3921	191	602	173
3922	253	491	212
3923	18	25	12
3924	374	735	404
3925	199	516	122
3926	23	47	35
3927	71	187	39
3928	118	262	70
3929	212	524	154
3930	43	131	35
3931	38	55	37
3932	165	450	106
3933	89	194	48
3934	35	79	28
3935	12	34	22
3936	76	285	58
3937	522	1464	384
3938	3	5	0
3939	25	86	27
3940	14	42	13
3941	0	0	0
3942	18	30	10
3943	101	415	70
3944	124	369	136
3945	166	418	81
3946	173	327	142
3947	464	1295	371
3948	177	568	131
3949	275	687	134
3950	102	209	89
3951	139	434	127
3952	130	383	100
3953	42	98	29
3954	39	155	39
3955	98	335	88
3956	79	224	54
3957	28	83	23
3958	184	558	163
3959	58	244	55
3960	457	860	301
3961	1006	2225	962
3962	42	145	59
3963	184	470	149
3964	0	2	1
3965	18	59	14
3966	392	1266	231
3967	358	832	154
3968	52	132	36
3969	3	3	3
3970	9	10	11
3971	3	4	1
3972	0	1	0
3973	2	3	4
3974	0	0	0
3975	0	0	0
3976	0	0	0
3977	0	1	2
3978	0	0	0
3979	0	0	0
3980	0	0	0
3981	49	271	31
3982	4	12	3
3983	4	28	5
3984	5	3	2
3985	14	9	14
3986	20	48	11
3987	2	3	12
3988	49	85	41
3989	1	2	0
3990	10	21	2
3991	4	6	0
3992	2	1	5
3993	74	281	57
3994	104	274	97
3995	1	3	5
3996	227	501	143
3997	0	0	0
3998	1	2	1
3999	409	777	457
4000	0	0	0
4001	115	377	87
4002	1	4	1
4003	48	106	20
4004	169	341	152
4005	35	72	29
4006	54	149	22
4007	1	0	0
4008	84	193	67
4009	59	176	39
4010	451	1281	318
4011	10	29	9
4012	70	258	50
4013	53	160	41
4014	0	0	0
4015	209	723	158
4016	144	374	76
4017	82	215	68
4018	96	259	87
4019	0	3	1
4020	822	1787	575
4021	18	36	7
4022	47	111	41
4023	500	1159	385
4024	1	1	0
4025	24	70	21
4026	0	0	0
4027	12	86	10
4028	414	895	418
4029	91	208	85
4030	43	106	22
4031	288	844	203
4032	43	164	51
4033	427	1246	336
4034	799	2121	523
4035	176	486	83
4036	992	2598	715
4037	108	265	59
4038	0	0	0
4039	31	60	21
4040	0	0	0
4041	52	172	40
4042	148	433	142
4043	48	145	35
4044	51	172	55
4045	46	144	31
4046	303	1007	226
4047	213	531	175
4048	1	10	1
4049	29	83	37
4050	123	412	82
4051	58	144	42
4052	56	196	23
4053	632	1499	413
4054	10	22	9
4055	8	32	10
4056	0	0	0
4057	0	0	0
4058	23	89	20
4059	72	126	39
4060	38	127	39
4061	68	171	62
4062	170	570	82
4063	249	753	163
4064	55	181	35
4065	45	99	35
4066	117	296	87
4067	20	72	4
4068	147	448	138
4069	229	551	126
4070	114	372	81
4071	71	145	41
4072	132	402	123
4073	769	1345	645
4074	4	0	4
4075	5	5	2
4076	169	476	139
4077	221	676	167
4078	139	332	96
4079	28	81	19
4080	14	53	16
4081	2	7	3
4082	64	142	28
4083	101	329	88
4084	4	14	1
4085	1	2	1
4086	25	109	10
4087	76	281	95
4088	1626	3001	1725
4089	189	499	132
4090	40	58	50
4091	17	66	13
4092	437	863	532
4093	40	125	38
4094	10	44	13
4095	720	1697	393
4096	133	458	93
4097	0	1	0
4098	2	5	0
4099	132	285	82
4100	348	1079	257
4101	211	589	138
4102	152	249	122
4103	60	153	45
4104	280	644	233
4105	870	1532	832
4106	0	0	0
4107	22	94	27
4108	65	199	63
4109	119	357	96
4110	59	170	43
4111	61	251	69
4112	771	1276	499
4113	82	169	57
4114	1	3	1
4115	131	423	87
4116	124	352	89
4117	68	208	39
4118	795	1811	449
4119	283	578	260
4120	0	0	1
4121	142	295	98
4122	49	168	63
4123	470	1530	309
4124	6	19	9
4125	1	2	2
4126	48	158	39
4127	70	220	48
4128	99	293	57
4129	68	175	38
4130	356	1025	276
4131	121	401	119
4132	74	202	54
4133	50	108	34
4134	28	51	23
4135	15	18	9
4136	11	18	2
4137	117	385	85
4138	100	463	81
4139	313	954	229
4140	110	423	75
4141	27	83	25
4142	45	122	28
4143	34	89	17
4144	51	97	34
4145	124	272	69
4146	1	1	1
4147	57	133	68
4148	161	473	109
4149	52	178	65
4150	88	223	84
4151	1850	3808	2014
4152	56	131	29
4153	110	297	84
4154	1027	2185	936
4155	924	1270	717
4156	0	0	0
4157	19	58	33
4158	112	289	104
4159	99	227	134
4160	222	707	160
4161	89	237	63
4162	186	596	183
4163	20	43	30
4164	50	185	69
4165	23	40	8
4166	0	1	1
4167	18	35	10
4168	1	0	2
4169	2	1	2
4170	4	2	1
4171	0	10	1
4172	42	132	38
4173	46	119	42
4174	9	36	8
4175	399	1053	305
4176	61	109	51
4177	165	571	104
4178	16	39	5
4179	37	98	21
4180	5	7	13
4181	110	325	95
4182	142	525	87
4183	12	52	15
4184	605	1572	556
4185	88	321	56
4186	7	1	1
4187	18	34	21
4188	34	92	23
4189	49	192	55
4190	19	63	11
4191	163	510	157
4192	25	58	12
4193	24	34	22
4194	66	159	31
4195	89	267	75
4196	4	9	7
4197	0	0	0
4198	377	891	389
4199	24	60	15
4200	21	49	11
4201	102	213	92
4202	46	105	47
4203	0	0	0
4204	0	0	0
4205	0	0	1
4206	4	5	2
4207	0	0	0
4208	0	0	0
4209	0	0	0
4210	0	0	0
4211	0	0	0
4212	0	0	0
4213	0	0	0
4214	0	0	0
4215	0	0	0
4216	0	0	0
4217	0	0	0
4218	0	0	0
4219	0	0	0
4220	0	0	0
4221	0	1	0
4222	0	0	0
4223	9	15	9
4224	75	186	78
4225	0	0	0
4226	9	10	7
4227	26	50	27
4228	126	326	93
4229	1468	2333	1259
4230	16	28	15
4231	0	0	0
4232	92	265	55
4233	0	0	0
4234	216	522	204
4235	13	48	11
4236	1	6	3
4237	1756	3689	1424
4238	83	317	53
4239	6	11	4
4240	1	6	3
4241	186	479	139
4242	173	554	113
4243	345	784	205
4244	250	804	190
4245	82	246	74
4246	0	1	0
4247	748	1138	487
4248	120	381	137
4249	63	224	66
4250	89	193	58
4251	96	226	59
4252	82	242	61
4253	247	779	193
4254	271	765	203
4255	24	88	18
4256	63	202	39
4257	105	318	106
4258	530	1294	347
4259	446	1025	390
4260	0	0	0
4261	23	73	8
4262	853	1438	604
4263	13	55	17
4264	5	0	6
4265	60	193	47
4266	296	603	125
4267	64	137	28
4268	222	590	183
4269	110	233	71
4270	79	200	65
4271	18	46	16
4272	111	362	76
4273	12	37	17
4274	30	98	27
4275	37	81	47
4276	785	2182	613
4277	35	123	43
4278	131	300	144
4279	0	0	1
4280	81	282	62
4281	156	412	91
4282	60	157	39
4283	315	782	189
4284	374	1039	254
4285	1	2	0
4286	1082	3078	866
4287	85	191	56
4288	65	202	50
4289	29	69	24
4290	21	24	18
4291	70	172	53
4292	157	414	131
4293	0	0	0
4294	23	48	12
4295	0	0	0
4296	18	38	10
4297	25	40	9
4298	0	0	0
4299	0	0	0
4300	4	23	11
4301	205	557	111
4302	43	129	34
4303	35	94	15
4304	68	200	56
4305	26	80	11
4306	94	212	49
4307	166	411	157
4308	25	67	15
4309	44	119	35
4310	138	428	128
4311	94	178	60
4312	1139	1994	1209
4313	118	341	122
4314	3	2	4
4315	6	6	4
4316	97	249	83
4317	101	298	69
4318	7	5	2
4319	177	586	106
4320	602	1591	479
4321	18	40	9
4322	126	351	98
4323	61	248	41
4324	85	44	33
4325	120	369	114
4326	138	431	104
4327	76	101	90
4328	59	130	35
4329	0	0	0
4330	31	86	21
4331	39	99	34
4332	1	4	3
4333	80	222	53
4334	0	0	2
4335	15	28	11
4336	29	77	33
4337	109	258	119
4338	23	37	13
4339	46	140	35
4340	81	221	34
4341	451	1463	395
4342	111	380	102
4343	163	469	88
4344	0	0	0
4345	1	1	1
4346	0	5	1
4347	0	0	0
4348	33	75	35
4349	20	30	16
4350	121	295	92
4351	0	2	0
4352	351	965	268
4353	0	0	0
4354	82	284	71
4355	561	940	487
4356	83	160	57
4357	31	89	22
4358	8	43	14
4359	492	975	287
4360	234	466	113
4361	550	1324	533
4362	22	25	43
4363	126	432	86
4364	0	0	1
4365	39	106	10
4366	153	570	114
4367	43	102	22
4368	0	0	0
4369	131	332	84
4370	89	121	99
4371	0	0	0
4372	0	0	0
4373	58	172	49
4374	98	238	77
4375	13	31	11
4376	2	0	0
4377	0	0	0
4378	0	0	0
4379	567	1206	468
4380	216	691	191
4381	0	1	0
4382	0	1	1
4383	38	142	42
4384	4	32	7
4385	304	850	251
4386	5	18	5
4387	58	141	47
4388	5	4	2
4389	21	53	17
4390	85	221	60
4391	120	282	84
4392	81	273	82
4393	0	0	0
4394	118	324	98
4395	64	134	35
4396	354	498	262
4397	11	40	8
4398	16	46	5
4399	44	158	40
4400	0	0	1
4401	277	690	262
4402	0	0	1
4403	124	365	71
4404	548	1068	349
4405	0	1	0
4406	218	522	155
4407	244	774	196
4408	166	453	112
4409	1	3	1
4410	1	0	0
4411	354	495	489
4412	0	0	0
4413	400	916	406
4414	1	10	1
4415	4	5	6
4416	445	1025	390
4417	22	82	45
4418	132	468	81
4419	151	390	101
4420	0	0	0
4421	72	169	59
4422	0	0	1
4423	45	134	18
4424	44	72	53
4425	23	74	27
4426	85	288	50
4427	77	233	105
4428	563	1659	509
4429	12	41	13
4430	200	642	149
4431	0	0	0
4432	221	389	175
4433	65	191	55
4434	5	23	12
4435	45	81	31
4436	30	101	40
4437	5	31	5
4438	117	321	50
4439	6	32	5
4440	0	0	0
4441	1	0	1
4442	3	5	3
4443	643	1191	447
4444	96	316	75
4445	113	288	75
4446	123	337	89
4447	151	512	123
4448	109	326	85
4449	87	244	56
4450	0	3	2
4451	155	430	97
4452	38	77	26
4453	0	1	0
4454	140	418	155
4455	0	0	1
4456	97	383	84
4457	16	36	14
4458	23	99	29
4459	207	507	176
4460	254	478	249
4461	22	64	7
4462	60	132	43
4463	153	362	92
4464	307	498	203
4465	58	169	95
4466	56	167	25
4467	129	400	83
4468	65	159	28
4469	13	24	8
4470	16	34	20
4471	52	183	24
4472	80	246	40
4473	490	1464	312
4474	240	611	192
4475	496	1629	396
4476	0	0	0
4477	0	0	0
4478	374	1042	241
4479	4	3	1
4480	50	194	33
4481	19	40	16
4482	80	207	57
4483	919	1457	655
4484	0	0	0
4485	74	213	37
4486	16	49	15
4487	672	1961	533
4488	119	296	102
4489	11	26	12
4490	91	217	65
4491	0	1	0
4492	483	1422	300
4493	52	170	36
4494	0	0	0
4495	0	0	0
4496	21	115	27
4497	62	141	43
4498	263	737	183
4499	86	262	111
4500	140	340	130
4501	118	264	85
4502	24	51	24
4503	28	72	22
4504	109	314	76
4505	22	96	23
4506	112	396	86
4507	0	0	0
4508	475	1250	402
4509	219	604	154
4510	23	101	24
4511	157	357	174
4512	150	353	107
4513	0	0	1
4514	526	1296	348
4515	186	506	112
4516	33	124	23
4517	0	2	0
4518	7	27	13
4519	918	1403	629
4520	43	172	20
4521	122	317	85
4522	333	562	346
4523	208	555	171
4524	17	59	19
4525	0	1	0
4526	0	0	0
4527	7	20	3
4528	188	377	200
4529	134	206	109
4530	1062	2318	950
4531	81	271	104
4532	172	451	128
4533	100	262	70
4534	6	10	4
4535	249	644	259
4536	486	1176	488
4537	15	73	15
4538	104	305	90
4539	0	0	0
4540	18	85	13
4541	4	17	7
4542	0	1	0
4543	0	0	0
4544	0	1	0
4545	0	0	0
4546	0	0	0
4547	0	1	0
4548	0	0	0
4549	0	3	4
4550	0	0	0
4551	0	0	0
4552	1	2	3
4553	0	0	0
4554	0	0	0
4555	30	89	35
4556	28	34	13
4557	108	364	99
4558	66	277	30
4559	9	21	7
4560	48	160	27
4561	48	106	46
4562	142	374	131
4563	50	96	37
4564	2	6	1
4565	0	1	1
4566	109	263	96
4567	30	112	22
4568	63	219	52
4569	4	14	9
4570	234	705	164
4571	80	25	34
4572	42	109	25
4573	66	265	45
4574	348	980	298
4575	184	668	108
4576	67	197	46
4577	119	411	124
4578	49	111	62
4579	178	516	124
4580	94	197	65
4581	39	117	51
4582	569	1274	473
4583	89	192	51
4584	61	199	64
4585	256	563	195
4586	71	169	43
4587	0	0	0
4588	47	114	37
4589	5	3	4
4590	25	74	45
4591	0	0	0
4592	84	227	62
4593	113	259	72
4594	355	1163	281
4595	52	133	32
4596	18	53	9
4597	1	3	0
4598	42	118	39
4599	695	1794	597
4600	68	202	60
4601	52	218	40
4602	0	0	0
4603	1	1	0
4604	90	247	61
4605	4	13	2
4606	43	92	50
4607	97	147	96
4608	1	2	0
4609	3	11	2
4610	143	469	98
4611	152	430	70
4612	361	1093	225
4613	108	244	87
4614	26	64	27
4615	28	60	31
4616	64	162	39
4617	127	302	80
4618	101	232	65
4619	1360	2857	1347
4620	595	1360	534
4621	401	718	392
4622	642	1718	522
4623	50	54	32
4624	383	953	357
4625	18	60	31
4626	53	148	64
4627	0	0	3
4628	225	641	189
4629	117	436	75
4630	507	881	495
4631	245	686	169
4632	130	393	94
4633	78	259	49
4634	75	171	56
4635	4	18	4
4636	66	195	23
4637	0	0	0
4638	98	329	70
4639	220	455	232
4640	83	236	63
4641	5	4	4
4642	0	0	0
4643	250	841	256
4644	72	277	39
4645	32	69	52
4646	8	21	9
4647	218	577	159
4648	54	99	25
4649	0	0	0
4650	0	0	0
4651	23	43	19
4652	197	565	203
4653	7	8	4
4654	105	291	68
4655	234	557	164
4656	40	88	18
4657	55	108	28
4658	63	127	68
4659	0	0	1
4660	154	421	105
4661	131	374	84
4662	0	0	0
4663	129	314	69
4664	64	198	39
4665	45	129	23
4666	1387	2794	1289
4667	150	502	81
4668	477	969	466
4669	123	268	84
4670	138	203	122
4671	94	243	65
4672	33	100	27
4673	72	204	76
4674	113	312	54
4675	13	39	7
4676	37	132	20
4677	115	261	90
4678	119	486	105
4679	187	681	112
4680	105	273	101
4681	49	114	34
4682	0	0	0
4683	339	774	245
4684	18	47	25
4685	858	2001	675
4686	174	69	130
4687	0	0	0
4688	110	349	82
4689	772	1886	626
4690	0	3	0
4691	138	359	108
4692	44	170	47
4693	34	122	30
4694	36	127	39
4695	8	26	5
4696	12	14	12
4697	22	77	42
4698	470	1294	334
4699	11	2	8
4700	52	171	45
4701	22	72	17
4702	109	261	92
4703	183	585	134
4704	46	140	38
4705	1	2	5
4706	60	215	50
4707	23	68	18
4708	62	263	52
4709	95	332	87
4710	303	601	319
4711	30	99	15
4712	1	0	1
4713	3	2	5
4714	438	1114	339
4715	60	152	46
4716	195	626	108
4717	3	9	3
4718	2	3	4
4719	50	125	47
4720	23	61	26
4721	50	189	26
4722	88	226	57
4723	24	46	20
4724	86	245	52
4725	10	22	6
4726	25	100	24
4727	115	287	123
4728	102	363	94
4729	64	177	30
4730	12	57	10
4731	216	613	218
4732	0	0	0
4733	106	354	73
4734	6	2	2
4735	126	409	87
4736	35	37	29
4737	5	22	6
4738	106	388	95
4739	101	251	60
4740	361	890	221
4741	406	1181	311
4742	14	46	14
4743	11	25	9
4744	10	23	6
4745	589	1608	407
4746	238	749	151
4747	0	0	0
4748	111	434	107
4749	57	145	53
4750	278	687	200
4751	30	85	27
4752	0	1	0
4753	28	42	14
4754	165	285	78
4755	16	86	8
4756	3	9	4
4757	1	0	0
4758	776	2066	688
4759	27	74	18
4760	51	153	36
4761	173	457	125
4762	59	126	72
4763	4	13	2
4764	147	392	119
4765	10	11	9
4766	106	265	74
4767	148	408	144
4768	21	90	29
4769	3	11	3
4770	228	727	175
4771	95	283	69
4772	56	230	55
4773	56	139	30
4774	61	133	68
4775	94	319	76
4776	0	0	0
4777	294	919	280
4778	57	180	48
4779	120	300	101
4780	125	484	98
4781	96	216	57
4782	1	11	6
4783	0	0	0
4784	261	565	213
4785	0	1	3
4786	7	2	2
4787	150	434	73
4788	1	0	1
4789	17	23	16
4790	44	81	22
4791	511	1006	346
4792	10	22	20
4793	223	593	149
4794	54	145	49
4795	169	507	123
4796	41	88	29
4797	0	0	0
4798	9	8	5
4799	47	119	41
4800	83	232	67
4801	39	66	33
4802	217	654	133
4803	0	9	5
4804	180	592	122
4805	0	3	3
4806	6	29	8
4807	6	12	13
4808	0	0	0
4809	37	98	53
4810	3	4	0
4811	458	1093	317
4812	216	511	138
4813	17	66	16
4814	63	195	51
4815	92	287	77
4816	16	60	26
4817	41	112	42
4818	135	391	108
4819	265	548	411
4820	54	197	32
4821	0	0	0
4822	45	138	38
4823	30	16	12
4824	126	173	108
4825	204	547	164
4826	2	3	3
4827	31	110	12
4828	418	1022	212
4829	146	432	87
4830	89	190	54
4831	45	102	40
4832	12	53	10
4833	445	1259	344
4834	154	407	153
4835	52	129	43
4836	514	1243	415
4837	91	314	96
4838	1	2	4
4839	465	1287	361
4840	13	26	11
4841	0	0	0
4842	50	163	66
4843	168	523	171
4844	45	95	29
4845	42	133	19
4846	192	496	118
4847	2	1	2
4848	886	1431	1009
4849	0	0	0
4850	612	1281	490
4851	152	467	133
4852	33	105	31
4853	635	1603	565
4854	15	51	8
4855	7	24	4
4856	9	26	4
4857	8	11	5
4858	9	24	5
4859	26	77	22
4860	97	295	75
4861	0	0	0
4862	9	23	11
4863	16	35	15
4864	13	38	14
4865	18	35	8
4866	298	891	157
4867	4	6	1
4868	0	0	0
4869	18	33	14
4870	60	154	37
4871	40	107	15
4872	146	371	99
4873	37	68	10
4874	62	213	49
4875	97	312	84
4876	19	54	20
4877	23	62	20
4878	24	43	11
4879	4	16	6
4880	19	18	8
4881	117	372	74
4882	170	455	146
4883	0	0	0
4884	58	168	67
4885	76	51	30
4886	3	14	5
4887	0	4	3
4888	0	0	0
4889	77	186	68
4890	146	400	105
4891	69	145	66
4892	178	547	80
4893	37	29	14
4894	56	154	17
4895	19	54	10
4896	1	3	3
4897	851	1685	539
4898	21	70	12
4899	71	226	60
4900	2028	4170	1852
4901	12	31	16
4902	186	624	118
4903	31	61	28
4904	132	387	120
4905	6	33	11
4906	102	260	74
4907	375	1062	270
4908	0	0	0
4909	360	686	274
4910	2	13	4
4911	1	2	0
4912	155	375	83
4913	15	40	21
4914	104	396	72
4915	89	315	52
4916	143	423	90
4917	161	524	124
4918	110	268	101
4919	49	160	36
4920	49	104	37
4921	33	117	32
4922	255	618	192
4923	0	6	2
4924	187	398	148
4925	50	104	57
4926	38	99	26
4927	22	56	6
4928	34	131	39
4929	110	379	98
4930	293	692	180
4931	92	280	80
4932	34	64	12
4933	225	663	155
4934	272	632	243
4935	117	304	93
4936	547	1385	530
4937	127	238	102
4938	35	85	34
4939	36	131	25
4940	21	40	13
4941	49	118	34
4942	106	335	50
4943	52	105	42
4944	450	1357	315
4945	21	59	18
4946	1252	2520	1248
4947	735	1186	620
4948	4	5	7
4949	103	239	94
4950	6	10	7
4951	188	594	113
4952	34	63	33
4953	157	315	157
4954	120	432	75
4955	52	171	56
4956	46	128	46
4957	150	458	95
4958	126	322	85
4959	45	120	40
4960	810	1519	553
4961	0	0	0
4962	69	165	55
4963	1	0	0
4964	64	222	41
4965	1	1	1
4966	618	1509	527
4967	62	138	66
4968	0	0	0
4969	5	14	4
4970	19	14	14
4971	10	57	12
4972	4	7	2
4973	8	28	8
4974	0	4	0
4975	148	470	132
4976	16	61	18
4977	41	169	34
4978	26	132	25
4979	61	176	51
4980	359	836	280
4981	49	118	25
4982	9	47	12
4983	59	171	50
4984	135	328	110
4985	51	139	33
4986	115	313	138
4987	35	97	23
4988	147	446	95
4989	595	1578	402
4990	73	181	54
4991	4	8	4
4992	40	97	30
4993	0	0	0
4994	0	0	0
4995	505	1572	407
4996	7	28	0
4997	79	181	50
4998	126	356	114
4999	480	1330	349
5000	27	74	48
5001	1	1	0
5002	4	18	5
5003	21	69	23
5004	101	230	126
5005	27	87	20
5006	56	125	58
5007	121	279	103
5008	79	162	68
5009	70	240	52
5010	84	202	51
5011	103	279	66
5012	137	408	110
5013	0	0	0
5014	79	262	48
5015	69	142	46
5016	16	43	19
5017	70	201	62
5018	0	0	0
5019	47	141	29
5020	324	975	187
5021	62	103	49
5022	58	166	47
5023	68	204	62
5024	198	368	148
5025	119	258	79
5026	87	241	77
5027	0	3	4
5028	148	351	161
5029	50	44	38
5030	99	241	67
5031	4	9	8
5032	1	0	0
5033	178	471	171
5034	0	0	0
5035	197	523	139
5036	285	884	257
5037	140	373	70
5038	377	1121	280
5039	44	110	30
5040	57	115	29
5041	140	328	97
5042	91	187	73
5043	0	0	0
5044	56	97	36
5045	0	0	0
5046	2	0	0
5047	144	397	120
5048	121	210	115
5049	294	864	272
5050	1	2	0
5051	48	81	75
5052	0	0	0
5053	0	0	0
5054	0	0	0
5055	0	0	0
5056	0	0	0
5057	1	0	0
5058	0	0	0
5059	0	0	0
5060	0	0	0
5061	0	0	0
5062	6	16	4
5063	0	1	0
5064	4	6	2
5065	5	17	8
5066	0	2	1
5067	8	10	7
5068	165	527	138
5069	60	113	35
5070	27	89	14
5071	692	2104	447
5072	32	106	30
5073	27	48	26
5074	0	0	0
5075	27	92	27
5076	79	250	44
5077	32	120	24
5078	15	61	36
5079	1	1	1
5080	0	0	0
5081	67	216	55
5082	38	124	29
5083	49	154	35
5084	18	59	28
5085	470	1215	337
5086	25	99	36
5087	100	294	64
5088	64	179	36
5089	189	634	95
5090	1959	4427	1623
5091	152	417	93
5092	359	865	193
5093	30	127	19
5094	169	434	76
5095	3	0	3
5096	256	483	213
5097	133	351	109
5098	208	523	75
5099	189	675	126
5100	271	908	193
5101	55	169	38
5102	0	0	0
5103	120	344	85
5104	190	485	143
5105	73	226	76
5106	44	130	42
5107	64	217	41
5108	174	368	117
5109	336	1117	180
5110	84	262	44
5111	306	714	224
5112	99	222	76
5113	0	0	0
5114	125	280	113
5115	74	228	62
5116	5	27	4
5117	101	244	118
5118	119	339	114
5119	3	1	2
5120	126	398	85
5121	1	1	0
5122	11	25	9
5123	3	7	3
5124	31	98	15
5125	7	13	13
5126	55	166	48
5127	200	540	163
5128	716	1816	529
5129	6	5	1
5130	0	0	0
5131	126	329	98
5132	176	482	107
5133	0	0	0
5134	48	112	33
5135	15	46	15
5136	48	162	27
5137	280	580	213
5138	51	112	44
5139	78	201	58
5140	66	115	90
5141	244	641	210
5142	111	290	123
5143	125	314	86
5144	254	682	204
5145	26	49	21
5146	38	76	21
5147	59	262	82
5148	277	920	176
5149	95	246	106
5150	4	15	5
5151	202	597	159
5152	666	1270	612
5153	17	48	15
5154	39	102	21
5155	115	204	101
5156	263	624	171
5157	47	122	30
5158	79	259	63
5159	74	169	32
5160	44	110	49
5161	175	482	146
5162	2	9	1
5163	143	383	110
5164	0	0	0
5165	34	105	31
5166	337	997	267
5167	126	370	85
5168	793	1902	461
5169	10	35	29
5170	287	804	186
5171	0	0	0
5172	530	1363	444
5173	0	0	1
5174	95	353	108
5175	208	558	184
5176	35	127	44
5177	41	118	26
5178	256	963	238
5179	172	403	127
5180	42	142	41
5181	44	140	35
5182	125	295	76
5183	176	462	123
5184	264	769	194
5185	11	38	5
5186	247	471	170
5187	69	164	55
5188	9	35	16
5189	0	0	0
5190	397	746	458
5191	90	242	75
5192	145	420	94
5193	136	339	131
5194	4	0	1
5195	0	2	7
5196	0	1	1
5197	0	1	0
5198	96	364	72
5199	10	30	7
5200	143	456	111
5201	10	18	78
5202	193	671	153
5203	0	2	0
5204	3	3	1
5205	0	0	0
5206	21	82	27
5207	127	358	107
5208	87	276	55
5209	185	438	93
5210	163	391	141
5211	755	1656	774
5212	21	49	15
5213	279	853	199
5214	137	421	73
5215	23	66	248
5216	46	122	37
5217	179	475	151
5218	92	216	55
5219	398	1078	236
5220	47	29	18
5221	861	1532	852
5222	157	361	85
5223	143	514	104
5224	805	1840	629
5225	0	0	0
5226	59	103	63
5227	49	110	34
5228	0	0	0
5229	1	1	3
5230	149	376	110
5231	14	30	18
5232	136	365	83
5233	258	798	147
5234	49	68	15
5235	124	377	100
5236	248	716	210
5237	12	61	25
5238	600	1137	498
5239	300	990	242
5240	13	40	8
5241	19	55	20
5242	6	53	9
5243	76	192	72
5244	41	108	32
5245	159	389	123
5246	215	758	194
5247	147	426	81
5248	62	167	18
5249	806	1774	491
5250	0	0	0
5251	211	471	137
5252	40	88	15
5253	167	479	123
5254	2	2	1
5255	0	12	5
5256	604	727	338
5257	40	121	58
5258	0	0	0
5259	3	15	1
5260	3	7	2
5261	70	241	45
5262	111	41	42
5263	113	398	97
5264	14	43	8
5265	54	144	110
5266	94	233	49
5267	459	1193	302
5268	163	520	173
5269	113	256	100
5270	31	95	22
5271	281	693	257
5272	658	844	473
5273	36	87	30
5274	0	0	0
5275	101	277	86
5276	1	10	1
5277	51	164	53
5278	94	366	81
5279	51	163	33
5280	150	506	109
5281	181	461	94
5282	62	141	24
5283	285	644	314
5284	1	0	1
5285	79	274	65
5286	501	1409	394
5287	0	2	0
5288	73	249	57
5289	22	61	13
5290	0	2	0
5291	300	706	179
5292	342	858	250
5293	36	123	43
5294	748	1779	473
5295	0	0	0
5296	52	138	32
5297	71	199	83
5298	31	107	23
5299	0	0	0
5300	78	192	85
5301	1	0	0
5302	208	706	122
5303	158	437	108
5304	28	118	21
5305	32	79	15
5306	165	391	91
5307	375	912	304
5308	2	0	0
5309	137	378	92
5310	0	0	0
5311	114	356	116
5312	25	97	31
5313	148	330	76
5314	0	0	1
5315	4	9	4
5316	890	2723	746
5317	84	223	80
5318	0	0	0
5319	395	824	389
5320	191	446	146
5321	29	98	11
5322	195	480	161
5323	218	558	184
5324	23	64	13
5325	113	255	72
5326	166	461	95
5327	82	265	69
5328	372	723	285
5329	119	375	65
5330	56	181	31
5331	138	459	116
5332	110	275	65
5333	79	274	52
5334	40	107	28
5335	147	390	73
5336	33	77	45
5337	82	296	62
5338	245	500	241
5339	188	579	137
5340	0	0	0
5341	0	0	0
5342	161	434	155
5343	93	270	64
5344	69	277	64
5345	618	1526	487
5346	27	61	14
5347	72	216	47
5348	537	1439	433
5349	394	1160	369
5350	96	339	61
5351	3	1	2
5352	135	342	120
5353	52	132	46
5354	143	408	91
5355	83	275	47
5356	7	28	9
5357	62	167	44
5358	205	620	173
5359	48	159	60
5360	105	266	91
5361	109	303	83
5362	16	45	40
5363	32	100	24
5364	79	215	64
5365	0	2	0
5366	0	0	0
5367	63	175	85
5368	92	280	118
5369	18	46	15
5370	457	1371	410
5371	71	189	57
5372	39	143	29
5373	56	114	74
5374	112	317	92
5375	0	2	0
5376	0	0	0
5377	60	135	64
5378	1371	2545	894
5379	872	1481	677
5380	66	181	58
5381	0	0	0
5382	217	725	132
5383	35	119	17
5384	11	17	2
5385	54	129	25
5386	9	22	12
5387	195	532	141
5388	158	428	135
5389	78	201	55
5390	30	104	22
5391	4	14	6
5392	1	3	2
5393	0	0	0
5394	234	479	202
5395	150	364	57
5396	1	3	5
5397	0	0	0
5398	4	2	7
5399	37	59	21
5400	69	170	117
5401	4	21	11
5402	97	179	96
5403	200	591	117
5404	40	132	29
5405	142	439	98
5406	208	488	168
5407	51	69	28
5408	579	1365	424
5409	186	420	110
5410	44	173	42
5411	0	0	0
5412	0	2	1
5413	74	269	64
5414	0	0	0
5415	11	17	7
5416	0	0	0
5417	122	404	78
5418	27	136	28
5419	46	177	50
5420	219	789	149
5421	14	57	11
5422	113	303	89
5423	71	124	52
5424	78	238	49
5425	4	15	4
5426	119	332	68
5427	690	1534	769
5428	206	527	127
5429	127	339	114
5430	22	52	18
5431	59	159	44
5432	157	403	160
5433	97	333	66
5434	98	279	52
5435	254	720	151
5436	0	0	1
5437	20	85	31
5438	80	207	39
5439	61	179	44
5440	124	334	106
5441	34	118	47
5442	215	672	167
5443	36	143	32
5444	70	163	48
5445	76	266	60
5446	26	93	15
5447	3	8	2
5448	392	1057	342
5449	9	20	5
5450	91	296	58
5451	76	203	63
5452	108	426	76
5453	76	204	45
5454	25	62	18
5455	0	0	0
5456	48	122	60
5457	33	68	17
5458	49	172	48
5459	221	741	168
5460	85	225	79
5461	33	91	17
5462	149	544	78
5463	72	149	74
5464	410	1153	316
5465	81	247	46
5466	685	1985	420
5467	232	613	154
5468	53	167	38
5469	0	1	0
5470	9	7	5
5471	1	5	3
5472	16	38	20
5473	34	88	26
5474	18	74	15
5475	0	0	0
5476	8	28	8
5477	0	0	0
5478	31	38	46
5479	7	12	2
5480	569	1501	368
5481	2	5	5
5482	5	3	5
5483	2	3	3
5484	0	1	3
5485	0	0	1
5486	2	9	4
5487	8	23	6
5488	13	44	11
5489	0	0	0
5490	0	3	0
5491	0	0	0
5492	0	0	0
5493	0	0	0
5494	0	0	0
5495	0	0	0
5496	12	21	16
5497	0	0	0
5498	1	1	2
5499	0	0	0
5500	0	0	1
5501	4	15	3
5502	29	74	21
5503	240	568	183
5504	9	15	3
5505	0	3	1
5506	0	0	0
5507	42	151	31
5508	2	4	1
5509	59	178	53
5510	15	38	14
5511	0	0	0
5512	66	224	27
5513	52	199	33
5514	10	24	9
5515	40	94	42
5516	547	1283	429
5517	472	1220	341
5518	82	145	84
5519	124	324	72
5520	71	208	59
5521	26	26	27
5522	123	250	87
5523	88	277	83
5524	112	353	89
5525	64	216	40
5526	378	1106	257
5527	0	0	0
5528	16	59	14
5529	0	1	2
5530	1	0	0
5531	79	191	33
5532	79	215	77
5533	7	46	16
5534	468	1006	408
5535	739	1674	421
5536	48	139	29
5537	147	435	102
5538	272	824	219
5539	28	86	34
5540	381	761	281
5541	1006	1431	797
5542	61	163	45
5543	0	0	1
5544	30	74	19
5545	23	59	16
5546	154	469	114
5547	21	68	16
5548	33	68	22
5549	117	317	69
5550	87	262	57
5551	2	25	6
5552	841	1143	563
5553	31	123	36
5554	16	59	23
5555	1	0	1
5556	58	140	34
5557	8	9	8
5558	95	233	87
5559	25	46	19
5560	38	122	20
5561	179	488	106
5562	0	0	1
5563	99	268	113
5564	1	3	1
5565	231	479	172
5566	17	52	10
5567	33	109	30
5568	88	199	69
5569	123	268	88
5570	35	109	26
5571	7	9	12
5572	89	208	110
5573	42	184	44
5574	71	244	68
5575	64	188	48
5576	8	13	2
5577	810	1690	711
5578	0	0	1
5579	0	0	0
5580	1	0	0
5581	5	4	3
5582	0	0	0
5583	21	66	15
5584	274	920	190
5585	80	294	55
5586	0	0	0
5587	334	1101	242
5588	84	231	61
5589	382	1001	297
5590	100	284	107
5591	28	56	16
5592	103	379	50
5593	55	225	42
5594	50	121	36
5595	164	443	127
5596	37	88	34
5597	410	1099	361
5598	114	356	51
5599	330	954	189
5600	25	65	21
5601	17	34	11
5602	71	182	58
5603	45	131	36
5604	83	211	56
5605	93	311	76
5606	413	1134	266
5607	21	28	16
5608	222	629	246
5609	70	242	55
5610	12	23	36
5611	257	614	190
5612	27	97	22
5613	0	0	0
5614	61	209	42
5615	436	1196	298
5616	0	0	0
5617	162	424	138
5618	18	63	7
5619	2	3	0
5620	0	0	0
5621	171	542	115
5622	19	77	6
5623	30	76	15
5624	14	28	3
5625	605	1625	508
5626	1369	1730	1108
5627	224	394	281
5628	2	0	2
5629	473	1275	352
5630	0	0	0
5631	311	1032	219
5632	0	0	0
5633	222	793	185
5634	44	50	14
5635	44	135	25
5636	33	120	28
5637	35	86	30
5638	18	40	32
5639	198	526	101
5640	439	1106	343
5641	112	305	73
5642	17	31	9
5643	1	1	0
5644	163	418	147
5645	199	548	162
5646	229	584	160
5647	135	464	125
5648	0	0	0
5649	70	218	33
5650	137	371	102
5651	54	115	37
5652	132	302	77
5653	5	14	15
5654	12	15	13
5655	0	0	0
5656	22	21	27
5657	56	143	38
5658	123	375	70
5659	120	337	87
5660	208	604	129
5661	24	62	23
5662	15	77	17
5663	63	226	57
5664	543	1664	406
5665	101	203	38
5666	343	972	291
5667	28	104	27
5668	59	141	46
5669	18	41	8
5670	165	418	127
5671	55	166	39
5672	9	13	9
5673	623	1723	389
5674	58	114	27
5675	181	472	100
5676	117	213	106
5677	98	318	56
5678	0	1	0
5679	0	0	0
5680	11	25	13
5681	2	3	3
5682	21	48	27
5683	0	0	0
5684	8	24	5
5685	17	5	12
5686	197	495	116
5687	26	23	13
5688	59	119	36
5689	72	220	51
5690	55	119	29
5691	23	45	65
5692	120	406	105
5693	56	132	22
5694	177	411	170
5695	36	69	37
5696	141	458	94
5697	0	0	0
5698	189	698	158
5699	60	102	50
5700	237	656	261
5701	30	114	13
5702	0	0	0
5703	29	122	22
5704	2	1	0
5705	1	0	1
5706	143	451	107
5707	35	93	33
5708	0	0	1
5709	36	92	38
5710	96	235	89
5711	44	131	35
5712	45	187	50
5713	32	137	37
5714	2	14	3
5715	0	1	0
5716	308	708	216
5717	173	389	124
5718	168	475	76
5719	98	278	53
5720	219	501	180
5721	277	614	132
5722	370	883	273
5723	11	38	5
5724	0	0	0
5725	78	259	96
5726	142	409	77
5727	1	1	0
5728	222	583	152
5729	0	0	1
5730	458	1426	326
5731	96	282	71
5732	151	551	146
5733	56	55	41
5734	33	91	29
5735	92	332	120
5736	18	24	26
5737	940	1903	792
5738	121	232	77
5739	15	31	15
5740	150	477	109
5741	55	150	38
5742	86	252	68
5743	1	0	0
5744	51	178	30
5745	11	27	16
5746	0	0	0
5747	0	0	0
5748	0	0	1
5749	49	170	65
5750	51	127	37
5751	0	1	0
5752	87	221	92
5753	37	124	21
5754	8	99	16
5755	1030	2180	823
5756	31	91	33
5757	78	151	44
5758	61	211	46
5759	0	0	0
5760	13	56	20
5761	8	12	11
5762	48	136	35
5763	120	330	107
5764	74	126	78
5765	168	451	171
5766	61	172	61
5767	644	1657	436
5768	33	84	20
5769	145	465	91
5770	76	259	41
5771	115	301	95
5772	241	439	299
5773	53	138	35
5774	272	754	163
5775	20	44	9
5776	2	2	0
5777	76	149	52
5778	0	0	0
5779	54	182	50
5780	52	151	25
5781	18	6	4
5782	77	275	59
5783	12	53	6
5784	59	139	60
5785	0	0	0
5786	89	208	84
5787	101	273	89
5788	7	21	5
5789	88	265	56
5790	94	242	40
5791	33	92	17
5792	89	296	69
5793	212	613	190
5794	219	587	163
5795	75	178	52
5796	181	544	142
5797	10	6	10
5798	0	0	0
5799	91	214	100
5800	680	1724	518
5801	177	379	220
5802	152	455	98
5803	19	51	14
5804	196	627	169
5805	127	199	130
5806	18	78	20
5807	19	68	14
5808	62	151	35
5809	158	437	178
5810	751	1340	830
5811	1	2	0
5812	0	0	0
5813	57	138	32
5814	28	63	14
5815	134	341	91
5816	0	0	0
5817	178	613	108
5818	289	794	203
5819	46	135	46
5820	11	44	21
5821	46	145	25
5822	285	778	170
5823	0	0	0
5824	98	252	44
5825	77	97	52
5826	11	26	9
5827	40	111	26
5828	251	679	225
5829	5	13	6
5830	338	847	283
5831	155	406	97
5832	17	30	11
5833	119	401	76
5834	216	474	133
5835	214	656	123
5836	80	249	48
5837	90	218	54
5838	5	23	5
5839	0	0	0
5840	0	0	0
5841	1	0	0
5842	120	333	91
5843	49	145	41
5844	76	210	80
5845	126	334	115
5846	41	121	34
5847	830	996	732
5848	219	506	202
5849	0	0	0
5850	0	0	0
5851	70	201	44
5852	109	262	74
5853	10	4	8
5854	134	322	83
5855	99	248	82
5856	87	354	57
5857	6	10	8
5858	0	1	0
5859	31	96	22
5860	10	7	1
5861	224	641	117
5862	577	752	453
5863	1	1	0
5864	110	212	128
5865	4	16	4
5866	0	1	0
5867	0	1	0
5868	97	196	136
5869	224	720	184
5870	181	530	110
5871	1	2	2
5872	246	624	203
5873	2	1	0
5874	2	3	0
5875	32	65	11
5876	468	1080	338
5877	523	1287	382
5878	58	152	37
5879	66	141	57
5880	474	1131	417
5881	0	2	0
5882	0	1	1
5883	79	170	66
5884	24	82	74
5885	2	3	8
5886	99	276	92
5887	184	455	156
5888	340	1017	255
5889	193	550	168
5890	13	44	18
5891	264	690	207
5892	277	665	153
5893	106	367	108
5894	224	523	147
5895	49	147	26
5896	0	0	0
5897	66	234	86
5898	826	2275	659
5899	293	761	194
5900	0	0	0
5901	43	160	40
5902	23	71	12
5903	84	192	57
5904	23	46	22
5905	24	89	15
5906	153	432	115
5907	0	0	0
5908	325	979	182
5909	91	205	62
5910	8	15	11
5911	30	56	22
5912	56	140	58
5913	43	110	46
5914	0	0	0
5915	637	1109	380
5916	152	544	136
5917	167	477	128
5918	0	1	6
5919	54	94	31
5920	50	134	47
5921	87	245	70
5922	452	1059	421
5923	63	172	70
5924	4	10	8
5925	188	441	147
5926	303	804	276
5927	32	113	30
5928	95	273	92
5929	340	816	203
5930	298	87	154
5931	54	182	42
5932	47	198	49
5933	38	81	25
5934	208	571	142
5935	7	50	15
5936	384	1015	315
5937	0	1	1
5938	64	161	59
5939	231	732	113
5940	10	37	10
5941	397	1072	301
5942	277	738	197
5943	260	567	265
5944	143	365	101
5945	0	0	0
5946	145	470	107
5947	153	346	108
5948	27	90	28
5949	296	930	216
5950	0	0	0
5951	60	236	48
5952	290	694	237
5953	97	193	69
5954	206	636	188
5955	30	71	10
5956	130	325	85
5957	73	249	68
5958	176	484	130
5959	0	0	0
5960	11	22	16
5961	145	363	85
5962	27	58	37
5963	136	427	102
5964	0	0	0
5965	90	228	75
5966	11	16	6
5967	110	207	85
5968	31	91	39
5969	824	2433	660
5970	12	55	10
5971	10	13	14
5972	748	2161	510
5973	77	237	43
5974	15	60	12
5975	609	1160	556
5976	1	0	0
5977	183	452	150
5978	30	67	13
5979	55	149	40
5980	57	173	38
5981	11	13	11
5982	992	2074	643
5983	42	184	41
5984	10	8	3
5985	135	407	82
5986	1	3	1
5987	65	202	54
5988	454	1228	376
5989	13	54	16
5990	46	113	39
5991	44	154	33
5992	45	124	22
5993	630	1733	427
5994	733	347	370
5995	1565	2887	1358
5996	61	159	40
5997	511	1159	461
5998	3	12	12
5999	0	1	0
6000	0	0	0
6001	51	170	32
6002	90	289	57
6003	0	2	0
6004	35	82	36
6005	7	3	1
6006	37	31	9
6007	93	291	75
6008	36	68	20
6009	245	712	126
6010	85	193	93
6011	98	302	85
6012	2	0	0
6013	323	770	320
6014	178	398	86
6015	8	14	9
6016	123	422	100
6017	0	0	0
6018	250	691	193
6019	1	0	0
6020	298	531	222
6021	0	1	1
6022	79	164	45
6023	149	284	156
6024	0	0	0
6025	111	181	89
6026	66	210	57
6027	4	14	2
6028	2	5	2
6029	421	916	360
6030	289	657	292
6031	301	1036	227
6032	0	0	0
6033	266	823	247
6034	0	0	0
6035	211	568	186
6036	11	28	11
6037	0	3	1
6038	13	64	12
6039	37	100	28
6040	1	0	1
6041	7	36	10
6042	73	227	55
6043	71	243	48
6044	122	387	99
6045	40	67	27
6046	29	40	15
6047	15	26	12
6048	169	539	80
6049	43	166	29
6050	345	919	366
6051	176	455	237
6052	24	71	29
6053	5	8	20
6054	1	4	3
6055	5	7	3
6056	38	154	47
6057	15	43	18
6058	544	852	520
6059	215	604	185
6060	153	409	101
6061	461	1598	276
6062	93	357	87
6063	22	37	15
6064	57	160	38
6065	0	0	0
6066	0	0	0
6067	139	486	115
6068	0	9	2
6069	0	0	1
6070	20	72	15
6071	31	50	24
6072	0	1	4
6073	1013	2018	770
6074	964	1455	709
6075	159	444	118
6076	50	198	31
6077	6	16	7
6078	0	1	0
6079	0	0	0
6080	6	35	10
6081	10	17	9
6082	0	0	0
6083	1	0	0
6084	0	0	0
6085	0	0	0
6086	0	1	0
6087	40	49	17
6088	0	0	0
6089	0	0	0
6090	0	0	0
6091	0	0	0
6092	0	0	0
6093	0	0	0
6094	0	0	0
6095	2	7	2
6096	5	18	8
6097	5	8	3
6098	40	103	41
6099	41	133	44
6100	22	38	12
6101	108	245	52
6102	42	100	57
6103	43	102	40
6104	181	448	220
6105	109	359	83
6106	132	312	92
6107	61	181	47
6108	1	7	0
6109	348	984	331
6110	81	175	79
6111	0	0	0
6112	170	522	151
6113	114	351	92
6114	5	5	6
6115	31	94	34
6116	340	1108	251
6117	135	357	89
6118	87	298	69
6119	171	548	125
6120	101	380	60
6121	0	0	0
6122	17	117	20
6123	1163	1806	796
6124	0	0	0
6125	72	206	82
6126	8	38	6
6127	25	94	16
6128	105	302	69
6129	36	101	40
6130	84	167	52
6131	327	908	238
6132	156	481	128
6133	10	28	4
6134	324	858	309
6135	1253	2263	835
6136	1	0	3
6137	723	1114	405
6138	5	30	6
6139	233	604	173
6140	26	82	26
6141	42	98	31
6142	201	464	159
6143	319	738	291
6144	8	18	11
6145	47	123	22
6146	145	395	91
6147	104	345	64
6148	364	901	345
6149	279	664	152
6150	62	214	51
6151	0	0	0
6152	7	12	3
6153	0	0	0
6154	61	198	44
6155	369	726	415
6156	33	95	23
6157	163	327	132
6158	997	2447	827
6159	28	62	27
6160	58	195	47
6161	28	80	16
6162	103	239	49
6163	423	1274	352
6164	122	313	142
6165	393	1116	363
6166	63	158	26
6167	34	77	39
6168	262	631	183
6169	18	40	12
6170	0	0	0
6171	249	782	194
6172	30	59	14
6173	65	197	37
6174	3	2	1
6175	0	0	0
6176	58	97	32
6177	85	202	95
6178	0	0	0
6179	90	187	50
6180	238	676	215
6181	59	128	27
6182	128	277	74
6183	0	2	0
6184	19	64	20
6185	702	1554	760
6186	27	85	13
6187	4	19	5
6188	16	62	21
6189	0	0	0
6190	9	7	11
6191	5	7	4
6192	89	193	93
6193	23	80	10
6194	107	232	77
6195	0	0	0
6196	392	1141	250
6197	92	289	85
6198	51	132	49
6199	56	147	36
6200	132	470	87
6201	82	172	51
6202	72	137	69
6203	126	278	121
6204	46	133	28
6205	41	95	27
6206	10	11	14
6207	225	809	145
6208	76	310	51
6209	95	284	58
6210	65	142	54
6211	20	74	7
6212	0	0	1
6213	7	21	10
6214	357	880	171
6215	10	14	2
6216	62	165	46
6217	468	1086	528
6218	105	360	70
6219	651	1838	532
6220	76	239	61
6221	123	352	53
6222	60	203	56
6223	38	112	43
6224	93	310	80
6225	1	4	0
6226	26	81	20
6227	129	297	71
6228	46	143	28
6229	57	128	32
6230	5	6	4
6231	25	48	20
6232	742	1918	615
6233	139	322	95
6234	20	61	24
6235	222	539	198
6236	0	0	0
6237	253	842	200
6238	55	200	43
6239	32	89	24
6240	133	394	87
6241	85	179	63
6242	0	1	0
6243	261	823	130
6244	0	0	0
6245	6	12	3
6246	44	116	37
6247	48	147	56
6248	919	1578	1109
6249	1	1	1
6250	243	524	195
6251	66	212	40
6252	41	101	32
6253	200	662	176
6254	71	221	59
6255	137	475	97
6256	20	34	20
6257	88	265	57
6258	0	0	0
6259	52	160	40
6260	2	0	2
6261	8	25	8
6262	178	386	102
6263	102	316	96
6264	71	236	65
6265	359	950	235
6266	2	2	0
6267	7	14	2
6268	55	167	38
6269	38	106	22
6270	85	213	56
6271	26	51	16
6272	73	204	53
6273	122	274	56
6274	715	1183	758
6275	979	2641	681
6276	66	244	65
6277	25	89	26
6278	0	0	0
6279	70	200	58
6280	50	134	35
6281	21	83	25
6282	90	203	41
6283	45	137	39
6284	1	10	4
6285	81	175	47
6286	15	31	11
6287	449	1106	295
6288	238	646	247
6289	34	121	24
6290	118	257	104
6291	607	1102	448
6292	181	587	118
6293	35	65	36
6294	33	80	27
6295	105	303	56
6296	221	483	258
6297	98	303	92
6298	42	130	49
6299	266	734	170
6300	656	1468	484
6301	0	0	0
6302	594	1413	626
6303	119	277	119
6304	16	38	15
6305	23	56	13
6306	151	466	105
6307	161	436	98
6308	0	0	0
6309	116	319	92
6310	56	71	39
6311	70	282	54
6312	65	165	37
6313	172	571	81
6314	2	11	2
6315	59	190	50
6316	25	73	23
6317	128	252	96
6318	258	636	231
6319	0	0	0
6320	344	891	250
6321	12	43	9
6322	130	392	93
6323	26	37	14
6324	54	242	45
6325	5	5	1
6326	189	546	126
6327	1	2	4
6328	54	118	37
6329	23	67	25
6330	30	114	31
6331	287	836	198
6332	342	1017	248
6333	90	188	76
6334	32	83	18
6335	23	73	19
6336	49	153	34
6337	1	0	0
6338	1821	3842	1289
6339	93	214	91
6340	11	55	10
6341	50	117	34
6342	43	95	32
6343	0	0	1
6344	92	236	83
6345	261	684	285
6346	5	8	5
6347	0	0	0
6348	22	47	21
6349	0	1	1
6350	306	998	236
6351	30	87	15
6352	112	338	64
6353	59	186	52
6354	138	282	114
6355	1	1	1
6356	124	423	78
6357	0	0	2
6358	16	57	25
6359	77	213	66
6360	120	288	128
6361	0	0	0
6362	353	950	321
6363	53	133	45
6364	21	42	9
6365	2	1	1
6366	268	621	154
6367	25	63	20
6368	66	203	40
6369	506	1105	312
6370	326	770	253
6371	151	527	108
6372	70	172	51
6373	682	1940	534
6374	103	261	52
6375	48	165	35
6376	38	63	31
6377	33	83	33
6378	83	166	70
6379	29	68	14
6380	16	31	9
6381	39	126	37
6382	4	10	3
6383	1	6	2
6384	0	0	0
6385	34	75	21
6386	41	133	47
6387	5	13	6
6388	18	28	4
6389	4	7	1
6390	122	361	78
6391	33	118	18
6392	287	707	214
6393	32	84	14
6394	24	33	17
6395	0	2	0
6396	23	70	14
6397	0	0	0
6398	6	33	2
6399	53	212	56
6400	0	0	0
6401	17	77	30
6402	289	927	213
6403	67	184	50
6404	54	159	40
6405	62	171	51
6406	164	498	121
6407	65	174	55
6408	116	300	125
6409	172	558	103
6410	27	59	21
6411	0	1	0
6412	110	199	86
6413	237	633	182
6414	3	13	9
6415	93	231	83
6416	42	123	19
6417	125	216	117
6418	87	283	63
6419	2093	3768	1831
6420	167	470	134
6421	606	1011	392
6422	51	75	35
6423	0	0	0
6424	2	1	0
6425	115	354	88
6426	349	881	357
6427	41	148	28
6428	601	1032	529
6429	0	0	0
6430	67	234	61
6431	23	46	21
6432	20	64	22
6433	109	247	59
6434	73	223	80
6435	1	0	0
6436	54	178	47
6437	19	66	16
6438	64	8	20
6439	0	0	0
6440	84	295	71
6441	58	141	61
6442	175	396	177
6443	20	42	25
6444	0	0	0
6445	175	426	145
6446	37	150	28
6447	956	1682	664
6448	50	132	34
6449	0	0	0
6450	1698	2596	1225
6451	3	3	2
6452	38	86	31
6453	32	111	26
6454	84	121	87
6455	86	205	52
6456	4	36	4
6457	217	639	172
6458	31	104	45
6459	166	364	162
6460	0	0	1
6461	143	383	116
6462	0	0	0
6463	1	0	0
6464	0	1	0
6465	36	144	39
6466	93	138	143
6467	35	83	42
6468	77	117	86
6469	60	190	46
6470	101	233	47
6471	28	73	20
6472	251	655	168
6473	0	0	0
6474	272	699	178
6475	135	386	115
6476	121	235	115
6477	0	0	0
6478	49	164	58
6479	29	103	38
6480	103	265	74
6481	10	2	6
6482	100	255	108
6483	14	49	10
6484	3	5	3
6485	253	696	154
6486	91	168	47
6487	3100	3383	2880
6488	295	604	145
6489	211	603	139
6490	109	304	94
6491	56	220	47
6492	50	166	49
6493	266	559	154
6494	9	18	10
6495	40	100	28
6496	296	682	196
6497	92	295	69
6498	792	2171	638
6499	67	211	51
6500	180	540	126
6501	50	108	33
6502	6	21	8
6503	51	63	61
6504	70	130	53
6505	98	397	68
6506	120	384	96
6507	16	20	17
6508	60	165	51
6509	0	1	0
6510	479	1298	310
6511	161	560	94
6512	0	0	0
6513	44	105	29
6514	13	28	4
6515	410	1039	281
6516	0	0	0
6517	102	356	80
6518	791	1541	715
6519	387	865	204
6520	189	429	117
6521	18	65	15
6522	68	173	57
6523	0	0	0
6524	406	1157	296
6525	46	162	40
6526	121	314	80
6527	46	123	24
6528	214	658	164
6529	0	0	0
6530	812	1817	592
6531	155	396	109
6532	345	950	236
6533	269	740	198
6534	12	8	6
6535	29	97	20
6536	313	618	254
6537	14	52	8
6538	0	0	0
6539	0	3	1
6540	124	337	86
6541	1	4	0
6542	16	46	15
6543	36	115	22
6544	49	103	39
6545	9	20	4
6546	128	381	95
6547	59	182	34
6548	0	0	0
6549	5	10	9
6550	0	0	0
6551	0	1	2
6552	119	254	56
6553	48	122	38
6554	496	1025	395
6555	41	82	22
6556	70	217	95
6557	52	114	25
6558	37	53	39
6559	32	65	19
6560	205	498	209
6561	2	0	0
6562	14	39	11
6563	29	78	22
6564	30	4	8
6565	84	230	60
6566	15	45	10
6567	139	322	143
6568	156	456	112
6569	59	251	50
6570	29	102	31
6571	0	0	0
6572	59	161	46
6573	192	519	216
6574	50	140	37
6575	61	191	43
6576	99	269	47
6577	55	221	60
6578	21	27	12
6579	78	234	80
6580	112	327	70
6581	305	637	232
6582	369	800	249
6583	226	583	217
6584	365	1007	224
6585	30	69	16
6586	0	0	0
6587	5	4	0
6588	0	0	0
6589	0	0	0
6590	10	7	1
6591	2	2	0
6592	19	73	23
6593	20	26	7
6594	0	2	0
6595	3	3	2
6596	1	1	2
6597	0	0	0
6598	1	1	4
6599	0	0	0
