	-24	-23	-22	-21	-20	-19	-18	-17	-16	-15	-14	-13	-12	-11	-10	-9	-8	-7	-6	-5	-4	-3	-2	-1	0	1	2	3	4	5	6	7	8
TRP-CYS-TYR (WCY)	5	10	3	2	27	4	3	2	3	5	5	4	7	36	7	4	10	3	6	3	0	7	5	3	2	2	0	2	7	0	4	24	1
GLY-PRO-GLY (GPG)	64	107	42	48	97	39	38	147	67	42	142	36	86	404	48	55	157	63	31	114	38	51	120	34	35	70	33	30	219	49	23	51	63
TRP-ASP-LEU (WDL)	34	124	25	33	130	31	38	78	21	40	104	39	60	348	50	67	110	39	44	99	35	43	135	47	53	35	17	68	91	20	54	133	34
TRP-ASN-TRP (WNW)	4	14	3	9	13	3	1	6	5	7	9	8	12	34	2	2	4	5	3	11	7	6	5	6	2	8	2	6	15	4	2	6	2
HIS-CYS-LYS (HCK)	17	26	12	8	34	8	15	23	7	7	13	2	10	73	5	4	19	3	11	34	2	4	29	4	8	58	9	5	15	2	7	20	8
TRP-HIS-MET (WHM)	3	8	3	4	3	1	1	3	1	5	1	0	5	16	2	0	2	0	2	4	1	1	9	1	2	2	1	3	12	4	4	9	1
TRP-PRO-TYR (WPY)	6	29	3	6	14	1	9	7	6	7	18	4	13	48	4	6	25	3	5	7	4	6	17	12	5	13	1	9	23	5	8	31	7
TRP-HIS-VAL (WHV)	2	9	0	4	11	1	8	13	5	5	3	2	6	30	4	5	16	2	8	16	4	3	14	1	5	2	4	4	16	2	8	9	7
TRP-ASN-GLY (WNG)	15	40	7	9	42	9	11	25	5	11	22	6	16	84	8	13	60	19	15	32	9	14	43	17	13	7	4	11	42	7	6	19	6
TRP-ASN-LYS (WNK)	40	105	25	30	84	18	28	55	38	20	37	17	38	211	24	26	83	27	42	101	31	32	103	21	31	27	7	29	114	16	34	93	52
HIS-PRO-CYS (HPC)	4	10	3	7	26	2	3	5	2	11	36	7	6	41	1	8	17	1	3	19	3	8	23	1	4	38	2	1	18	3	3	3	3
MET-TRP-VAL (MWV)	4	11	1	2	11	1	1	9	0	3	5	1	3	21	1	2	15	2	0	8	4	7	19	2	3	7	1	4	6	1	3	4	3
PRO-PRO-GLY (PPG)	86	221	41	97	191	49	66	178	46	79	175	35	137	442	49	76	134	44	43	107	34	60	144	31	70	339	44	58	237	58	36	63	30
ARG-CYS-MET (RCM)	1	15	7	3	18	3	1	12	3	6	7	2	7	36	9	6	17	4	9	30	2	6	33	6	3	6	2	2	14	2	6	6	2
TRP-ASN-SER (WNS)	23	60	17	14	45	14	20	58	12	17	59	19	26	154	29	22	68	31	34	78	35	28	79	19	21	17	30	34	84	12	20	48	12
TRP-GLY-GLU (WGE)	13	40	11	18	47	16	23	37	16	18	28	13	18	95	13	8	40	17	38	34	10	15	38	19	12	15	5	9	14	5	15	33	37
MET-CYS-PHE (MCF)	3	13	0	7	6	4	6	12	3	3	12	4	17	35	10	3	7	3	5	8	2	6	26	3	6	10	1	2	28	1	5	31	2
MET-TRP-PRO (MWP)	1	5	2	3	8	1	2	7	0	2	5	0	4	13	1	2	2	0	0	6	0	2	8	3	2	4	2	2	4	2	2	11	0
PHE-HIS-TYR (FHY)	19	48	7	20	69	12	17	63	18	19	34	15	15	116	14	9	32	22	14	33	11	24	52	16	15	60	6	14	52	16	19	64	20
TRP-TRP-ARG (WWR)	0	6	3	3	12	3	1	2	1	0	6	3	7	19	3	1	8	4	5	14	1	3	14	5	5	5	2	1	4	2	8	5	4
TRP-PRO-ASP (WPD)	7	10	9	6	10	4	4	6	5	4	13	0	6	26	7	5	15	2	3	6	4	7	11	5	2	3	1	3	13	2	9	12	1
GLY-PRO-GLU (GPE)	82	167	62	72	221	50	76	219	57	105	146	68	114	404	76	70	166	47	55	130	68	57	128	55	29	101	39	46	241	52	47	89	113
GLN-PRO-TYR (QPY)	24	82	13	27	84	24	31	88	22	31	101	20	33	157	40	16	37	11	20	47	16	21	35	20	15	78	15	15	81	17	29	68	24
LEU-TRP-TYR (LWY)	14	36	5	8	22	6	10	37	5	5	15	4	17	51	3	10	21	6	7	10	6	6	29	11	7	25	3	7	6	2	8	28	6
ARG-GLY-TYR (RGY)	40	135	32	53	145	41	54	133	41	65	137	41	93	300	49	64	100	49	44	129	68	44	180	39	33	57	16	40	56	25	40	189	34
HIS-HIS-TYR (HHY)	21	49	7	19	41	13	11	25	10	11	25	13	21	106	17	11	42	11	13	37	7	18	50	36	16	76	10	14	63	18	18	67	11
MET-PRO-ARG (MPR)	25	44	12	7	52	10	11	33	4	17	28	7	20	80	8	6	26	5	20	36	9	14	35	6	20	27	6	11	72	12	7	11	4
CYS-PRO-GLY (CPG)	13	37	10	19	39	16	9	32	8	24	95	6	16	88	29	14	47	13	15	26	8	11	25	9	5	16	12	11	66	12	5	10	10
MET-CYS-LYS (MCK)	9	25	4	7	38	10	9	26	4	4	11	2	8	48	5	7	12	5	6	36	7	1	13	11	15	22	5	8	16	2	4	20	13
TRP-ASN-TYR (WNY)	8	43	7	13	20	14	15	51	9	10	48	5	13	72	19	11	43	12	11	32	5	15	33	7	7	17	6	11	22	6	12	19	6
PHE-CYS-MET (FCM)	5	11	8	4	14	2	2	3	3	7	8	7	3	31	6	2	7	3	7	24	5	7	16	6	7	31	5	8	12	0	5	13	2
ARG-GLY-GLU (RGE)	80	245	70	84	257	88	114	250	61	83	153	66	132	487	133	85	229	56	86	257	68	84	255	53	78	154	45	91	83	39	68	138	137
MET-ASP-GLY (MDG)	35	70	23	39	84	35	43	106	31	17	59	50	56	202	45	44	117	55	45	96	15	27	106	21	50	85	12	15	102	32	14	35	25
HIS-CYS-TYR (HCY)	4	7	0	2	12	2	2	2	3	2	7	3	1	16	3	0	3	3	0	8	0	4	9	2	3	10	5	4	2	4	7	10	3
THR-ASN-ARG (TNR)	92	214	73	72	237	67	80	177	61	93	244	61	139	458	81	58	139	41	91	208	79	80	184	42	111	240	69	79	234	64	84	100	43
CYS-ASN-LYS (CNK)	29	53	19	17	59	24	26	36	8	17	71	38	25	114	29	14	38	12	18	58	11	11	25	10	20	50	8	25	52	10	15	58	20
VAL-PRO-ASP (VPD)	99	242	90	100	180	79	92	180	86	74	121	60	143	434	94	90	253	43	62	132	56	55	136	65	75	98	50	60	351	40	48	112	86
SER-PRO-GLY (SPG)	58	184	44	58	238	50	76	268	49	47	209	46	119	417	64	66	193	41	51	143	52	67	189	43	65	332	42	59	295	51	36	62	32
TRP-ASN-ARG (WNR)	9	20	9	8	20	14	5	14	2	8	11	5	7	43	9	6	22	12	5	16	6	9	29	7	7	5	4	5	43	6	9	11	2
GLY-CYS-GLY (GCG)	27	60	20	24	93	20	32	116	29	38	64	31	67	166	29	23	102	37	28	116	32	21	76	20	9	31	16	17	67	10	22	31	24
TRP-CYS-CYS (WCC)	2	13	2	3	6	1	5	5	2	3	6	0	1	13	1	1	4	1	0	5	4	0	9	4	3	4	1	3	5	0	5	5	2
TRP-PRO-MET (WPM)	2	6	1	2	6	2	1	3	1	1	4	2	4	13	0	3	10	1	3	6	0	3	10	2	3	0	3	6	17	0	1	1	2
PHE-CYS-PRO (FCP)	6	16	8	4	20	5	7	12	2	6	15	4	3	42	6	7	13	6	5	16	30	5	16	9	7	45	6	9	10	3	9	27	6
TRP-ARG-GLU (WRE)	15	26	11	6	29	17	20	22	14	8	25	4	14	61	4	15	59	8	20	34	13	8	26	10	14	21	5	8	14	2	12	15	5
ILE-CYS-TYR (ICY)	9	25	5	9	41	11	19	33	8	12	28	10	13	66	13	7	19	5	8	19	10	16	54	9	18	30	6	9	22	3	19	49	8
GLY-CYS-TYR (GCY)	11	35	9	12	16	8	9	43	9	9	34	8	28	64	13	10	52	11	6	30	4	7	37	6	3	15	9	10	20	3	14	39	13
TRP-ASP-TYR (WDY)	29	57	12	25	55	19	26	57	11	26	43	12	44	112	37	19	56	18	20	40	32	24	51	25	16	23	11	24	28	14	18	43	19
MET-MET-TYR (MMY)	5	10	4	8	7	0	3	9	1	2	5	0	1	18	4	3	11	0	1	9	3	5	6	3	6	6	4	6	12	0	1	14	2
HIS-ASP-CYS (HDC)	2	10	2	2	11	2	3	2	1	0	13	3	1	15	1	2	8	6	3	4	4	5	6	3	3	11	0	1	4	3	4	6	0
HIS-TRP-LYS (HWK)	5	27	7	12	46	12	18	26	7	12	24	6	17	72	13	14	30	18	17	34	13	15	39	14	15	60	15	16	9	7	14	35	8
