	-30	-29	-28	-27	-26	-25	-24	-23	-22	-21	-20	-19	-18	-17	-16	-15	-14	-13	-12	-11	-10	-9	-8	-7	-6	-5	-4	-3	-2	-1	0	1	2
ALA_GCT	7710	7158	7051	7703	7320	6956	7369	7186	7060	7618	6997	7101	7478	7136	7011	7543	7405	7165	7795	7510	7206	8199	7424	7259	8061	7406	6950	7694	7948	5596	6991	5116	5335
ALA_GCC	2756	2781	2734	2834	2705	2534	2768	2904	2582	2877	2794	2643	2806	2745	2619	2729	2854	2785	2743	2982	2709	3034	2792	2740	2885	2816	2593	3173	3546	2180	2218	1712	2001
ALA_GCA	3166	3095	3007	3201	3014	2823	3292	3064	2786	3257	3146	3060	3717	3363	3000	3237	3263	2967	3510	3172	3035	3544	3151	3014	3563	3046	2928	3158	3263	2271	3114	2075	2788
ALA_GCG	472	423	397	414	425	395	410	402	354	374	418	427	601	513	444	436	370	406	431	455	419	439	439	402	468	426	371	422	374	310	381	313	267
ARG_CGT	1566	1496	1399	1463	1547	1350	1560	1386	1457	1549	1418	1400	1581	1563	1415	1569	1588	1401	1599	1497	1447	1448	1531	1462	1488	1508	1370	1455	1347	1275	1343	1275	771
ARG_CGG	201	157	161	175	174	169	186	180	155	195	173	189	285	249	181	211	226	216	193	205	173	214	187	172	225	226	187	235	188	187	203	106	85
ARG_CGC	117	121	104	113	102	110	160	125	121	133	132	123	177	152	114	150	147	114	128	132	121	144	129	126	125	159	127	134	118	146	104	82	59
ARG_CGA	828	665	661	796	683	679	774	759	699	790	681	699	1051	916	763	974	921	698	879	808	671	772	715	665	860	867	723	800	840	738	667	727	497
ARG_AGA	7413	7183	6747	7512	7295	6937	7587	7171	6751	7571	7368	6972	7665	7194	7139	7851	7188	6873	7823	7308	6904	7747	7645	7313	7771	7452	6791	7100	7333	6923	7559	8980	6444
ARG_AGG	543	554	515	581	548	498	635	527	485	556	506	556	686	603	543	652	590	507	624	530	544	565	600	570	624	585	544	540	608	533	581	352	317
ASN_AAT	8618	8089	7581	8338	7968	7621	8397	7957	7548	8424	7953	7402	8479	7823	7196	8952	8268	7563	8214	7913	7668	8150	7829	7572	8606	8147	7485	8710	7539	8210	10218	11515	8632
ASN_AAC	4091	3844	3728	4019	3884	3743	3982	3891	3707	4037	3978	3708	3985	3752	3636	4058	3960	3822	3898	3693	3619	3977	3884	3785	4103	4102	3763	4321	3770	4188	4803	5206	3897
ASP_GAT	12046	11141	11180	11860	11252	10965	11822	11281	11079	11744	11381	11057	12088	11376	11357	11562	11180	11179	11532	11685	11671	12856	11836	11277	12321	11284	11067	11589	11003	9797	11901	10062	14211
ASP_GAC	3573	3613	3767	3808	3502	3551	3729	3531	3473	3523	3627	3663	3820	3821	3657	3699	3580	3628	3700	3695	3779	3918	3874	3646	3649	3639	3435	3518	3589	3170	3627	3226	4688
CYS_TGT	1583	1475	1419	1570	1539	1543	1627	1545	1468	1648	1626	1549	1648	1598	1445	1587	1497	1436	1613	1648	1540	1532	1482	1393	1552	1609	1601	1571	1633	1599	1457	1389	863
CYS_TGC	192	172	196	226	208	179	227	181	168	219	180	184	204	198	219	182	223	179	235	197	208	244	215	168	206	192	208	220	210	248	157	179	112
GLN_CAA	8753	8305	8038	8865	8422	8040	8850	8426	8126	8757	8573	7859	8321	7998	8181	8869	8254	7872	8503	8186	8026	8278	8266	8046	8912	8774	8384	9254	8262	7949	8105	10342	8874
GLN_CAG	1385	1327	1240	1361	1285	1166	1271	1257	1263	1385	1227	1259	1368	1391	1223	1260	1243	1155	1255	1229	1189	1315	1350	1133	1349	1393	1218	1341	1139	1213	1345	1291	1049
GLU_GAA	17324	16592	16552	17456	16826	16300	17838	16690	16543	17126	16546	16942	17420	16621	16748	16753	16307	16849	17901	16970	16926	18071	16953	17024	17798	16657	16417	16086	16152	14778	17589	15113	26855
GLU_GAG	3621	3468	3297	3545	3445	3255	3493	3385	3250	3579	3408	3572	3726	3552	3345	3487	3611	3372	3597	3437	3557	3756	3555	3540	3796	3327	3214	3156	3205	2889	3059	2568	4327
GLY_GGT	7996	7447	7126	7880	7542	7085	7796	7486	7208	7960	7418	7230	7956	7598	7310	8025	8137	7376	7655	7893	7177	7985	7967	7425	7695	7629	6898	7529	8264	6405	5293	5590	4778
GLY_GGC	792	761	723	762	750	701	787	795	689	817	823	760	1015	953	777	819	804	706	780	832	704	926	775	740	803	776	739	815	934	762	426	596	563
GLY_GGA	3090	2890	2628	2809	2834	2745	2965	2901	2656	2907	2688	2770	3269	2967	2720	3185	3037	2706	2970	2926	2642	3054	3086	2953	3099	2862	2547	2718	3024	2351	1892	2271	2405
GLY_GGG	1381	1307	1157	1318	1222	1144	1463	1327	1215	1239	1338	1241	1567	1436	1256	1469	1351	1260	1365	1314	1152	1322	1466	1320	1462	1312	1304	1483	1474	1165	764	625	1022
HIS_CAT	2825	2610	2407	2676	2576	2554	2721	2567	2370	2712	2572	2366	2599	2590	2447	2880	2755	2446	2661	2641	2561	2710	2658	2512	2870	2691	2473	2984	2263	2328	2508	3264	2145
HIS_CAC	1344	1253	1302	1477	1319	1331	1351	1384	1308	1490	1331	1349	1393	1250	1328	1409	1353	1306	1390	1365	1357	1398	1447	1316	1396	1485	1392	1532	1216	1358	1227	1482	1132
ILE_ATT	8102	7691	7228	7879	7536	7382	8095	7484	7347	8008	7482	7051	7689	7527	7431	7845	7594	7254	7904	7752	7041	7705	7314	7093	8029	7351	7214	7995	7302	8315	10228	8305	6833
ILE_ATC	2696	2508	2474	2833	2600	2528	2738	2486	2505	2785	2567	2497	2698	2507	2443	2817	2574	2502	2585	2624	2404	2753	2528	2515	2647	2574	2570	2875	2517	3027	3206	2401	2517
ILE_ATA	2510	2418	2228	2503	2336	2335	2593	2388	2305	2570	2388	2226	2658	2507	2344	2780	2522	2359	2569	2342	2186	2451	2352	2342	2524	2335	2351	2533	2472	2765	3157	2687	2589
LEU_TTA	7285	7206	6818	7607	7066	6872	7678	7087	7156	7389	7111	6630	7305	6887	6827	7395	6922	6689	7452	6964	6719	7444	6986	6441	7260	7202	6812	7648	7997	8495	8032	7958	6353
LEU_TTG	8382	7947	7622	8392	7846	7700	8314	8040	7725	8245	7787	7606	8182	7921	7561	8381	7780	7696	8245	7671	7893	8392	8018	7570	8575	8189	7950	8667	8123	8283	8707	6974	4968
LEU_CTT	1439	1313	1238	1497	1441	1358	1487	1453	1365	1622	1409	1345	1512	1390	1266	1330	1232	1329	1529	1516	1335	1465	1359	1299	1443	1505	1398	1582	1302	1495	1357	1525	1014
LEU_CTC	341	332	308	369	321	301	345	306	331	420	315	288	380	385	298	364	317	352	347	319	316	392	353	327	297	472	325	416	330	374	295	334	222
LEU_CTA	639	643	513	628	632	595	604	622	516	617	549	579	794	787	573	682	593	571	701	634	590	640	636	564	632	620	588	651	582	647	612	645	535
LYS_AAA	14398	13668	13182	14509	13553	13563	14424	13593	13284	14539	13941	13059	14434	13748	13495	14742	13820	12989	14667	13293	12928	13898	13285	13037	14249	13515	13478	14593	13612	13859	16248	18632	17528
LYS_AAG	6295	6302	5846	6151	6162	5833	6552	6167	5844	6480	6100	6018	6691	6300	5947	6665	6417	5953	6720	5941	5956	6324	6423	6143	6506	6423	5993	6207	5774	6152	7263	7233	6032
PHE_TTT	4786	4486	4385	4736	4605	4274	4833	4541	4422	4815	4613	4317	4370	4384	4400	4858	4483	4335	4505	4457	4245	4607	4622	4127	4514	4717	4286	5092	4636	5161	4942	5378	3281
PHE_TTC	2888	2789	2912	3084	2792	2824	2870	2813	2814	3011	2790	2573	2775	2664	2587	2822	2703	2700	3050	2782	2721	2936	2822	2550	2715	2828	2796	3077	2935	3327	2901	2778	2320
PRO_CCT	2239	2075	2020	2305	2115	2067	2297	2133	1969	2340	2140	2101	2313	2116	1921	2571	2490	2053	2623	2315	2008	2212	2049	1988	2217	2129	2187	2772	2053	2161	1905	2208	1575
PRO_CCC	545	537	486	540	509	455	503	520	481	517	548	483	597	565	479	531	580	493	611	547	474	533	502	498	486	502	517	773	644	618	543	410	393
PRO_CCA	5658	5320	5265	5742	5452	5437	5763	5252	5162	5704	5369	5098	5788	5461	4997	6158	5798	5363	6356	5507	5120	5570	5231	5047	5513	5097	5440	6248	4826	4935	4481	4928	4814
PRO_CCG	502	445	428	470	424	373	477	460	398	449	419	403	524	461	445	485	473	399	534	421	433	481	421	413	445	405	473	523	407	451	457	394	277
SER_TCT	4554	4312	4121	4475	4210	4238	4489	4301	4202	4597	4173	4114	4395	4201	4017	4286	4054	4194	4430	4117	4112	4490	4155	4082	4288	4238	4112	4848	4521	4413	4151	4532	2944
SER_TCC	1754	1736	1691	1725	1627	1641	1807	1598	1796	1833	1697	1755	1781	1610	1636	1784	1610	1608	1715	1748	1710	1783	1574	1608	1704	1687	1752	1887	1849	1825	1726	1415	1223
SER_TCA	4427	4167	4014	4495	4464	4070	4430	4349	4126	4516	4350	4137	4431	4282	3965	4132	3914	4016	4459	4103	3970	4793	4134	4077	4297	4129	4251	4534	4656	4087	4372	4310	3802
SER_TCG	1061	1031	1022	1105	1069	900	983	1068	1035	1089	1092	975	1109	1094	971	1126	1045	994	1141	1037	983	1083	997	929	1123	988	1097	1077	1055	1020	1054	1005	682
SER_AGT	3277	3175	2833	3217	3129	2883	3223	3052	2845	3403	3047	2976	3158	2976	2969	3259	2917	2786	3280	3244	3045	3168	3292	3050	3167	3099	2909	2910	3082	3012	3227	3604	2046
SER_AGC	848	843	791	830	860	802	881	909	786	877	870	769	870	785	778	823	793	772	807	858	830	891	824	748	842	830	753	815	794	936	721	1013	625
SER_CTG	589	532	475	597	535	508	563	572	512	581	521	502	718	632	494	580	538	494	559	565	523	581	563	521	619	529	561	656	491	507	617	492	326
THR_ACT	5886	5598	5479	5724	5523	5381	5866	5549	5405	5977	5631	5300	5416	5205	5335	5619	5354	5200	5803	5338	5328	5707	5466	5513	6042	5267	5214	5751	5198	5140	7224	5569	4939
THR_ACC	2614	2473	2463	2623	2405	2331	2612	2532	2418	2671	2527	2456	2438	2337	2390	2518	2403	2293	2469	2337	2202	2543	2348	2339	2614	2284	2525	2650	2617	2408	2874	1867	2107
THR_ACA	2843	2613	2421	2738	2599	2435	2715	2675	2636	2803	2733	2530	2977	2734	2578	2750	2594	2551	2990	2632	2502	2879	2587	2601	3000	2519	2693	2893	2835	2648	3553	2789	2692
THR_ACG	653	575	619	612	599	568	616	597	598	654	606	543	652	643	592	643	544	554	654	541	595	648	600	636	695	581	601	610	542	590	823	611	424
TRP_TGG	1903	1807	1720	1939	1697	1684	1857	1814	1721	1936	1852	1811	2054	1912	1662	1879	1796	1802	2019	1935	1770	1944	1918	1834	2111	1989	1875	1992	1840	2179	1799	1007	1217
TYR_TAT	4154	4027	3845	4331	4115	3853	4312	4079	3807	4197	4154	3847	4338	4055	3769	4284	3946	3773	3968	3896	3809	4073	3886	3656	4095	4084	3713	4397	4183	4486	4566	5076	3436
TYR_TAC	2332	2271	2158	2481	2266	2075	2272	2276	2116	2387	2224	2148	2308	2191	2063	2298	2249	2234	2273	2166	2259	2258	2175	2142	2185	2391	2237	2502	2484	2598	2227	3023	1867
VAL_GTT	7254	6970	6621	7468	7112	6727	7371	7159	6482	7225	6908	6640	6845	6809	6657	7053	6696	6934	7129	6993	6524	7442	6658	6522	7162	6765	6330	7149	6504	5965	6649	5031	7287
VAL_GTC	1970	1995	2070	2092	2050	2091	2062	2040	2058	2166	2099	2000	2099	2079	2074	2200	2086	2066	2234	2195	2072	2305	2133	2004	2166	2047	2248	2243	2149	1854	1873	1411	2438
VAL_GTA	1662	1595	1579	1717	1609	1566	1754	1526	1598	1725	1620	1588	1669	1567	1541	1656	1597	1527	1690	1577	1551	1715	1445	1523	1683	1503	1442	1611	1539	1408	1693	1110	1803
VAL_GTG	1944	1807	1686	1950	1879	1821	1959	1896	1832	1996	1980	1817	2110	2026	1847	2020	1816	1772	2107	1991	1838	1983	1937	1801	2072	1884	1795	2086	2011	1563	2084	1198	1284
TERM_TAA	139	164	138	129	117	139	113	99	134	127	94	94	347	316	109	131	99	98	94	73	122	92	76	78	61	54	93	89	85	84	66	86	89
TERM_TGA	36	45	28	41	14	15	23	27	28	33	40	32	79	112	40	37	38	33	32	35	21	33	40	33	20	19	22	14	19	21	17	28	17
TERM_TAG	47	30	38	48	45	33	36	29	29	37	47	46	100	108	49	36	29	33	21	21	30	27	24	37	25	21	19	26	30	27	21	26	61
MET_ATG	3351	3221	2986	3407	3190	3070	3395	3314	3043	3428	3245	3110	3318	3246	3175	3619	3191	3205	3594	3166	3033	3228	3128	3110	3541	3105	3185	3485	3192	3297	4391	3156	2227
