	-27	-26	-25	-24	-23	-22	-21	-20	-19	-18	-17	-16	-15	-14	-13	-12	-11	-10	-9	-8	-7	-6	-5	-4	-3	-2	-1	0	1	2	3	4	5
ARG-ARG_CGACGA	2	1	2	5	3	1	3	3	1	5	3	3	18	25	6	5	5	4	4	1	0	3	3	4	4	5	1	1	1	1	2	1	2
ARG-SER_CGACTG	5	3	1	4	1	7	6	4	3	6	2	2	5	15	2	3	2	1	2	4	6	3	4	5	6	1	1	4	1	1	6	3	4
PRO-SER_CCCCTG	6	4	4	4	5	4	8	7	5	10	6	7	14	23	10	9	5	1	4	3	7	5	4	11	4	7	7	7	3	4	4	5	2
THR-GLY_ACCGGC	5	4	6	3	2	7	4	5	2	5	3	5	6	21	2	12	7	3	2	4	3	8	6	3	6	6	6	12	9	6	5	6	12
ARG-THR_CGCACT	4	2	2	3	2	1	2	1	3	3	2	3	6	10	4	3	2	7	3	1	3	4	5	2	5	4	3	1	2	2	3	5	4
GLY-LEU_GGGCTA	5	7	4	8	7	5	5	9	7	13	7	9	8	24	8	10	4	2	6	11	20	4	7	7	9	10	4	7	4	3	7	9	8
SER-PRO_TCGCCG	1	4	2	2	1	3	2	9	2	7	4	3	3	10	3	1	1	1	3	2	4	1	5	1	6	8	2	7	1	4	3	1	1
PRO-GLY_CCTGGG	20	9	8	20	19	11	16	16	14	18	20	14	59	58	19	30	20	16	21	15	11	18	18	21	21	20	22	32	36	20	10	7	9
LEU-ALA_CTAGCG	1	5	1	4	3	2	2	4	2	1	4	6	7	10	4	4	2	3	3	2	3	2	3	6	5	4	8	5	2	1	0	5	4
LEU-ARG_TTACGG	6	9	0	7	5	7	3	6	2	5	7	4	8	17	7	4	5	8	5	5	5	9	6	7	7	8	11	9	5	10	7	2	4
CYS-THR_TGCACT	1	5	6	7	8	6	7	0	8	2	2	0	2	10	3	4	6	1	9	4	5	3	4	1	5	2	2	5	1	1	2	5	0
GLY-SER_GGCAGC	4	2	4	3	7	4	3	13	7	7	6	3	4	15	5	11	13	3	8	5	8	8	5	5	2	9	4	0	2	5	6	6	5
VAL-SER_GTACTG	3	4	8	3	1	2	5	3	2	0	3	2	4	8	4	4	6	1	3	3	0	2	8	2	4	3	2	1	2	7	2	1	0
ARG-ILE_CGGATA	2	2	1	2	3	1	3	2	9	3	3	2	4	8	3	3	5	3	5	5	3	3	1	6	4	3	1	3	1	2	5	1	3
ALA-ARG_GCTAGG	11	4	6	5	7	12	11	6	10	7	8	5	10	19	10	8	5	8	6	9	9	8	6	10	13	4	3	6	6	7	8	4	3
GLY-LEU_GGACTC	8	3	9	5	6	8	7	7	6	10	7	12	12	17	6	11	10	6	7	6	5	4	6	4	4	10	11	3	4	5	4	4	1
ALA-GLY_GCGGGG	4	1	2	6	2	3	4	3	0	2	1	5	6	9	2	10	4	3	7	3	2	5	3	4	5	1	3	3	9	2	3	3	1
PRO-GLY_CCCGGT	5	4	4	5	7	13	11	8	6	11	7	5	13	19	6	11	10	3	4	8	6	7	4	6	8	6	8	12	8	13	5	9	4
ILE-GLY_ATAGGC	7	2	5	3	6	2	10	7	6	10	3	5	7	12	4	4	6	2	9	5	3	3	3	8	0	0	3	7	9	5	2	3	2
GLY-GLY_GGCGGG	6	9	3	5	5	3	4	3	7	3	2	1	7	11	6	5	3	2	4	3	4	4	5	3	5	9	5	2	8	6	4	1	2
ALA-CYS_GCATGC	9	5	6	7	4	7	13	10	8	6	2	2	7	16	9	5	9	4	7	7	6	9	11	8	6	8	2	5	6	7	1	5	5
GLY-ILE_GGCATA	10	3	6	8	8	13	11	4	11	6	13	5	9	19	8	13	5	6	11	9	11	6	11	7	8	7	8	2	2	3	8	6	7
GLN-GLY_CAGGGC	3	5	2	1	4	4	6	1	3	3	9	6	8	11	1	10	6	4	1	3	5	6	6	2	5	4	7	6	8	3	2	3	5
GLY-ALA_GGGGCG	6	5	3	7	5	2	2	7	3	4	6	3	17	12	8	8	4	4	2	14	5	3	4	3	4	3	10	3	1	2	3	3	3
CYS-ASN_TGCAAC	3	4	1	5	1	3	3	5	7	5	2	2	4	7	2	1	1	4	4	6	2	4	0	5	1	2	4	1	3	1	5	3	2
ALA-GLY_GCCGGG	4	7	9	9	4	5	8	3	5	11	12	8	12	21	11	13	15	13	17	8	5	13	9	9	11	9	13	9	16	12	5	4	2
PRO-ALA_CCGGCG	2	2	3	1	2	3	5	3	4	6	3	3	3	7	4	2	5	2	2	1	4	3	2	3	3	6	5	2	7	0	4	1	1
ARG-VAL_AGGGTT	11	17	5	15	8	9	9	17	5	18	14	8	12	26	10	17	11	9	13	8	15	10	15	4	17	12	15	17	6	7	12	6	9
ALA-SER_GCAAGC	5	9	14	12	12	6	13	11	15	19	11	9	7	23	12	13	14	9	8	8	3	7	11	11	14	15	8	7	6	5	7	11	9
GLY-CYS_GGTTGC	4	5	3	5	6	2	4	4	2	5	3	5	6	9	1	4	6	2	7	4	3	4	6	2	7	4	2	3	6	2	3	4	2
ALA-SER_GCGTCG	7	10	11	1	5	5	8	4	12	10	8	3	4	13	5	3	16	6	7	5	6	8	2	4	6	5	1	4	1	3	9	2	5
ARG-VAL_CGTGTA	11	24	16	16	10	11	7	13	10	16	10	14	15	23	14	11	15	15	12	15	6	3	14	7	7	7	3	4	5	5	6	3	7
ILE-ALA_ATAGCG	6	3	4	4	4	6	6	4	5	11	11	1	6	11	4	4	2	3	4	11	7	3	7	6	5	6	5	7	0	3	9	2	1
TYR-ARG_TACAGG	8	6	1	3	4	2	2	9	4	4	3	4	7	10	8	4	1	1	4	2	5	8	2	4	2	12	10	4	10	4	6	2	0
SER-ALA_CTGGCC	15	2	3	4	7	4	4	3	7	5	8	8	6	14	6	4	10	3	6	10	6	5	7	8	3	6	3	12	9	9	11	5	6
ARG-ILE_CGAATC	5	12	2	9	4	8	6	4	8	8	6	10	8	16	4	9	7	5	10	7	7	7	12	11	6	14	7	7	4	7	6	6	11
PRO-GLU_CCGGAG	2	3	2	9	4	4	2	1	10	3	3	6	11	10	8	3	6	3	5	9	3	6	3	5	9	3	4	4	6	2	4	3	3
SER-TYR_AGCTAT	17	19	12	14	31	15	19	16	15	30	18	24	14	35	23	12	19	11	16	13	11	14	12	19	12	17	15	16	17	15	17	10	10
ARG-HIS_CGACAT	5	3	5	10	5	10	6	3	5	11	14	9	7	14	6	8	8	5	9	9	5	6	6	6	8	6	4	5	9	4	4	5	5
HIS-LEU_CATCTA	12	6	0	9	5	6	4	8	7	8	4	2	9	14	3	5	5	8	12	5	8	7	7	8	6	7	5	5	6	6	8	8	12
GLY-THR_GGGACG	9	4	6	4	3	1	2	4	3	4	4	3	8	11	4	7	2	6	8	8	12	5	13	8	4	10	6	4	1	2	3	1	7
ARG-ASN_CGGAAT	5	5	6	3	4	23	6	4	12	15	10	11	6	15	9	10	7	7	11	7	10	5	10	5	6	4	3	1	2	5	6	5	4
HIS-ARG_CACCGT	8	7	12	4	5	12	8	9	11	4	5	7	7	16	5	3	8	10	6	13	12	9	14	6	6	7	6	13	7	5	5	5	4
PRO-VAL_CCGGTG	16	17	10	17	17	9	12	9	14	10	21	6	15	26	9	8	9	6	10	6	12	17	14	16	13	12	22	18	19	4	13	10	4
ILE-GLN_ATCCAG	24	19	20	17	24	20	14	14	15	22	24	16	18	37	19	10	24	14	16	19	19	12	13	15	17	19	25	21	15	9	22	18	9
ALA-ALA_GCAGCG	13	5	6	5	8	9	4	8	3	5	6	6	22	15	7	9	6	4	5	9	8	7	10	4	8	7	8	5	7	4	8	10	3
VAL-PRO_GTGCCG	5	10	9	10	9	3	2	8	3	6	15	9	8	16	6	8	6	10	10	8	8	15	12	8	6	6	5	14	5	1	11	5	4
VAL-ARG_GTGAGG	4	8	2	5	13	3	29	7	8	3	8	7	9	14	4	5	5	6	13	11	8	5	5	7	5	6	4	3	5	3	3	9	2
ALA-ARG_GCAAGG	4	4	10	5	4	5	13	8	9	6	8	3	2	13	11	11	3	6	12	6	7	3	7	5	0	6	1	8	3	7	14	5	5
GLY-PRO_GGTCCC	13	6	8	9	5	11	7	3	9	8	7	3	15	16	10	7	14	9	5	13	3	8	6	6	14	14	6	6	3	10	2	6	3
