	F0	F1	F2
0	3	0	1
1	3	3	1
2	108	162	159
3	98	106	86
4	25	31	23
5	21	20	35
6	3	3	1
7	20	20	22
8	15	18	16
9	8	3	11
10	33	32	27
11	59	63	46
12	30	22	27
13	541	626	679
14	4	6	1
15	300	330	278
16	0	0	0
17	1	1	0
18	66	50	53
19	23	27	32
20	18	18	13
21	18	15	18
22	0	0	0
23	19	21	18
24	0	2	1
25	7	6	15
26	5	8	3
27	158	125	144
28	7	10	6
29	4	2	6
30	0	0	0
31	23	21	25
32	21	24	17
33	27	31	31
34	3	2	1
35	5	6	4
36	3	7	6
37	96	116	113
38	4	9	5
39	5	2	8
40	8	7	7
41	186	218	198
42	1	2	6
43	81	77	74
44	4	9	3
45	11	13	10
46	10	9	6
47	29	19	16
48	3	8	5
49	66	60	63
50	81	64	53
51	2	3	0
52	129	131	143
53	23	28	38
54	23	18	13
55	3	8	10
56	0	1	0
57	160	136	128
58	49	51	58
59	11	7	7
60	3	3	1
61	3	1	0
62	12	11	18
63	12	11	12
64	11	12	10
65	9	8	5
66	14	13	15
67	58	59	44
68	3	8	3
69	1	2	2
70	0	1	0
71	19	4	27
72	52	50	41
73	2	1	5
74	3	9	5
75	2	4	0
76	41	57	37
77	2	1	0
78	5	3	3
79	27	30	14
80	5	5	2
81	9	11	15
82	43	31	29
83	10	13	15
84	20	9	15
85	197	184	175
86	2	9	3
87	37	37	34
88	152	120	117
89	2	4	0
90	6	4	4
91	68	65	48
92	19	14	13
93	22	22	26
94	30	26	36
95	7	4	3
96	6	8	3
97	71	81	63
98	43	37	31
99	8	15	4
100	1	1	4
101	162	169	117
102	53	50	47
103	52	35	31
104	2	1	1
105	18	20	21
106	40	25	31
107	10	6	8
108	0	0	0
109	11	7	12
110	1	1	5
111	10	7	10
112	0	0	0
113	3	4	2
114	29	18	25
115	0	0	0
116	13	6	12
117	1	1	0
118	8	5	5
119	25	13	34
120	164	144	151
121	9	5	4
122	1	2	1
123	235	221	241
124	17	17	13
125	65	64	60
126	16	3	11
127	26	11	8
128	4	6	2
129	29	17	19
130	0	0	0
131	30	28	24
132	22	18	11
133	15	20	23
134	152	187	171
135	29	29	30
136	0	0	0
137	3	4	5
138	108	100	88
139	7	2	1
140	16	12	14
141	115	93	56
142	13	17	7
143	16	15	23
144	235	261	211
145	74	75	43
146	0	0	1
147	1	0	0
148	14	21	13
149	331	300	219
150	8	3	7
151	21	10	17
152	40	28	19
153	31	25	44
154	162	175	169
155	53	47	39
156	1	4	6
157	8	4	5
158	8	7	4
159	2	2	4
160	12	4	8
161	151	142	135
162	54	33	56
163	2	1	3
164	16	14	13
165	0	0	0
166	0	0	2
167	22	29	13
168	39	31	42
169	16	11	22
170	8	5	8
171	9	13	17
172	3	6	7
173	68	76	46
174	175	172	196
175	0	1	0
176	18	24	13
177	3	2	2
178	0	0	0
179	3	5	8
180	0	0	0
181	4	3	4
182	4	14	6
183	5	2	0
184	2	4	1
185	4	8	9
186	20	15	13
187	17	13	13
188	0	0	0
189	4	0	2
190	2	3	5
191	2	1	3
192	3	4	3
193	119	113	128
194	7	2	3
195	9	7	8
196	5	3	2
197	0	0	1
198	5	2	5
199	19	16	16
200	0	0	0
201	43	56	39
202	0	1	2
203	106	66	89
204	54	52	40
205	13	10	6
206	10	12	14
207	0	1	1
208	26	27	23
209	7	6	8
210	1	1	1
211	1	0	1
212	8	5	14
213	35	25	53
214	149	126	122
215	4	2	4
216	39	32	29
217	3	3	0
218	23	14	11
219	21	17	21
220	3	9	3
221	348	367	365
222	53	31	34
223	13	5	7
224	52	37	31
225	506	430	446
226	2	6	5
227	11	9	11
228	13	24	25
229	8	1	4
230	5	6	9
231	0	0	0
232	19	27	18
233	0	0	1
234	0	1	0
235	18	18	11
236	10	13	8
237	40	37	43
238	5	9	10
239	1	1	0
240	14	16	15
241	12	6	9
242	14	13	13
243	1	0	0
244	2	1	3
245	0	0	0
246	0	1	0
247	48	36	48
248	11	12	8
249	1	1	3
250	14	15	10
251	19	15	25
252	35	14	11
253	2	3	3
254	8	8	4
255	70	68	65
256	0	0	0
257	48	45	37
258	27	45	22
259	21	20	10
260	4	11	5
261	13	12	5
262	19	17	15
263	7	8	5
264	27	38	30
265	2	3	8
266	13	20	18
267	32	27	22
268	26	20	29
269	8	1	4
270	4	1	1
271	1	2	0
272	26	23	19
273	4	3	5
274	1	2	2
275	4	4	4
276	1	1	0
277	94	95	84
278	399	386	340
279	122	121	132
280	6	2	0
281	16	14	7
282	123	118	134
283	59	54	68
284	22	22	17
285	152	212	199
286	52	44	52
287	49	61	53
288	16	10	14
289	50	48	55
290	2	0	1
291	1	3	3
292	21	21	17
293	1	3	2
294	5	2	2
295	172	143	151
296	11	16	9
297	132	105	92
298	108	110	102
299	27	33	32
300	0	2	0
301	14	14	12
302	11	11	13
303	0	2	0
304	39	67	41
305	94	75	61
306	45	58	42
307	14	10	6
308	1	2	1
309	5	1	3
310	55	47	40
311	100	78	91
312	334	306	310
313	945	1021	967
314	35	34	25
315	11	9	9
316	23	8	11
317	20	46	12
318	5	4	1
319	17	8	12
320	49	41	46
321	32	23	9
322	0	0	0
323	16	16	9
324	4	8	5
325	20	18	25
326	6	10	7
327	63	48	60
328	7	6	12
329	8	3	4
330	12	16	17
331	20	20	20
332	0	0	0
333	2	5	4
334	1	0	1
335	21	16	25
336	26	28	13
337	12	7	6
338	26	50	34
339	1	0	0
340	5	3	2
341	19	15	10
342	13	13	10
343	87	71	57
344	6	4	7
345	22	16	14
346	8	7	9
347	0	2	0
348	19	14	22
349	20	17	18
350	29	34	36
351	1463	1415	1715
352	14	8	5
353	5	2	2
354	5	8	3
355	15	7	6
356	28	28	23
357	80	68	50
358	2	1	1
359	0	0	0
360	0	0	0
361	0	1	0
362	168	176	134
363	4	6	7
364	35	45	28
365	45	44	50
366	0	0	0
367	36	24	24
368	2	2	5
369	7	4	10
370	28	18	14
371	1	0	0
372	1	1	0
373	9	9	11
374	218	233	254
375	0	0	0
376	4	3	0
377	5	4	6
378	6	3	1
379	53	40	28
380	12	11	13
381	1	0	1
382	97	108	109
383	197	175	174
384	0	0	0
385	1	1	0
386	18	10	15
387	68	72	78
388	53	63	52
389	7	3	3
390	96	88	66
391	145	134	143
392	4	6	3
393	29	39	41
394	52	46	59
395	79	73	63
396	1	0	0
397	2	4	2
398	110	93	118
399	515	561	539
400	1	1	2
401	4	10	8
402	96	88	83
403	3	2	3
404	11	1	3
405	8	9	15
406	5	7	9
407	16	13	13
408	488	480	451
409	77	40	56
410	6	5	5
411	48	38	49
412	4	5	0
413	0	0	0
414	18	29	19
415	0	0	0
416	0	2	1
417	9	21	12
418	52	65	37
419	2	2	2
420	2	2	4
421	4	11	9
422	17	10	10
423	19	10	9
424	0	1	1
425	5	2	6
426	3	1	6
427	3	5	4
428	0	0	1
429	28	48	35
430	90	78	65
431	245	246	244
432	24	19	20
433	9	14	11
434	0	0	0
435	14	8	11
436	24	24	16
437	17	15	18
438	0	0	0
439	4	4	1
440	5	5	9
441	0	2	0
442	65	70	73
443	1	2	5
444	0	0	0
445	7	7	8
446	86	71	55
447	35	26	30
448	12	23	18
449	0	0	0
450	14	11	9
451	3	2	5
452	59	64	53
453	3	4	1
454	26	26	24
455	0	0	0
456	2	10	7
457	164	182	166
458	8	4	2
459	1	1	0
460	0	2	0
461	0	0	0
462	91	85	60
463	45	37	44
464	1019	907	967
465	26	13	9
466	29	30	25
467	77	59	68
468	3	4	2
469	6	5	0
470	5	2	1
471	86	85	77
472	138	114	139
473	12	16	9
474	0	1	2
475	15	20	15
476	0	0	1
477	16	16	16
478	11	12	5
479	0	1	0
480	0	0	0
481	1	2	6
482	25	34	30
483	5	4	2
484	2	3	6
485	14	21	14
486	69	71	57
487	3	1	1
488	21	37	15
489	52	64	51
490	0	0	0
491	15	14	15
492	79	65	68
493	3	3	5
494	86	106	109
495	51	55	63
496	5	3	2
497	2	6	2
498	16	11	15
499	2	1	1
500	27	18	22
501	11	11	8
502	53	49	30
503	19	30	22
504	4	7	5
505	5	11	11
506	1	1	3
507	90	59	55
508	0	0	0
509	0	0	0
510	13	20	21
511	8	6	4
512	0	0	1
513	16	12	11
514	144	125	125
515	8	8	7
516	2	3	0
517	18	9	14
518	13	13	15
519	5	7	4
520	9	4	6
521	16	18	15
522	0	0	0
523	91	93	101
524	87	75	39
525	9	8	7
526	32	45	35
527	4	6	8
528	1	7	2
529	0	0	0
530	1	1	0
531	0	0	0
532	66	60	53
533	7	6	0
534	89	70	72
535	0	1	0
536	6	3	2
537	17	19	14
538	2	1	1
539	6	5	1
540	9	7	7
541	6	3	4
542	0	0	0
543	1	0	1
544	77	78	77
545	2	4	6
546	1	1	3
547	8	13	14
548	0	0	0
549	21	15	18
550	18	12	8
551	1	0	1
552	10	12	9
553	131	120	89
554	5	6	3
555	9	12	11
556	0	0	0
557	9	7	8
558	0	3	4
559	0	0	0
560	17	19	26
561	9	6	7
562	1	4	4
563	3	5	3
564	8	9	3
565	42	37	34
566	15	16	9
567	9	7	5
568	21	26	25
569	447	410	486
570	17	5	4
571	1	2	4
572	35	25	28
573	0	0	0
574	0	0	0
575	151	197	107
576	0	0	0
577	13	8	7
578	3	4	0
579	0	0	0
580	17	20	16
581	51	28	46
582	0	0	0
583	16	11	7
584	2	0	0
585	40	43	37
586	1	1	0
587	39	26	31
588	12	9	12
589	0	0	0
590	0	2	2
591	0	0	1
592	31	28	16
593	23	21	18
594	20	17	10
595	0	0	0
596	22	22	26
597	656	548	655
598	90	62	86
599	53	47	49
600	6	11	15
601	6	4	2
602	6	0	5
603	37	25	26
604	282	236	203
605	26	28	25
606	83	88	90
607	22	24	16
608	3	0	2
609	1158	1137	1043
610	27	38	31
611	60	85	82
612	0	0	0
613	0	0	1
614	38	53	41
615	2	1	3
616	10	2	5
617	11	7	4
618	23	17	18
619	13	9	11
620	3	9	7
621	10	6	11
622	3	2	2
623	8	2	13
624	16	15	12
625	51	55	64
626	2	1	0
627	17	17	18
628	22	11	11
629	5	7	10
630	19	17	15
631	6	7	6
632	59	35	40
633	2	0	0
634	20	22	18
635	0	0	0
636	0	1	0
637	0	0	0
638	180	189	169
639	26	21	20
640	30	32	25
641	5	2	3
642	107	81	83
643	10	8	7
644	127	125	125
645	2	3	1
646	5	15	13
647	47	55	48
648	18	15	11
649	24	20	18
650	8	4	6
651	0	0	0
652	25	29	27
653	2	5	1
654	39	48	23
655	0	0	0
656	42	26	37
657	7	6	6
658	273	243	210
659	24	29	22
660	118	112	78
661	79	76	81
662	1	2	1
663	0	0	0
664	7	9	8
665	2	4	5
666	16	17	8
667	7	28	16
668	27	21	22
669	0	0	0
670	4	2	3
671	21	21	20
672	4	5	2
673	17	25	20
674	13	11	9
675	0	0	0
676	0	3	2
677	120	122	108
678	0	2	2
679	33	29	26
680	9	6	7
681	46	37	46
682	7	4	11
683	59	53	75
684	111	83	112
685	2	1	3
686	0	0	0
687	20	18	24
688	1	3	3
689	41	36	32
690	0	1	0
691	17	11	13
692	135	115	138
693	8	10	5
694	10	24	14
695	0	0	0
696	39	36	36
697	2	4	2
698	3	1	2
699	11	8	10
700	0	0	0
701	13	10	12
702	10	8	18
703	1	6	3
704	0	1	0
705	8	4	4
706	0	0	1
707	0	0	0
708	6	6	11
709	0	0	0
710	9	15	22
711	22	15	16
712	39	23	43
713	90	82	90
714	109	76	67
715	69	65	69
716	23	8	18
717	9	7	7
718	7	2	1
719	5	9	1
720	10	6	9
721	7	14	11
722	4	1	1
723	144	133	115
724	16	26	18
725	53	58	53
726	6	6	8
727	36	29	29
728	102	89	49
729	1	3	3
730	32	34	30
731	50	51	47
732	76	59	42
733	2	1	1
734	0	1	0
735	60	59	52
736	12	12	11
737	53	51	66
738	4	9	5
739	0	0	0
740	216	182	159
741	1	1	4
742	10	7	7
743	37	36	30
744	411	522	447
745	19	18	17
746	145	125	112
747	56	54	46
748	7	5	8
749	1	3	5
750	1	1	1
751	80	74	64
752	3	2	2
753	150	120	111
754	8	1	3
755	0	1	4
756	214	181	190
757	34	30	21
758	1	0	1
759	5	18	9
760	11	9	11
761	57	51	51
762	249	228	205
763	55	57	38
764	21	14	8
765	65	39	75
766	1	1	2
767	2	1	1
768	0	0	1
769	117	133	112
770	12	15	11
771	310	320	313
772	18	9	7
773	24	17	19
774	4	3	5
775	33	37	24
776	10	6	13
777	2	0	0
778	17	22	17
779	7	3	9
780	20	21	23
781	3	2	3
782	4	12	11
783	94	76	87
784	3	4	3
785	6	4	4
786	0	0	0
787	14	20	14
788	52	51	59
789	28	19	35
790	3	2	2
791	16	13	12
792	19	17	8
793	171	175	168
794	42	25	33
795	13	15	16
796	9	13	13
797	1	5	4
798	4	5	5
799	9	3	3
800	19	20	12
801	17	19	20
802	1	1	1
803	478	341	343
804	45	35	35
805	10	7	7
806	39	35	34
807	3	5	3
808	12	8	12
809	0	0	0
810	12	18	20
811	12	9	12
812	13	15	14
813	204	219	215
814	3	1	0
815	0	0	0
816	0	0	0
817	2	4	1
818	13	12	10
819	90	81	77
820	16	6	20
821	3	2	1
822	2	4	2
823	10	4	9
824	47	29	50
825	2	8	8
826	5	4	5
827	34	48	19
828	18	22	13
829	59	43	35
830	4	4	9
831	49	57	48
832	6	7	7
833	27	27	22
834	43	37	43
835	0	2	1
836	18	17	15
837	113	117	99
838	36	36	25
839	7	1	3
840	4	6	7
841	6	2	3
842	5	3	6
843	8	7	5
844	0	0	0
845	0	0	0
846	56	47	42
847	4	4	2
848	13	17	13
849	4	3	1
850	12	13	25
851	5	7	3
852	4	2	2
853	0	0	1
854	7	6	6
855	9	12	10
856	5	13	5
857	36	43	39
858	5	0	4
859	0	0	0
860	1	0	0
861	3	6	1
862	7	16	13
863	2	4	5
864	46	26	26
865	34	36	34
866	21	17	19
867	2	1	6
868	20	17	12
869	0	0	0
870	0	0	0
871	15	17	14
872	1	0	1
873	45	46	44
874	56	73	58
875	18	9	8
876	1	1	0
877	84	89	99
878	0	0	0
879	21	19	23
880	13	8	5
881	0	2	3
882	15	18	13
883	0	4	0
884	4	5	6
885	0	0	0
886	0	0	0
887	3	3	1
888	9	5	9
889	4	4	4
890	97	85	62
891	87	80	99
892	0	4	1
893	17	19	16
894	2	2	1
895	71	51	55
896	2	3	2
897	0	0	0
898	73	57	46
899	24	30	16
900	8	10	7
901	0	0	0
902	7	4	4
903	8	3	4
904	1	4	3
905	9	7	8
906	26	17	22
907	11	19	10
908	20	35	22
909	0	0	0
910	55	56	52
911	5	4	1
912	25	25	38
913	59	45	47
914	24	12	19
915	0	0	0
916	0	0	0
917	6	10	4
918	18	25	23
919	0	0	0
920	0	0	0
921	6	9	3
922	8	5	7
923	26	13	15
924	2	5	2
925	16	9	10
926	8	3	2
927	40	43	32
928	36	33	23
929	78	60	46
930	21	18	13
931	0	0	0
932	0	0	0
933	21	16	15
934	14	10	7
935	86	62	74
936	15	15	13
937	0	0	1
938	86	91	82
939	4	12	1
940	3	3	0
941	64	64	60
942	0	0	0
943	5	3	3
944	12	9	6
945	14	21	22
946	104	96	75
947	55	50	46
948	62	63	52
949	0	0	0
950	6	9	8
951	300	285	253
952	2	8	6
953	2	5	5
954	0	0	0
955	10	1	1
956	4	4	2
957	1	0	0
958	2	1	0
959	0	2	1
960	40	45	59
961	53	39	44
962	52	43	36
963	130	101	112
964	4	6	5
965	0	1	1
966	8	8	3
967	0	0	0
968	106	124	89
969	27	55	21
970	5	6	3
971	9	13	18
972	269	215	233
973	26	28	18
974	1	2	2
975	0	1	0
976	3	2	2
977	8	6	18
978	31	29	28
979	0	0	1
980	3	2	2
981	0	0	0
982	11	9	2
983	92	77	77
984	734	656	619
985	11	5	8
986	31	31	25
987	63	61	45
988	21	17	20
989	560	489	431
990	202	183	200
991	7	3	2
992	1	1	3
993	3	1	2
994	17	20	17
995	6	2	7
996	2	1	0
997	4	4	7
998	7	7	8
999	3	4	3
1000	4	4	7
1001	145	145	141
1002	17	14	25
1003	0	0	0
1004	30	15	15
1005	3	1	0
1006	53	67	65
1007	0	0	0
1008	9	8	14
1009	85	63	88
1010	27	23	23
1011	5	2	2
1012	26	30	17
1013	5	0	9
1014	5	7	3
1015	22	18	21
1016	311	269	263
1017	19	14	10
1018	349	297	287
1019	0	0	0
1020	16	10	8
1021	169	196	174
1022	13	7	10
1023	0	0	0
1024	24	36	32
1025	13	20	18
1026	0	1	0
1027	90	104	104
1028	34	26	23
1029	6	5	10
1030	14	7	9
1031	4	2	2
1032	11	10	19
1033	24	27	24
1034	2	4	1
1035	5	3	1
1036	4	3	2
1037	7	3	11
1038	9	9	3
1039	6	8	6
1040	29	33	26
1041	24	13	11
1042	79	67	78
1043	2	0	1
1044	8	13	5
1045	1	4	3
1046	0	0	0
1047	1	2	0
1048	11	11	15
1049	0	1	0
1050	11	18	11
1051	27	23	32
1052	1	0	0
1053	6	6	7
1054	0	0	0
1055	45	37	39
1056	74	41	36
1057	25	14	14
1058	17	15	22
1059	0	1	0
1060	391	311	317
1061	5	3	4
1062	764	741	676
1063	36	25	11
1064	135	137	157
1065	45	37	51
1066	3	2	1
1067	23	24	15
1068	0	0	0
1069	19	15	12
1070	2	4	8
1071	4	3	8
1072	0	0	0
1073	53	60	75
1074	56	67	65
1075	4	2	1
1076	5	1	4
1077	1	2	1
1078	132	107	110
1079	5	4	3
1080	2	6	3
1081	0	0	0
1082	0	0	0
1083	7	3	5
1084	53	56	56
1085	13	12	9
1086	8	3	5
1087	1	5	2
1088	7	5	6
1089	0	0	0
1090	0	0	0
1091	2	5	3
1092	71	83	56
1093	4	16	20
1094	8	8	12
1095	5	6	7
1096	152	148	120
1097	1	2	3
1098	1	2	1
1099	13	8	15
1100	4	1	0
1101	71	81	69
1102	69	57	50
1103	14	6	8
1104	2	2	4
1105	67	51	40
1106	2	2	1
1107	97	118	133
1108	83	60	86
1109	1	2	0
1110	0	0	0
1111	0	0	1
1112	23	22	16
1113	2	4	2
1114	0	0	0
1115	0	1	1
1116	14	17	12
1117	7	8	4
1118	0	0	0
1119	143	134	119
1120	1	0	0
1121	2	6	1
1122	2	3	1
1123	0	0	1
1124	3	4	5
1125	0	1	0
1126	19	9	10
1127	8	9	3
1128	0	0	1
1129	0	0	0
1130	1	2	1
1131	3	3	0
1132	7	12	9
1133	1	0	1
1134	33	26	25
1135	46	39	35
1136	21	12	9
1137	265	224	201
1138	5	8	2
1139	23	17	12
1140	11	9	9
1141	0	2	0
1142	1	2	0
1143	15	19	14
1144	44	40	38
1145	21	23	26
1146	0	0	0
1147	28	31	27
1148	47	55	37
1149	23	20	13
1150	1	3	2
1151	97	91	80
1152	251	274	252
1153	5	2	1
1154	37	37	26
1155	8	18	7
1156	2	2	0
1157	142	164	139
1158	0	0	0
1159	0	2	0
1160	85	82	59
1161	25	17	21
1162	13	7	10
1163	13	19	11
1164	10	8	20
1165	53	41	59
1166	0	0	0
1167	3	2	1
1168	8	1	9
1169	3	2	0
1170	94	79	65
1171	6	2	7
1172	324	274	343
1173	2	3	3
1174	2	0	2
1175	0	0	0
1176	57	64	54
1177	25	25	29
1178	34	32	59
1179	1	1	1
1180	3	1	0
1181	17	23	9
1182	0	0	0
1183	5	7	4
1184	13	10	19
1185	2	7	4
1186	162	162	143
1187	742	680	729
1188	11	7	8
1189	5	4	4
1190	1	7	3
1191	4	6	4
1192	16	9	14
1193	16	13	10
1194	1	0	4
1195	0	0	0
1196	4	5	5
1197	0	1	0
1198	2	0	2
1199	2	3	2
1200	1	0	0
1201	0	1	0
1202	0	1	0
1203	0	0	0
1204	7	15	5
1205	134	121	103
1206	18	12	15
1207	63	70	65
1208	8	6	0
1209	101	100	90
1210	159	149	137
1211	75	78	74
1212	20	16	17
1213	0	0	0
1214	0	0	0
1215	172	133	124
1216	28	29	19
1217	35	27	24
1218	44	58	66
1219	1	0	0
1220	57	57	46
1221	0	0	0
1222	3	4	1
1223	8	3	6
1224	16	10	15
1225	2	1	1
1226	12	17	10
1227	17	22	31
1228	6	1	2
1229	16	15	17
1230	0	0	1
1231	254	237	229
1232	6	4	4
1233	11	6	11
1234	18	22	23
1235	26	30	22
1236	14	9	10
1237	36	41	40
1238	20	12	15
1239	6	7	7
1240	8	6	2
1241	0	2	1
1242	158	173	177
1243	0	0	2
1244	0	0	0
1245	0	1	0
1246	2	0	0
1247	126	150	109
1248	8	5	4
1249	4	5	4
1250	4	6	2
1251	25	19	21
1252	14	18	17
1253	5	3	3
1254	9	8	8
1255	51	38	32
1256	0	1	1
1257	5	4	1
1258	1	3	4
1259	475	470	449
1260	4	6	6
1261	7	14	8
1262	4	3	8
1263	10	12	14
1264	4	6	2
1265	162	193	176
1266	24	28	13
1267	15	18	28
1268	3	1	2
1269	391	373	396
1270	20	13	10
1271	14	13	13
1272	0	3	1
1273	17	16	18
1274	6	4	3
1275	193	173	160
1276	1	2	2
1277	1	0	0
1278	156	219	159
1279	20	15	12
1280	40	23	25
1281	35	21	21
1282	0	0	0
1283	48	52	61
1284	6	14	11
1285	38	36	22
1286	26	31	32
1287	10	10	9
1288	30	26	29
1289	38	20	22
1290	18	20	14
1291	0	1	0
1292	9	8	9
1293	42	29	20
1294	1	4	3
1295	1	1	0
1296	5	11	7
1297	0	0	0
1298	0	0	0
1299	0	3	1
1300	8	5	6
1301	19	14	17
1302	11	19	13
1303	93	87	66
1304	7	6	9
1305	6	5	10
1306	76	101	88
1307	4	3	6
1308	14	10	20
1309	157	155	159
1310	18	22	15
1311	40	43	44
1312	36	31	29
1313	0	0	1
1314	0	0	0
1315	5	16	3
1316	36	29	31
1317	21	21	22
1318	45	73	40
1319	71	71	92
1320	12	20	17
1321	600	545	582
1322	1	3	2
1323	340	353	387
1324	312	286	325
1325	17	15	17
1326	2	3	4
1327	4	12	3
1328	10	9	7
1329	201	222	138
1330	12	16	9
1331	19	23	12
1332	6	12	12
1333	13	6	8
1334	13	10	8
1335	9	11	13
1336	14	22	12
1337	3	4	4
1338	24	23	18
1339	19	23	24
1340	45	30	67
1341	45	40	38
1342	8	7	4
1343	1	6	3
1344	9	8	8
1345	183	170	153
1346	34	36	36
1347	2	3	8
1348	0	0	0
1349	0	0	0
1350	0	0	0
1351	0	2	0
1352	16	16	13
1353	29	53	68
1354	52	53	47
1355	0	0	0
1356	63	80	74
1357	488	473	393
1358	7	7	14
1359	3	9	10
1360	3	3	4
1361	1	1	3
1362	43	49	35
1363	182	176	122
1364	5	2	7
1365	5	7	6
1366	25	28	22
1367	1	3	0
1368	52	41	37
1369	7	6	20
1370	24	28	44
1371	31	36	41
1372	8	11	4
1373	0	0	0
1374	1	1	1
1375	78	79	77
1376	2	4	5
1377	2	2	1
1378	20	14	20
1379	73	94	86
1380	0	0	0
1381	3	2	1
1382	31	25	16
1383	7	4	2
1384	23	11	26
1385	32	38	20
1386	14	21	12
1387	81	74	82
1388	3	3	1
1389	26	32	18
1390	250	303	227
1391	2	1	4
1392	195	180	169
1393	2	4	5
1394	14	20	14
1395	0	0	0
1396	71	49	60
1397	0	0	0
1398	29	38	45
1399	12	7	4
1400	0	0	0
1401	17	12	11
1402	10	5	1
1403	0	0	0
1404	0	0	0
1405	11	11	15
1406	4	2	2
1407	7	9	10
1408	15	18	4
1409	0	3	2
1410	3	3	5
1411	0	1	0
1412	0	1	0
1413	24	26	14
1414	0	0	1
1415	0	0	2
1416	2	1	2
1417	45	35	48
1418	120	137	113
1419	24	23	13
1420	37	46	48
1421	10	9	9
1422	0	1	1
1423	0	0	0
1424	0	0	1
1425	1	2	1
1426	6	5	1
1427	11	11	9
1428	1	0	1
1429	13	12	11
1430	81	82	71
1431	9	5	9
1432	21	24	30
1433	0	0	0
1434	1	3	1
1435	12	7	6
1436	1	2	2
1437	0	0	0
1438	0	0	0
1439	0	0	0
1440	16	15	11
1441	0	0	0
1442	5	2	4
1443	14	9	18
1444	28	20	12
1445	77	78	88
1446	6	4	6
1447	2	2	1
1448	12	17	13
1449	0	0	0
1450	0	0	0
1451	0	1	1
1452	22	14	24
1453	6	4	5
1454	19	21	25
1455	142	133	135
1456	43	31	36
1457	0	0	0
1458	25	10	20
1459	3	3	6
1460	20	23	18
1461	0	0	0
1462	3	1	1
1463	50	55	50
1464	16	12	17
1465	30	30	24
1466	1	2	1
1467	32	28	23
1468	6	3	5
1469	6	6	4
1470	11	10	10
1471	12	12	8
1472	18	19	17
1473	9	17	15
1474	5	3	2
1475	17	11	26
1476	12	13	11
1477	66	69	63
1478	240	201	233
1479	16	13	27
1480	37	42	35
1481	66	40	65
1482	26	32	28
1483	30	21	15
1484	13	16	15
1485	0	0	1
1486	2	2	0
1487	0	0	0
1488	29	24	40
1489	231	208	257
1490	7	3	5
1491	0	0	0
1492	3	7	9
1493	2	0	1
1494	17	20	20
1495	0	1	1
1496	55	74	65
1497	25	18	31
1498	0	0	0
1499	14	24	19
1500	5	7	2
1501	35	20	19
1502	174	155	133
1503	13	11	7
1504	3	2	4
1505	75	79	89
1506	0	0	0
1507	0	0	0
1508	56	49	56
1509	34	37	34
1510	7	9	9
1511	14	20	15
1512	0	0	0
1513	3	4	4
1514	6	2	4
1515	7	24	12
1516	2	1	2
1517	5	8	1
1518	234	218	213
1519	0	0	0
1520	14	21	18
1521	9	13	16
1522	10	14	8
1523	71	68	68
1524	0	0	2
1525	3	1	3
1526	2	0	0
1527	52	49	35
1528	33	38	26
1529	1	3	1
1530	54	48	44
1531	34	44	35
1532	4	10	8
1533	21	15	11
1534	2	4	6
1535	102	76	79
1536	15	6	14
1537	2	1	0
1538	13	14	10
1539	37	41	38
1540	49	41	37
1541	67	52	50
1542	1	1	2
1543	0	0	0
1544	80	86	57
1545	371	329	304
1546	0	0	1
1547	45	20	25
1548	0	0	0
1549	0	0	0
1550	87	64	100
1551	59	56	51
1552	48	40	28
1553	2	7	6
1554	12	11	13
1555	23	26	20
1556	33	37	27
1557	0	0	0
1558	0	0	0
1559	6	8	9
1560	23	15	20
1561	13	21	17
1562	11	7	13
1563	17	19	20
1564	1	1	0
1565	34	33	35
1566	97	61	55
1567	8	10	13
1568	0	0	0
1569	45	44	31
1570	36	35	34
1571	3	2	2
1572	30	22	32
1573	64	72	75
1574	0	0	0
1575	2	10	2
1576	3	2	6
1577	117	101	106
1578	35	39	21
1579	12	16	6
1580	143	167	143
1581	13	23	19
1582	0	0	0
1583	35	45	27
1584	115	126	108
1585	8	16	23
1586	11	9	8
1587	1	0	0
1588	765	727	728
1589	0	0	0
1590	0	0	0
1591	3	1	3
1592	4	9	8
1593	1	1	3
1594	0	1	0
1595	3	2	3
1596	6	3	4
1597	4	12	4
1598	2	2	4
1599	0	1	0
1600	19	10	17
1601	11	7	10
1602	8	4	8
1603	25	34	29
1604	51	64	57
1605	19	24	15
1606	25	29	23
1607	1	0	0
1608	127	118	109
1609	119	64	81
1610	1	1	0
1611	0	0	0
1612	1	2	3
1613	10	5	6
1614	4	3	10
1615	36	39	52
1616	5	5	2
1617	0	0	0
1618	11	21	15
1619	12	7	12
1620	11	7	12
1621	29	20	17
1622	1	3	3
1623	0	0	0
1624	2	1	0
1625	99	65	68
1626	11	14	5
1627	0	1	0
1628	4	2	1
1629	282	264	247
1630	11	11	9
1631	32	22	35
1632	81	72	70
1633	22	18	21
1634	5	9	6
1635	3	6	6
1636	2	2	2
1637	21	12	20
1638	55	37	26
1639	3	3	3
1640	61	40	42
1641	20	24	24
1642	574	630	670
1643	0	1	3
1644	1	1	1
1645	5	0	1
1646	15	17	20
1647	4	4	1
1648	67	78	64
1649	2	1	1
1650	825	789	756
1651	11	11	10
1652	0	2	1
1653	20	20	34
1654	26	18	16
1655	127	123	89
1656	2	3	2
1657	5	3	4
1658	61	35	71
1659	49	39	42
1660	1	0	0
1661	11	10	13
1662	11	10	16
1663	3	13	12
1664	11	5	10
1665	12	5	8
1666	0	0	0
1667	46	74	60
1668	1	1	1
1669	123	99	115
1670	77	67	70
1671	5	6	6
1672	23	28	21
1673	9	13	6
1674	8	5	9
1675	2	3	2
1676	29	22	18
1677	54	59	63
1678	34	37	32
1679	5	8	6
1680	70	53	46
1681	18	18	17
1682	22	14	10
1683	15	22	8
1684	87	77	58
1685	38	31	51
1686	2	3	2
1687	1	1	1
1688	5	5	2
1689	1	0	2
1690	1	3	3
1691	0	0	0
1692	4	4	4
1693	0	0	0
1694	2	1	0
1695	8	13	3
1696	9	2	1
1697	1	1	0
1698	0	0	0
1699	5	2	5
1700	36	28	26
1701	17	16	15
1702	152	101	120
1703	1	1	1
1704	162	124	141
1705	130	117	114
1706	210	198	178
1707	60	38	46
1708	0	0	1
1709	4	5	5
1710	0	1	2
1711	0	2	0
1712	128	132	91
1713	15	14	11
1714	26	22	10
1715	29	25	20
1716	80	77	61
1717	35	36	22
1718	535	539	541
1719	3	3	0
1720	7	7	7
1721	65	58	43
1722	0	0	0
1723	1	0	0
1724	6	5	7
1725	36	23	30
1726	7	9	8
1727	58	55	63
1728	19	18	12
1729	1734	1609	1551
1730	0	0	0
1731	6	12	8
1732	0	0	1
1733	236	200	167
1734	29	32	30
1735	54	46	64
1736	0	1	2
1737	8	6	5
1738	13	16	8
1739	16	15	14
1740	6	3	7
1741	388	330	305
1742	5	2	7
1743	7	10	11
1744	10	3	5
1745	4	1	7
1746	33	26	25
1747	4	5	8
1748	1	2	0
1749	4	4	2
1750	4	4	2
1751	36	31	21
1752	120	126	118
1753	19	24	12
1754	10	5	10
1755	0	0	0
1756	25	14	15
1757	29	27	21
1758	13	7	6
1759	19	14	21
1760	0	1	0
1761	28	24	21
1762	6	7	2
1763	1	3	0
1764	0	0	0
1765	0	1	0
1766	0	0	0
1767	1	1	1
1768	0	0	0
1769	1	0	0
1770	154	145	170
1771	286	252	239
1772	8	12	7
1773	5	5	4
1774	10	12	7
1775	9	8	9
1776	100	118	100
1777	4	4	4
1778	321	340	342
1779	72	54	75
1780	11	18	17
1781	293	270	235
1782	393	373	457
1783	15	37	30
1784	71	58	67
1785	16	9	8
1786	0	0	0
1787	50	96	54
1788	77	81	74
1789	22	10	24
1790	2	3	3
1791	6	9	9
1792	2	2	4
1793	0	0	0
1794	1	1	1
1795	14	14	9
1796	263	266	266
1797	916	805	791
1798	13	9	8
1799	1	2	4
1800	1	0	0
1801	6	7	11
1802	1	1	0
1803	121	119	100
1804	20	18	16
1805	487	434	395
1806	10	6	3
1807	69	56	40
1808	9	3	7
1809	119	97	78
1810	12	24	5
1811	0	0	0
1812	18	15	18
1813	3	4	3
1814	18	17	17
1815	10	6	8
1816	3	8	8
1817	10	6	6
1818	12	15	10
1819	0	1	0
1820	1	2	2
1821	2	0	2
1822	211	218	226
1823	196	150	173
1824	19	15	35
1825	4	1	2
1826	15	13	5
1827	11	7	7
1828	68	59	73
1829	3	5	3
1830	0	0	0
1831	2	6	4
1832	17	11	11
1833	0	2	1
1834	15	26	28
1835	143	119	107
1836	0	3	0
1837	24	32	29
1838	41	44	40
1839	6	5	1
1840	3	9	5
1841	46	39	29
1842	31	29	23
1843	37	32	29
1844	28	19	23
1845	11	3	5
1846	3	2	3
1847	36	53	27
1848	10	8	4
1849	0	0	1
1850	1	0	0
1851	158	134	162
1852	14	13	8
1853	4	4	2
1854	178	194	159
1855	9	21	16
1856	1	0	1
1857	2	1	1
1858	33	17	15
1859	5	6	7
1860	1	5	2
1861	61	64	67
1862	14	9	5
1863	4	8	7
1864	7	4	6
1865	8	10	9
1866	107	97	99
1867	0	0	2
1868	129	166	139
1869	6	7	5
1870	110	102	100
1871	14	11	9
1872	32	48	55
1873	20	17	8
1874	29	27	19
1875	5	4	13
1876	7	5	4
1877	60	54	53
1878	21	17	27
1879	12	14	12
1880	11	14	22
1881	192	199	191
1882	53	51	49
1883	5	3	3
1884	7	2	8
1885	59	59	39
1886	72	74	68
1887	6	2	5
1888	0	0	0
1889	11	10	13
1890	23	16	13
1891	10	10	9
1892	0	0	0
1893	0	0	0
1894	45	36	52
1895	0	0	0
1896	46	48	32
1897	40	42	36
1898	2	3	3
1899	5	4	4
1900	2	3	4
1901	4	5	0
1902	5	1	3
1903	2	1	3
1904	1	0	1
1905	20	7	9
1906	15	18	18
1907	2	11	8
1908	13	10	9
1909	2	3	0
1910	1	2	0
1911	25	16	26
1912	67	62	48
1913	21	28	38
1914	24	21	31
1915	0	2	0
1916	6	9	8
1917	0	0	0
1918	84	82	80
1919	2	1	2
1920	44	49	51
1921	0	0	0
1922	45	30	33
1923	81	66	64
1924	12	11	15
1925	7	13	4
1926	54	44	55
1927	5	1	6
1928	44	62	50
1929	3	3	6
1930	1	0	0
1931	8	3	8
1932	3	6	11
1933	1	3	0
1934	25	18	30
1935	55	47	32
1936	3	4	4
1937	2	3	1
1938	0	0	0
1939	249	239	216
1940	1	1	0
1941	136	134	157
1942	48	36	39
1943	1	0	0
1944	2	3	19
1945	4	2	6
1946	9	5	7
1947	13	12	15
1948	10	3	3
1949	4	4	1
1950	0	0	1
1951	3	2	3
1952	45	45	49
1953	1	0	0
1954	3	0	2
1955	0	1	0
1956	35	32	26
1957	0	0	0
1958	6	5	8
1959	0	0	0
1960	216	214	226
1961	30	18	11
1962	42	18	8
1963	25	19	21
1964	17	6	4
1965	7	9	1
1966	3	4	6
1967	0	0	1
1968	3	1	0
1969	108	86	101
1970	91	85	55
1971	0	0	1
1972	1	3	1
1973	5	3	4
1974	16	11	11
1975	3	0	2
1976	10	6	13
1977	54	71	65
1978	49	35	36
1979	117	101	89
1980	0	0	0
1981	13	11	7
1982	77	83	50
1983	4	2	2
1984	5	6	4
1985	5	2	1
1986	9	9	7
1987	4	6	6
1988	1	0	1
1989	2	0	0
1990	7	5	6
1991	19	12	9
1992	80	75	66
1993	0	0	0
1994	2	4	3
1995	61	49	51
1996	72	53	44
1997	10	6	7
1998	18	19	23
1999	14	15	15
2000	8	7	7
2001	1	2	2
2002	2	5	10
2003	11	13	11
2004	19	22	12
2005	14	17	7
2006	7	12	9
2007	163	117	115
2008	11	7	8
2009	14	17	13
2010	17	13	11
2011	1	1	0
2012	50	42	39
2013	7	11	9
2014	12	19	6
2015	5	2	0
2016	6	3	2
2017	1	0	1
2018	0	0	0
2019	2	3	0
2020	1	0	1
2021	0	0	0
2022	11	14	21
2023	5	6	4
2024	75	75	73
2025	18	16	15
2026	114	76	95
2027	30	40	35
2028	79	87	68
2029	89	87	79
2030	9	3	7
2031	179	187	176
2032	41	44	53
2033	3	10	3
2034	6	11	6
2035	12	22	25
2036	13	8	12
2037	6	4	4
2038	12	13	17
2039	31	29	19
2040	38	31	36
2041	87	88	71
2042	48	32	39
2043	16	19	8
2044	3	3	2
2045	3	5	2
2046	0	0	0
2047	5	4	7
2048	17	29	25
2049	221	216	169
2050	0	0	1
2051	0	2	1
2052	17	21	24
2053	30	44	48
2054	43	45	54
2055	0	0	0
2056	1	1	1
2057	6	14	5
2058	18	23	30
2059	38	44	31
2060	99	88	85
2061	14	12	12
2062	3	4	3
2063	0	0	0
2064	0	0	0
2065	4	1	3
2066	25	20	22
2067	558	524	434
2068	0	1	0
2069	1	2	0
2070	0	0	0
2071	0	0	0
2072	3	2	1
2073	16	27	25
2074	6	3	6
2075	24	12	26
2076	0	0	0
2077	6	7	5
2078	0	0	0
2079	7	1	3
2080	23	19	25
2081	20	10	12
2082	4	2	3
2083	0	1	2
2084	62	51	39
2085	12	12	4
2086	14	10	11
2087	181	154	126
2088	2	0	3
2089	95	107	75
2090	178	174	153
2091	23	22	17
2092	0	0	0
2093	128	103	118
2094	0	0	0
2095	0	0	2
2096	5	8	2
2097	0	1	0
2098	0	0	0
2099	1	4	1
2100	7	6	4
2101	3	4	1
2102	6	7	3
2103	39	38	28
2104	0	0	0
2105	2	1	1
2106	0	0	0
2107	239	195	201
2108	1	2	4
2109	1	2	1
2110	0	0	0
2111	42	53	47
2112	0	0	0
2113	12	12	15
2114	10	5	4
2115	2	2	4
2116	14	16	11
2117	19	24	17
2118	1	0	1
2119	0	1	0
2120	0	0	0
2121	0	0	0
2122	389	325	348
2123	18	15	13
2124	1	4	2
2125	0	0	0
2126	2	1	4
2127	0	0	0
2128	163	141	119
2129	0	0	0
2130	2	4	5
2131	217	165	171
2132	9	7	5
2133	102	100	99
2134	1	1	2
2135	0	0	0
2136	66	64	52
2137	14	11	20
2138	59	50	36
2139	46	38	43
2140	19	27	25
2141	0	0	0
2142	303	311	330
2143	2	7	5
2144	18	12	13
2145	9	13	5
2146	156	129	144
2147	1	0	0
2148	33	28	34
2149	5	3	1
2150	28	27	25
2151	8	12	10
2152	1	0	0
2153	0	1	2
2154	34	27	21
2155	90	83	88
2156	71	45	56
2157	7	9	6
2158	0	0	0
2159	789	787	750
2160	0	1	0
2161	22	16	18
2162	33	36	29
2163	8	7	7
2164	42	48	55
2165	0	1	0
2166	2	0	1
2167	7	3	2
2168	1	6	2
2169	37	43	25
2170	6	4	5
2171	0	0	0
2172	0	0	0
2173	1	0	2
2174	4	5	6
2175	78	110	58
2176	4	2	3
2177	6	2	0
2178	0	0	0
2179	2	3	2
2180	0	1	2
2181	3	3	3
2182	0	9	6
2183	5	3	1
2184	2	4	0
2185	63	52	55
2186	2	0	2
2187	230	206	214
2188	8	6	2
2189	47	72	65
2190	2	6	2
2191	0	0	0
2192	53	35	38
2193	0	0	0
2194	0	0	0
2195	58	45	48
2196	5	7	9
2197	8	11	5
2198	12	12	5
2199	1	4	4
2200	0	0	0
2201	67	55	70
2202	3	2	1
2203	3	0	0
2204	1	1	2
2205	42	58	38
2206	0	1	1
2207	1	0	0
2208	21	27	24
2209	1	1	0
2210	648	635	588
2211	0	0	0
2212	0	0	0
2213	8	7	9
2214	23	24	23
2215	26	16	15
2216	40	36	39
2217	8	7	6
2218	11	4	7
2219	27	18	17
2220	331	290	298
2221	17	16	10
2222	19	10	16
2223	2	1	3
2224	2	3	1
2225	14	11	8
2226	29	20	25
2227	18	29	19
2228	6	3	9
2229	1	6	1
2230	15	22	13
2231	11	7	5
2232	1	0	0
2233	1	1	0
2234	4	4	5
2235	7	9	5
2236	1	1	1
2237	19	24	19
2238	145	141	130
2239	57	81	69
2240	3	3	5
2241	19	27	13
2242	15	14	14
2243	2	2	0
2244	10	9	15
2245	97	124	123
2246	11	11	9
2247	35	67	54
2248	27	30	33
2249	11	12	14
2250	5	9	4
2251	5	6	9
2252	8	4	3
2253	0	0	0
2254	0	0	1
2255	0	0	0
2256	4	3	4
2257	2	3	2
2258	0	0	0
2259	1	0	1
2260	17	12	9
2261	2	4	3
2262	4	4	2
2263	24	13	18
2264	4	2	5
2265	0	1	0
2266	52	39	35
2267	32	30	37
2268	35	18	26
2269	19	10	2
2270	10	11	9
2271	5	3	6
2272	167	159	134
2273	1	0	0
2274	8	1	11
2275	0	1	0
2276	50	53	57
2277	66	50	45
2278	0	1	1
2279	0	0	0
2280	13	10	12
2281	117	99	100
2282	22	13	7
2283	68	63	89
2284	26	21	24
2285	0	1	2
2286	4	1	5
2287	0	0	0
2288	2	2	2
2289	4	2	3
2290	0	0	0
2291	10	12	14
2292	6	5	2
2293	25	30	15
2294	25	25	25
2295	13	9	3
2296	5	8	5
2297	137	149	74
2298	4	5	7
2299	136	139	152
2300	12	6	10
2301	135	115	135
2302	2	0	1
2303	14	16	8
2304	0	0	0
2305	0	0	0
2306	4	3	7
2307	14	10	13
2308	41	35	32
2309	1	1	6
2310	26	15	19
2311	43	37	43
2312	1	0	1
2313	13	15	12
2314	5	11	10
2315	10	12	11
2316	76	51	55
2317	2	4	1
2318	298	270	296
2319	1	3	4
2320	72	52	41
2321	0	1	1
2322	11	13	13
2323	1	2	0
2324	21	13	9
2325	526	457	477
2326	1	3	5
2327	3	6	2
2328	0	0	0
2329	33	46	43
2330	16	19	16
2331	18	28	23
2332	14	9	5
2333	9	14	7
2334	212	205	181
2335	12	8	3
2336	0	0	0
2337	41	35	37
2338	25	16	14
2339	21	23	10
2340	8	8	4
2341	2	0	3
2342	7	7	6
2343	3	8	6
2344	36	28	24
2345	1	0	1
2346	4	8	9
2347	111	100	87
2348	24	26	10
2349	38	38	22
2350	0	0	0
2351	0	0	0
2352	8	2	6
2353	55	71	62
2354	395	437	369
2355	21	22	12
2356	71	77	69
2357	0	0	0
2358	141	169	135
2359	0	0	0
2360	0	0	0
2361	18	25	19
2362	8	9	9
2363	4	9	0
2364	0	0	0
2365	21	20	16
2366	1	0	0
2367	0	0	1
2368	0	0	0
2369	60	59	57
2370	195	184	166
2371	37	30	20
2372	78	72	57
2373	35	39	17
2374	39	44	47
2375	6	13	14
2376	1	1	1
2377	3	5	1
2378	40	23	39
2379	20	48	29
2380	15	9	8
2381	5	6	5
2382	82	85	108
2383	2	2	6
2384	0	1	1
2385	3	3	2
2386	0	0	0
2387	35	42	43
2388	0	0	0
2389	0	0	0
2390	172	155	154
2391	41	41	37
2392	20	26	20
2393	5	3	4
2394	15	13	15
2395	1	1	1
2396	2	4	2
2397	2	1	0
2398	9	11	7
2399	3	2	3
2400	102	68	105
2401	41	29	35
2402	178	166	172
2403	3	1	3
2404	1	1	0
2405	0	0	0
2406	3	0	2
2407	1	1	1
2408	24	11	13
2409	12	17	12
2410	4	5	5
2411	11	11	13
2412	8	3	8
2413	51	37	50
2414	28	16	20
2415	13	7	9
2416	40	35	20
2417	781	762	822
2418	41	43	23
2419	11	10	6
2420	21	22	21
2421	17	19	22
2422	7	1	3
2423	17	11	17
2424	25	9	13
2425	17	6	12
2426	10	15	10
2427	30	16	27
2428	7	4	13
2429	395	382	367
2430	19	12	17
2431	85	98	92
2432	16	12	8
2433	9	5	3
2434	13	10	12
2435	3	5	6
2436	1	1	4
2437	9	5	6
2438	6	5	4
2439	3	2	2
2440	37	30	28
2441	0	0	0
2442	1059	865	797
2443	5	8	8
2444	15	6	23
2445	1	2	1
2446	0	0	0
2447	0	1	0
2448	4	11	9
2449	60	41	54
2450	5	5	5
2451	2	3	2
2452	9	8	6
2453	3	2	6
2454	1	0	2
2455	33	25	23
2456	4	3	2
2457	37	55	54
2458	30	35	23
2459	3	10	3
2460	23	24	14
2461	152	173	131
2462	16	21	14
2463	1	1	0
2464	0	0	0
2465	72	81	76
2466	6	9	4
2467	2	1	3
2468	10	8	20
2469	37	42	28
2470	1	5	3
2471	24	21	19
2472	1	2	4
2473	207	186	188
2474	13	12	22
2475	0	0	0
2476	32	39	46
2477	5	7	4
2478	5	3	8
2479	1	6	1
2480	21	25	32
2481	1	1	3
2482	61	68	70
2483	15	26	19
2484	0	1	0
2485	5	6	4
2486	148	133	138
2487	42	56	44
2488	18	16	16
2489	100	104	98
2490	48	33	29
2491	0	0	0
2492	15	16	16
2493	68	57	52
2494	3	1	1
2495	8	12	5
2496	14	13	15
2497	14	11	7
2498	33	49	53
2499	3	0	1
2500	15	14	23
2501	0	1	0
2502	6	7	3
2503	9	10	8
2504	5	4	3
2505	13	16	11
2506	29	41	30
2507	77	67	48
2508	63	58	56
2509	7	6	7
2510	0	0	0
2511	11	13	11
2512	76	60	63
2513	6	9	5
2514	3	3	1
2515	52	35	29
2516	62	58	58
2517	84	90	74
2518	4	3	5
2519	23	13	17
2520	44	35	30
2521	73	73	60
2522	5	1	1
2523	75	53	53
2524	0	0	0
2525	2	5	1
2526	0	0	2
2527	0	5	0
2528	14	13	18
2529	7	0	3
2530	0	0	0
2531	6	3	3
2532	165	131	169
2533	145	127	122
2534	0	0	0
2535	144	101	143
2536	15	23	16
2537	162	197	165
2538	0	0	0
2539	0	0	0
2540	7	0	2
2541	1	8	2
2542	7	7	4
2543	183	157	187
2544	4	7	7
2545	52	45	39
2546	2	4	7
2547	88	66	79
2548	150	127	96
2549	8	9	7
2550	41	38	42
2551	123	117	104
2552	0	0	0
2553	22	12	14
2554	4	10	6
2555	101	91	93
2556	10	6	12
2557	0	0	0
2558	90	85	71
2559	0	0	0
2560	72	59	78
2561	9	15	15
2562	1	1	2
2563	12	9	3
2564	12	10	11
2565	0	0	1
2566	0	1	2
2567	366	322	353
2568	0	0	0
2569	27	36	23
2570	30	48	31
2571	38	35	23
2572	38	32	33
2573	29	16	14
2574	1	1	2
2575	0	1	0
2576	0	0	0
2577	226	218	234
2578	20	11	13
2579	202	172	136
2580	31	40	29
2581	0	0	0
2582	0	1	2
2583	6	4	3
2584	2	1	1
2585	22	18	9
2586	0	0	0
2587	2	3	1
2588	103	88	93
2589	9	9	5
2590	1	1	5
2591	8	4	10
2592	0	0	0
2593	2	5	6
2594	0	0	0
2595	5	9	11
2596	17	6	14
2597	9	5	10
2598	39	33	51
2599	8	6	2
2600	1	0	0
2601	0	0	0
2602	73	51	52
2603	0	0	5
2604	171	168	170
2605	0	0	0
2606	0	0	0
2607	4	1	0
2608	11	5	5
2609	94	96	77
2610	19	15	14
2611	0	0	0
2612	2	6	4
2613	0	0	1
2614	1	1	1
2615	0	0	1
2616	3	2	3
2617	1	1	0
2618	30	18	16
2619	0	0	0
2620	25	20	15
2621	42	48	40
2622	113	128	113
2623	7	5	9
2624	0	0	0
2625	0	0	0
2626	0	0	0
2627	0	1	3
2628	0	0	0
2629	19	12	8
2630	44	46	35
2631	3	0	4
2632	2	2	1
2633	10	8	7
2634	4	4	1
2635	11	7	9
2636	26	26	19
2637	7	4	2
2638	1	0	0
2639	4	1	1
2640	0	0	0
2641	33	34	25
2642	3	3	3
2643	22	25	19
2644	4	5	13
2645	1	1	4
2646	1	0	2
2647	1	2	1
2648	2	3	0
2649	57	28	41
2650	99	83	62
2651	8	21	6
2652	17	19	15
2653	7	5	7
2654	22	29	16
2655	3	2	7
2656	5	3	6
2657	19	27	28
2658	10	11	7
2659	5	0	4
2660	0	1	1
2661	1	1	2
2662	20	7	10
2663	1	4	10
2664	23	21	29
2665	80	81	106
2666	3	1	2
2667	21	14	14
2668	7	4	7
2669	0	1	0
2670	2	2	4
2671	3	1	1
2672	0	1	0
2673	1	1	0
2674	22	26	20
2675	20	22	20
2676	1	0	2
2677	10	6	2
2678	7	5	5
2679	21	20	19
2680	0	0	0
2681	0	0	0
2682	28	25	20
2683	0	0	0
2684	1	0	0
2685	0	0	0
2686	0	0	0
2687	0	1	0
2688	58	75	61
2689	20	24	20
2690	22	22	15
2691	24	17	10
2692	0	0	0
2693	13	13	13
2694	2	2	1
2695	43	50	30
2696	1	2	1
2697	5	11	10
2698	5	8	3
2699	38	30	28
2700	1	0	0
2701	10	18	11
2702	57	56	51
2703	12	5	6
2704	11	17	12
2705	6	3	3
2706	12	6	11
2707	14	14	10
2708	0	1	0
2709	19	16	14
2710	10	16	24
2711	38	41	32
2712	15	18	12
2713	30	35	42
2714	2	7	0
2715	18	14	36
2716	0	0	0
2717	1	1	0
2718	2	0	3
2719	0	5	2
2720	5	2	6
2721	0	0	0
2722	37	42	39
2723	9	8	15
2724	106	119	127
2725	131	150	191
2726	0	1	0
2727	23	22	18
2728	5	3	2
2729	8	17	12
2730	76	83	45
2731	0	0	0
2732	2	1	2
2733	5	3	2
2734	0	0	0
2735	0	0	0
2736	0	0	0
2737	10	18	8
2738	14	16	13
2739	3	7	1
2740	14	11	7
2741	7	8	8
2742	64	72	55
2743	128	120	125
2744	0	0	0
2745	5	2	3
2746	2	2	0
2747	5	6	5
2748	1	1	0
2749	13	16	11
2750	28	45	36
2751	9	7	11
2752	4	4	9
2753	13	15	6
2754	15	18	15
2755	21	12	10
2756	146	139	122
2757	0	0	0
2758	0	0	0
2759	15	18	14
2760	52	43	39
2761	0	0	0
2762	30	15	16
2763	419	328	349
2764	42	22	14
2765	23	19	14
2766	3	3	1
2767	6	15	6
2768	9	7	8
2769	742	687	737
2770	0	0	0
2771	1	4	2
2772	70	67	46
2773	2	2	0
2774	7	7	10
2775	3	2	3
2776	18	11	16
2777	0	0	0
2778	2	3	1
2779	394	342	334
2780	195	180	188
2781	26	23	15
2782	17	14	8
2783	0	0	1
2784	4	3	1
2785	0	0	0
2786	8	6	10
2787	7	3	4
2788	95	92	81
2789	26	12	19
2790	6	9	9
2791	7	11	4
2792	4	6	6
2793	498	465	506
2794	81	70	119
2795	316	347	313
2796	0	0	0
2797	66	47	29
2798	0	0	0
2799	18	12	10
2800	13	23	30
2801	240	222	213
2802	18	22	23
2803	12	14	8
2804	22	16	16
2805	3	4	4
2806	37	26	23
2807	489	414	434
2808	20	18	8
2809	157	200	178
2810	11	10	15
2811	49	34	29
2812	12	3	3
2813	9	8	11
2814	12	10	7
2815	0	0	1
2816	4	10	11
2817	14	11	11
2818	0	0	0
2819	1	3	2
2820	190	174	180
2821	15	23	15
2822	23	13	22
2823	0	1	0
2824	26	23	14
2825	67	64	56
2826	182	162	186
2827	20	19	24
2828	1	2	0
2829	8	15	11
2830	1012	957	941
2831	244	254	233
2832	222	167	178
2833	0	0	0
2834	172	101	117
2835	15	19	12
2836	10	11	9
2837	23	29	26
2838	10	6	6
2839	3	5	1
2840	300	236	261
2841	17	17	15
2842	2	1	0
2843	3	1	1
2844	70	57	33
2845	6	9	12
2846	1153	983	1007
2847	4	4	6
2848	5	7	4
2849	1	1	1
2850	46	36	36
2851	18	10	14
2852	6	7	13
2853	12	10	6
2854	7	10	5
2855	7	16	7
2856	22	17	15
2857	11	9	7
2858	92	99	114
2859	9	6	4
2860	1	2	0
2861	7	2	2
2862	12	10	9
2863	4	6	10
2864	0	3	0
2865	7	7	10
2866	0	0	0
2867	32	21	20
2868	0	0	0
2869	0	0	0
2870	0	0	0
2871	192	198	201
2872	0	0	0
2873	14	13	8
2874	170	141	114
2875	29	47	41
2876	9	22	5
2877	185	144	147
2878	6	7	13
2879	0	0	0
2880	4	2	3
2881	5	11	4
2882	12	27	18
2883	4	4	6
2884	27	16	7
2885	8	5	3
2886	14	20	8
2887	0	0	0
2888	4	1	2
2889	10	18	20
2890	82	73	87
2891	38	30	31
2892	3	3	2
2893	6	6	1
2894	13	12	12
2895	12	9	12
2896	24	17	20
2897	8	10	8
2898	18	13	6
2899	41	37	24
2900	59	27	22
2901	1	2	2
2902	3	4	2
2903	31	33	19
2904	141	165	150
2905	57	48	56
2906	298	290	265
2907	0	0	0
2908	5	6	2
2909	30	17	23
2910	51	41	34
2911	6	9	8
2912	9	6	6
2913	72	70	55
2914	4	10	9
2915	26	40	23
2916	1	2	4
2917	17	13	8
2918	11	11	10
2919	3	5	3
2920	0	0	0
2921	1	3	1
2922	11	4	6
2923	62	57	38
2924	1	0	1
2925	24	32	19
2926	1	6	1
2927	91	64	87
2928	7	9	5
2929	6	4	8
2930	15	12	8
2931	17	25	15
2932	80	89	85
2933	84	75	74
2934	5	2	6
2935	54	44	68
2936	3	13	4
2937	1	1	3
2938	20	21	39
2939	39	34	26
2940	83	81	81
2941	22	18	23
2942	9	8	8
2943	4	5	2
2944	21	18	20
2945	26	26	24
2946	88	97	79
2947	11	2	2
2948	19	9	5
2949	6	5	4
2950	2	0	1
2951	126	100	116
2952	1	0	0
2953	4	1	4
2954	2	0	1
2955	2	0	1
2956	5	7	6
2957	9	23	9
2958	4	9	8
2959	1	1	3
2960	5	1	2
2961	7	6	8
2962	22	24	18
2963	31	25	28
2964	35	24	23
2965	2	2	4
2966	35	33	26
2967	0	0	0
2968	0	1	1
2969	5	6	4
2970	12	9	7
2971	26	20	23
2972	26	37	21
2973	68	70	56
2974	0	1	2
2975	41	29	38
2976	17	16	17
2977	63	58	61
2978	17	15	9
2979	0	0	0
2980	0	0	0
2981	2	1	1
2982	13	3	8
2983	50	35	35
2984	50	41	49
2985	1	3	0
2986	0	1	0
2987	190	165	192
2988	0	0	0
2989	42	35	32
2990	6	6	7
2991	20	5	13
2992	5	3	2
2993	0	0	0
2994	13	8	6
2995	11	14	21
2996	20	23	7
2997	4	4	4
2998	135	131	121
2999	3	7	1
3000	461	387	418
3001	7	3	3
3002	2	0	0
3003	9	3	4
3004	24	12	15
3005	0	0	0
3006	3	1	1
3007	33	25	20
3008	13	13	11
3009	50	68	38
3010	6	1	0
3011	12	8	7
3012	15	20	10
3013	42	49	45
3014	1	0	1
3015	38	36	32
3016	41	32	29
3017	12	11	5
3018	2	3	4
3019	4	4	9
3020	34	27	22
3021	0	0	0
3022	24	21	27
3023	76	58	63
3024	56	53	44
3025	4	3	4
3026	26	33	24
3027	35	42	44
3028	1007	1052	994
3029	32	44	50
3030	0	0	0
3031	0	3	1
3032	11	9	5
3033	7	7	5
3034	13	9	4
3035	14	15	7
3036	6	5	6
3037	41	24	12
3038	110	96	96
3039	94	107	100
3040	5	6	5
3041	45	31	51
3042	2	1	5
3043	105	86	103
3044	1	1	3
3045	19	25	18
3046	25	11	13
3047	68	66	47
3048	7	5	9
3049	14	11	14
3050	199	191	133
3051	1	4	8
3052	2	3	0
3053	0	0	0
3054	37	29	29
3055	31	30	23
3056	5	7	10
3057	50	53	41
3058	10	12	10
3059	17	18	10
3060	19	20	23
3061	22	20	26
3062	73	48	47
3063	1	3	2
3064	9	20	17
3065	31	21	35
3066	3	1	3
3067	47	57	61
3068	90	83	65
3069	0	2	0
3070	5	6	7
3071	45	61	44
3072	3	6	8
3073	9	9	13
3074	8	15	17
3075	4	3	6
3076	3	2	3
3077	0	0	0
3078	10	13	2
3079	9	5	10
3080	0	4	1
3081	5	4	1
3082	6	7	7
3083	14	30	8
3084	23	45	17
3085	0	0	0
3086	5	13	4
3087	93	92	80
3088	71	44	61
3089	81	76	75
3090	12	11	5
3091	15	15	15
3092	242	214	195
3093	3	1	2
3094	1	1	2
3095	32	45	39
3096	0	0	1
3097	0	0	0
3098	14	12	15
3099	2	0	0
3100	0	0	0
3101	0	0	2
3102	23	25	33
3103	16	11	10
3104	104	111	123
3105	3	9	4
3106	8	2	2
3107	0	1	0
3108	3	3	5
3109	2	3	5
3110	90	76	79
3111	5	23	5
3112	9	11	10
3113	0	0	0
3114	9	12	3
3115	224	216	246
3116	21	35	30
3117	0	0	0
3118	28	37	28
3119	31	29	28
3120	5	5	5
3121	12	12	12
3122	21	19	18
3123	5	7	1
3124	1	2	2
3125	56	52	39
3126	16	6	12
3127	17	18	13
3128	66	69	57
3129	9	20	13
3130	23	23	12
3131	0	0	0
3132	1	0	0
3133	0	0	0
3134	26	29	16
3135	63	46	58
3136	0	0	0
3137	9	6	8
3138	12	18	13
3139	261	219	221
3140	3	7	3
3141	0	0	0
3142	132	137	133
3143	9	4	1
3144	34	32	30
3145	0	2	2
3146	38	35	24
3147	23	28	20
3148	1	2	0
3149	2	0	0
3150	15	8	14
3151	0	0	0
3152	6	7	8
3153	50	47	51
3154	10	9	10
3155	1	1	3
3156	25	18	38
3157	5	2	6
3158	19	23	14
3159	0	0	0
3160	0	1	0
3161	4	7	3
3162	5	4	6
3163	8	13	6
3164	15	23	18
3165	45	35	37
3166	3	3	2
3167	4	12	9
3168	23	30	30
3169	10	6	5
3170	1	0	3
3171	11	13	13
3172	0	0	1
3173	0	1	0
3174	11	9	11
3175	94	83	84
3176	27	25	27
3177	9	7	7
3178	5	1	3
3179	1	3	1
3180	25	13	11
3181	2073	2209	2285
3182	0	0	0
3183	0	1	0
3184	0	1	1
3185	2	1	5
3186	71	60	47
3187	24	30	25
3188	291	269	246
3189	5	1	2
3190	92	72	83
3191	0	3	0
3192	5	1	1
3193	7	1	8
3194	2	2	0
3195	12	10	15
3196	44	35	34
3197	5	6	5
3198	1	0	0
3199	57	50	43
3200	29	22	22
3201	1	0	1
3202	0	1	2
3203	3	4	5
3204	11	7	11
3205	16	13	12
3206	2538	2351	2301
3207	15	11	9
3208	103	86	78
3209	68	72	61
3210	20	10	8
3211	1	2	3
3212	0	0	0
3213	4	9	7
3214	18	14	12
3215	34	19	19
3216	0	0	2
3217	6	8	8
3218	183	151	106
3219	112	113	85
3220	25	26	21
3221	12	6	6
3222	168	151	180
3223	2	3	5
3224	2	1	4
3225	181	180	197
3226	15	40	16
3227	4	3	8
3228	91	99	92
3229	59	53	51
3230	0	0	0
3231	7	7	15
3232	16	12	10
3233	77	94	92
3234	8	8	12
3235	10	7	2
3236	0	2	2
3237	11	15	9
3238	72	47	46
3239	193	199	192
3240	37	33	34
3241	0	2	1
3242	631	687	538
3243	5	1	1
3244	9	7	15
3245	17	15	14
3246	26	16	21
3247	1	0	1
3248	29	13	24
3249	1	1	3
3250	7	2	5
3251	0	0	0
3252	1	1	1
3253	26	20	16
3254	12	11	12
3255	15	9	13
3256	26	28	20
3257	11	11	7
3258	7	0	7
3259	10	0	6
3260	1	1	0
3261	10	12	6
3262	13	10	6
3263	0	0	0
3264	63	55	67
3265	1	0	0
3266	56	61	58
3267	8	4	7
3268	6	8	10
3269	6	4	1
3270	3	2	3
3271	56	44	54
3272	199	182	233
3273	3	4	2
3274	0	1	0
3275	7	7	2
3276	3	0	0
3277	5	5	2
3278	13	7	12
3279	12	13	12
3280	0	1	1
3281	1	0	3
3282	65	53	60
3283	3	3	4
3284	3	8	2
3285	0	0	0
3286	0	1	1
3287	0	0	0
3288	1	0	1
3289	0	0	0
3290	0	0	0
3291	2	4	4
3292	21	14	17
3293	418	440	439
3294	14	19	8
3295	23	23	14
3296	22	17	21
3297	39	34	33
3298	8	10	2
3299	0	0	0
3300	2	0	2
3301	5	0	2
3302	87	96	115
3303	87	75	109
3304	14	12	11
3305	13	9	20
3306	12	3	6
3307	101	85	88
3308	5	7	6
3309	4	6	7
3310	0	4	0
3311	18	22	21
3312	1	5	0
3313	58	52	37
3314	11	18	10
3315	10	12	5
3316	34	32	17
3317	57	45	44
3318	4	5	9
3319	60	48	41
3320	0	0	0
3321	4	6	2
3322	1	0	0
3323	9	16	9
3324	102	101	131
3325	4	2	1
3326	4	2	1
3327	4	2	4
3328	40	30	23
3329	0	0	0
3330	4	3	3
3331	2	1	1
3332	22	10	14
3333	6	3	5
3334	5	5	5
3335	2	0	1
3336	2	2	3
3337	3	0	0
3338	18	9	23
3339	2	0	4
3340	82	76	70
3341	248	249	216
3342	16	14	11
3343	0	0	0
3344	417	410	353
3345	4	5	6
3346	24	21	21
3347	19	23	12
3348	227	235	248
3349	20	15	19
3350	35	24	36
3351	4	3	3
3352	11	11	8
3353	0	0	0
3354	239	233	253
3355	3	3	1
3356	41	48	40
3357	137	103	81
3358	62	87	94
3359	0	0	0
3360	0	0	0
3361	21	24	20
3362	53	40	42
3363	19	11	10
3364	6	10	6
3365	11	12	12
3366	119	112	78
3367	27	28	19
3368	0	0	0
3369	106	79	83
3370	60	58	54
3371	16	16	18
3372	4	1	2
3373	38	35	32
3374	0	0	0
3375	15	20	20
3376	101	85	88
3377	3	5	6
3378	1	0	1
3379	0	0	0
3380	0	0	0
3381	105	105	101
3382	89	62	68
3383	36	41	32
3384	0	0	0
3385	0	0	0
3386	17	16	5
3387	5	3	2
3388	0	0	1
3389	3	5	2
3390	20	24	27
3391	5	2	1
3392	12	13	6
3393	30	28	30
3394	14	21	7
3395	27	18	30
3396	1	1	0
3397	338	294	307
3398	22	15	17
3399	0	0	0
3400	0	0	0
3401	0	0	0
3402	0	0	0
3403	0	0	0
3404	0	0	0
3405	1	0	1
3406	7	6	2
3407	2	3	3
3408	92	102	62
3409	48	44	37
3410	0	0	0
3411	25	31	12
3412	66	59	38
3413	2	5	3
3414	0	0	1
3415	0	0	0
3416	5	5	1
3417	1	0	0
3418	8	8	9
3419	0	0	0
3420	0	3	2
3421	3	5	4
3422	29	19	16
3423	8	12	15
3424	0	0	0
3425	78	68	62
3426	41	25	39
3427	22	13	8
3428	167	158	130
3429	10	4	7
3430	0	1	1
3431	89	96	83
3432	6	8	5
3433	14	17	19
3434	12	10	7
3435	8	7	10
3436	4	2	0
3437	58	49	48
3438	4	3	6
3439	7	7	11
3440	11	17	11
3441	84	85	83
3442	0	0	0
3443	20	33	10
3444	0	0	1
3445	10	7	5
3446	34	17	27
3447	0	0	0
3448	1	0	2
3449	0	0	0
3450	0	0	0
3451	0	0	0
3452	0	0	1
3453	8	12	7
3454	145	115	138
3455	2	4	3
3456	18	31	17
3457	7	6	8
3458	0	0	0
3459	79	68	86
3460	17	17	19
3461	22	21	11
3462	8	5	9
3463	0	0	0
3464	0	0	0
3465	5	6	4
3466	4	0	3
3467	1	1	1
3468	84	85	72
3469	0	3	1
3470	19	13	13
3471	0	0	0
3472	8	13	3
3473	10	11	10
3474	0	2	1
3475	5	4	11
3476	8	9	6
3477	47	61	68
3478	7	5	9
3479	30	19	13
3480	0	1	0
3481	34	38	29
3482	0	0	2
3483	66	61	56
3484	0	0	0
3485	28	18	25
3486	7	3	5
3487	26	18	23
3488	202	174	222
3489	2	3	1
3490	79	67	79
3491	0	1	0
3492	379	357	423
3493	13	17	41
3494	72	73	72
3495	358	377	373
3496	13	13	11
3497	3	2	2
3498	3	3	8
3499	1	2	2
3500	132	108	101
3501	7	5	13
3502	32	18	15
3503	5	6	3
3504	2	1	0
3505	5	2	2
3506	6	8	4
3507	20	23	33
3508	1	5	2
3509	134	125	165
3510	5	6	1
3511	17	16	14
3512	56	39	26
3513	19	17	17
3514	7	6	7
3515	8	6	4
3516	31	18	18
3517	0	0	0
3518	9	7	10
3519	14	23	12
3520	40	36	33
3521	13	9	11
3522	2	5	1
3523	0	3	1
3524	9	8	10
3525	65	49	37
3526	0	0	1
3527	120	88	121
3528	12	15	19
3529	18	10	11
3530	14	8	16
3531	0	1	3
3532	0	0	0
3533	5	3	5
3534	11	5	3
3535	1	1	1
3536	1	2	2
3537	9	9	10
3538	39	16	37
3539	88	97	74
3540	1	1	0
3541	15	11	7
3542	16	19	15
3543	1	0	2
3544	7	4	1
3545	15	22	16
3546	61	68	62
3547	30	40	27
3548	0	0	1
3549	15	11	12
3550	23	17	15
3551	61	55	44
3552	33	38	50
3553	14	7	10
3554	0	0	0
3555	6	6	2
3556	13	8	5
3557	53	37	31
3558	51	42	36
3559	0	0	0
3560	43	34	32
3561	1	6	2
3562	620	542	551
3563	37	28	34
3564	9	9	8
3565	2	6	5
3566	6	11	9
3567	84	53	54
3568	3	6	2
3569	9	5	2
3570	2	1	0
3571	35	51	44
3572	0	0	0
3573	25	10	22
3574	17	16	8
3575	29	27	13
3576	16	12	11
3577	15	11	10
3578	21	18	19
3579	71	74	66
3580	1	6	3
3581	42	35	42
3582	12	6	10
3583	2	2	4
3584	43	31	30
3585	0	0	0
3586	58	58	48
3587	18	31	27
3588	172	190	200
3589	1	0	1
3590	17	18	27
3591	13	4	7
3592	118	101	116
3593	22	20	16
3594	78	108	78
3595	35	28	31
3596	24	24	23
3597	2	3	4
3598	1	0	1
3599	98	98	95
3600	2	5	7
3601	24	30	24
3602	7	5	6
3603	1	1	0
3604	22	20	15
3605	2	5	1
3606	131	139	178
3607	0	0	0
3608	0	0	1
3609	5	0	6
3610	5	3	5
3611	19	29	19
3612	5	3	4
3613	5	4	1
3614	8	2	8
3615	6	5	2
3616	14	16	23
3617	0	0	0
3618	2	3	0
3619	11	15	25
3620	30	36	26
3621	0	3	0
3622	11	7	4
3623	3	7	4
3624	18	5	23
3625	26	21	30
3626	2	2	0
3627	7	2	8
3628	134	132	122
3629	6	10	4
3630	0	0	2
3631	8	6	3
3632	15	28	21
3633	50	66	45
3634	64	67	39
3635	371	407	414
3636	2	1	1
3637	0	0	0
3638	1	1	0
3639	9	8	9
3640	37	62	40
3641	0	0	0
3642	137	144	108
3643	0	0	0
3644	21	20	23
3645	3	3	9
3646	135	149	148
3647	0	0	0
3648	13	14	14
3649	0	3	2
3650	17	17	14
3651	0	0	0
3652	0	0	0
3653	21	20	8
3654	15	5	10
3655	0	0	0
3656	4	12	14
3657	0	0	0
3658	3	1	3
3659	47	41	42
3660	10	13	9
3661	113	140	93
3662	44	37	33
3663	1	1	2
3664	2	3	6
3665	2	5	2
3666	3	1	3
3667	2	4	2
3668	8	9	7
3669	142	140	154
3670	3	2	4
3671	4	5	3
3672	490	462	490
3673	0	0	0
3674	0	0	0
3675	379	393	394
3676	47	57	67
3677	43	23	27
3678	132	131	122
3679	116	113	123
3680	0	0	0
3681	0	0	0
3682	0	0	0
3683	49	33	20
3684	26	21	19
3685	1	2	0
3686	65	62	52
3687	4	13	13
3688	1	0	1
3689	218	211	172
3690	11	7	5
3691	46	59	51
3692	33	29	32
3693	6	6	4
3694	2	0	0
3695	18	10	32
3696	45	59	51
3697	13	15	15
3698	12	14	8
3699	78	61	63
3700	2	2	3
3701	47	33	49
3702	0	0	1
3703	21	36	25
3704	10	5	11
3705	0	1	3
3706	0	0	0
3707	0	0	0
3708	0	0	0
3709	12	6	9
3710	4	5	4
3711	3	5	7
3712	0	0	0
3713	0	0	0
3714	0	0	0
3715	5	3	5
3716	0	0	0
3717	1	2	1
3718	0	0	1
3719	12	13	13
3720	1	1	2
3721	10	7	5
3722	177	153	156
3723	3	0	4
3724	141	120	109
3725	10	13	13
3726	97	80	60
3727	149	139	126
3728	31	30	12
3729	55	39	33
3730	15	10	11
3731	1	3	5
3732	1	2	0
3733	2	3	3
3734	215	187	194
3735	100	112	70
3736	2	4	3
3737	15	21	11
3738	7	9	7
3739	39	37	28
3740	8	7	2
3741	1	2	3
3742	0	0	0
3743	23	24	17
3744	22	21	24
3745	58	52	37
3746	16	13	14
3747	14	7	10
3748	23	31	17
3749	16	14	14
3750	10	15	7
3751	2	2	1
3752	220	221	208
3753	3	1	0
3754	19	20	11
3755	1	2	0
3756	44	61	46
3757	6	8	8
3758	10	7	12
3759	22	18	14
3760	276	325	278
3761	884	792	752
3762	153	202	155
3763	13	13	17
3764	0	0	0
3765	8	4	2
3766	1	1	3
3767	58	78	65
3768	2	7	1
3769	5	11	4
3770	13	5	8
3771	165	153	148
3772	236	224	227
3773	10	4	5
3774	97	90	85
3775	10	9	7
3776	12	10	13
3777	11	17	12
3778	30	41	23
3779	0	1	0
3780	33	36	19
3781	21	28	21
3782	46	45	34
3783	10	13	12
3784	9	4	4
3785	17	13	16
3786	0	0	0
3787	71	73	93
3788	16	19	12
3789	49	50	48
3790	35	20	26
3791	0	0	0
3792	0	0	0
3793	12	4	3
3794	13	13	15
3795	59	47	40
3796	10	7	13
3797	76	107	91
3798	0	0	0
3799	39	22	21
3800	0	1	0
3801	35	28	25
3802	4	2	3
3803	10	10	7
3804	49	52	50
3805	23	28	16
3806	39	46	39
3807	1	7	4
3808	17	17	25
3809	0	0	0
3810	1	1	1
3811	7	6	7
3812	7	8	8
3813	16	12	17
3814	25	28	26
3815	15	7	8
3816	25	30	38
3817	10	10	10
3818	0	0	0
3819	44	36	49
3820	42	35	38
3821	1	4	4
3822	2	0	0
3823	2	3	1
3824	0	0	0
3825	14	15	11
3826	12	10	7
3827	5	8	6
3828	0	0	0
3829	12	2	3
3830	11	7	11
3831	37	28	34
3832	12	10	11
3833	19	18	17
3834	9	12	5
3835	0	0	0
3836	0	1	0
3837	0	0	0
3838	94	99	83
3839	54	51	36
3840	7	3	3
3841	108	126	82
3842	28	30	27
3843	6	10	7
3844	17	19	18
3845	6	6	3
3846	38	39	41
3847	2	6	5
3848	21	34	13
3849	2	7	5
3850	0	1	2
3851	54	50	45
3852	10	14	5
3853	3	4	1
3854	13	15	8
3855	24	16	13
3856	0	0	0
3857	3	5	3
3858	20	10	13
3859	5	12	11
3860	0	0	0
3861	0	0	2
3862	28	36	21
3863	61	57	46
3864	2	5	5
3865	1	0	0
3866	0	0	0
3867	1	7	3
3868	6	3	5
3869	16	11	16
3870	0	3	1
3871	36	24	26
3872	3	1	1
3873	0	0	1
3874	75	53	44
3875	0	4	2
3876	7	11	20
3877	14	19	12
3878	22	29	14
3879	6	5	6
3880	46	36	31
3881	40	26	20
3882	235	223	218
3883	0	0	0
3884	6	6	6
3885	1	0	0
3886	1634	1601	1648
3887	0	3	3
3888	78	56	45
3889	16	14	9
3890	2	4	1
3891	30	19	19
3892	375	382	300
3893	0	0	0
3894	9	15	8
3895	28	29	27
3896	80	104	79
3897	22	17	6
3898	15	23	19
3899	16	18	9
3900	13	5	8
3901	2	0	0
3902	38	17	21
3903	29	29	38
3904	41	44	42
3905	7	7	10
3906	31	34	49
3907	234	261	259
3908	8	7	6
3909	18	16	7
3910	32	23	25
3911	151	126	151
3912	1	1	0
3913	2	3	0
3914	0	0	0
3915	15	12	7
3916	2	2	4
3917	10	15	12
3918	11	17	17
3919	20	10	26
3920	38	31	34
3921	72	67	54
3922	44	74	56
3923	0	0	0
3924	19	30	38
3925	238	201	260
3926	26	26	22
3927	35	40	32
3928	6	6	6
3929	35	33	35
3930	3	4	5
3931	31	51	27
3932	2	2	7
3933	0	0	0
3934	40	51	70
3935	0	0	0
3936	5	2	13
3937	10	7	7
3938	0	1	0
3939	85	94	98
3940	50	39	36
3941	7	5	7
3942	0	0	0
3943	66	77	72
3944	2	3	0
3945	12	12	19
3946	0	0	0
3947	6	9	7
3948	19	18	19
3949	5	9	2
3950	21	18	18
3951	30	21	23
3952	0	0	0
3953	12	16	10
3954	11	5	6
3955	54	45	37
3956	2	0	0
3957	4	6	1
3958	21	17	18
3959	16	10	14
3960	3	5	2
3961	0	3	3
3962	0	0	1
3963	0	0	0
3964	9	5	12
3965	12	12	11
3966	0	0	0
3967	320	275	273
3968	32	18	30
3969	233	211	185
3970	28	30	34
3971	6	11	7
3972	18	11	14
3973	20	8	5
3974	0	0	0
3975	118	120	87
3976	13	19	7
3977	4	8	4
3978	58	63	53
3979	22	21	23
3980	27	24	24
3981	111	107	73
3982	151	120	141
3983	0	0	0
3984	1	6	4
3985	178	195	172
3986	49	67	48
3987	84	84	67
3988	1	0	0
3989	0	0	0
3990	15	11	8
3991	30	30	35
3992	5	8	7
3993	11	8	7
3994	4	7	6
3995	19	13	13
3996	35	42	32
3997	18	14	13
3998	14	15	10
3999	8	9	8
4000	0	0	0
4001	1	0	1
4002	4	4	10
4003	10	19	17
4004	158	141	133
4005	3	4	5
4006	51	47	57
4007	206	345	198
4008	11	6	10
4009	3	3	3
4010	13	12	11
4011	34	28	37
4012	66	55	44
4013	0	0	0
4014	69	47	60
4015	28	31	22
4016	87	69	68
4017	58	38	53
4018	156	180	210
4019	23	32	29
4020	0	1	0
4021	0	0	0
4022	869	696	642
4023	30	26	18
4024	22	13	14
4025	102	82	89
4026	9	8	6
4027	33	23	35
4028	5	5	8
4029	179	160	139
4030	235	191	164
4031	56	37	40
4032	46	28	26
4033	32	26	36
4034	1	2	2
4035	38	48	52
4036	22	12	12
4037	0	0	0
4038	112	107	108
4039	24	25	25
4040	14	13	19
4041	77	50	42
4042	3	3	2
4043	12	11	8
4044	34	39	27
4045	52	41	73
4046	0	0	1
4047	10	3	7
4048	9	16	20
4049	58	45	28
4050	10	4	6
4051	1	0	0
4052	0	0	1
4053	0	3	2
4054	12	4	9
4055	5	2	2
4056	2	1	0
4057	15	15	10
4058	1	4	5
4059	0	0	0
4060	2	8	4
4061	59	63	50
4062	121	102	92
4063	3	5	0
4064	12	12	10
4065	3	3	5
4066	1	0	4
4067	61	76	60
4068	1	1	0
4069	1	1	0
4070	0	1	1
4071	20	18	16
4072	0	0	0
4073	0	2	1
4074	15	19	24
4075	0	1	0
4076	77	69	69
4077	1	1	0
4078	0	0	0
4079	4	0	1
4080	0	0	0
4081	21	20	8
4082	0	0	0
4083	0	1	1
4084	29	16	27
4085	13	19	11
4086	5	3	2
4087	8	16	13
4088	6	5	5
4089	2	2	7
4090	42	49	41
4091	2	3	4
4092	2	4	3
4093	1	1	0
4094	0	0	0
4095	460	455	450
4096	1	0	0
4097	36	50	40
4098	12	14	3
4099	12	11	7
4100	25	29	28
4101	1	2	3
4102	13	17	3
4103	29	21	27
4104	14	13	16
4105	29	23	21
4106	0	0	0
4107	0	0	0
4108	31	32	17
4109	9	10	6
4110	43	29	34
4111	3	2	5
4112	4	10	7
4113	8	2	7
4114	3	3	6
4115	62	48	55
4116	6	2	2
4117	112	112	101
4118	0	0	0
4119	1	2	1
4120	1	2	1
4121	17	22	27
4122	1	3	1
4123	0	0	0
4124	0	0	0
4125	0	0	0
4126	0	0	0
4127	0	0	0
4128	0	0	0
4129	0	0	0
4130	54	56	83
4131	11	13	8
4132	43	33	32
4133	39	69	55
4134	13	10	8
4135	12	7	7
4136	4	4	6
4137	16	8	13
4138	5	8	9
4139	2	4	0
4140	0	0	0
4141	0	0	0
4142	0	0	0
4143	0	0	0
4144	26	30	30
4145	4	3	3
4146	7	8	11
4147	3	1	2
4148	0	0	0
4149	0	1	1
4150	0	0	0
4151	4	6	3
4152	54	34	41
4153	3	5	3
4154	22	27	24
4155	0	1	1
4156	4	5	5
4157	0	0	0
4158	104	106	97
4159	2	3	2
4160	97	83	84
4161	202	143	156
4162	20	21	15
4163	1	3	2
4164	1	4	1
4165	168	160	156
4166	5	4	6
4167	12	7	7
4168	12	11	18
4169	38	21	27
4170	0	0	0
4171	80	75	53
4172	2	1	5
4173	9	12	5
4174	106	75	67
4175	32	35	25
4176	56	52	45
4177	33	18	25
4178	87	82	55
4179	1	1	3
4180	1	1	2
4181	159	138	132
4182	10	11	3
4183	10	13	11
4184	0	0	0
4185	1	0	1
4186	2	4	3
4187	7	7	6
4188	1	3	0
4189	14	18	11
4190	38	43	32
4191	87	58	54
4192	0	0	0
4193	1	0	2
4194	14	12	14
4195	12	16	18
4196	8	9	3
4197	0	0	0
4198	82	82	89
4199	17	17	15
4200	3	2	1
4201	30	26	24
4202	3	4	3
4203	8	6	4
4204	319	312	290
4205	1	4	1
4206	5	15	20
4207	21	15	15
4208	13	26	15
4209	11	7	9
4210	6	6	12
4211	157	143	151
4212	9	0	10
4213	4	1	3
4214	2	7	3
4215	9	10	2
4216	8	11	8
4217	0	0	0
4218	0	0	0
4219	7	6	8
4220	6	7	3
4221	10	15	11
4222	67	56	80
4223	0	0	0
4224	34	27	31
4225	1	0	2
4226	65	86	82
4227	3	4	2
4228	7	7	4
4229	4	10	15
4230	22	22	31
4231	18	17	17
4232	33	27	28
4233	36	33	27
4234	45	39	35
4235	8	8	5
4236	26	25	20
4237	60	48	59
4238	2	2	11
4239	40	31	26
4240	24	25	20
4241	1	0	0
4242	21	24	14
4243	2	0	1
4244	1	0	1
4245	63	49	37
4246	27	22	16
4247	92	61	66
4248	62	115	79
4249	2	0	0
4250	0	0	0
4251	8	15	14
4252	1	1	2
4253	1	3	1
4254	6	5	7
4255	10	14	16
4256	9	8	23
4257	0	0	0
4258	142	133	153
4259	2	1	0
4260	22	17	18
4261	4	0	1
4262	219	170	134
4263	1	0	0
4264	24	18	17
4265	9	9	3
4266	5	10	6
4267	2	1	0
4268	8	3	3
4269	8	13	9
4270	21	27	27
4271	4	4	1
4272	17	20	14
4273	4	1	2
4274	33	29	36
4275	21	25	20
4276	41	41	37
4277	34	41	20
4278	11	21	24
4279	63	49	44
4280	7	4	2
4281	1812	1670	1482
4282	3	0	3
4283	14	9	5
4284	15	6	15
4285	24	25	37
4286	14	21	10
4287	25	34	24
4288	19	19	25
4289	1	1	5
4290	1	0	0
4291	55	83	59
4292	22	22	15
4293	12	8	6
4294	16	11	21
4295	0	0	2
4296	1	1	2
4297	8	10	8
4298	124	154	127
4299	19	33	20
4300	18	13	9
4301	5	4	8
4302	27	34	35
4303	10	14	27
4304	1	0	1
4305	2	2	0
4306	59	53	44
4307	3	3	19
4308	22	23	22
4309	11	10	3
4310	14	13	12
4311	5	10	3
4312	6	5	4
4313	10	9	8
4314	0	0	0
4315	124	110	112
4316	123	85	79
4317	5	7	6
4318	17	14	18
4319	36	35	25
4320	18	18	16
4321	14	15	14
4322	0	0	0
4323	12	16	7
4324	0	1	0
4325	1	3	0
4326	3	3	0
4327	0	0	1
4328	57	46	55
4329	10	7	6
4330	6	3	6
4331	2	2	1
4332	157	105	120
4333	2	9	1
4334	0	1	1
4335	2	2	1
4336	272	233	209
4337	0	0	1
4338	2	3	0
4339	0	1	0
4340	1	0	0
4341	7	4	10
4342	0	1	0
4343	0	0	0
4344	2	0	2
4345	23	29	25
4346	18	19	12
4347	5	3	4
4348	0	0	0
4349	8	4	3
4350	4	4	1
4351	12	12	19
4352	3	5	5
4353	3	3	0
4354	0	0	0
4355	3	2	0
4356	76	66	54
4357	1	6	2
4358	25	27	20
4359	3	0	0
4360	11	15	10
4361	3	4	5
4362	0	0	0
4363	21	19	10
4364	40	58	34
4365	4	2	2
4366	8	5	10
4367	0	0	0
4368	205	198	189
4369	1	0	2
4370	3	1	2
4371	60	53	56
4372	3	1	0
4373	3	4	8
4374	2	3	0
4375	8	4	12
4376	0	0	0
4377	5	6	6
4378	51	56	53
4379	6	2	2
4380	0	0	0
4381	11	6	3
4382	28	18	15
4383	0	1	0
4384	1	1	0
4385	0	1	1
4386	3	2	5
4387	0	2	0
4388	1	0	1
4389	10	19	15
4390	107	103	121
4391	173	213	223
4392	42	43	48
4393	192	162	168
4394	71	47	62
4395	17	15	16
4396	772	657	705
4397	21	9	11
4398	49	77	76
4399	40	48	34
4400	1	0	0
4401	7	4	8
4402	60	52	56
4403	31	20	29
4404	29	51	24
4405	0	0	0
4406	10	19	10
4407	1	2	4
4408	23	17	11
4409	8	7	7
4410	38	29	21
4411	4	0	3
4412	0	0	0
4413	32	28	38
4414	15	38	20
4415	16	8	8
4416	192	186	168
4417	13	40	27
4418	2	1	0
4419	2	3	3
4420	52	52	46
4421	12	11	15
4422	55	54	35
4423	15	8	14
4424	0	0	1
4425	0	1	0
4426	18	10	13
4427	9	11	4
4428	76	58	71
4429	14	15	12
4430	0	1	0
4431	0	1	2
4432	11	6	6
4433	7	10	12
4434	1	0	0
4435	67	42	73
4436	23	14	18
4437	50	41	39
4438	50	65	47
4439	26	44	23
4440	0	0	0
4441	6	2	5
4442	226	220	209
4443	1	0	0
4444	4	13	18
4445	4	6	6
4446	13	12	13
4447	4	5	5
4448	3	2	3
4449	5	2	2
4450	0	0	0
4451	2	1	0
4452	25	18	22
4453	53	38	51
4454	80	55	54
4455	0	3	1
4456	344	362	327
4457	10	2	3
4458	5	11	7
4459	117	113	93
4460	2	2	2
4461	10	15	8
4462	15	12	6
4463	15	7	11
4464	173	165	188
4465	44	39	24
4466	21	14	18
4467	26	29	26
4468	41	50	62
4469	21	9	11
4470	0	1	0
4471	400	358	355
4472	13	5	9
4473	0	0	0
4474	10	7	6
4475	27	28	20
4476	3	3	5
4477	3	7	4
4478	5	7	5
4479	0	0	0
4480	17	16	10
4481	3	1	3
4482	2	1	0
4483	0	0	0
4484	0	3	3
4485	2	0	3
4486	9	12	6
4487	3	2	2
4488	48	44	38
4489	69	74	71
4490	0	0	0
4491	41	27	36
4492	19	19	28
4493	0	5	4
4494	0	0	0
4495	12	21	4
4496	0	1	0
4497	9	11	14
4498	0	0	0
4499	5	4	3
4500	34	36	32
4501	1	3	1
4502	2	2	4
4503	0	3	0
4504	37	38	43
4505	22	11	16
4506	1	2	0
4507	0	0	0
4508	32	35	36
4509	0	1	0
4510	33	37	30
4511	1	3	4
4512	13	19	10
4513	10	8	9
4514	7	11	24
4515	2	1	1
4516	15	10	6
4517	9	14	15
4518	7	11	11
4519	89	81	70
4520	3	2	3
4521	0	0	0
4522	12	17	13
4523	7	11	8
4524	16	11	12
4525	6	5	5
4526	0	3	2
4527	39	31	30
4528	10	2	5
4529	0	0	0
4530	6	16	12
4531	2	0	0
4532	0	0	0
4533	0	0	1
4534	6	6	6
4535	0	0	0
4536	89	90	94
4537	0	0	0
4538	82	59	50
4539	0	2	4
4540	74	57	42
4541	4	4	2
4542	42	46	42
4543	4	2	3
4544	17	19	26
4545	25	21	22
4546	4	8	8
4547	24	11	16
4548	1	0	1
4549	0	0	0
4550	29	35	26
4551	10	4	5
4552	4	2	2
4553	0	0	0
4554	76	79	71
4555	5	3	4
4556	15	9	4
4557	1	0	0
4558	14	16	14
4559	8	5	1
4560	35	36	29
4561	4	1	0
4562	23	17	27
4563	108	108	81
4564	10	12	12
4565	410	368	317
4566	22	10	15
4567	6	8	2
4568	95	69	58
4569	20	20	19
4570	22	11	12
4571	59	61	46
4572	25	30	25
4573	0	1	0
4574	0	0	0
4575	0	0	0
4576	8	7	11
4577	0	0	1
4578	1	2	1
4579	73	85	87
4580	2	2	3
4581	0	0	0
4582	3	1	3
4583	0	2	1
4584	0	0	0
4585	1	4	0
4586	5	2	6
4587	1	3	1
4588	437	381	348
4589	15	14	13
4590	7	6	5
4591	1	6	5
4592	31	21	25
4593	4	2	2
4594	142	137	174
4595	15	5	9
4596	0	1	0
4597	16	11	20
4598	67	69	56
4599	4	5	2
4600	12	8	10
4601	25	16	17
4602	19	18	13
4603	11	17	14
4604	3	2	3
4605	6	9	4
4606	217	215	218
4607	0	0	0
4608	0	1	0
4609	0	0	0
4610	23	15	21
4611	116	74	86
4612	3	3	6
4613	25	18	22
4614	11	14	15
4615	33	26	57
4616	23	22	17
4617	41	31	33
4618	4	3	3
4619	5	10	3
4620	23	13	12
4621	3	4	4
4622	17	16	19
4623	1	0	0
4624	70	68	44
4625	12	15	12
4626	6	9	4
4627	72	96	90
4628	14	11	13
4629	24	28	21
4630	0	0	0
4631	425	339	330
4632	25	23	11
4633	31	44	52
4634	1	0	0
4635	23	18	28
4636	0	0	0
4637	10	12	19
4638	16	7	24
4639	7	13	15
4640	150	146	115
4641	12	10	16
4642	128	95	118
4643	119	92	91
4644	11	5	8
4645	0	0	0
4646	477	390	386
4647	4	4	4
4648	74	79	47
4649	8	4	3
4650	19	26	18
4651	8	11	7
4652	0	0	0
4653	0	0	0
4654	2	0	2
4655	1	0	0
4656	11	8	9
4657	8	17	23
4658	7	9	14
4659	18	11	11
4660	0	0	0
4661	77	82	60
4662	2	1	3
4663	209	241	242
4664	23	24	18
4665	8	9	8
4666	8	7	8
4667	105	115	106
4668	42	49	29
4669	26	16	16
4670	3	5	1
4671	3	1	0
4672	2	4	5
4673	0	1	0
4674	53	62	44
4675	58	45	58
4676	159	181	164
4677	14	18	9
4678	33	15	12
4679	86	67	56
4680	8	7	8
4681	211	193	192
4682	27	31	31
4683	0	1	1
4684	2	5	4
4685	1	1	0
4686	19	9	6
4687	7	3	4
4688	9	5	2
4689	4	7	7
4690	21	25	19
4691	9	9	4
4692	2	5	2
4693	13	19	14
4694	11	9	5
4695	4	6	2
4696	4	1	0
4697	2	6	8
4698	4	1	0
4699	34	34	27
4700	23	47	25
4701	10	7	7
4702	0	0	0
4703	1	2	2
4704	9	14	16
4705	1	4	4
4706	38	37	40
4707	50	38	52
4708	21	22	21
4709	47	38	33
4710	33	28	45
4711	0	2	4
4712	7	11	6
4713	41	29	29
4714	4	7	3
4715	21	20	21
4716	0	0	2
4717	188	169	137
4718	71	74	77
4719	17	6	6
4720	0	0	0
4721	21	23	23
4722	0	0	0
4723	25	22	24
4724	0	0	0
4725	5	6	11
4726	678	674	634
4727	1	1	1
4728	209	194	213
4729	12	12	12
4730	185	178	160
4731	2	2	1
4732	21	22	21
4733	13	8	16
4734	5	4	2
4735	155	147	154
4736	0	1	0
4737	3	8	4
4738	16	18	13
4739	0	1	4
4740	60	53	36
4741	8	7	8
4742	89	71	99
4743	187	198	243
4744	35	37	23
4745	41	35	42
4746	1	3	2
4747	0	0	0
4748	9	9	15
4749	78	88	67
4750	8	8	6
4751	11	9	10
4752	21	13	12
4753	5	3	3
4754	61	61	56
4755	16	19	6
4756	12	11	10
4757	19	16	12
4758	1	0	0
4759	27	24	12
4760	11	12	5
4761	11	14	11
4762	13	8	2
4763	6	7	7
4764	19	15	20
4765	15	16	12
4766	82	101	79
4767	20	21	14
4768	102	100	91
4769	107	103	116
4770	0	0	0
4771	1	0	0
4772	22	10	11
4773	182	213	178
4774	8	5	5
4775	0	2	0
4776	0	0	0
4777	119	103	90
4778	4	5	2
4779	0	0	0
4780	2	0	1
4781	7	13	10
4782	0	0	0
4783	21	7	23
4784	2	5	3
4785	45	51	45
4786	26	11	19
4787	11	11	7
4788	1	2	0
4789	77	103	100
4790	14	22	20
4791	7	8	6
4792	9	7	15
4793	1	2	0
4794	16	6	8
4795	35	50	43
4796	45	38	31
4797	4	7	7
4798	0	2	0
4799	8	8	6
4800	0	0	0
4801	0	2	0
4802	126	119	84
4803	173	159	197
4804	139	112	166
4805	22	25	17
4806	0	1	0
4807	183	148	150
4808	37	31	23
4809	77	75	81
4810	12	11	8
4811	8	5	3
4812	13	5	11
4813	11	19	14
4814	18	21	15
4815	1	0	0
4816	142	113	113
4817	1	2	1
4818	8	2	2
4819	168	135	139
4820	9	6	5
4821	14	10	15
4822	1	6	3
4823	17	14	8
4824	8	12	9
4825	96	101	87
4826	61	41	68
4827	31	28	25
4828	0	0	1
4829	9	3	4
4830	1	0	0
4831	1	3	3
4832	4	6	1
4833	13	15	25
4834	0	0	0
4835	9	7	14
4836	0	2	0
4837	4	4	5
4838	43	33	37
4839	363	353	370
4840	40	28	44
4841	76	56	67
4842	19	11	14
4843	5	8	6
4844	32	41	29
4845	172	169	148
4846	10	10	16
4847	5	10	6
4848	2	5	4
4849	65	71	70
4850	1	0	0
4851	11	13	12
4852	7	5	5
4853	11	8	6
4854	8	3	3
4855	8	4	5
4856	45	44	45
4857	3	2	0
4858	0	0	0
4859	0	0	0
4860	10	7	5
4861	1256	1249	1337
4862	12	17	13
4863	11	9	5
4864	21	29	20
4865	0	0	0
4866	1	1	0
4867	0	0	1
4868	36	42	30
4869	53	50	38
4870	2	0	2
4871	0	0	0
4872	0	0	0
4873	4	4	4
4874	13	14	8
4875	5	13	10
4876	2	2	1
4877	51	54	33
4878	0	0	0
4879	0	0	0
4880	0	0	0
4881	0	0	0
4882	0	0	0
4883	0	0	0
4884	0	0	0
4885	0	0	0
4886	2	3	6
4887	2	3	1
4888	34	39	28
4889	380	361	353
4890	52	45	54
4891	85	74	66
4892	0	0	0
4893	1	1	0
4894	29	26	34
4895	6	6	3
4896	0	0	0
4897	0	0	0
4898	8	6	7
4899	54	53	53
4900	5	4	3
4901	11	17	15
4902	24	29	22
4903	4	3	0
4904	486	527	360
4905	0	0	0
4906	5	1	4
4907	15	20	16
4908	1	0	3
4909	45	54	48
4910	4	6	5
4911	314	317	390
4912	57	65	89
4913	3	2	3
4914	145	141	149
4915	1	1	0
4916	2	0	2
4917	8	5	7
4918	6	10	8
4919	35	22	18
4920	54	39	35
4921	33	26	25
4922	78	54	67
4923	82	77	75
4924	5	9	10
4925	0	0	0
4926	116	103	111
4927	6	5	7
4928	97	80	113
4929	6	10	4
4930	0	0	0
4931	66	61	72
4932	228	254	212
4933	0	0	1
4934	20	25	23
4935	30	25	22
4936	34	39	32
4937	6	8	5
4938	13	20	23
4939	36	27	23
4940	21	10	17
4941	11	7	6
4942	306	269	248
4943	5	1	5
4944	0	1	0
4945	0	1	0
4946	6	0	6
4947	20	25	7
4948	43	43	33
4949	52	39	41
4950	0	0	1
4951	0	0	0
4952	40	56	58
4953	2	4	6
4954	1	0	0
4955	0	2	0
4956	29	23	16
4957	3	3	9
4958	2	4	2
4959	5	5	3
4960	6	10	4
4961	14	22	9
4962	3	2	2
4963	14	15	10
4964	1172	1085	1004
4965	5	8	3
4966	444	454	387
4967	0	0	0
4968	1	0	0
4969	0	0	0
4970	0	0	0
4971	23	12	15
4972	50	57	47
4973	0	2	2
4974	0	0	2
4975	5	13	5
4976	17	17	14
4977	20	6	10
4978	14	25	9
4979	40	48	43
4980	21	14	16
4981	4	5	3
4982	3	1	5
4983	0	1	0
4984	0	0	0
4985	1	0	1
4986	29	27	19
4987	9	5	17
4988	2	4	5
4989	3	2	3
4990	20	12	11
4991	58	41	38
4992	0	0	0
4993	0	0	2
4994	0	0	2
4995	2	1	2
4996	5	3	2
4997	59	51	44
4998	57	43	47
4999	163	138	139
5000	6	7	4
5001	22	19	18
5002	1	2	2
5003	225	182	175
5004	103	71	73
5005	1	0	0
5006	2	0	2
5007	73	47	68
5008	4	6	2
5009	35	24	36
5010	89	77	48
5011	0	0	0
5012	7	3	5
5013	1	0	1
5014	21	20	21
5015	39	25	29
5016	88	86	93
5017	1	0	2
5018	19	15	8
5019	13	6	9
5020	529	497	478
5021	3	3	1
5022	9	12	11
5023	40	24	43
5024	254	234	247
5025	7	4	8
5026	43	20	44
5027	9	9	6
5028	47	30	39
5029	29	22	20
5030	1	1	0
5031	1	0	1
5032	10	9	12
5033	4	11	4
5034	67	61	67
5035	321	249	265
5036	29	17	15
5037	78	75	117
5038	15	15	15
5039	5	3	1
5040	0	0	0
5041	0	0	0
5042	6	6	2
5043	19	17	11
5044	2	2	0
5045	0	1	0
5046	109	138	97
5047	8	15	9
5048	19	15	10
5049	0	1	2
5050	0	2	1
5051	1	2	0
5052	83	70	81
5053	36	31	26
5054	25	23	24
5055	123	129	107
5056	21	18	11
5057	0	0	0
5058	60	62	63
5059	5	1	4
5060	5	1	5
5061	3	4	8
5062	389	502	415
5063	7	7	6
5064	0	0	0
5065	6	0	1
5066	1	0	1
5067	24	7	23
5068	6	1	5
5069	61	58	93
5070	2	2	0
5071	6	12	8
5072	158	133	126
5073	77	110	68
5074	46	49	45
5075	0	4	1
5076	85	101	94
5077	36	25	29
5078	27	22	16
5079	1	3	3
5080	3	6	3
5081	3	3	1
5082	2	1	0
5083	1	4	6
5084	4	6	2
5085	21	18	15
5086	16	13	10
5087	4	0	6
5088	0	1	1
5089	67	89	66
5090	19	15	19
5091	11	12	13
5092	56	57	48
5093	3	1	6
5094	17	17	14
5095	22	19	24
5096	0	1	0
5097	13	12	6
5098	377	338	341
5099	24	21	22
5100	3	1	3
5101	15	19	28
5102	84	67	61
5103	15	22	14
5104	0	0	0
5105	30	27	28
5106	458	413	403
5107	5	3	6
5108	4	1	0
5109	6	1	3
5110	70	73	78
5111	97	82	73
5112	6	8	6
5113	5	5	4
5114	13	15	11
5115	7	11	16
5116	138	110	113
5117	0	0	0
5118	2	2	6
5119	19	13	11
5120	46	39	37
5121	139	165	159
5122	5	6	6
5123	7	5	6
5124	1	0	0
5125	2	1	1
5126	7	5	4
5127	513	515	522
5128	1	0	0
5129	0	0	1
5130	7	6	4
5131	85	81	65
5132	8	14	7
5133	1	2	1
5134	4	0	1
5135	0	0	0
5136	0	2	0
5137	4	6	3
5138	4	2	2
5139	28	34	26
5140	70	87	85
5141	1	2	4
5142	13	11	9
5143	1	4	3
5144	0	0	0
5145	8	14	16
5146	63	68	80
5147	1	1	1
5148	0	2	0
5149	0	3	3
5150	33	30	34
5151	22	18	22
5152	3	1	1
5153	0	0	0
5154	2	5	3
5155	125	92	90
5156	4	3	5
5157	27	35	27
5158	1	0	0
5159	20	10	14
5160	19	15	18
5161	8	1	7
5162	48	29	27
5163	20	33	22
5164	2	2	0
5165	46	36	40
5166	11	11	4
5167	7	6	5
5168	59	56	57
5169	7	6	4
5170	47	49	32
5171	9	11	8
5172	16	11	6
5173	98	88	86
5174	2	3	0
5175	0	0	0
5176	0	0	1
5177	23	35	33
5178	0	0	1
5179	24	23	15
5180	25	34	16
5181	0	0	0
5182	34	36	31
5183	50	44	51
5184	45	41	39
5185	232	222	206
5186	94	89	72
5187	29	39	32
5188	37	41	31
5189	12	14	14
5190	0	1	0
5191	19	12	12
5192	1	0	2
5193	24	26	22
5194	8	4	5
5195	7	9	10
5196	3	0	7
5197	37	37	31
5198	67	55	75
5199	3	4	2
5200	1	1	5
5201	6	12	10
5202	5	9	8
5203	89	88	72
5204	97	69	64
5205	0	0	0
5206	468	415	392
5207	0	0	0
5208	47	61	39
5209	2	6	7
5210	18	9	19
5211	19	11	9
5212	21	28	26
5213	58	48	50
5214	13	13	13
5215	42	35	43
5216	93	82	103
5217	0	0	0
5218	0	0	0
5219	15	12	7
5220	18	11	12
5221	5	3	3
5222	27	36	43
5223	117	135	151
5224	19	19	20
5225	75	52	68
5226	17	10	14
5227	3	5	1
5228	48	37	50
5229	40	31	41
5230	69	67	58
5231	59	37	35
5232	0	2	4
5233	5	7	3
5234	17	11	14
5235	1	1	0
5236	146	123	143
5237	0	0	0
5238	1	0	0
5239	0	0	0
5240	0	0	0
5241	0	0	0
5242	10	13	7
5243	24	13	8
5244	33	26	26
5245	4	2	2
5246	5	2	1
5247	11	13	15
5248	7	6	5
5249	27	24	11
5250	36	44	25
5251	160	163	104
5252	1	1	0
5253	0	1	0
5254	96	91	95
5255	3	8	3
5256	55	55	45
5257	2	0	1
5258	4	1	3
5259	39	35	36
5260	45	38	32
5261	34	28	41
5262	11	12	13
5263	0	0	1
5264	31	25	12
5265	7	6	11
5266	219	183	170
5267	1	0	0
5268	1	0	2
5269	9	10	9
5270	2	1	2
5271	6	8	9
5272	0	0	1
5273	0	0	0
5274	17	9	11
5275	0	0	0
5276	0	0	0
5277	6	3	2
5278	8	0	5
5279	29	26	23
5280	2	4	2
5281	30	30	37
5282	0	0	0
5283	52	46	40
5284	181	184	190
5285	7	10	10
5286	0	0	0
5287	17	10	15
5288	0	0	1
5289	20	28	16
5290	53	54	66
5291	21	27	19
5292	333	344	366
5293	31	22	22
5294	12	12	16
5295	71	77	62
5296	0	0	0
5297	9	8	9
5298	31	31	29
5299	0	0	2
5300	57	48	47
5301	19	10	5
5302	2	6	1
5303	20	27	14
5304	38	28	28
5305	38	40	24
5306	68	49	44
5307	12	17	19
5308	9	12	8
5309	48	42	29
5310	46	57	70
5311	12	10	13
5312	0	0	0
5313	54	54	40
5314	6	5	6
5315	1	0	0
5316	18	8	11
5317	0	1	3
5318	11	15	10
5319	25	12	21
5320	26	33	23
5321	224	223	244
5322	17	15	12
5323	0	0	0
5324	14	26	16
5325	22	19	15
5326	2	0	1
5327	679	643	732
5328	0	0	1
5329	9	10	11
5330	4	1	2
5331	45	39	38
5332	774	812	868
5333	30	28	24
5334	3	3	3
5335	18	22	28
5336	28	18	21
5337	639	585	570
5338	1	1	1
5339	14	11	6
5340	154	135	171
5341	19	23	19
5342	2	1	4
5343	8	7	6
5344	111	113	114
5345	10	18	16
5346	7	2	2
5347	2	1	0
5348	0	0	0
5349	94	83	64
5350	48	42	38
5351	76	62	67
5352	5	4	5
5353	14	14	12
5354	18	11	17
5355	4	1	1
5356	68	64	45
5357	39	29	33
5358	3	1	5
5359	1	1	0
5360	0	0	0
5361	6	6	3
5362	0	0	0
5363	0	0	0
5364	19	23	26
5365	2	9	3
5366	13	14	12
5367	17	14	11
5368	8	16	8
5369	78	90	81
5370	5	6	7
5371	9	9	5
5372	3	6	5
5373	19	28	18
5374	1	2	7
5375	40	33	44
5376	1	5	5
5377	0	1	1
5378	1	1	0
5379	99	82	74
5380	4	5	2
5381	0	0	0
5382	3	2	4
5383	30	36	27
5384	0	0	0
5385	17	13	10
5386	39	42	46
5387	1	1	1
5388	16	15	13
5389	1	4	1
5390	2	4	7
5391	3	11	10
5392	1	1	2
5393	20	21	19
5394	41	36	42
5395	1	2	1
5396	1	0	0
5397	11	15	10
5398	177	139	133
5399	4	4	2
5400	0	0	0
5401	175	210	160
5402	6	3	3
5403	36	35	41
5404	0	1	0
5405	27	22	18
5406	1	1	1
5407	3	6	2
5408	7	3	2
5409	19	29	37
5410	53	62	56
5411	0	0	0
5412	2	2	0
5413	3	6	3
5414	14	16	13
5415	5	4	1
5416	166	148	200
5417	3	2	2
5418	9	2	9
5419	21	12	8
5420	2	4	6
5421	0	0	0
5422	6	3	2
5423	35	25	17
5424	23	25	10
5425	1	2	5
5426	8	4	4
5427	12	15	20
5428	3	3	1
5429	8	5	7
5430	5	6	7
5431	4	2	2
5432	118	122	154
5433	66	68	68
5434	41	40	50
5435	4	3	2
5436	7	6	4
5437	9	9	6
5438	67	62	66
5439	4	0	1
5440	9	10	4
5441	150	173	151
5442	43	47	37
5443	699	698	653
5444	179	148	163
5445	37	43	29
5446	187	179	176
5447	99	82	83
5448	0	1	2
5449	50	43	44
5450	194	190	183
5451	128	136	87
5452	8	16	14
5453	182	171	179
5454	0	2	3
5455	0	0	0
5456	18	17	21
5457	229	245	215
5458	0	0	0
5459	4	2	0
5460	0	0	1
5461	2	4	3
5462	1	2	2
5463	214	200	218
5464	3	2	5
5465	10	10	11
5466	458	429	427
5467	4	3	3
5468	52	52	70
5469	1	1	1
5470	113	111	123
5471	22	16	10
5472	0	0	0
5473	2	3	1
5474	5	3	2
5475	0	0	0
5476	64	68	59
5477	8	10	9
5478	1	1	0
5479	0	0	0
5480	3	3	5
5481	5	1	3
5482	180	170	161
5483	2	0	2
5484	5	4	8
5485	0	0	0
5486	39	51	42
5487	28	37	34
5488	51	57	52
5489	34	59	41
5490	6	14	7
5491	9	18	15
5492	0	0	0
5493	0	0	0
5494	0	0	0
5495	0	0	0
5496	4	1	2
5497	9	17	11
5498	0	0	0
5499	6	6	4
5500	144	173	128
5501	1	0	0
5502	110	111	127
5503	108	91	75
5504	1	0	0
5505	2	3	5
5506	124	92	97
5507	6	9	9
5508	3	2	2
5509	219	248	263
5510	6	3	2
5511	1	3	3
5512	90	91	65
5513	1	1	0
5514	4	1	8
5515	9	9	11
5516	22	13	26
5517	0	2	1
5518	0	0	0
5519	30	12	23
5520	9	6	13
5521	44	34	36
5522	1	3	0
5523	4	7	8
5524	7	5	3
5525	0	0	0
5526	0	0	0
5527	0	0	0
5528	9	20	9
5529	5	5	2
5530	296	276	291
5531	432	426	372
5532	7	6	3
5533	0	0	0
5534	134	98	93
5535	38	38	26
5536	16	10	14
5537	2	5	1
5538	0	0	0
5539	3	5	2
5540	2	2	1
5541	141	117	93
5542	0	0	1
5543	2	1	0
5544	1	3	6
5545	37	27	22
5546	31	44	37
5547	22	32	24
5548	16	12	23
5549	1	2	1
5550	50	53	38
5551	6	8	8
5552	6	3	0
5553	0	0	0
5554	46	26	31
5555	2	2	1
5556	2	4	3
5557	2	1	0
5558	3	4	3
5559	1	3	1
5560	5	1	3
5561	7	18	8
5562	2	1	2
5563	4	1	4
5564	15	16	9
5565	1352	1334	1104
5566	21	13	15
5567	4	6	7
5568	53	61	49
5569	10	10	15
5570	0	0	1
5571	0	0	0
5572	1	1	3
5573	17	14	22
5574	22	17	18
5575	0	0	1
5576	40	32	34
5577	518	466	456
5578	68	82	63
5579	7	10	6
5580	3	6	6
5581	5	12	5
5582	1	0	2
5583	17	21	17
5584	42	35	24
5585	7	9	11
5586	2	0	0
5587	5	5	6
5588	5	1	0
5589	127	122	112
5590	18	32	9
5591	5	7	4
5592	8	8	12
5593	0	3	7
5594	1	2	4
5595	3	2	3
5596	105	92	88
5597	1	4	5
5598	5	6	8
5599	27	21	10
5600	0	0	0
5601	21	21	14
5602	1	1	3
5603	24	26	21
5604	28	31	32
5605	67	61	53
5606	36	26	32
5607	19	22	16
5608	7	3	6
5609	0	0	0
5610	77	74	57
5611	8	12	12
5612	6	9	7
5613	6	16	7
5614	139	148	119
5615	5	6	5
5616	2	0	1
5617	26	36	26
5618	36	21	25
5619	239	194	173
5620	24	27	35
5621	8	3	8
5622	7	5	5
5623	10	7	4
5624	9	8	9
5625	1	2	2
5626	1	1	1
5627	3	2	2
5628	0	0	1
5629	8	8	12
5630	16	11	8
5631	0	0	0
5632	7	7	5
5633	35	14	24
5634	44	49	49
5635	2	2	6
5636	11	20	14
5637	4	12	4
5638	8	8	11
5639	9	11	8
5640	0	0	0
5641	18	12	14
5642	54	47	47
5643	124	119	116
5644	4	1	0
5645	0	2	1
5646	2	6	3
5647	5	14	10
5648	10	6	8
5649	3	2	4
5650	3	2	2
5651	0	4	1
5652	0	0	0
5653	26	19	20
5654	3	4	2
5655	2	1	3
5656	2	4	4
5657	13	6	6
5658	4	5	6
5659	0	0	0
5660	138	116	116
5661	2	8	9
5662	8	13	8
5663	18	16	10
5664	108	95	87
5665	1	0	2
5666	15	11	9
5667	71	76	65
5668	65	69	82
5669	9	7	8
5670	26	30	23
5671	3	3	3
5672	68	41	59
5673	84	85	70
5674	2	1	0
5675	6	10	1
5676	8	22	21
5677	0	1	0
5678	13	14	6
5679	0	0	0
5680	3	4	4
5681	99	98	66
5682	10	6	4
5683	2	6	3
5684	3	5	4
5685	0	3	2
5686	15	19	13
5687	18	30	26
5688	1	1	0
5689	0	0	0
5690	172	139	124
5691	69	97	77
5692	5	2	2
5693	28	27	24
5694	20	19	16
5695	593	587	546
5696	8	5	2
5697	10	12	14
5698	14	17	15
5699	48	61	47
5700	19	16	15
5701	1	1	0
5702	6	1	1
5703	0	0	0
5704	0	0	0
5705	10	7	12
5706	0	0	1
5707	0	2	2
5708	113	122	138
5709	35	40	33
5710	26	21	21
5711	47	34	35
5712	17	13	24
5713	213	250	288
5714	25	26	18
5715	3	0	1
5716	0	0	0
5717	0	1	0
5718	31	37	31
5719	139	143	113
5720	0	0	0
5721	6	10	11
5722	212	180	195
5723	2	2	7
5724	5	8	7
5725	14	10	8
5726	32	37	32
5727	6	3	6
5728	5	2	4
5729	31	32	32
5730	91	105	80
5731	274	257	304
5732	117	92	78
5733	32	25	19
5734	27	29	20
5735	2	2	2
5736	0	1	1
5737	3	9	4
5738	0	0	1
5739	7	7	2
5740	23	26	23
5741	21	21	14
5742	0	0	0
5743	6	15	14
5744	2	1	1
5745	3	8	7
5746	13	7	10
5747	78	65	67
5748	6	4	2
5749	380	346	323
5750	6	4	8
5751	99	88	89
5752	9	26	15
5753	15	5	12
5754	1	0	1
5755	4	9	7
5756	2	0	2
5757	76	68	64
5758	21	18	25
5759	1	2	5
5760	0	0	0
5761	139	156	159
5762	3	6	8
5763	3	2	7
5764	21	17	25
5765	32	47	57
5766	0	0	0
5767	3	2	0
5768	0	1	0
5769	2	1	0
5770	3	3	5
5771	19	28	22
5772	48	54	47
5773	8	4	4
5774	69	39	41
5775	49	46	46
5776	21	14	15
5777	0	0	0
5778	21	18	31
5779	72	57	52
5780	26	26	33
5781	3	2	4
5782	5	8	3
5783	70	43	51
5784	1	5	4
5785	3	5	4
5786	16	23	21
5787	3	5	1
5788	0	0	0
5789	1171	1219	1209
5790	368	413	390
5791	1	6	0
5792	361	289	225
5793	19	16	21
5794	356	284	356
5795	21	24	18
5796	12	13	16
5797	23	20	16
5798	1	0	0
5799	34	21	23
5800	182	205	208
5801	77	62	77
5802	5	2	4
5803	0	0	0
5804	5	6	2
5805	17	21	11
5806	22	27	19
5807	0	0	0
5808	1	3	4
5809	1	2	2
5810	80	80	72
5811	33	35	28
5812	153	136	147
5813	26	17	21
5814	0	0	0
5815	6	7	9
5816	128	118	125
5817	51	49	40
5818	8	20	18
5819	21	11	11
5820	11	12	15
5821	107	72	110
5822	0	2	2
5823	9	7	6
5824	381	369	324
5825	23	26	27
5826	0	0	0
5827	2	8	4
5828	11	6	4
5829	6	4	5
5830	6	22	21
5831	120	102	111
5832	3	1	3
5833	18	20	23
5834	12	16	7
5835	16	20	19
5836	24	15	31
5837	12	8	8
5838	55	44	50
5839	16	17	18
5840	157	126	121
5841	0	0	0
5842	26	21	18
5843	1	3	1
5844	0	2	0
5845	49	37	40
5846	1	0	0
5847	1	1	0
5848	0	0	0
5849	0	0	0
5850	2	2	2
5851	6	9	7
5852	9	7	8
5853	0	0	0
5854	14	22	18
5855	11	11	2
5856	27	31	28
5857	0	0	0
5858	75	70	74
5859	64	66	56
5860	28	22	36
5861	16	11	8
5862	3	14	10
5863	5	5	7
5864	15	11	11
5865	33	34	30
5866	0	0	0
5867	0	0	0
5868	0	0	0
5869	50	41	25
5870	3	0	2
5871	1	2	0
5872	1	3	4
5873	25	26	29
5874	5	0	9
5875	1	1	0
5876	56	42	50
5877	1	1	1
5878	0	1	2
5879	0	1	1
5880	0	3	3
5881	0	1	0
5882	0	1	0
5883	23	25	22
5884	13	7	8
5885	17	9	12
5886	0	0	2
5887	10	9	8
5888	6	15	9
5889	38	69	43
5890	30	36	23
5891	2	4	6
5892	0	0	1
5893	2	1	1
5894	341	335	277
5895	16	17	12
5896	0	0	0
5897	9	12	3
5898	0	0	0
5899	9	5	6
5900	0	0	0
5901	3	6	2
5902	26	37	22
5903	13	16	12
5904	1	0	1
5905	38	24	18
5906	34	35	35
5907	9	8	10
5908	72	59	70
5909	1	4	1
5910	4	2	0
5911	1	1	2
5912	4	2	1
5913	11	9	11
5914	42	41	24
5915	25	31	28
5916	92	92	96
5917	110	89	74
5918	166	198	211
5919	3	3	3
5920	1	0	0
5921	13	20	18
5922	0	0	0
5923	11	4	9
5924	0	0	0
5925	364	339	220
5926	31	30	19
5927	7	2	3
5928	12	9	6
5929	32	41	13
5930	0	0	0
5931	45	40	43
5932	405	362	385
5933	26	23	21
5934	4	2	3
5935	1	3	2
5936	0	0	0
5937	52	62	34
5938	64	56	59
5939	5	3	6
5940	13	9	9
5941	6	12	8
5942	10	5	5
5943	2	2	1
5944	0	0	0
5945	2449	2340	2224
5946	27	22	22
5947	7	9	12
5948	263	265	209
5949	35	23	20
5950	0	1	2
5951	11	18	17
5952	1	4	0
5953	9	8	3
5954	4	3	3
5955	25	28	19
5956	13	4	15
5957	0	0	0
5958	14	12	4
5959	1	2	3
5960	13	13	10
5961	121	110	112
5962	138	119	91
5963	0	3	1
5964	0	0	0
5965	2	1	1
5966	0	0	0
5967	0	0	0
5968	19	31	19
5969	161	173	151
5970	11	33	23
5971	2	4	6
5972	21	13	16
5973	3	3	4
5974	73	83	48
5975	38	37	18
5976	0	0	1
5977	0	0	0
5978	0	0	0
5979	61	54	59
5980	19	24	21
5981	14	10	12
5982	126	129	107
5983	0	0	0
5984	3	3	4
5985	44	52	57
5986	11	11	14
5987	10	4	9
5988	3	2	4
5989	15	13	15
5990	12	7	4
5991	96	107	100
5992	9	5	8
5993	25	14	24
5994	1	4	2
5995	11	6	5
5996	2	1	2
5997	2	4	3
5998	54	49	50
5999	73	70	57
6000	11	11	7
6001	9	5	7
6002	16	11	13
6003	9	14	10
6004	10	10	5
6005	36	22	28
6006	2	0	0
6007	4	3	3
6008	118	77	68
6009	18	18	14
6010	27	23	20
6011	209	175	209
6012	6	6	8
6013	32	31	31
6014	7	4	5
6015	6	3	4
6016	33	28	31
6017	12	11	8
6018	18	29	17
6019	0	5	1
6020	0	0	0
6021	3	2	3
6022	5	3	3
6023	18	18	20
6024	6	9	9
6025	12	16	10
6026	13	8	5
6027	2	1	3
6028	19	16	19
6029	130	147	165
