	ID	Name	position_from_start	position_from_term	actual_count	downsampled_count
0	rna-XM_713978.2	XM_713978.2	9	759	57.0	19.0
1	rna-XM_713978.2	XM_713978.2	53	715	25.0	19.0
2	rna-XM_713978.2	XM_713978.2	251	517	28.0	19.0
3	rna-XM_713978.2	XM_713978.2	263	505	32.0	19.0
4	rna-XM_713957.1	XM_713957.1	0	1203	35.0	19.0
5	rna-XM_713957.1	XM_713957.1	17	1186	21.0	19.0
6	rna-XM_713957.1	XM_713957.1	40	1163	21.0	19.0
7	rna-XM_713957.1	XM_713957.1	43	1160	23.0	19.0
8	rna-XM_713957.1	XM_713957.1	44	1159	21.0	19.0
9	rna-XM_713957.1	XM_713957.1	45	1158	21.0	19.0
10	rna-XM_713957.1	XM_713957.1	47	1156	26.0	19.0
11	rna-XM_713957.1	XM_713957.1	50	1153	24.0	19.0
12	rna-XM_713957.1	XM_713957.1	55	1148	37.0	19.0
13	rna-XM_713957.1	XM_713957.1	298	905	20.0	19.0
14	rna-XM_713954.1	XM_713954.1	91	512	101.0	19.0
15	rna-XM_713954.1	XM_713954.1	127	476	25.0	19.0
16	rna-XM_019475064.1	XM_019475064.1	166	98	20.0	19.0
17	rna-XM_713064.2	XM_713064.2	4	746	24.0	19.0
18	rna-XM_019475067.1	XM_019475067.1	339	450	24.0	19.0
19	rna-XM_019475067.1	XM_019475067.1	364	425	35.0	19.0
20	rna-XM_707863.2	XM_707863.2	308	3517	59.0	19.0
21	rna-XM_716341.2	XM_716341.2	36	627	33.0	19.0
22	rna-XM_716341.2	XM_716341.2	63	600	22.0	19.0
23	rna-XM_716341.2	XM_716341.2	147	516	61.0	19.0
24	rna-XM_716341.2	XM_716341.2	346	317	24.0	19.0
25	rna-XM_716371.1	XM_716371.1	216	837	39.0	19.0
26	rna-XM_716399.1	XM_716399.1	428	181	65.0	19.0
27	rna-XM_716399.1	XM_716399.1	517	92	31.0	19.0
28	rna-XM_716399.1	XM_716399.1	522	87	71.0	19.0
29	rna-XM_716407.2	XM_716407.2	661	110	20.0	19.0
30	rna-XM_716442.2	XM_716442.2	529	1361	26.0	19.0
31	rna-XM_716442.2	XM_716442.2	563	1327	24.0	19.0
32	rna-XM_716442.2	XM_716442.2	582	1308	38.0	19.0
33	rna-XM_716442.2	XM_716442.2	626	1264	54.0	19.0
34	rna-XM_716442.2	XM_716442.2	1833	57	27.0	19.0
35	rna-XM_716447.2	XM_716447.2	619	206	27.0	19.0
36	rna-XM_708542.1	XM_708542.1	134	1147	39.0	19.0
37	rna-XM_708542.1	XM_708542.1	168	1113	24.0	19.0
38	rna-XM_708542.1	XM_708542.1	178	1103	590.0	19.0
39	rna-XM_708542.1	XM_708542.1	179	1102	26.0	19.0
40	rna-XM_708542.1	XM_708542.1	194	1087	22.0	19.0
41	rna-XM_708542.1	XM_708542.1	196	1085	20.0	19.0
42	rna-XM_708542.1	XM_708542.1	230	1051	86.0	19.0
43	rna-XM_708542.1	XM_708542.1	242	1039	36.0	19.0
44	rna-XM_708542.1	XM_708542.1	245	1036	47.0	19.0
45	rna-XM_708542.1	XM_708542.1	246	1035	23.0	19.0
46	rna-XM_708542.1	XM_708542.1	247	1034	20.0	19.0
47	rna-XM_708542.1	XM_708542.1	257	1024	20.0	19.0
48	rna-XM_708542.1	XM_708542.1	269	1012	21.0	19.0
49	rna-XM_708542.1	XM_708542.1	281	1000	31.0	19.0
50	rna-XM_708542.1	XM_708542.1	287	994	23.0	19.0
51	rna-XM_708542.1	XM_708542.1	332	949	70.0	19.0
52	rna-XM_708542.1	XM_708542.1	334	947	22.0	19.0
53	rna-XM_708542.1	XM_708542.1	335	946	26.0	19.0
54	rna-XM_708542.1	XM_708542.1	338	943	66.0	19.0
55	rna-XM_708542.1	XM_708542.1	341	940	26.0	19.0
56	rna-XM_708542.1	XM_708542.1	343	938	20.0	19.0
57	rna-XM_708542.1	XM_708542.1	344	937	50.0	19.0
58	rna-XM_708542.1	XM_708542.1	347	934	38.0	19.0
59	rna-XM_708542.1	XM_708542.1	352	929	29.0	19.0
60	rna-XM_708542.1	XM_708542.1	353	928	34.0	19.0
61	rna-XM_708542.1	XM_708542.1	354	927	21.0	19.0
62	rna-XM_708542.1	XM_708542.1	452	829	21.0	19.0
63	rna-XM_708542.1	XM_708542.1	470	811	30.0	19.0
64	rna-XM_708542.1	XM_708542.1	473	808	28.0	19.0
65	rna-XM_708542.1	XM_708542.1	527	754	65.0	19.0
66	rna-XM_708542.1	XM_708542.1	534	747	56.0	19.0
67	rna-XM_708542.1	XM_708542.1	566	715	23.0	19.0
68	rna-XM_708553.2	XM_708553.2	798	690	28.0	19.0
69	rna-XM_708570.1	XM_708570.1	164	154	20.0	19.0
70	rna-XM_708572.1	XM_708572.1	381	30	24.0	19.0
71	rna-XM_708576.2	XM_708576.2	239	1699	31.0	19.0
72	rna-XM_708576.2	XM_708576.2	629	1309	50.0	19.0
73	rna-XM_708576.2	XM_708576.2	1080	858	21.0	19.0
74	rna-XM_708576.2	XM_708576.2	1205	733	33.0	19.0
75	rna-XM_705770.2	XM_705770.2	2114	1978	23.0	19.0
76	rna-XM_705770.2	XM_705770.2	2156	1936	23.0	19.0
77	rna-XM_705770.2	XM_705770.2	2160	1932	20.0	19.0
78	rna-XM_705770.2	XM_705770.2	2162	1930	20.0	19.0
79	rna-XM_705770.2	XM_705770.2	2234	1858	21.0	19.0
80	rna-XM_705770.2	XM_705770.2	2308	1784	24.0	19.0
81	rna-XM_710785.1	XM_710785.1	211	377	32.0	19.0
82	rna-XM_713365.1	XM_713365.1	1441	665	20.0	19.0
83	rna-XM_704918.2	XM_704918.2	535	461	20.0	19.0
84	rna-XM_704918.2	XM_704918.2	598	398	21.0	19.0
85	rna-XM_019475113.1	XM_019475113.1	21	378	21.0	19.0
86	rna-XM_019475113.1	XM_019475113.1	80	319	51.0	19.0
87	rna-XM_019475113.1	XM_019475113.1	101	298	31.0	19.0
88	rna-XM_019475113.1	XM_019475113.1	128	271	36.0	19.0
89	rna-XM_019475113.1	XM_019475113.1	144	255	20.0	19.0
90	rna-XM_019475113.1	XM_019475113.1	198	201	27.0	19.0
91	rna-XM_713748.2	XM_713748.2	4	434	27.0	19.0
92	rna-XM_713748.2	XM_713748.2	40	398	21.0	19.0
93	rna-XM_713748.2	XM_713748.2	41	397	22.0	19.0
94	rna-XM_713748.2	XM_713748.2	42	396	47.0	19.0
95	rna-XM_713748.2	XM_713748.2	43	395	26.0	19.0
96	rna-XM_713748.2	XM_713748.2	57	381	35.0	19.0
97	rna-XM_713748.2	XM_713748.2	58	380	25.0	19.0
98	rna-XM_713748.2	XM_713748.2	60	378	28.0	19.0
99	rna-XM_713748.2	XM_713748.2	61	377	26.0	19.0
100	rna-XM_713748.2	XM_713748.2	62	376	33.0	19.0
101	rna-XM_713748.2	XM_713748.2	65	373	24.0	19.0
102	rna-XM_713748.2	XM_713748.2	116	322	24.0	19.0
103	rna-XM_713748.2	XM_713748.2	120	318	25.0	19.0
104	rna-XM_713748.2	XM_713748.2	127	311	20.0	19.0
105	rna-XM_713748.2	XM_713748.2	133	305	21.0	19.0
106	rna-XM_713748.2	XM_713748.2	142	296	40.0	19.0
107	rna-XM_713748.2	XM_713748.2	144	294	40.0	19.0
108	rna-XM_713748.2	XM_713748.2	156	282	29.0	19.0
109	rna-XM_713748.2	XM_713748.2	157	281	35.0	19.0
110	rna-XM_713748.2	XM_713748.2	179	259	20.0	19.0
111	rna-XM_713748.2	XM_713748.2	204	234	20.0	19.0
112	rna-XM_713748.2	XM_713748.2	207	231	20.0	19.0
113	rna-XM_713748.2	XM_713748.2	208	230	27.0	19.0
114	rna-XM_713748.2	XM_713748.2	209	229	27.0	19.0
115	rna-XM_713748.2	XM_713748.2	210	228	39.0	19.0
116	rna-XM_713748.2	XM_713748.2	211	227	41.0	19.0
117	rna-XM_713748.2	XM_713748.2	229	209	28.0	19.0
118	rna-XM_713748.2	XM_713748.2	230	208	27.0	19.0
119	rna-XM_713748.2	XM_713748.2	231	207	23.0	19.0
120	rna-XM_713748.2	XM_713748.2	233	205	39.0	19.0
121	rna-XM_713748.2	XM_713748.2	234	204	26.0	19.0
122	rna-XM_713748.2	XM_713748.2	235	203	31.0	19.0
123	rna-XM_713748.2	XM_713748.2	237	201	23.0	19.0
124	rna-XM_713748.2	XM_713748.2	238	200	35.0	19.0
125	rna-XM_713748.2	XM_713748.2	243	195	20.0	19.0
126	rna-XM_713748.2	XM_713748.2	244	194	20.0	19.0
127	rna-XM_713748.2	XM_713748.2	280	158	46.0	19.0
128	rna-XM_713748.2	XM_713748.2	299	139	55.0	19.0
129	rna-XM_713748.2	XM_713748.2	437	1	23.0	19.0
130	rna-XM_712519.2	XM_712519.2	1343	532	40.0	19.0
131	rna-XM_712522.2	XM_712522.2	117	384	32.0	19.0
132	rna-XM_712526.2	XM_712526.2	683	2371	31.0	19.0
133	rna-XM_712555.2	XM_712555.2	1877	157	62.0	19.0
134	rna-XM_712560.1	XM_712560.1	634	827	20.0	19.0
135	rna-XM_706795.1	XM_706795.1	584	154	20.0	19.0
136	rna-XM_718485.1	XM_718485.1	272	451	22.0	19.0
137	rna-XM_718485.1	XM_718485.1	386	337	45.0	19.0
138	rna-XM_718485.1	XM_718485.1	454	269	34.0	19.0
139	rna-XM_706112.2	XM_706112.2	994	128	29.0	19.0
140	rna-XM_706117.2	XM_706117.2	623	904	46.0	19.0
141	rna-XM_706117.2	XM_706117.2	753	774	247.0	19.0
142	rna-XM_019475147.1	XM_019475147.1	263	151	182.0	19.0
143	rna-XM_708831.2	XM_708831.2	1134	885	33.0	19.0
144	rna-XM_708826.1	XM_708826.1	2	406	20.0	19.0
145	rna-XM_708702.2	XM_708702.2	653	424	20.0	19.0
146	rna-XM_708702.2	XM_708702.2	687	390	23.0	19.0
147	rna-XM_708702.2	XM_708702.2	690	387	22.0	19.0
148	rna-XM_708702.2	XM_708702.2	776	301	87.0	19.0
149	rna-XM_019475165.1	XM_019475165.1	323	88	37.0	19.0
150	rna-XM_706488.2	XM_706488.2	3485	916	23.0	19.0
151	rna-XM_706471.2	XM_706471.2	1748	1045	37.0	19.0
152	rna-XM_706471.2	XM_706471.2	2252	541	23.0	19.0
153	rna-XM_706471.2	XM_706471.2	2310	483	38.0	19.0
154	rna-XM_706471.2	XM_706471.2	2357	436	31.0	19.0
155	rna-XM_717055.2	XM_717055.2	3480	162	20.0	19.0
156	rna-XM_717059.1	XM_717059.1	43	767	20.0	19.0
157	rna-XM_019475180.1	XM_019475180.1	2506	470	20.0	19.0
158	rna-XM_019475180.1	XM_019475180.1	2537	439	29.0	19.0
159	rna-XM_709943.1	XM_709943.1	24	816	31.0	19.0
160	rna-XM_709943.1	XM_709943.1	32	808	32.0	19.0
161	rna-XM_709943.1	XM_709943.1	33	807	24.0	19.0
162	rna-XM_709943.1	XM_709943.1	34	806	30.0	19.0
163	rna-XM_709943.1	XM_709943.1	35	805	35.0	19.0
164	rna-XM_709943.1	XM_709943.1	44	796	34.0	19.0
165	rna-XM_709943.1	XM_709943.1	51	789	552.0	19.0
166	rna-XM_709943.1	XM_709943.1	65	775	27.0	19.0
167	rna-XM_709943.1	XM_709943.1	134	706	20.0	19.0
168	rna-XM_709943.1	XM_709943.1	135	705	20.0	19.0
169	rna-XM_709943.1	XM_709943.1	136	704	20.0	19.0
170	rna-XM_709943.1	XM_709943.1	145	695	28.0	19.0
171	rna-XM_709943.1	XM_709943.1	146	694	24.0	19.0
172	rna-XM_709943.1	XM_709943.1	148	692	26.0	19.0
173	rna-XM_709943.1	XM_709943.1	153	687	21.0	19.0
174	rna-XM_709943.1	XM_709943.1	156	684	23.0	19.0
175	rna-XM_019475187.1	XM_019475187.1	1625	358	25.0	19.0
176	rna-XM_709968.1	XM_709968.1	68	871	36.0	19.0
177	rna-XM_705397.2	XM_705397.2	31	500	115.0	19.0
178	rna-XM_705397.2	XM_705397.2	53	478	123.0	19.0
179	rna-XM_705397.2	XM_705397.2	59	472	21.0	19.0
180	rna-XM_705388.2	XM_705388.2	36	1668	35.0	19.0
181	rna-XM_705388.2	XM_705388.2	47	1657	51.0	19.0
182	rna-XM_705388.2	XM_705388.2	1452	252	22.0	19.0
183	rna-XM_717410.1	XM_717410.1	224	2647	28.0	19.0
184	rna-XM_717410.1	XM_717410.1	242	2629	21.0	19.0
185	rna-XM_717427.1	XM_717427.1	13	347	37.0	19.0
186	rna-XM_717427.1	XM_717427.1	73	287	73.0	19.0
187	rna-XM_717427.1	XM_717427.1	108	252	21.0	19.0
188	rna-XM_717527.2	XM_717527.2	104	5065	56.0	19.0
189	rna-XM_717527.2	XM_717527.2	221	4948	55.0	19.0
190	rna-XM_717527.2	XM_717527.2	239	4930	174.0	19.0
191	rna-XM_717527.2	XM_717527.2	3682	1487	22.0	19.0
192	rna-XM_019475213.1	XM_019475213.1	587	1942	25.0	19.0
193	rna-XM_019475213.1	XM_019475213.1	1439	1090	22.0	19.0
194	rna-XM_710225.2	XM_710225.2	6542	3319	30.0	19.0
195	rna-XM_715872.2	XM_715872.2	59	2032	94.0	19.0
196	rna-XM_715866.2	XM_715866.2	1933	428	29.0	19.0
197	rna-XM_019475220.1	XM_019475220.1	72	228	35.0	19.0
198	rna-XM_019475220.1	XM_019475220.1	74	226	23.0	19.0
199	rna-XM_019475220.1	XM_019475220.1	82	218	25.0	19.0
200	rna-XM_019475220.1	XM_019475220.1	84	216	28.0	19.0
201	rna-XM_019475220.1	XM_019475220.1	126	174	21.0	19.0
202	rna-XM_019475220.1	XM_019475220.1	140	160	29.0	19.0
203	rna-XM_019475220.1	XM_019475220.1	141	159	39.0	19.0
204	rna-XM_019475220.1	XM_019475220.1	143	157	39.0	19.0
205	rna-XM_019475220.1	XM_019475220.1	162	138	35.0	19.0
206	rna-XM_019475220.1	XM_019475220.1	199	101	20.0	19.0
207	rna-XM_715844.1	XM_715844.1	212	1867	48.0	19.0
208	rna-XM_715844.1	XM_715844.1	996	1083	35.0	19.0
209	rna-XM_715844.1	XM_715844.1	1081	998	43.0	19.0
210	rna-XM_715844.1	XM_715844.1	1083	996	31.0	19.0
211	rna-XM_715844.1	XM_715844.1	1134	945	44.0	19.0
212	rna-XM_715844.1	XM_715844.1	1143	936	20.0	19.0
213	rna-XM_715844.1	XM_715844.1	1148	931	23.0	19.0
214	rna-XM_715844.1	XM_715844.1	1149	930	28.0	19.0
215	rna-XM_715844.1	XM_715844.1	1170	909	61.0	19.0
216	rna-XM_715844.1	XM_715844.1	1211	868	26.0	19.0
217	rna-XM_715844.1	XM_715844.1	1257	822	20.0	19.0
218	rna-XM_715844.1	XM_715844.1	1259	820	51.0	19.0
219	rna-XM_715844.1	XM_715844.1	1260	819	25.0	19.0
220	rna-XM_715844.1	XM_715844.1	1265	814	26.0	19.0
221	rna-XM_715844.1	XM_715844.1	1266	813	22.0	19.0
222	rna-XM_715844.1	XM_715844.1	1267	812	34.0	19.0
223	rna-XM_715844.1	XM_715844.1	1288	791	22.0	19.0
224	rna-XM_715844.1	XM_715844.1	1290	789	26.0	19.0
225	rna-XM_715844.1	XM_715844.1	1355	724	22.0	19.0
226	rna-XM_715840.2	XM_715840.2	965	403	33.0	19.0
227	rna-XM_707825.2	XM_707825.2	101	1183	22.0	19.0
228	rna-XM_707823.1	XM_707823.1	157	401	27.0	19.0
229	rna-XM_707822.2	XM_707822.2	845	2071	55.0	19.0
230	rna-XM_707822.2	XM_707822.2	866	2050	26.0	19.0
231	rna-XM_707822.2	XM_707822.2	947	1969	30.0	19.0
232	rna-XM_709806.2	XM_709806.2	2057	292	41.0	19.0
233	rna-XM_709819.1	XM_709819.1	519	465	23.0	19.0
234	rna-XM_707710.1	XM_707710.1	373	248	36.0	19.0
235	rna-XM_710962.1	XM_710962.1	302	1201	51.0	19.0
236	rna-XM_019475256.1	XM_019475256.1	18	339	45.0	19.0
237	rna-XM_705056.2	XM_705056.2	174	1203	32.0	19.0
238	rna-XM_705056.2	XM_705056.2	190	1187	22.0	19.0
239	rna-XM_705056.2	XM_705056.2	324	1053	48.0	19.0
240	rna-XM_707506.1	XM_707506.1	712	1037	106.0	19.0
241	rna-XM_707492.2	XM_707492.2	4	578	20.0	19.0
242	rna-XM_709171.2	XM_709171.2	1109	655	28.0	19.0
243	rna-XM_705590.2	XM_705590.2	57	1113	20.0	19.0
244	rna-XM_705590.2	XM_705590.2	107	1063	35.0	19.0
245	rna-XM_705590.2	XM_705590.2	534	636	26.0	19.0
246	rna-XM_705590.2	XM_705590.2	911	259	22.0	19.0
247	rna-XM_709322.1	XM_709322.1	116	217	24.0	19.0
248	rna-XM_709306.2	XM_709306.2	173	2104	23.0	19.0
249	rna-XM_712043.2	XM_712043.2	2102	5146	32.0	19.0
250	rna-XM_712051.1	XM_712051.1	290	499	40.0	19.0
251	rna-XM_712051.1	XM_712051.1	323	466	22.0	19.0
252	rna-XM_712051.1	XM_712051.1	519	270	26.0	19.0
253	rna-XM_712051.1	XM_712051.1	520	269	22.0	19.0
254	rna-XM_712051.1	XM_712051.1	757	32	92.0	19.0
255	rna-XM_712744.1	XM_712744.1	168	240	21.0	19.0
256	rna-XM_712709.1	XM_712709.1	32	628	28.0	19.0
257	rna-XM_712666.2	XM_712666.2	1145	1543	27.0	19.0
258	rna-XM_712666.2	XM_712666.2	1996	692	46.0	19.0
259	rna-XM_713429.2	XM_713429.2	203	3430	312.0	19.0
260	rna-XM_716626.1	XM_716626.1	314	307	39.0	19.0
261	rna-XM_716619.1	XM_716619.1	332	166	23.0	19.0
262	rna-XM_714842.1	XM_714842.1	366	210	51.0	19.0
263	rna-XM_714842.1	XM_714842.1	392	184	22.0	19.0
264	rna-XM_714842.1	XM_714842.1	542	34	21.0	19.0
265	rna-XM_714845.2	XM_714845.2	2943	966	43.0	19.0
266	rna-XM_714889.1	XM_714889.1	345	45	22.0	19.0
267	rna-XM_714941.1	XM_714941.1	578	1147	40.0	19.0
268	rna-XM_707632.2	XM_707632.2	380	19	67.0	19.0
269	rna-XM_019475320.1	XM_019475320.1	3	570	30.0	19.0
270	rna-XM_019475320.1	XM_019475320.1	229	344	23.0	19.0
271	rna-XM_718026.1	XM_718026.1	45	258	36.0	19.0
272	rna-XM_718047.1	XM_718047.1	156	180	54.0	19.0
273	rna-XM_718047.1	XM_718047.1	163	173	28.0	19.0
274	rna-XM_019475323.1	XM_019475323.1	44	760	100.0	19.0
275	rna-XM_019475325.1	XM_019475325.1	0	363	29.0	19.0
276	rna-XM_019475325.1	XM_019475325.1	44	319	46.0	19.0
277	rna-XM_019475325.1	XM_019475325.1	46	317	21.0	19.0
278	rna-XM_019475325.1	XM_019475325.1	52	311	32.0	19.0
279	rna-XM_019475325.1	XM_019475325.1	98	265	119.0	19.0
280	rna-XM_019475325.1	XM_019475325.1	111	252	23.0	19.0
281	rna-XM_019475325.1	XM_019475325.1	127	236	28.0	19.0
282	rna-XM_718085.1	XM_718085.1	208	1025	29.0	19.0
283	rna-XM_019475328.1	XM_019475328.1	36	402	24.0	19.0
284	rna-XM_019475328.1	XM_019475328.1	72	366	20.0	19.0
285	rna-XM_019475328.1	XM_019475328.1	80	358	20.0	19.0
286	rna-XM_019475328.1	XM_019475328.1	82	356	20.0	19.0
287	rna-XM_019475328.1	XM_019475328.1	104	334	111.0	19.0
288	rna-XM_019475328.1	XM_019475328.1	111	327	30.0	19.0
289	rna-XM_019475328.1	XM_019475328.1	112	326	21.0	19.0
290	rna-XM_019475328.1	XM_019475328.1	144	294	25.0	19.0
291	rna-XM_019475328.1	XM_019475328.1	166	272	21.0	19.0
292	rna-XM_019475328.1	XM_019475328.1	167	271	27.0	19.0
293	rna-XM_019475328.1	XM_019475328.1	169	269	28.0	19.0
294	rna-XM_019475328.1	XM_019475328.1	171	267	25.0	19.0
295	rna-XM_019475328.1	XM_019475328.1	187	251	21.0	19.0
296	rna-XM_019475328.1	XM_019475328.1	188	250	47.0	19.0
297	rna-XM_019475328.1	XM_019475328.1	189	249	38.0	19.0
298	rna-XM_019475328.1	XM_019475328.1	191	247	20.0	19.0
299	rna-XM_019475328.1	XM_019475328.1	208	230	34.0	19.0
300	rna-XM_019475328.1	XM_019475328.1	231	207	25.0	19.0
301	rna-XM_019475328.1	XM_019475328.1	232	206	20.0	19.0
302	rna-XM_019475328.1	XM_019475328.1	233	205	24.0	19.0
303	rna-XM_019475328.1	XM_019475328.1	234	204	33.0	19.0
304	rna-XM_019475328.1	XM_019475328.1	235	203	21.0	19.0
305	rna-XM_019475328.1	XM_019475328.1	238	200	20.0	19.0
306	rna-XM_019475328.1	XM_019475328.1	245	193	22.0	19.0
307	rna-XM_019475328.1	XM_019475328.1	251	187	22.0	19.0
308	rna-XM_019475328.1	XM_019475328.1	252	186	32.0	19.0
309	rna-XM_019475328.1	XM_019475328.1	253	185	23.0	19.0
310	rna-XM_019475328.1	XM_019475328.1	318	120	25.0	19.0
311	rna-XM_019475328.1	XM_019475328.1	330	108	26.0	19.0
312	rna-XM_019475329.1	XM_019475329.1	439	347	38.0	19.0
313	rna-XM_019475329.1	XM_019475329.1	461	325	23.0	19.0
314	rna-XM_019475329.1	XM_019475329.1	463	323	25.0	19.0
315	rna-XM_019475329.1	XM_019475329.1	465	321	30.0	19.0
316	rna-XM_019475329.1	XM_019475329.1	466	320	20.0	19.0
317	rna-XM_019475329.1	XM_019475329.1	516	270	24.0	19.0
318	rna-XM_019475329.1	XM_019475329.1	539	247	20.0	19.0
319	rna-XM_019475329.1	XM_019475329.1	547	239	20.0	19.0
320	rna-XM_019475329.1	XM_019475329.1	550	236	24.0	19.0
321	rna-XM_019475329.1	XM_019475329.1	552	234	20.0	19.0
322	rna-XM_019475329.1	XM_019475329.1	571	215	137.0	19.0
323	rna-XM_019475329.1	XM_019475329.1	606	180	22.0	19.0
324	rna-XM_019475329.1	XM_019475329.1	626	160	24.0	19.0
325	rna-XM_019475329.1	XM_019475329.1	629	157	21.0	19.0
326	rna-XM_019475329.1	XM_019475329.1	632	154	26.0	19.0
327	rna-XM_019475329.1	XM_019475329.1	633	153	27.0	19.0
328	rna-XM_019475329.1	XM_019475329.1	636	150	22.0	19.0
329	rna-XM_019475329.1	XM_019475329.1	637	149	21.0	19.0
330	rna-XM_019475329.1	XM_019475329.1	683	103	36.0	19.0
331	rna-XM_019475329.1	XM_019475329.1	689	97	37.0	19.0
332	rna-XM_711502.1	XM_711502.1	848	436	25.0	19.0
333	rna-XM_714766.1	XM_714766.1	1690	1904	23.0	19.0
334	rna-XM_714749.1	XM_714749.1	581	166	23.0	19.0
335	rna-XM_714740.2	XM_714740.2	1333	914	20.0	19.0
336	rna-XM_705855.1	XM_705855.1	135	375	40.0	19.0
337	rna-XM_705855.1	XM_705855.1	165	345	23.0	19.0
338	rna-XM_705238.2	XM_705238.2	31	647	175.0	19.0
339	rna-XM_705238.2	XM_705238.2	53	625	134.0	19.0
340	rna-XM_019475352.1	XM_019475352.1	1289	226	20.0	19.0
341	rna-XM_717669.2	XM_717669.2	12344	2764	20.0	19.0
342	rna-XM_717669.2	XM_717669.2	12420	2688	91.0	19.0
343	rna-XM_717669.2	XM_717669.2	13232	1876	36.0	19.0
344	rna-XM_717669.2	XM_717669.2	13250	1858	33.0	19.0
345	rna-XM_717669.2	XM_717669.2	14944	164	21.0	19.0
346	rna-XM_019475360.1	XM_019475360.1	173	538	96.0	19.0
347	rna-XM_019475360.1	XM_019475360.1	234	477	22.0	19.0
348	rna-XM_019475360.1	XM_019475360.1	255	456	23.0	19.0
349	rna-XM_019475360.1	XM_019475360.1	264	447	35.0	19.0
350	rna-XM_019475360.1	XM_019475360.1	265	446	26.0	19.0
351	rna-XM_019475360.1	XM_019475360.1	274	437	29.0	19.0
352	rna-XM_019475360.1	XM_019475360.1	276	435	29.0	19.0
353	rna-XM_019475360.1	XM_019475360.1	277	434	28.0	19.0
354	rna-XM_019475360.1	XM_019475360.1	278	433	37.0	19.0
355	rna-XM_019475360.1	XM_019475360.1	279	432	61.0	19.0
356	rna-XM_019475360.1	XM_019475360.1	280	431	63.0	19.0
357	rna-XM_019475360.1	XM_019475360.1	281	430	30.0	19.0
358	rna-XM_019475360.1	XM_019475360.1	282	429	49.0	19.0
359	rna-XM_019475360.1	XM_019475360.1	283	428	36.0	19.0
360	rna-XM_019475360.1	XM_019475360.1	284	427	22.0	19.0
361	rna-XM_019475360.1	XM_019475360.1	285	426	21.0	19.0
362	rna-XM_019475360.1	XM_019475360.1	287	424	23.0	19.0
363	rna-XM_019475360.1	XM_019475360.1	301	410	22.0	19.0
364	rna-XM_019475360.1	XM_019475360.1	320	391	70.0	19.0
365	rna-XM_019475360.1	XM_019475360.1	321	390	31.0	19.0
366	rna-XM_019475360.1	XM_019475360.1	322	389	41.0	19.0
367	rna-XM_019475360.1	XM_019475360.1	330	381	29.0	19.0
368	rna-XM_019475360.1	XM_019475360.1	334	377	22.0	19.0
369	rna-XM_019475360.1	XM_019475360.1	336	375	23.0	19.0
370	rna-XM_019475360.1	XM_019475360.1	344	367	20.0	19.0
371	rna-XM_019475360.1	XM_019475360.1	348	363	78.0	19.0
372	rna-XM_019475360.1	XM_019475360.1	357	354	22.0	19.0
373	rna-XM_019475360.1	XM_019475360.1	358	353	23.0	19.0
374	rna-XM_019475360.1	XM_019475360.1	359	352	55.0	19.0
375	rna-XM_019475360.1	XM_019475360.1	360	351	22.0	19.0
376	rna-XM_019475360.1	XM_019475360.1	362	349	20.0	19.0
377	rna-XM_019475360.1	XM_019475360.1	364	347	20.0	19.0
378	rna-XM_019475360.1	XM_019475360.1	365	346	26.0	19.0
379	rna-XM_019475360.1	XM_019475360.1	381	330	26.0	19.0
380	rna-XM_019475360.1	XM_019475360.1	386	325	30.0	19.0
381	rna-XM_019475360.1	XM_019475360.1	388	323	25.0	19.0
382	rna-XM_019475360.1	XM_019475360.1	389	322	20.0	19.0
383	rna-XM_019475360.1	XM_019475360.1	390	321	26.0	19.0
384	rna-XM_019475360.1	XM_019475360.1	391	320	44.0	19.0
385	rna-XM_019475360.1	XM_019475360.1	392	319	46.0	19.0
386	rna-XM_019475360.1	XM_019475360.1	393	318	46.0	19.0
387	rna-XM_019475360.1	XM_019475360.1	394	317	55.0	19.0
388	rna-XM_019475360.1	XM_019475360.1	395	316	27.0	19.0
389	rna-XM_019475360.1	XM_019475360.1	396	315	131.0	19.0
390	rna-XM_019475360.1	XM_019475360.1	397	314	41.0	19.0
391	rna-XM_019475360.1	XM_019475360.1	398	313	23.0	19.0
392	rna-XM_019475360.1	XM_019475360.1	399	312	31.0	19.0
393	rna-XM_019475360.1	XM_019475360.1	400	311	23.0	19.0
394	rna-XM_019475360.1	XM_019475360.1	408	303	21.0	19.0
395	rna-XM_019475360.1	XM_019475360.1	413	298	25.0	19.0
396	rna-XM_019475360.1	XM_019475360.1	414	297	21.0	19.0
397	rna-XM_019475360.1	XM_019475360.1	417	294	20.0	19.0
398	rna-XM_019475360.1	XM_019475360.1	418	293	43.0	19.0
399	rna-XM_019475360.1	XM_019475360.1	419	292	22.0	19.0
400	rna-XM_019475360.1	XM_019475360.1	420	291	24.0	19.0
401	rna-XM_019475360.1	XM_019475360.1	421	290	23.0	19.0
402	rna-XM_019475360.1	XM_019475360.1	422	289	26.0	19.0
403	rna-XM_019475360.1	XM_019475360.1	423	288	31.0	19.0
404	rna-XM_019475360.1	XM_019475360.1	424	287	58.0	19.0
405	rna-XM_019475360.1	XM_019475360.1	425	286	38.0	19.0
406	rna-XM_019475360.1	XM_019475360.1	426	285	118.0	19.0
407	rna-XM_019475360.1	XM_019475360.1	427	284	58.0	19.0
408	rna-XM_019475360.1	XM_019475360.1	428	283	34.0	19.0
409	rna-XM_019475360.1	XM_019475360.1	429	282	31.0	19.0
410	rna-XM_019475360.1	XM_019475360.1	430	281	38.0	19.0
411	rna-XM_019475360.1	XM_019475360.1	432	279	33.0	19.0
412	rna-XM_019475360.1	XM_019475360.1	433	278	21.0	19.0
413	rna-XM_019475360.1	XM_019475360.1	438	273	36.0	19.0
414	rna-XM_019475360.1	XM_019475360.1	439	272	25.0	19.0
415	rna-XM_019475360.1	XM_019475360.1	441	270	28.0	19.0
416	rna-XM_019475360.1	XM_019475360.1	444	267	28.0	19.0
417	rna-XM_019475360.1	XM_019475360.1	445	266	39.0	19.0
418	rna-XM_019475360.1	XM_019475360.1	447	264	46.0	19.0
419	rna-XM_019475360.1	XM_019475360.1	448	263	23.0	19.0
420	rna-XM_019475360.1	XM_019475360.1	450	261	29.0	19.0
421	rna-XM_019475360.1	XM_019475360.1	452	259	89.0	19.0
422	rna-XM_019475360.1	XM_019475360.1	453	258	22.0	19.0
423	rna-XM_019475360.1	XM_019475360.1	454	257	36.0	19.0
424	rna-XM_019475360.1	XM_019475360.1	455	256	58.0	19.0
425	rna-XM_019475360.1	XM_019475360.1	456	255	22.0	19.0
426	rna-XM_019475360.1	XM_019475360.1	457	254	21.0	19.0
427	rna-XM_019475360.1	XM_019475360.1	461	250	25.0	19.0
428	rna-XM_019475360.1	XM_019475360.1	462	249	38.0	19.0
429	rna-XM_019475360.1	XM_019475360.1	463	248	30.0	19.0
430	rna-XM_019475360.1	XM_019475360.1	464	247	42.0	19.0
431	rna-XM_019475360.1	XM_019475360.1	465	246	21.0	19.0
432	rna-XM_019475360.1	XM_019475360.1	468	243	29.0	19.0
433	rna-XM_019475360.1	XM_019475360.1	469	242	20.0	19.0
434	rna-XM_019475360.1	XM_019475360.1	470	241	22.0	19.0
435	rna-XM_019475360.1	XM_019475360.1	471	240	25.0	19.0
436	rna-XM_019475360.1	XM_019475360.1	473	238	21.0	19.0
437	rna-XM_019475360.1	XM_019475360.1	474	237	27.0	19.0
438	rna-XM_019475360.1	XM_019475360.1	477	234	50.0	19.0
439	rna-XM_019475360.1	XM_019475360.1	478	233	26.0	19.0
440	rna-XM_019475360.1	XM_019475360.1	479	232	23.0	19.0
441	rna-XM_019475360.1	XM_019475360.1	480	231	50.0	19.0
442	rna-XM_019475360.1	XM_019475360.1	481	230	28.0	19.0
443	rna-XM_019475360.1	XM_019475360.1	482	229	134.0	19.0
444	rna-XM_019475360.1	XM_019475360.1	483	228	21.0	19.0
445	rna-XM_019475360.1	XM_019475360.1	485	226	31.0	19.0
446	rna-XM_019475360.1	XM_019475360.1	486	225	28.0	19.0
447	rna-XM_019475360.1	XM_019475360.1	487	224	38.0	19.0
448	rna-XM_019475360.1	XM_019475360.1	488	223	20.0	19.0
449	rna-XM_019475360.1	XM_019475360.1	489	222	22.0	19.0
450	rna-XM_019475360.1	XM_019475360.1	491	220	37.0	19.0
451	rna-XM_019475360.1	XM_019475360.1	493	218	25.0	19.0
452	rna-XM_019475360.1	XM_019475360.1	494	217	23.0	19.0
453	rna-XM_019475360.1	XM_019475360.1	497	214	20.0	19.0
454	rna-XM_019475360.1	XM_019475360.1	498	213	31.0	19.0
455	rna-XM_019475360.1	XM_019475360.1	499	212	22.0	19.0
456	rna-XM_019475360.1	XM_019475360.1	500	211	22.0	19.0
457	rna-XM_019475360.1	XM_019475360.1	501	210	28.0	19.0
458	rna-XM_019475360.1	XM_019475360.1	503	208	27.0	19.0
459	rna-XM_019475360.1	XM_019475360.1	504	207	25.0	19.0
460	rna-XM_019475360.1	XM_019475360.1	505	206	24.0	19.0
461	rna-XM_019475360.1	XM_019475360.1	507	204	30.0	19.0
462	rna-XM_019475360.1	XM_019475360.1	510	201	25.0	19.0
463	rna-XM_019475360.1	XM_019475360.1	511	200	28.0	19.0
464	rna-XM_019475360.1	XM_019475360.1	512	199	20.0	19.0
465	rna-XM_019475360.1	XM_019475360.1	513	198	232.0	19.0
466	rna-XM_019475360.1	XM_019475360.1	514	197	21.0	19.0
467	rna-XM_019475360.1	XM_019475360.1	520	191	20.0	19.0
468	rna-XM_019475360.1	XM_019475360.1	522	189	32.0	19.0
469	rna-XM_019475360.1	XM_019475360.1	523	188	28.0	19.0
470	rna-XM_019475360.1	XM_019475360.1	525	186	20.0	19.0
471	rna-XM_019475360.1	XM_019475360.1	526	185	20.0	19.0
472	rna-XM_019475360.1	XM_019475360.1	534	177	69.0	19.0
473	rna-XM_019475360.1	XM_019475360.1	537	174	24.0	19.0
474	rna-XM_019475360.1	XM_019475360.1	542	169	21.0	19.0
475	rna-XM_019475360.1	XM_019475360.1	544	167	20.0	19.0
476	rna-XM_019475360.1	XM_019475360.1	546	165	91.0	19.0
477	rna-XM_019475360.1	XM_019475360.1	551	160	26.0	19.0
478	rna-XM_019475360.1	XM_019475360.1	553	158	24.0	19.0
479	rna-XM_019475360.1	XM_019475360.1	554	157	29.0	19.0
480	rna-XM_019475360.1	XM_019475360.1	555	156	36.0	19.0
481	rna-XM_019475360.1	XM_019475360.1	556	155	57.0	19.0
482	rna-XM_019475360.1	XM_019475360.1	557	154	27.0	19.0
483	rna-XM_019475360.1	XM_019475360.1	558	153	50.0	19.0
484	rna-XM_019475360.1	XM_019475360.1	559	152	35.0	19.0
485	rna-XM_019475360.1	XM_019475360.1	560	151	34.0	19.0
486	rna-XM_019475360.1	XM_019475360.1	561	150	26.0	19.0
487	rna-XM_019475360.1	XM_019475360.1	562	149	25.0	19.0
488	rna-XM_019475360.1	XM_019475360.1	571	140	26.0	19.0
489	rna-XM_019475360.1	XM_019475360.1	572	139	20.0	19.0
490	rna-XM_019475360.1	XM_019475360.1	573	138	29.0	19.0
491	rna-XM_019475360.1	XM_019475360.1	574	137	21.0	19.0
492	rna-XM_019475360.1	XM_019475360.1	578	133	31.0	19.0
493	rna-XM_019475360.1	XM_019475360.1	579	132	26.0	19.0
494	rna-XM_019475360.1	XM_019475360.1	580	131	39.0	19.0
495	rna-XM_019475360.1	XM_019475360.1	581	130	36.0	19.0
496	rna-XM_019475360.1	XM_019475360.1	582	129	39.0	19.0
497	rna-XM_019475360.1	XM_019475360.1	584	127	25.0	19.0
498	rna-XM_019475360.1	XM_019475360.1	585	126	38.0	19.0
499	rna-XM_019475360.1	XM_019475360.1	586	125	47.0	19.0
500	rna-XM_019475360.1	XM_019475360.1	587	124	28.0	19.0
501	rna-XM_019475360.1	XM_019475360.1	588	123	32.0	19.0
502	rna-XM_019475360.1	XM_019475360.1	589	122	52.0	19.0
503	rna-XM_019475360.1	XM_019475360.1	590	121	38.0	19.0
504	rna-XM_019475360.1	XM_019475360.1	591	120	30.0	19.0
505	rna-XM_019475360.1	XM_019475360.1	595	116	24.0	19.0
506	rna-XM_019475360.1	XM_019475360.1	596	115	25.0	19.0
507	rna-XM_019475360.1	XM_019475360.1	598	113	24.0	19.0
508	rna-XM_019475360.1	XM_019475360.1	601	110	29.0	19.0
509	rna-XM_019475360.1	XM_019475360.1	603	108	22.0	19.0
510	rna-XM_019475360.1	XM_019475360.1	604	107	20.0	19.0
511	rna-XM_019475360.1	XM_019475360.1	606	105	48.0	19.0
512	rna-XM_019475360.1	XM_019475360.1	607	104	20.0	19.0
513	rna-XM_019475360.1	XM_019475360.1	608	103	32.0	19.0
514	rna-XM_019475360.1	XM_019475360.1	609	102	22.0	19.0
515	rna-XM_019475360.1	XM_019475360.1	617	94	23.0	19.0
516	rna-XM_019475360.1	XM_019475360.1	618	93	37.0	19.0
517	rna-XM_019475360.1	XM_019475360.1	619	92	26.0	19.0
518	rna-XM_019475360.1	XM_019475360.1	620	91	65.0	19.0
519	rna-XM_019475360.1	XM_019475360.1	621	90	34.0	19.0
520	rna-XM_019475360.1	XM_019475360.1	622	89	34.0	19.0
521	rna-XM_019475360.1	XM_019475360.1	624	87	37.0	19.0
522	rna-XM_019475360.1	XM_019475360.1	628	83	25.0	19.0
523	rna-XM_019475360.1	XM_019475360.1	629	82	20.0	19.0
524	rna-XM_019475360.1	XM_019475360.1	632	79	20.0	19.0
525	rna-XM_019475360.1	XM_019475360.1	634	77	26.0	19.0
526	rna-XM_019475360.1	XM_019475360.1	642	69	21.0	19.0
527	rna-XM_019475360.1	XM_019475360.1	643	68	23.0	19.0
528	rna-XM_019475360.1	XM_019475360.1	653	58	66.0	19.0
529	rna-XM_717597.2	XM_717597.2	886	194	25.0	19.0
530	rna-XM_717564.2	XM_717564.2	638	1189	47.0	19.0
531	rna-XM_717540.1	XM_717540.1	215	1174	37.0	19.0
532	rna-XM_715396.1	XM_715396.1	56	1663	134.0	19.0
533	rna-XM_715367.2	XM_715367.2	55	1229	40.0	19.0
534	rna-XM_715367.2	XM_715367.2	140	1144	39.0	19.0
535	rna-XM_715327.1	XM_715327.1	376	515	35.0	19.0
536	rna-XM_706498.2	XM_706498.2	294	1914	21.0	19.0
537	rna-XM_712005.2	XM_712005.2	944	196	22.0	19.0
538	rna-XM_019475383.1	XM_019475383.1	248	394	26.0	19.0
539	rna-XM_712142.1	XM_712142.1	149	682	59.0	19.0
540	rna-XM_712127.1	XM_712127.1	263	2587	26.0	19.0
541	rna-XM_712124.1	XM_712124.1	338	1285	30.0	19.0
542	rna-XM_712101.2	XM_712101.2	282	186	20.0	19.0
543	rna-XM_705028.2	XM_705028.2	5330	1099	1890.0	19.0
544	rna-XM_705028.2	XM_705028.2	5331	1098	41.0	19.0
545	rna-XM_711482.2	XM_711482.2	149	1237	63.0	19.0
546	rna-XM_710474.2	XM_710474.2	1685	688	22.0	19.0
547	rna-XM_710444.2	XM_710444.2	416	2575	63.0	19.0
548	rna-XM_710444.2	XM_710444.2	608	2383	21.0	19.0
549	rna-XM_710444.2	XM_710444.2	618	2373	39.0	19.0
550	rna-XM_710444.2	XM_710444.2	645	2346	29.0	19.0
551	rna-XM_710444.2	XM_710444.2	646	2345	22.0	19.0
552	rna-XM_710440.1	XM_710440.1	152	1552	62.0	19.0
553	rna-XM_710440.1	XM_710440.1	1499	205	22.0	19.0
554	rna-XM_019475397.1	XM_019475397.1	239	517	26.0	19.0
555	rna-XM_710354.1	XM_710354.1	449	502	25.0	19.0
556	rna-XM_710354.1	XM_710354.1	900	51	48.0	19.0
557	rna-XM_710304.1	XM_710304.1	69	513	34.0	19.0
558	rna-XM_710304.1	XM_710304.1	81	501	22.0	19.0
559	rna-XM_710304.1	XM_710304.1	85	497	50.0	19.0
560	rna-XM_705430.2	XM_705430.2	0	1644	23.0	19.0
561	rna-XM_711724.1	XM_711724.1	1849	4265	27.0	19.0
562	rna-XM_711723.2	XM_711723.2	1211	919	26.0	19.0
563	rna-XM_711723.2	XM_711723.2	1268	862	119.0	19.0
564	rna-XM_711723.2	XM_711723.2	1360	770	40.0	19.0
565	rna-XM_019475412.1	XM_019475412.1	113	355	24.0	19.0
566	rna-XM_706264.2	XM_706264.2	2491	662	25.0	19.0
567	rna-XM_706264.2	XM_706264.2	2515	638	33.0	19.0
568	rna-XM_706264.2	XM_706264.2	2636	517	61.0	19.0
569	rna-XM_706264.2	XM_706264.2	2637	516	20.0	19.0
570	rna-XM_706264.2	XM_706264.2	2642	511	28.0	19.0
571	rna-XM_706264.2	XM_706264.2	2643	510	22.0	19.0
572	rna-XM_706264.2	XM_706264.2	2647	506	22.0	19.0
573	rna-XM_706264.2	XM_706264.2	2654	499	22.0	19.0
574	rna-XM_706264.2	XM_706264.2	2688	465	28.0	19.0
575	rna-XM_706264.2	XM_706264.2	2802	351	20.0	19.0
576	rna-XM_706264.2	XM_706264.2	2852	301	322.0	19.0
577	rna-XM_706264.2	XM_706264.2	2853	300	22.0	19.0
578	rna-XM_706264.2	XM_706264.2	2882	271	21.0	19.0
579	rna-XM_706264.2	XM_706264.2	2900	253	44.0	19.0
580	rna-XM_706264.2	XM_706264.2	2955	198	23.0	19.0
581	rna-XM_706059.2	XM_706059.2	3265	2582	20.0	19.0
582	rna-XM_019475419.1	XM_019475419.1	3098	2032	125.0	19.0
583	rna-XM_715498.2	XM_715498.2	109	899	24.0	19.0
584	rna-XM_715526.2	XM_715526.2	43	2270	20.0	19.0
585	rna-XM_715526.2	XM_715526.2	52	2261	39.0	19.0
586	rna-XM_715526.2	XM_715526.2	58	2255	20.0	19.0
587	rna-XM_715526.2	XM_715526.2	70	2243	30.0	19.0
588	rna-XM_715526.2	XM_715526.2	76	2237	25.0	19.0
589	rna-XM_715548.1	XM_715548.1	261	417	51.0	19.0
590	rna-XM_715548.1	XM_715548.1	471	207	24.0	19.0
591	rna-XM_715548.1	XM_715548.1	575	103	94.0	19.0
592	rna-XM_715548.1	XM_715548.1	590	88	32.0	19.0
593	rna-XM_715548.1	XM_715548.1	625	53	23.0	19.0
594	rna-XM_715548.1	XM_715548.1	647	31	28.0	19.0
595	rna-XM_715548.1	XM_715548.1	657	21	29.0	19.0
596	rna-XM_706324.1	XM_706324.1	28	290	21.0	19.0
597	rna-XM_019475428.1	XM_019475428.1	5	250	24.0	19.0
598	rna-XM_019475428.1	XM_019475428.1	6	249	20.0	19.0
599	rna-XM_019475428.1	XM_019475428.1	7	248	25.0	19.0
600	rna-XM_019475428.1	XM_019475428.1	41	214	21.0	19.0
601	rna-XM_019475428.1	XM_019475428.1	64	191	33.0	19.0
602	rna-XM_019475428.1	XM_019475428.1	88	167	21.0	19.0
603	rna-XM_019475428.1	XM_019475428.1	140	115	28.0	19.0
604	rna-XM_019475428.1	XM_019475428.1	254	1	25.0	19.0
605	rna-XM_716869.2	XM_716869.2	31	728	27.0	19.0
606	rna-XM_707223.1	XM_707223.1	1034	517	34.0	19.0
607	rna-XM_707223.1	XM_707223.1	1049	502	20.0	19.0
608	rna-XM_707223.1	XM_707223.1	1059	492	25.0	19.0
609	rna-XM_707223.1	XM_707223.1	1061	490	20.0	19.0
610	rna-XM_707223.1	XM_707223.1	1062	489	22.0	19.0
611	rna-XM_707223.1	XM_707223.1	1063	488	23.0	19.0
612	rna-XM_707223.1	XM_707223.1	1064	487	20.0	19.0
613	rna-XM_707223.1	XM_707223.1	1074	477	29.0	19.0
614	rna-XM_707223.1	XM_707223.1	1086	465	23.0	19.0
615	rna-XM_707223.1	XM_707223.1	1087	464	20.0	19.0
616	rna-XM_707223.1	XM_707223.1	1104	447	20.0	19.0
617	rna-XM_707223.1	XM_707223.1	1108	443	21.0	19.0
618	rna-XM_707223.1	XM_707223.1	1114	437	25.0	19.0
619	rna-XM_707223.1	XM_707223.1	1140	411	33.0	19.0
620	rna-XM_707223.1	XM_707223.1	1147	404	21.0	19.0
621	rna-XM_707223.1	XM_707223.1	1159	392	30.0	19.0
622	rna-XM_707223.1	XM_707223.1	1162	389	35.0	19.0
623	rna-XM_707223.1	XM_707223.1	1164	387	20.0	19.0
624	rna-XM_707223.1	XM_707223.1	1166	385	27.0	19.0
625	rna-XM_707223.1	XM_707223.1	1167	384	23.0	19.0
626	rna-XM_707223.1	XM_707223.1	1168	383	28.0	19.0
627	rna-XM_707223.1	XM_707223.1	1170	381	20.0	19.0
628	rna-XM_707223.1	XM_707223.1	1194	357	23.0	19.0
629	rna-XM_707223.1	XM_707223.1	1214	337	27.0	19.0
630	rna-XM_707223.1	XM_707223.1	1219	332	21.0	19.0
631	rna-XM_707223.1	XM_707223.1	1263	288	43.0	19.0
632	rna-XM_711642.1	XM_711642.1	336	1146	22.0	19.0
633	rna-XM_711618.2	XM_711618.2	280	377	20.0	19.0
634	rna-XM_707412.1	XM_707412.1	51	603	24.0	19.0
635	rna-XM_707422.1	XM_707422.1	584	718	34.0	19.0
636	rna-XM_714063.2	XM_714063.2	674	886	22.0	19.0
637	rna-XM_714094.2	XM_714094.2	829	278	42.0	19.0
638	rna-XM_714096.1	XM_714096.1	84	300	35.0	19.0
639	rna-XM_714096.1	XM_714096.1	124	260	21.0	19.0
640	rna-XM_714096.1	XM_714096.1	216	168	21.0	19.0
641	rna-XM_714096.1	XM_714096.1	264	120	27.0	19.0
642	rna-XM_714096.1	XM_714096.1	290	94	63.0	19.0
643	rna-XM_019475468.1	XM_019475468.1	1086	516	21.0	19.0
644	rna-XM_019475468.1	XM_019475468.1	1087	515	69.0	19.0
645	rna-XM_019475468.1	XM_019475468.1	1102	500	26.0	19.0
646	rna-XM_019475468.1	XM_019475468.1	1205	397	24.0	19.0
647	rna-XM_019475468.1	XM_019475468.1	1262	340	30.0	19.0
648	rna-XM_713013.2	XM_713013.2	140	1450	22.0	19.0
649	rna-XM_705132.2	XM_705132.2	1149	1389	21.0	19.0
650	rna-XM_705132.2	XM_705132.2	1150	1388	62.0	19.0
651	rna-XM_707011.2	XM_707011.2	1293	774	57.0	19.0
652	rna-XM_707011.2	XM_707011.2	1349	718	21.0	19.0
653	rna-XM_707011.2	XM_707011.2	1397	670	90.0	19.0
654	rna-XM_715321.2	XM_715321.2	0	795	38.0	19.0
655	rna-XM_715286.1	XM_715286.1	623	526	43.0	19.0
656	rna-XM_715266.1	XM_715266.1	1142	2134	68.0	19.0
657	rna-XM_715266.1	XM_715266.1	2731	545	23.0	19.0
658	rna-XM_019475476.1	XM_019475476.1	56	148	23.0	19.0
659	rna-XM_715247.2	XM_715247.2	1694	13	21.0	19.0
660	rna-XM_716330.1	XM_716330.1	389	391	20.0	19.0
661	rna-XM_716286.1	XM_716286.1	245	652	61.0	19.0
662	rna-XM_716286.1	XM_716286.1	625	272	31.0	19.0
663	rna-XM_716260.1	XM_716260.1	399	1725	27.0	19.0
664	rna-XM_716260.1	XM_716260.1	424	1700	22.0	19.0
665	rna-XM_716260.1	XM_716260.1	430	1694	23.0	19.0
666	rna-XM_716260.1	XM_716260.1	431	1693	20.0	19.0
667	rna-XM_716260.1	XM_716260.1	434	1690	95.0	19.0
668	rna-XM_716260.1	XM_716260.1	435	1689	20.0	19.0
669	rna-XM_716260.1	XM_716260.1	440	1684	28.0	19.0
670	rna-XM_716260.1	XM_716260.1	443	1681	26.0	19.0
671	rna-XM_716260.1	XM_716260.1	444	1680	21.0	19.0
672	rna-XM_716260.1	XM_716260.1	449	1675	38.0	19.0
673	rna-XM_716260.1	XM_716260.1	457	1667	26.0	19.0
674	rna-XM_716260.1	XM_716260.1	482	1642	57.0	19.0
675	rna-XM_716260.1	XM_716260.1	581	1543	31.0	19.0
676	rna-XM_716260.1	XM_716260.1	584	1540	59.0	19.0
677	rna-XM_716260.1	XM_716260.1	605	1519	63.0	19.0
678	rna-XM_716260.1	XM_716260.1	656	1468	44.0	19.0
679	rna-XM_716226.2	XM_716226.2	2639	2101	20.0	19.0
680	rna-XM_019475491.1	XM_019475491.1	316	77	162.0	19.0
681	rna-XM_019475491.1	XM_019475491.1	370	23	121.0	19.0
682	rna-XM_019475491.1	XM_019475491.1	372	21	26.0	19.0
683	rna-XM_019475491.1	XM_019475491.1	373	20	96.0	19.0
684	rna-XM_019475491.1	XM_019475491.1	376	17	21.0	19.0
685	rna-XM_019475491.1	XM_019475491.1	379	14	21.0	19.0
686	rna-XM_019475491.1	XM_019475491.1	382	11	21.0	19.0
687	rna-XM_705023.2	XM_705023.2	2555	2146	216.0	19.0
688	rna-XM_711899.2	XM_711899.2	1835	1081	22.0	19.0
689	rna-XM_711899.2	XM_711899.2	2044	872	39.0	19.0
690	rna-XM_711860.2	XM_711860.2	1238	442	22.0	19.0
691	rna-XM_711860.2	XM_711860.2	1251	429	20.0	19.0
692	rna-XM_711860.2	XM_711860.2	1296	384	20.0	19.0
693	rna-XM_711860.2	XM_711860.2	1301	379	20.0	19.0
694	rna-XM_711860.2	XM_711860.2	1302	378	24.0	19.0
695	rna-XM_711860.2	XM_711860.2	1303	377	24.0	19.0
696	rna-XM_711860.2	XM_711860.2	1323	357	23.0	19.0
697	rna-XM_711860.2	XM_711860.2	1371	309	23.0	19.0
698	rna-XM_711860.2	XM_711860.2	1385	295	78.0	19.0
699	rna-XM_707061.1	XM_707061.1	1383	276	121.0	19.0
700	rna-XM_710152.1	XM_710152.1	179	2059	34.0	19.0
701	rna-XM_710152.1	XM_710152.1	1018	1220	44.0	19.0
702	rna-XM_710148.1	XM_710148.1	1250	781	115.0	19.0
703	rna-XM_710134.1	XM_710134.1	138	714	25.0	19.0
704	rna-XM_710134.1	XM_710134.1	416	436	69.0	19.0
705	rna-XM_710106.1	XM_710106.1	109	824	31.0	19.0
706	rna-XM_710094.1	XM_710094.1	43	4163	21.0	19.0
707	rna-XM_710094.1	XM_710094.1	49	4157	23.0	19.0
708	rna-XM_710094.1	XM_710094.1	53	4153	45.0	19.0
709	rna-XM_710094.1	XM_710094.1	55	4151	22.0	19.0
710	rna-XM_710094.1	XM_710094.1	58	4148	38.0	19.0
711	rna-XM_710094.1	XM_710094.1	70	4136	22.0	19.0
712	rna-XM_710094.1	XM_710094.1	3056	1150	22.0	19.0
713	rna-XM_710085.1	XM_710085.1	9	519	20.0	19.0
714	rna-XM_713605.1	XM_713605.1	53	700	23.0	19.0
715	rna-XM_713565.1	XM_713565.1	207	1101	34.0	19.0
716	rna-XM_713565.1	XM_713565.1	211	1097	23.0	19.0
717	rna-XM_713565.1	XM_713565.1	357	951	35.0	19.0
718	rna-XM_713565.1	XM_713565.1	812	496	24.0	19.0
719	rna-XM_713531.1	XM_713531.1	627	6189	27.0	19.0
720	rna-XM_019475509.1	XM_019475509.1	87	210	28.0	19.0
721	rna-XM_713113.2	XM_713113.2	1148	604	121.0	19.0
722	rna-XM_713178.1	XM_713178.1	2308	194	69.0	19.0
723	rna-XM_708320.2	XM_708320.2	482	328	169.0	19.0
724	rna-XM_019475520.1	XM_019475520.1	1064	625	29.0	19.0
725	rna-XM_710681.1	XM_710681.1	239	358	22.0	19.0
726	rna-XM_710688.2	XM_710688.2	2723	3034	26.0	19.0
727	rna-XM_710688.2	XM_710688.2	2771	2986	31.0	19.0
728	rna-XM_710697.1	XM_710697.1	467	820	73.0	19.0
729	rna-XM_710697.1	XM_710697.1	596	691	20.0	19.0
730	rna-XM_710697.1	XM_710697.1	597	690	21.0	19.0
731	rna-XM_710697.1	XM_710697.1	598	689	21.0	19.0
732	rna-XM_710697.1	XM_710697.1	599	688	42.0	19.0
733	rna-XM_710697.1	XM_710697.1	600	687	29.0	19.0
734	rna-XM_710697.1	XM_710697.1	602	685	22.0	19.0
735	rna-XM_710697.1	XM_710697.1	603	684	22.0	19.0
736	rna-XM_710697.1	XM_710697.1	606	681	22.0	19.0
737	rna-XM_710697.1	XM_710697.1	607	680	23.0	19.0
738	rna-XM_710697.1	XM_710697.1	608	679	22.0	19.0
739	rna-XM_710697.1	XM_710697.1	623	664	21.0	19.0
740	rna-XM_019475522.1	XM_019475522.1	27	423	20.0	19.0
741	rna-XM_019475522.1	XM_019475522.1	34	416	20.0	19.0
742	rna-XM_019475522.1	XM_019475522.1	44	406	28.0	19.0
743	rna-XM_019475522.1	XM_019475522.1	45	405	20.0	19.0
744	rna-XM_019475522.1	XM_019475522.1	46	404	20.0	19.0
745	rna-XM_019475522.1	XM_019475522.1	84	366	20.0	19.0
746	rna-XM_019475522.1	XM_019475522.1	175	275	23.0	19.0
747	rna-XM_019475522.1	XM_019475522.1	215	235	96.0	19.0
748	rna-XM_019475522.1	XM_019475522.1	254	196	22.0	19.0
749	rna-XM_019475522.1	XM_019475522.1	307	143	32.0	19.0
750	rna-XM_019475522.1	XM_019475522.1	384	66	207.0	19.0
751	rna-XM_019475522.1	XM_019475522.1	407	43	25.0	19.0
752	rna-XM_710046.2	XM_710046.2	297	2739	22.0	19.0
753	rna-XM_712263.2	XM_712263.2	1	614	25.0	19.0
754	rna-XM_712263.2	XM_712263.2	14	601	23.0	19.0
755	rna-XM_712263.2	XM_712263.2	16	599	23.0	19.0
756	rna-XM_712263.2	XM_712263.2	50	565	25.0	19.0
757	rna-XM_712263.2	XM_712263.2	67	548	22.0	19.0
758	rna-XM_712263.2	XM_712263.2	81	534	22.0	19.0
759	rna-XM_712263.2	XM_712263.2	87	528	23.0	19.0
760	rna-XM_712263.2	XM_712263.2	88	527	23.0	19.0
761	rna-XM_712263.2	XM_712263.2	89	526	34.0	19.0
762	rna-XM_712263.2	XM_712263.2	90	525	29.0	19.0
763	rna-XM_712263.2	XM_712263.2	104	511	49.0	19.0
764	rna-XM_712263.2	XM_712263.2	192	423	21.0	19.0
765	rna-XM_712263.2	XM_712263.2	193	422	22.0	19.0
766	rna-XM_712267.2	XM_712267.2	655	683	102.0	19.0
767	rna-XM_712292.1	XM_712292.1	1040	2197	60.0	19.0
768	rna-XM_712292.1	XM_712292.1	2187	1050	36.0	19.0
769	rna-XM_712298.1	XM_712298.1	32	2827	25.0	19.0
770	rna-XM_705713.1	XM_705713.1	1647	498	32.0	19.0
771	rna-XM_705713.1	XM_705713.1	1651	494	20.0	19.0
772	rna-XM_705713.1	XM_705713.1	1653	492	30.0	19.0
773	rna-XM_705713.1	XM_705713.1	1655	490	23.0	19.0
774	rna-XM_705713.1	XM_705713.1	1664	481	20.0	19.0
775	rna-XM_705713.1	XM_705713.1	1672	473	37.0	19.0
776	rna-XM_705713.1	XM_705713.1	1677	468	40.0	19.0
777	rna-XM_705713.1	XM_705713.1	1686	459	20.0	19.0
778	rna-XM_705713.1	XM_705713.1	1687	458	25.0	19.0
779	rna-XM_705713.1	XM_705713.1	1696	449	24.0	19.0
780	rna-XM_705713.1	XM_705713.1	1701	444	24.0	19.0
781	rna-XM_705713.1	XM_705713.1	1707	438	20.0	19.0
782	rna-XM_705713.1	XM_705713.1	1714	431	23.0	19.0
783	rna-XM_705713.1	XM_705713.1	1723	422	20.0	19.0
784	rna-XM_705713.1	XM_705713.1	1725	420	22.0	19.0
785	rna-XM_705713.1	XM_705713.1	1786	359	22.0	19.0
786	rna-XM_705713.1	XM_705713.1	1877	268	42.0	19.0
787	rna-XM_705713.1	XM_705713.1	2099	46	21.0	19.0
788	rna-XM_706599.2	XM_706599.2	73	755	32.0	19.0
789	rna-XM_707557.2	XM_707557.2	6340	311	23.0	19.0
790	rna-XM_707557.2	XM_707557.2	6539	112	36.0	19.0
791	rna-XM_707997.2	XM_707997.2	740	658	33.0	19.0
792	rna-XM_707260.2	XM_707260.2	179	325	24.0	19.0
793	rna-XM_707250.2	XM_707250.2	503	427	126.0	19.0
794	rna-XM_707240.2	XM_707240.2	203	1123	23.0	19.0
795	rna-XM_707240.2	XM_707240.2	1247	79	21.0	19.0
796	rna-XM_019475555.1	XM_019475555.1	44	205	20.0	19.0
797	rna-XM_019475555.1	XM_019475555.1	229	20	21.0	19.0
798	rna-XM_711115.2	XM_711115.2	0	1842	23.0	19.0
799	rna-XM_711115.2	XM_711115.2	110	1732	23.0	19.0
800	rna-XM_711115.2	XM_711115.2	381	1461	21.0	19.0
801	rna-XM_711115.2	XM_711115.2	388	1454	45.0	19.0
802	rna-XM_711115.2	XM_711115.2	751	1091	25.0	19.0
803	rna-XM_711115.2	XM_711115.2	1634	208	24.0	19.0
804	rna-XM_711122.1	XM_711122.1	38	322	29.0	19.0
805	rna-XM_711122.1	XM_711122.1	162	198	62.0	19.0
806	rna-XM_711122.1	XM_711122.1	234	126	29.0	19.0
807	rna-XM_711122.1	XM_711122.1	323	37	33.0	19.0
808	rna-XM_019475562.1	XM_019475562.1	357	129	23.0	19.0
809	rna-XM_019475562.1	XM_019475562.1	395	91	34.0	19.0
810	rna-XM_706199.2	XM_706199.2	457	890	23.0	19.0
811	rna-XM_714238.1	XM_714238.1	870	681	21.0	19.0
812	rna-XM_714238.1	XM_714238.1	880	671	23.0	19.0
813	rna-XM_714238.1	XM_714238.1	893	658	83.0	19.0
814	rna-XM_714238.1	XM_714238.1	981	570	41.0	19.0
815	rna-XM_714238.1	XM_714238.1	993	558	22.0	19.0
816	rna-XM_714238.1	XM_714238.1	997	554	42.0	19.0
817	rna-XM_714238.1	XM_714238.1	999	552	46.0	19.0
818	rna-XM_714238.1	XM_714238.1	1000	551	34.0	19.0
819	rna-XM_714238.1	XM_714238.1	1001	550	22.0	19.0
820	rna-XM_714238.1	XM_714238.1	1003	548	23.0	19.0
821	rna-XM_714238.1	XM_714238.1	1006	545	23.0	19.0
822	rna-XM_714238.1	XM_714238.1	1020	531	23.0	19.0
823	rna-XM_714238.1	XM_714238.1	1037	514	24.0	19.0
824	rna-XM_714238.1	XM_714238.1	1038	513	23.0	19.0
825	rna-XM_714238.1	XM_714238.1	1040	511	26.0	19.0
826	rna-XM_714238.1	XM_714238.1	1050	501	23.0	19.0
827	rna-XM_714238.1	XM_714238.1	1056	495	20.0	19.0
828	rna-XM_714238.1	XM_714238.1	1057	494	25.0	19.0
829	rna-XM_714238.1	XM_714238.1	1059	492	26.0	19.0
830	rna-XM_714238.1	XM_714238.1	1060	491	24.0	19.0
831	rna-XM_714238.1	XM_714238.1	1086	465	34.0	19.0
832	rna-XM_714238.1	XM_714238.1	1087	464	20.0	19.0
833	rna-XM_714238.1	XM_714238.1	1090	461	27.0	19.0
834	rna-XM_714238.1	XM_714238.1	1092	459	45.0	19.0
835	rna-XM_714238.1	XM_714238.1	1093	458	39.0	19.0
836	rna-XM_714238.1	XM_714238.1	1104	447	29.0	19.0
837	rna-XM_714238.1	XM_714238.1	1105	446	24.0	19.0
838	rna-XM_714238.1	XM_714238.1	1110	441	28.0	19.0
839	rna-XM_714238.1	XM_714238.1	1111	440	26.0	19.0
840	rna-XM_714238.1	XM_714238.1	1138	413	20.0	19.0
841	rna-XM_714238.1	XM_714238.1	1140	411	22.0	19.0
842	rna-XM_714238.1	XM_714238.1	1141	410	27.0	19.0
843	rna-XM_714238.1	XM_714238.1	1143	408	28.0	19.0
844	rna-XM_714238.1	XM_714238.1	1146	405	25.0	19.0
845	rna-XM_714238.1	XM_714238.1	1149	402	23.0	19.0
846	rna-XM_714238.1	XM_714238.1	1161	390	33.0	19.0
847	rna-XM_714238.1	XM_714238.1	1164	387	24.0	19.0
848	rna-XM_714238.1	XM_714238.1	1165	386	30.0	19.0
849	rna-XM_714238.1	XM_714238.1	1166	385	53.0	19.0
850	rna-XM_714238.1	XM_714238.1	1167	384	33.0	19.0
851	rna-XM_714238.1	XM_714238.1	1168	383	26.0	19.0
852	rna-XM_714238.1	XM_714238.1	1169	382	28.0	19.0
853	rna-XM_714238.1	XM_714238.1	1170	381	26.0	19.0
854	rna-XM_714238.1	XM_714238.1	1171	380	32.0	19.0
855	rna-XM_714238.1	XM_714238.1	1172	379	23.0	19.0
856	rna-XM_714238.1	XM_714238.1	1175	376	20.0	19.0
857	rna-XM_714238.1	XM_714238.1	1179	372	23.0	19.0
858	rna-XM_714238.1	XM_714238.1	1181	370	21.0	19.0
859	rna-XM_714238.1	XM_714238.1	1182	369	23.0	19.0
860	rna-XM_714238.1	XM_714238.1	1185	366	27.0	19.0
861	rna-XM_714238.1	XM_714238.1	1188	363	28.0	19.0
862	rna-XM_714238.1	XM_714238.1	1189	362	38.0	19.0
863	rna-XM_714238.1	XM_714238.1	1193	358	33.0	19.0
864	rna-XM_714238.1	XM_714238.1	1194	357	21.0	19.0
865	rna-XM_714238.1	XM_714238.1	1195	356	33.0	19.0
866	rna-XM_714238.1	XM_714238.1	1196	355	20.0	19.0
867	rna-XM_714238.1	XM_714238.1	1203	348	20.0	19.0
868	rna-XM_714238.1	XM_714238.1	1209	342	22.0	19.0
869	rna-XM_714238.1	XM_714238.1	1211	340	29.0	19.0
870	rna-XM_714238.1	XM_714238.1	1212	339	27.0	19.0
871	rna-XM_714238.1	XM_714238.1	1213	338	37.0	19.0
872	rna-XM_714238.1	XM_714238.1	1214	337	28.0	19.0
873	rna-XM_714238.1	XM_714238.1	1215	336	37.0	19.0
874	rna-XM_714238.1	XM_714238.1	1216	335	53.0	19.0
875	rna-XM_714238.1	XM_714238.1	1217	334	28.0	19.0
876	rna-XM_714238.1	XM_714238.1	1218	333	85.0	19.0
877	rna-XM_714238.1	XM_714238.1	1220	331	33.0	19.0
878	rna-XM_714238.1	XM_714238.1	1221	330	25.0	19.0
879	rna-XM_714238.1	XM_714238.1	1223	328	21.0	19.0
880	rna-XM_714238.1	XM_714238.1	1224	327	23.0	19.0
881	rna-XM_714238.1	XM_714238.1	1225	326	28.0	19.0
882	rna-XM_714238.1	XM_714238.1	1226	325	33.0	19.0
883	rna-XM_714238.1	XM_714238.1	1227	324	25.0	19.0
884	rna-XM_714238.1	XM_714238.1	1233	318	24.0	19.0
885	rna-XM_714238.1	XM_714238.1	1234	317	45.0	19.0
886	rna-XM_714238.1	XM_714238.1	1235	316	22.0	19.0
887	rna-XM_714238.1	XM_714238.1	1236	315	31.0	19.0
888	rna-XM_714238.1	XM_714238.1	1237	314	39.0	19.0
889	rna-XM_714238.1	XM_714238.1	1245	306	20.0	19.0
890	rna-XM_714238.1	XM_714238.1	1260	291	30.0	19.0
891	rna-XM_714238.1	XM_714238.1	1262	289	21.0	19.0
892	rna-XM_714238.1	XM_714238.1	1263	288	36.0	19.0
893	rna-XM_714238.1	XM_714238.1	1264	287	20.0	19.0
894	rna-XM_714238.1	XM_714238.1	1266	285	28.0	19.0
895	rna-XM_714238.1	XM_714238.1	1267	284	131.0	19.0
896	rna-XM_714238.1	XM_714238.1	1282	269	23.0	19.0
897	rna-XM_714238.1	XM_714238.1	1286	265	45.0	19.0
898	rna-XM_714238.1	XM_714238.1	1287	264	27.0	19.0
899	rna-XM_714238.1	XM_714238.1	1288	263	31.0	19.0
900	rna-XM_714238.1	XM_714238.1	1289	262	31.0	19.0
901	rna-XM_714238.1	XM_714238.1	1299	252	23.0	19.0
902	rna-XM_714238.1	XM_714238.1	1300	251	34.0	19.0
903	rna-XM_714238.1	XM_714238.1	1301	250	28.0	19.0
904	rna-XM_714238.1	XM_714238.1	1331	220	21.0	19.0
905	rna-XM_714238.1	XM_714238.1	1332	219	28.0	19.0
906	rna-XM_714238.1	XM_714238.1	1333	218	22.0	19.0
907	rna-XM_714238.1	XM_714238.1	1335	216	22.0	19.0
908	rna-XM_714238.1	XM_714238.1	1337	214	45.0	19.0
909	rna-XM_714238.1	XM_714238.1	1338	213	28.0	19.0
910	rna-XM_714238.1	XM_714238.1	1340	211	20.0	19.0
911	rna-XM_714238.1	XM_714238.1	1343	208	24.0	19.0
912	rna-XM_714238.1	XM_714238.1	1381	170	28.0	19.0
913	rna-XM_714238.1	XM_714238.1	1382	169	21.0	19.0
914	rna-XM_714241.1	XM_714241.1	1480	2444	51.0	19.0
915	rna-XM_714345.2	XM_714345.2	9	813	41.0	19.0
916	rna-XM_714345.2	XM_714345.2	31	791	116.0	19.0
917	rna-XM_714345.2	XM_714345.2	53	769	132.0	19.0
918	rna-XM_714345.2	XM_714345.2	119	703	21.0	19.0
919	rna-XM_714345.2	XM_714345.2	135	687	25.0	19.0
920	rna-XM_713957.1	XM_713957.1	-27	1230	27.0	19.0
921	rna-XM_713957.1	XM_713957.1	-14	1217	147.0	19.0
922	rna-XM_713957.1	XM_713957.1	-12	1215	47.0	19.0
923	rna-XM_713957.1	XM_713957.1	-8	1211	36.0	19.0
924	rna-XM_713957.1	XM_713957.1	-4	1207	48.0	19.0
925	rna-XM_713957.1	XM_713957.1	-2	1205	31.0	19.0
926	rna-XM_713954.1	XM_713954.1	-8	611	27.0	19.0
927	rna-XM_019475064.1	XM_019475064.1	-26	290	20.0	19.0
928	rna-XM_713064.2	XM_713064.2	-89	839	168.0	19.0
929	rna-XM_713064.2	XM_713064.2	-85	835	21.0	19.0
930	rna-XM_713064.2	XM_713064.2	-82	832	67.0	19.0
931	rna-XM_713064.2	XM_713064.2	-81	831	143.0	19.0
932	rna-XM_713064.2	XM_713064.2	-80	830	549.0	19.0
933	rna-XM_713064.2	XM_713064.2	-78	828	38.0	19.0
934	rna-XM_713064.2	XM_713064.2	-60	810	62.0	19.0
935	rna-XM_713064.2	XM_713064.2	-32	782	34.0	19.0
936	rna-XM_713064.2	XM_713064.2	-24	774	23.0	19.0
937	rna-XM_713064.2	XM_713064.2	-23	773	33.0	19.0
938	rna-XM_713064.2	XM_713064.2	-22	772	55.0	19.0
939	rna-XM_713064.2	XM_713064.2	-21	771	22.0	19.0
940	rna-XM_713064.2	XM_713064.2	-18	768	20.0	19.0
941	rna-XM_713064.2	XM_713064.2	-9	759	24.0	19.0
942	rna-XM_716399.1	XM_716399.1	-24	633	23.0	19.0
943	rna-XM_019475076.1	XM_019475076.1	-16	445	20.0	19.0
944	rna-XM_708542.1	XM_708542.1	-49	1330	36.0	19.0
945	rna-XM_708542.1	XM_708542.1	-30	1311	29.0	19.0
946	rna-XM_708542.1	XM_708542.1	-27	1308	76.0	19.0
947	rna-XM_708558.2	XM_708558.2	-49	2599	24.0	19.0
948	rna-XM_707148.2	XM_707148.2	-38	1076	30.0	19.0
949	rna-XM_707148.2	XM_707148.2	-28	1066	37.0	19.0
950	rna-XM_019475113.1	XM_019475113.1	-21	420	24.0	19.0
951	rna-XM_019475113.1	XM_019475113.1	-19	418	28.0	19.0
952	rna-XM_019475113.1	XM_019475113.1	-15	414	20.0	19.0
953	rna-XM_019475113.1	XM_019475113.1	-13	412	84.0	19.0
954	rna-XM_019475113.1	XM_019475113.1	-10	409	33.0	19.0
955	rna-XM_713748.2	XM_713748.2	-35	473	77.0	19.0
956	rna-XM_713748.2	XM_713748.2	-20	458	45.0	19.0
957	rna-XM_713748.2	XM_713748.2	-18	456	55.0	19.0
958	rna-XM_713748.2	XM_713748.2	-13	451	314.0	19.0
959	rna-XM_713748.2	XM_713748.2	-11	449	20.0	19.0
960	rna-XM_713748.2	XM_713748.2	-10	448	155.0	19.0
961	rna-XM_713748.2	XM_713748.2	-7	445	51.0	19.0
962	rna-XM_713748.2	XM_713748.2	-4	442	28.0	19.0
963	rna-XM_713732.2	XM_713732.2	-22	652	20.0	19.0
964	rna-XM_712522.2	XM_712522.2	-52	553	21.0	19.0
965	rna-XM_712526.2	XM_712526.2	-41	3095	50.0	19.0
966	rna-XM_712526.2	XM_712526.2	-38	3092	33.0	19.0
967	rna-XM_712526.2	XM_712526.2	-37	3091	20.0	19.0
968	rna-XM_712562.2	XM_712562.2	-21	1398	21.0	19.0
969	rna-XM_706787.1	XM_706787.1	-35	470	24.0	19.0
970	rna-XM_718352.1	XM_718352.1	-49	547	28.0	19.0
971	rna-XM_019475144.1	XM_019475144.1	-28	349	83.0	19.0
972	rna-XM_706115.2	XM_706115.2	-33	1044	22.0	19.0
973	rna-XM_019475147.1	XM_019475147.1	-31	445	20.0	19.0
974	rna-XM_019475147.1	XM_019475147.1	-20	434	63.0	19.0
975	rna-XM_019475147.1	XM_019475147.1	428	-14	526.0	19.0
976	rna-XM_708831.2	XM_708831.2	-44	2063	24.0	19.0
977	rna-XM_708826.1	XM_708826.1	-18	426	28.0	19.0
978	rna-XM_708826.1	XM_708826.1	-16	424	26.0	19.0
979	rna-XM_711255.1	XM_711255.1	-52	475	20.0	19.0
980	rna-XM_019475174.1	XM_019475174.1	-24	420	48.0	19.0
981	rna-XM_709943.1	XM_709943.1	-54	894	25.0	19.0
982	rna-XM_709943.1	XM_709943.1	-51	891	23.0	19.0
983	rna-XM_709943.1	XM_709943.1	-43	883	87.0	19.0
984	rna-XM_709943.1	XM_709943.1	-39	879	33.0	19.0
985	rna-XM_709943.1	XM_709943.1	-36	876	28.0	19.0
986	rna-XM_709943.1	XM_709943.1	-30	870	58.0	19.0
987	rna-XM_709943.1	XM_709943.1	-27	867	53.0	19.0
988	rna-XM_709943.1	XM_709943.1	-20	860	21.0	19.0
989	rna-XM_709945.1	XM_709945.1	-30	891	34.0	19.0
990	rna-XM_709945.1	XM_709945.1	-21	882	69.0	19.0
991	rna-XM_709945.1	XM_709945.1	-18	879	35.0	19.0
992	rna-XM_709966.1	XM_709966.1	-15	1365	22.0	19.0
993	rna-XM_709967.1	XM_709967.1	1393	-40	22.0	19.0
994	rna-XM_705387.2	XM_705387.2	1416	-72	35.0	19.0
995	rna-XM_705387.2	XM_705387.2	1427	-83	51.0	19.0
996	rna-XM_714443.2	XM_714443.2	-50	3842	25.0	19.0
997	rna-XM_717410.1	XM_717410.1	-33	2904	62.0	19.0
998	rna-XM_717410.1	XM_717410.1	-28	2899	27.0	19.0
999	rna-XM_717410.1	XM_717410.1	-19	2890	26.0	19.0
1000	rna-XM_717410.1	XM_717410.1	-16	2887	91.0	19.0
1001	rna-XM_717427.1	XM_717427.1	-8	368	24.0	19.0
1002	rna-XM_717427.1	XM_717427.1	-7	367	53.0	19.0
1003	rna-XM_717427.1	XM_717427.1	-6	366	35.0	19.0
1004	rna-XM_717427.1	XM_717427.1	-5	365	21.0	19.0
1005	rna-XM_717427.1	XM_717427.1	-3	363	20.0	19.0
1006	rna-XM_717427.1	XM_717427.1	360	0	33.0	19.0
1007	rna-XM_019475216.1	XM_019475216.1	-19	502	80.0	19.0
1008	rna-XM_019475217.1	XM_019475217.1	-23	593	91.0	19.0
1009	rna-XM_019475220.1	XM_019475220.1	-31	331	45.0	19.0
1010	rna-XM_715844.1	XM_715844.1	-48	2127	62.0	19.0
1011	rna-XM_715844.1	XM_715844.1	-46	2125	27.0	19.0
1012	rna-XM_707825.2	XM_707825.2	-45	1329	21.0	19.0
1013	rna-XM_707825.2	XM_707825.2	-37	1321	64.0	19.0
1014	rna-XM_707825.2	XM_707825.2	-32	1316	33.0	19.0
1015	rna-XM_707825.2	XM_707825.2	-29	1313	25.0	19.0
1016	rna-XM_707823.1	XM_707823.1	-42	600	23.0	19.0
1017	rna-XM_709806.2	XM_709806.2	-46	2395	42.0	19.0
1018	rna-XM_019475231.1	XM_019475231.1	-31	370	96.0	19.0
1019	rna-XM_709849.2	XM_709849.2	-97	1255	45.0	19.0
1020	rna-XM_019475249.1	XM_019475249.1	-24	549	22.0	19.0
1021	rna-XM_019475256.1	XM_019475256.1	-25	382	21.0	19.0
1022	rna-XM_019475256.1	XM_019475256.1	-22	379	190.0	19.0
1023	rna-XM_705056.2	XM_705056.2	-23	1400	56.0	19.0
1024	rna-XM_707492.2	XM_707492.2	-56	638	20.0	19.0
1025	rna-XM_707492.2	XM_707492.2	-28	610	30.0	19.0
1026	rna-XM_705590.2	XM_705590.2	-27	1197	27.0	19.0
1027	rna-XM_712051.1	XM_712051.1	-23	812	50.0	19.0
1028	rna-XM_712061.1	XM_712061.1	-21	486	41.0	19.0
1029	rna-XM_712744.1	XM_712744.1	-16	424	35.0	19.0
1030	rna-XM_712744.1	XM_712744.1	-14	422	37.0	19.0
1031	rna-XM_712744.1	XM_712744.1	-9	417	46.0	19.0
1032	rna-XM_712744.1	XM_712744.1	-5	413	22.0	19.0
1033	rna-XM_712709.1	XM_712709.1	-33	693	32.0	19.0
1034	rna-XM_712709.1	XM_712709.1	-29	689	254.0	19.0
1035	rna-XM_712708.1	XM_712708.1	2117	-89	32.0	19.0
1036	rna-XM_712708.1	XM_712708.1	2121	-93	254.0	19.0
1037	rna-XM_712666.2	XM_712666.2	-7	2695	49.0	19.0
1038	rna-XM_712666.2	XM_712666.2	2690	-2	30.0	19.0
1039	rna-XM_716679.2	XM_716679.2	-46	607	39.0	19.0
1040	rna-XM_716679.2	XM_716679.2	-42	603	89.0	19.0
1041	rna-XM_716679.2	XM_716679.2	-38	599	57.0	19.0
1042	rna-XM_716676.2	XM_716676.2	-45	1107	26.0	19.0
1043	rna-XM_716645.2	XM_716645.2	-52	1675	22.0	19.0
1044	rna-XM_716619.1	XM_716619.1	-26	524	75.0	19.0
1045	rna-XM_714842.1	XM_714842.1	-31	607	71.0	19.0
1046	rna-XM_718032.1	XM_718032.1	-33	3234	25.0	19.0
1047	rna-XM_019475322.1	XM_019475322.1	-22	451	57.0	19.0
1048	rna-XM_019475322.1	XM_019475322.1	-19	448	31.0	19.0
1049	rna-XM_019475322.1	XM_019475322.1	-17	446	53.0	19.0
1050	rna-XM_019475322.1	XM_019475322.1	-10	439	147.0	19.0
1051	rna-XM_718047.1	XM_718047.1	-68	404	112.0	19.0
1052	rna-XM_019475325.1	XM_019475325.1	-32	395	26.0	19.0
1053	rna-XM_019475325.1	XM_019475325.1	-23	386	73.0	19.0
1054	rna-XM_019475325.1	XM_019475325.1	-21	384	22.0	19.0
1055	rna-XM_019475325.1	XM_019475325.1	-20	383	34.0	19.0
1056	rna-XM_019475325.1	XM_019475325.1	-19	382	21.0	19.0
1057	rna-XM_019475325.1	XM_019475325.1	-9	372	42.0	19.0
1058	rna-XM_019475326.1	XM_019475326.1	-22	583	22.0	19.0
1059	rna-XM_019475328.1	XM_019475328.1	-26	464	294.0	19.0
1060	rna-XM_019475328.1	XM_019475328.1	-16	454	37.0	19.0
1061	rna-XM_019475328.1	XM_019475328.1	-6	444	20.0	19.0
1062	rna-XM_711507.1	XM_711507.1	2237	-41	20.0	19.0
1063	rna-XM_711514.1	XM_711514.1	-86	1148	26.0	19.0
1064	rna-XM_710995.1	XM_710995.1	-48	834	20.0	19.0
1065	rna-XM_710995.1	XM_710995.1	-43	829	57.0	19.0
1066	rna-XM_710995.1	XM_710995.1	-34	820	70.0	19.0
1067	rna-XM_714719.1	XM_714719.1	2075	-98	36.0	19.0
1068	rna-XM_714717.1	XM_714717.1	-21	1359	36.0	19.0
1069	rna-XM_714717.1	XM_714717.1	-18	1356	97.0	19.0
1070	rna-XM_019475360.1	XM_019475360.1	-22	733	49.0	19.0
1071	rna-XM_717611.1	XM_717611.1	601	-82	27.0	19.0
1072	rna-XM_715424.2	XM_715424.2	-51	393	104.0	19.0
1073	rna-XM_715374.2	XM_715374.2	-33	1728	27.0	19.0
1074	rna-XM_715374.2	XM_715374.2	-31	1726	45.0	19.0
1075	rna-XM_715367.2	XM_715367.2	-42	1326	62.0	19.0
1076	rna-XM_715335.2	XM_715335.2	-7	3292	20.0	19.0
1077	rna-XM_019475375.1	XM_019475375.1	-50	302	31.0	19.0
1078	rna-XM_019475375.1	XM_019475375.1	-39	291	60.0	19.0
1079	rna-XM_019475381.1	XM_019475381.1	-27	402	67.0	19.0
1080	rna-XM_019475381.1	XM_019475381.1	-23	398	29.0	19.0
1081	rna-XM_019475381.1	XM_019475381.1	-20	395	20.0	19.0
1082	rna-XM_711465.2	XM_711465.2	-30	1017	50.0	19.0
1083	rna-XM_711465.2	XM_711465.2	-8	995	36.0	19.0
1084	rna-XM_710478.2	XM_710478.2	-35	1616	27.0	19.0
1085	rna-XM_710354.1	XM_710354.1	-82	1033	23.0	19.0
1086	rna-XM_710293.2	XM_710293.2	-4	403	28.0	19.0
1087	rna-XM_711707.1	XM_711707.1	-58	592	65.0	19.0
1088	rna-XM_711676.2	XM_711676.2	-66	972	28.0	19.0
1089	rna-XM_019475412.1	XM_019475412.1	-33	501	22.0	19.0
1090	rna-XM_019475412.1	XM_019475412.1	-31	499	24.0	19.0
1091	rna-XM_019475412.1	XM_019475412.1	-25	493	37.0	19.0
1092	rna-XM_019475412.1	XM_019475412.1	-24	492	36.0	19.0
1093	rna-XM_019475412.1	XM_019475412.1	-20	488	113.0	19.0
1094	rna-XM_019475412.1	XM_019475412.1	-18	486	112.0	19.0
1095	rna-XM_706264.2	XM_706264.2	-19	3172	20.0	19.0
1096	rna-XM_709528.1	XM_709528.1	-80	713	24.0	19.0
1097	rna-XM_019475428.1	XM_019475428.1	-58	313	171.0	19.0
1098	rna-XM_019475428.1	XM_019475428.1	-32	287	26.0	19.0
1099	rna-XM_019475428.1	XM_019475428.1	-24	279	20.0	19.0
1100	rna-XM_019475428.1	XM_019475428.1	-22	277	27.0	19.0
1101	rna-XM_019475428.1	XM_019475428.1	-21	276	24.0	19.0
1102	rna-XM_019475428.1	XM_019475428.1	-18	273	20.0	19.0
1103	rna-XM_019475428.1	XM_019475428.1	-17	272	28.0	19.0
1104	rna-XM_019475428.1	XM_019475428.1	-16	271	34.0	19.0
1105	rna-XM_019475428.1	XM_019475428.1	-15	270	45.0	19.0
1106	rna-XM_019475428.1	XM_019475428.1	-14	269	50.0	19.0
1107	rna-XM_019475428.1	XM_019475428.1	-13	268	25.0	19.0
1108	rna-XM_019475428.1	XM_019475428.1	-12	267	30.0	19.0
1109	rna-XM_019475428.1	XM_019475428.1	-10	265	41.0	19.0
1110	rna-XM_019475428.1	XM_019475428.1	-8	263	34.0	19.0
1111	rna-XM_019475428.1	XM_019475428.1	-7	262	27.0	19.0
1112	rna-XM_019475428.1	XM_019475428.1	-6	261	44.0	19.0
1113	rna-XM_019475428.1	XM_019475428.1	-2	257	20.0	19.0
1114	rna-XM_716805.2	XM_716805.2	-35	527	21.0	19.0
1115	rna-XM_019475440.1	XM_019475440.1	-35	293	28.0	19.0
1116	rna-XM_019475443.1	XM_019475443.1	-31	487	60.0	19.0
1117	rna-XM_711644.1	XM_711644.1	-54	1089	57.0	19.0
1118	rna-XM_019475461.1	XM_019475461.1	-21	450	25.0	19.0
1119	rna-XM_714084.2	XM_714084.2	-38	1478	20.0	19.0
1120	rna-XM_705472.2	XM_705472.2	-43	1384	50.0	19.0
1121	rna-XM_705129.2	XM_705129.2	-93	3078	27.0	19.0
1122	rna-XM_715321.2	XM_715321.2	-29	824	22.0	19.0
1123	rna-XM_715321.2	XM_715321.2	-24	819	56.0	19.0
1124	rna-XM_715321.2	XM_715321.2	-22	817	35.0	19.0
1125	rna-XM_715321.2	XM_715321.2	-8	803	46.0	19.0
1126	rna-XM_715313.1	XM_715313.1	-7	961	62.0	19.0
1127	rna-XM_715312.1	XM_715312.1	1947	-99	62.0	19.0
1128	rna-XM_019475476.1	XM_019475476.1	-51	255	22.0	19.0
1129	rna-XM_019475476.1	XM_019475476.1	-29	233	40.0	19.0
1130	rna-XM_716286.1	XM_716286.1	-31	928	32.0	19.0
1131	rna-XM_710152.1	XM_710152.1	-43	2281	28.0	19.0
1132	rna-XM_710117.1	XM_710117.1	-48	894	26.0	19.0
1133	rna-XM_710117.1	XM_710117.1	-44	890	30.0	19.0
1134	rna-XM_710117.1	XM_710117.1	-40	886	23.0	19.0
1135	rna-XM_710110.1	XM_710110.1	-18	1677	30.0	19.0
1136	rna-XM_710110.1	XM_710110.1	-16	1675	20.0	19.0
1137	rna-XM_710095.1	XM_710095.1	461	-62	21.0	19.0
1138	rna-XM_710095.1	XM_710095.1	467	-68	23.0	19.0
1139	rna-XM_710095.1	XM_710095.1	471	-72	45.0	19.0
1140	rna-XM_710095.1	XM_710095.1	473	-74	22.0	19.0
1141	rna-XM_710095.1	XM_710095.1	476	-77	38.0	19.0
1142	rna-XM_710095.1	XM_710095.1	488	-89	22.0	19.0
1143	rna-XM_713541.1	XM_713541.1	-21	660	27.0	19.0
1144	rna-XM_712865.1	XM_712865.1	-27	531	58.0	19.0
1145	rna-XM_019475512.1	XM_019475512.1	-63	351	20.0	19.0
1146	rna-XM_019475512.1	XM_019475512.1	-30	318	65.0	19.0
1147	rna-XM_019475515.1	XM_019475515.1	-50	731	22.0	19.0
1148	rna-XM_019475522.1	XM_019475522.1	-27	477	21.0	19.0
1149	rna-XM_019475522.1	XM_019475522.1	-24	474	43.0	19.0
1150	rna-XM_019475522.1	XM_019475522.1	-22	472	76.0	19.0
1151	rna-XM_019475530.1	XM_019475530.1	-25	217	31.0	19.0
1152	rna-XM_712263.2	XM_712263.2	-55	670	42.0	19.0
1153	rna-XM_712263.2	XM_712263.2	-26	641	62.0	19.0
1154	rna-XM_712263.2	XM_712263.2	-7	622	35.0	19.0
1155	rna-XM_705229.1	XM_705229.1	-41	1868	42.0	19.0
1156	rna-XM_705713.1	XM_705713.1	-23	2168	21.0	19.0
1157	rna-XM_707565.1	XM_707565.1	-34	1279	26.0	19.0
1158	rna-XM_707260.2	XM_707260.2	-42	546	20.0	19.0
1159	rna-XM_707260.2	XM_707260.2	-33	537	33.0	19.0
1160	rna-XM_019475555.1	XM_019475555.1	-45	294	21.0	19.0
1161	rna-XM_019475555.1	XM_019475555.1	-38	287	27.0	19.0
1162	rna-XM_019475555.1	XM_019475555.1	-26	275	125.0	19.0
1163	rna-XM_019475555.1	XM_019475555.1	-22	271	25.0	19.0
1164	rna-XM_019475555.1	XM_019475555.1	-17	266	148.0	19.0
1165	rna-XM_705951.2	XM_705951.2	-58	1879	24.0	19.0
1166	rna-XM_705951.2	XM_705951.2	-37	1858	46.0	19.0
1167	rna-XM_711115.2	XM_711115.2	-33	1875	44.0	19.0
1168	rna-XM_711115.2	XM_711115.2	-29	1871	63.0	19.0
1169	rna-XM_711115.2	XM_711115.2	-9	1851	22.0	19.0
1170	rna-XM_711115.2	XM_711115.2	-4	1846	29.0	19.0
1171	rna-XM_711122.1	XM_711122.1	-28	388	127.0	19.0
1172	rna-XM_711122.1	XM_711122.1	369	-9	26.0	19.0
1173	rna-XM_019475562.1	XM_019475562.1	-65	551	21.0	19.0
1174	rna-XM_711332.1	XM_711332.1	-44	548	21.0	19.0
1175	rna-XM_711332.1	XM_711332.1	-37	541	26.0	19.0
1176	rna-XM_019475575.1	XM_019475575.1	-58	253	66.0	19.0
1177	rna-XM_714221.1	XM_714221.1	-40	2659	41.0	19.0
1178	rna-XM_714221.1	XM_714221.1	-35	2654	44.0	19.0
