	-24	-23	-22	-21	-20	-19	-18	-17	-16	-15	-14	-13	-12	-11	-10	-9	-8	-7	-6	-5	-4	-3	-2	-1	0	1	2	3	4	5	6	7	8
TRP-ASP-PRO (WDP)	1	2	3	6	4	5	4	1	2	5	1	0	3	21	3	0	2	8	8	1	4	2	5	4	2	0	1	11	8	4	1	2	1
ILE-VAL-TRP (IVW)	3	7	1	4	6	5	3	8	4	7	5	3	5	22	2	5	3	4	3	3	4	8	1	5	3	4	4	3	5	4	4	2	1
CYS-VAL-PRO (CVP)	6	7	5	2	6	8	5	11	5	1	8	8	9	27	4	7	10	5	8	2	8	3	2	3	6	4	1	4	1	2	1	3	6
MET-VAL-MET (MVM)	3	1	5	4	3	2	3	3	1	11	0	5	4	13	1	4	1	2	8	4	2	7	1	3	8	5	2	1	2	3	2	2	0
GLU-ALA-CYS (EAC)	1	2	2	4	7	5	6	4	7	6	3	3	2	16	7	4	4	4	8	4	2	5	6	4	7	5	3	3	4	2	2	2	2
HIS-SER-TYR (HSY)	3	5	2	8	8	12	10	6	11	24	2	6	6	24	12	2	2	5	3	4	6	4	3	6	5	10	4	11	4	4	6	7	3
TRP-ALA-THR (WAT)	12	3	2	4	11	4	3	4	6	5	3	10	4	15	7	3	3	3	1	5	2	5	5	7	4	1	3	2	3	5	4	7	1
CYS-GLN-LEU (CQL)	7	9	5	4	11	4	2	4	4	3	3	6	6	17	3	4	6	7	2	3	4	4	6	6	9	7	2	4	7	6	4	5	7
CYS-PRO-GLY (CPG)	4	2	0	4	13	2	7	5	3	6	9	6	22	25	10	10	6	5	7	4	6	8	7	11	9	9	5	15	28	11	6	2	1
PHE-HIS-PHE (FHF)	5	3	0	4	4	2	3	4	0	4	10	5	5	13	3	3	5	1	1	3	1	6	4	1	7	3	3	3	13	5	9	8	3
ASP-PRO-PRO (DPP)	8	10	13	16	8	18	12	10	14	14	11	7	32	41	12	18	17	12	11	15	12	13	10	25	12	10	12	7	9	10	15	10	11
LEU-ALA-CYS (LAC)	8	7	9	9	5	9	9	7	6	14	7	11	8	26	11	19	7	10	10	5	7	11	8	10	8	10	4	9	4	7	4	5	7
TRP-GLY-PHE (WGF)	2	4	4	3	3	2	5	6	8	5	1	2	3	9	2	3	0	2	3	4	4	7	2	4	3	0	0	2	3	3	1	2	0
ASN-VAL-CYS (NVC)	6	3	3	4	3	7	7	4	9	7	7	7	12	14	6	6	5	2	4	6	3	3	4	2	6	3	3	3	3	2	3	0	2
THR-ASN-ARG (TNR)	16	22	20	18	8	7	12	14	8	11	21	12	29	44	15	12	12	8	22	8	7	17	9	9	21	11	15	16	17	14	18	19	16
VAL-TYR-ARG (VYR)	8	16	8	17	12	8	13	7	9	8	9	7	11	31	9	20	21	13	9	6	10	7	10	6	12	6	14	5	14	8	15	12	9
LEU-CYS-ARG (LCR)	5	6	4	5	4	8	3	9	3	8	3	4	4	14	2	5	5	8	5	10	4	1	2	3	5	4	6	3	6	3	10	4	3
TRP-VAL-HIS (WVH)	3	4	8	4	9	10	4	8	2	3	2	3	6	12	9	6	4	3	3	2	4	3	0	11	5	3	2	4	3	3	0	1	2
ASP-TYR-TRP (DYW)	2	3	2	8	3	5	6	4	5	3	4	5	3	12	9	5	6	3	6	7	2	1	4	5	8	1	3	2	3	2	10	2	3
PHE-LYS-TRP (FKW)	2	6	6	5	3	2	3	0	2	3	2	2	5	10	2	5	2	1	3	3	9	2	2	5	1	11	3	1	2	4	2	6	8
TYR-GLN-ALA (YQA)	17	12	14	15	12	10	10	15	12	16	16	16	18	35	16	9	15	16	14	14	5	14	11	11	21	17	4	12	7	14	15	12	7
CYS-GLN-TYR (CQY)	5	2	2	3	7	9	12	7	8	6	14	1	14	16	5	10	4	11	4	6	2	7	4	4	3	3	3	6	4	6	10	6	3
PRO-PRO-GLY (PPG)	24	14	24	23	19	13	17	21	25	40	23	19	60	54	26	19	16	20	26	17	8	16	22	18	18	18	11	19	20	23	11	11	9
CYS-PHE-GLY (CFG)	5	11	5	5	12	9	4	16	15	14	7	9	12	27	8	12	12	13	6	7	16	14	13	14	7	10	12	12	8	10	10	11	9
CYS-TRP-GLU (CWE)	4	10	13	8	18	5	13	7	4	5	7	10	3	20	9	5	10	2	4	7	11	6	9	3	18	5	3	20	1	0	4	6	17
VAL-TRP-ILE (VWI)	2	7	2	3	4	3	2	4	1	1	5	4	2	8	2	4	3	4	3	4	2	4	5	2	3	3	0	7	2	5	3	2	1
ILE-TRP-VAL (IWV)	3	2	4	3	2	5	2	5	4	7	2	2	3	9	0	5	2	7	4	4	2	5	4	6	4	1	3	6	1	7	4	1	2
TRP-GLY-LEU (WGL)	8	11	13	7	15	12	21	10	10	15	9	9	23	29	14	9	19	13	12	14	16	9	20	11	11	1	5	10	4	6	8	10	6
ARG-THR-TRP (RTW)	4	5	13	4	5	9	4	4	5	4	9	5	6	15	3	4	11	9	4	10	3	8	3	5	5	4	7	11	2	7	8	4	2
ALA-ARG-MET (ARM)	7	8	9	8	5	9	11	15	11	18	11	15	23	25	12	10	11	9	8	6	11	8	11	8	4	6	5	9	6	5	18	11	7
VAL-MET-ASN (VMN)	10	5	7	4	10	7	4	11	8	9	11	8	20	24	11	10	10	8	6	9	8	10	5	8	13	5	19	12	5	5	6	35	4
ILE-TRP-CYS (IWC)	5	4	2	4	3	5	3	3	1	5	7	2	1	9	4	2	5	3	1	5	12	4	2	1	5	2	3	6	4	5	4	2	0
TRP-GLY-ALA (WGA)	14	10	8	5	8	22	9	11	3	8	12	11	19	25	7	17	10	10	9	17	7	18	16	10	9	2	7	20	6	1	4	5	6
TRP-SER-VAL (WSV)	13	6	15	14	6	9	5	10	8	11	7	14	3	26	13	19	18	7	19	14	8	23	10	12	13	4	4	12	12	11	7	8	5
THR-TRP-LEU (TWL)	9	9	7	5	10	5	7	8	13	18	14	6	15	22	9	6	4	7	15	4	10	14	8	7	12	4	17	9	8	9	11	5	6
ILE-GLY-CYS (IGC)	10	8	9	15	11	6	11	9	21	10	18	9	10	24	6	14	12	18	11	13	8	11	5	7	10	13	4	3	8	9	9	7	6
TRP-ILE-TRP (WIW)	2	3	6	4	4	3	0	2	3	2	1	5	3	8	3	1	0	2	2	2	3	5	2	5	6	3	3	8	6	5	8	4	1
LYS-THR-MET (KTM)	18	11	5	14	9	10	11	17	7	11	14	6	15	27	9	11	8	14	12	13	9	9	10	14	16	15	11	14	14	14	9	8	6
TRP-GLY-MET (WGM)	2	1	2	2	4	7	2	3	10	1	4	12	4	12	18	3	12	7	2	9	5	4	5	7	8	4	2	6	2	2	4	4	4
TRP-GLN-VAL (WQV)	3	2	1	2	4	1	5	5	3	3	2	5	4	7	0	3	4	0	6	6	0	5	5	3	2	4	3	2	1	3	4	1	3
ILE-GLY-TYR (IGY)	16	16	13	16	13	19	18	19	14	24	14	30	27	41	14	17	19	16	16	22	17	23	12	16	18	18	16	11	35	14	11	15	9
TRP-ALA-GLY (WAG)	4	2	6	7	6	7	5	3	5	3	7	7	10	13	9	6	6	7	7	7	5	4	4	6	10	3	1	6	12	4	2	3	3
HIS-GLN-PRO (HQP)	11	14	13	10	7	10	7	14	13	3	15	9	9	29	8	7	27	6	11	25	11	6	8	23	4	27	4	16	29	6	10	11	23
ARG-HIS-PHE (RHF)	10	10	17	9	9	8	14	18	9	8	8	10	10	28	33	8	8	2	14	12	14	19	7	8	13	12	8	9	17	13	25	12	10
ILE-TYR-CYS (IYC)	6	5	2	4	3	5	2	2	4	2	3	5	3	7	2	4	1	1	0	3	3	2	0	4	3	1	3	1	3	7	3	4	5
HIS-GLY-TYR (HGY)	9	11	12	20	17	15	12	13	20	12	12	17	15	27	9	13	7	6	16	9	12	13	4	7	7	20	11	9	8	10	11	8	6
ILE-PRO-GLY (IPG)	32	35	42	38	29	36	45	25	32	45	49	28	83	90	39	48	41	46	31	45	32	35	33	34	52	39	37	48	34	28	39	29	29
VAL-PRO-MET (VPM)	10	15	14	7	4	9	9	6	6	6	13	12	7	24	8	19	13	30	19	11	11	7	12	7	9	11	14	4	4	6	8	11	11
THR-ALA-TRP (TAW)	4	2	6	3	7	6	8	1	1	7	6	10	3	10	4	6	2	3	3	4	4	8	9	7	9	5	2	4	0	3	0	0	2
GLN-PHE-PRO (QFP)	8	7	11	14	10	10	12	7	9	12	12	8	10	24	14	14	8	8	18	15	6	13	7	6	7	17	11	21	9	12	5	7	7
