	-30	-29	-28	-27	-26	-25	-24	-23	-22	-21	-20	-19	-18	-17	-16	-15	-14	-13	-12	-11	-10	-9	-8	-7	-6	-5	-4	-3	-2	-1	0	1	2
ALA_GCT	58298	53108	43311	58202	53429	43665	58544	53178	43952	58472	53170	42987	52856	49383	44866	57904	53272	43443	57498	54680	45660	63271	53695	44569	60722	51734	43467	64518	68239	37505	59395	49194	37790
ALA_GCC	23087	20954	17296	22864	20826	16536	22660	20843	17323	22704	20415	16526	20554	18909	18429	22066	20651	16830	22370	20965	17689	25553	20396	17144	23244	19929	16928	27452	33968	17546	25299	19070	15462
ALA_GCA	31233	27051	21453	31129	27168	21170	31112	27574	21439	32642	27745	22617	39728	28915	22815	31672	27417	21331	32181	25995	21868	33859	25387	21340	31372	23857	20483	32322	31378	15512	29333	18008	19599
ALA_GCG	4296	3685	2860	4195	3897	3084	4299	3640	3041	4425	3841	3606	11532	8145	4094	4366	3435	3068	4429	3702	3083	4441	3510	3285	4624	3358	3030	4869	4174	2436	4248	2870	2358
ARG_CGT	13457	11878	9497	13904	12578	9737	14026	12208	9935	14791	13149	10518	19476	15138	10183	14871	12961	10240	16946	13944	9964	12659	13132	10292	14075	13981	10860	14164	13950	11243	12455	12819	8113
ARG_CGG	2140	1824	1367	2069	1836	1487	2104	1761	1313	2218	1866	1584	4365	3045	1525	3093	3325	1627	2553	2112	1550	1980	1889	1528	2371	2045	1565	2345	2364	2239	2814	1132	1002
ARG_CGC	1490	1169	978	1436	1227	987	1530	1184	932	1690	1460	1063	3250	2261	969	1540	1317	990	1484	1341	945	1310	1326	942	1436	1351	1153	1563	1652	1724	1436	1461	950
ARG_CGA	8213	6994	5243	8206	7060	5182	8397	6730	5386	8734	7441	5918	22104	16318	5624	10740	8909	5331	9524	8268	5187	7097	6828	5205	8105	7774	5907	8511	8424	6048	6640	6185	4723
ARG_AGA	60113	54447	43646	60903	54481	43122	61611	54612	44353	62195	55903	45081	59882	55325	48030	61220	56949	46289	71071	61417	44324	60979	57356	45563	63643	59376	43338	54827	56292	38124	51723	49976	40404
ARG_AGG	5862	4939	4002	6049	5107	4113	5939	5211	3929	6194	4919	4366	7772	6062	5098	7653	5691	3733	6931	5731	4021	5628	5367	4353	6154	4995	3794	5209	5298	4149	5950	3063	2960
ASN_AAT	83904	71224	56295	83999	71787	56478	83980	70676	55525	84973	71967	56188	83485	68951	49612	84718	72133	54555	74300	65882	52547	77265	70419	53611	83320	67316	51119	78014	54642	43923	80011	81531	54849
ASN_AAC	34083	29943	25020	34372	30594	24913	34894	30384	25187	35186	30565	24293	31969	28694	22871	33885	29976	25840	31572	28248	23792	32254	29714	22962	32202	28823	22887	32178	25575	21712	35590	39747	26294
ASP_GAT	104170	90913	72775	104822	91441	73323	104218	91480	73147	103166	89906	71181	97613	91639	76136	105423	87044	68905	100331	94095	75487	123149	104334	76552	115425	98871	72541	108995	90635	58915	91704	80805	83355
ASP_GAC	29409	25799	21485	29139	25725	21583	29408	26304	21474	29271	25450	21538	28645	26733	22971	29674	25582	20565	29011	27039	21887	35016	28987	21076	30405	26932	20500	28784	27409	18408	26344	29104	26620
CYS_TGT	16453	14239	11409	16086	14552	11581	16458	14477	11436	16163	14547	10959	17228	15633	10425	14969	12819	10168	14128	14405	11632	15864	14827	11283	15694	15821	11445	15703	14552	13612	14478	14285	10435
CYS_TGC	2295	2136	1625	2431	2102	1758	2426	2143	1718	2221	2151	1700	3135	2920	1494	2138	1964	1550	2085	2137	1749	2562	2097	1674	2263	2297	1857	2364	2357	3022	2107	2617	1720
GLN_CAA	79148	69036	55701	79245	68546	55729	78668	68285	55212	80482	69646	52149	64449	57971	54919	74829	63957	56546	74480	64004	54698	73896	67488	55572	76215	70100	58204	77458	63514	60856	65014	75676	59257
GLN_CAG	13677	11580	9655	13878	11908	9379	13973	11710	9623	14325	12244	9661	13356	11089	9584	13919	11209	8968	12926	11329	10173	13011	11810	10208	14088	12950	11020	15127	11035	11769	14013	13223	8623
GLU_GAA	143035	124807	103271	144681	125207	103086	144927	123794	101491	141179	123556	101662	131485	123944	102222	135945	118575	106568	146308	123871	101901	151443	125230	102750	147170	124848	95218	133496	118410	79810	115139	103194	135977
GLU_GAG	32611	28323	22641	33261	27956	22563	32503	27895	23180	32821	28238	23671	35045	30679	23425	33063	32124	24042	33654	28257	24654	35079	29871	23938	35004	28114	21262	32387	27420	19060	26777	20565	25516
GLY_GGT	65782	59356	48537	65408	59752	48681	65625	60935	48985	66303	60941	48593	67200	63107	46657	69369	67397	49974	63961	64151	49396	69341	66536	50082	65601	64966	49556	73351	85455	54086	44906	52562	40884
GLY_GGC	8227	7401	5886	8328	7245	6115	8448	7642	6069	8477	7715	6103	11830	10290	5627	8324	8183	6407	8077	8374	6108	9396	8336	5733	8022	7862	6057	9545	12182	8574	4784	7271	5415
GLY_GGA	29173	25625	19965	30078	25836	20490	30111	26171	19871	30118	26596	20587	34646	30061	21768	37391	35598	22589	30578	27758	20720	32296	28321	21056	31160	28546	19758	31610	36019	20954	17264	19112	18772
GLY_GGG	13700	11801	9237	13975	12071	9405	14253	12309	9244	14038	12232	9519	17189	14623	10571	16462	14901	9375	13634	12481	9777	15072	13715	10285	14746	12452	10244	17077	21201	14842	9250	6323	8357
HIS_CAT	27622	24150	18991	27285	24481	18981	27071	23610	18599	29072	25019	18607	26264	21341	17265	29543	25708	18403	24708	23227	19037	25996	25065	18970	28337	26082	21258	30430	21534	21728	26467	32615	19219
HIS_CAC	11077	10046	8125	11290	10269	8620	11157	10164	8392	11747	10684	8421	12316	10159	8521	12064	10922	8243	10634	10141	8523	10777	10298	7931	10598	10912	9452	12133	9974	11517	12124	14575	8486
ILE_ATT	72271	63110	50238	72491	64321	51063	73404	63927	51256	72973	64095	49364	61615	59753	52880	69746	58393	48807	69498	66676	48343	67702	62852	50492	72404	61388	50035	68150	54792	47891	81889	61740	49067
ILE_ATC	23883	21716	17291	24213	21578	17484	23856	21597	17489	23859	21760	17366	20597	20327	18934	24347	21052	17145	23295	21718	17308	24271	21991	17420	23416	20797	17924	23625	19657	18885	31887	22070	18413
ILE_ATA	26362	22525	16741	26609	21859	16994	26881	22722	17342	25598	22147	17599	26936	23258	21396	28388	22129	16494	26934	21585	16209	25042	21108	16946	25783	20623	16516	22674	19515	14703	28330	18506	17972
LEU_TTA	69776	60287	47651	71138	61372	47493	70250	61730	48331	69141	60047	47831	66460	60537	50585	70771	58720	46056	67717	56978	47577	69565	57532	46765	68668	63868	47102	63946	60901	48462	75149	74281	51403
LEU_TTG	72872	64075	52290	73226	64042	51234	73548	64879	52019	72181	63550	55598	86689	68932	54250	80960	69703	50900	70607	60665	55111	70261	62147	53280	75061	67990	55047	74977	64331	58265	83037	61346	41023
LEU_CTT	14646	12687	10136	14808	12931	10055	14419	12458	10313	15222	12921	10101	20937	14580	9706	13851	11575	9767	15697	13020	9689	13186	12090	10265	14698	13794	11857	17026	12900	12861	16893	19658	9536
LEU_CTC	3388	2837	2167	3160	2747	2216	3207	2744	2336	3538	2893	2199	4732	3245	2162	3190	2642	2118	3224	2871	2271	3104	2616	2046	3014	2877	2605	4096	3076	3676	4627	4854	2270
LEU_CTA	6965	5952	4460	7117	6083	4689	6946	5836	4541	7072	5920	4941	15763	10393	4742	8891	6426	4381	6979	5766	4620	6399	5607	4477	6446	5902	4806	6770	5739	5433	6718	6632	4511
LEU_CTG	6365	5309	4239	6510	5651	4263	6614	5522	4432	6543	5556	4910	10790	7356	4827	7701	5350	3874	6313	5338	4751	6645	5484	4676	6960	5586	5286	7740	5580	5388	9726	6810	3391
LYS_AAA	119668	105351	84559	120510	104333	84783	121776	104708	83145	120883	104272	83186	119768	106435	81234	117287	108233	88561	133621	104365	79819	112094	103869	80308	117622	98948	75520	105721	82423	65902	106546	107853	92086
LYS_AAG	51501	46238	36673	51057	45807	37207	52238	45723	36755	53018	46052	37208	55297	48347	35195	53959	49265	38584	57209	46374	37039	50859	46260	37640	53850	44850	34192	47672	36410	29760	49529	44788	32723
PHE_TTT	47409	41037	32144	47257	41201	32023	47208	41621	32721	47704	41359	30937	37213	35115	33347	48003	39213	32538	44740	39807	31849	46143	40585	31449	46450	47429	32791	46790	38648	35265	52828	54231	31586
PHE_TTC	25285	22874	18889	25402	22491	18531	25722	23473	18546	25228	22847	17823	20998	20173	18756	27056	23085	19823	25817	22919	19158	27572	23899	18362	24537	24393	20202	26996	24617	26464	39296	40820	22063
PRO_CCT	23079	19454	15150	22378	18980	15511	22624	19609	15704	22749	19627	15674	24779	20502	14377	29044	27367	17440	29925	23711	16275	22929	19720	16521	23355	19782	19811	32946	24209	28213	30980	29156	15715
PRO_CCC	5952	5230	4006	5841	5078	3952	5845	5283	4042	5816	5193	4087	7039	5732	4021	6602	5566	4392	7352	6134	4242	6140	4904	3938	5685	5028	5563	10187	8857	11163	13540	7691	3970
PRO_CCA	50731	44825	37450	51733	45571	37401	51701	46014	38016	52764	46046	37090	55488	47750	35443	59037	53884	42179	67766	51734	39442	54444	44537	39915	53796	46290	47420	67101	52477	57938	64875	48627	37222
PRO_CCG	5067	4421	3406	5199	4314	3387	5037	4362	3420	5006	4299	3663	7391	5345	3761	6020	5295	3590	6568	4977	3825	5304	3961	3916	5378	4223	4516	7418	4647	6629	7806	5707	2775
SER_TCT	37962	33211	27382	37674	33314	27311	37852	34101	27780	37945	34262	26422	36320	32539	25218	34714	32120	28209	37226	34278	28974	39782	34664	28599	38351	35386	31343	43958	37193	36182	48393	43021	27353
SER_TCC	15107	13225	11226	15022	13339	10866	14976	13565	11322	14943	13665	11061	16065	14095	10823	13866	12909	10771	14707	13886	11964	16542	13453	11230	14820	13840	12958	17931	17187	18820	30076	19091	11488
SER_TCA	43941	37545	30113	44240	37706	29574	43974	38460	29701	43632	37929	30362	44263	37294	29266	39528	34130	27882	43735	36855	31409	47741	37096	31343	44948	38203	34195	46012	40503	34803	54058	38691	30679
SER_TCG	11545	9767	7985	11873	9823	7920	11599	10146	7982	11488	9888	8398	13381	10777	8063	13683	11672	7502	11719	10225	9268	12605	9855	9119	12965	10264	10119	13888	10260	9915	14178	11254	6765
SER_AGT	33682	28510	22176	33947	29396	22473	33894	28663	22158	33957	29057	23287	34496	27655	20491	31601	26700	20636	31475	29775	21736	32543	31593	23087	33560	30961	21624	31887	30732	20758	29151	29194	19118
SER_AGC	8241	6899	5497	7925	7105	5879	8841	7273	5693	8293	7279	5790	8632	7091	5451	7710	7034	5406	7991	7495	5670	8388	7722	5598	7844	7494	5497	7586	7512	6534	6658	8232	4919
THR_ACT	50379	43333	35831	50216	44487	36246	49801	44106	36303	50910	44498	35873	43450	38612	35406	48929	42730	34518	48645	43970	36032	48918	44614	37623	52151	41030	36493	50949	40286	33845	63286	44678	34473
THR_ACC	21696	19210	16049	21546	18671	15691	21431	19433	16209	21797	19084	15931	18320	17140	16217	20566	18454	14618	20809	18998	16042	21681	18995	15805	21125	17499	16440	22664	20909	19048	34392	18076	15306
THR_ACA	29914	25250	20072	29777	25091	20097	30797	25766	20477	30927	26218	21563	33605	25896	20483	27952	23830	19462	30720	23769	19438	29300	23647	20400	30026	21889	20033	27231	21447	18218	37240	19744	20184
THR_ACG	6629	5609	4296	6605	5832	4469	6642	5718	4510	6969	5940	4887	6856	5448	5202	7498	5586	4156	6906	5650	4842	6709	5605	4821	7214	4817	4924	6628	4810	4193	9095	5715	3704
TRP_TGG	18846	16625	12990	19004	16661	12900	18818	17144	13075	18668	17044	13941	24481	18776	12448	19591	17452	13582	20591	17765	14441	19343	17373	14446	21939	19960	14326	20764	20777	22059	22586	10960	12391
TYR_TAT	43510	37638	29548	43976	38024	29097	42837	37817	28899	43066	37643	28147	40728	36578	26443	41212	36060	29862	43440	38738	29094	40541	35917	29161	42104	39622	28088	41654	30077	28065	43599	44512	30751
TYR_TAC	19526	17401	14816	20035	18034	14997	20200	18548	14968	20238	18503	14472	19506	18420	13834	19424	17828	15408	19708	18637	15207	19665	17186	14382	18653	19038	14769	19678	16519	17007	20191	27898	16365
VAL_GTT	61532	54693	44951	61378	56212	45325	61684	55556	45074	61623	55410	45708	51214	50358	45134	55749	48976	46242	60134	57665	44890	62646	55619	44078	60667	53542	43242	63304	55289	40200	56940	45715	48937
VAL_GTC	18110	16129	13786	18330	16558	14148	17957	16630	14259	18188	16707	14044	15723	15691	14464	17096	15508	13660	17597	17502	14207	20100	17152	13285	18207	16869	14233	20280	19785	14189	18157	15360	16788
VAL_GTA	16743	13918	10998	16597	14387	11051	16824	14266	10912	16711	14027	11863	15888	13651	12191	16750	13245	11439	16940	14306	10904	17366	13717	10946	16468	13375	10582	16781	14802	9156	15217	10088	12354
VAL_GTG	19925	17328	13801	20369	17689	13866	20672	17420	13916	20452	17851	15468	27556	20674	15830	21736	17101	13256	20183	17410	14447	20797	17110	14029	20881	16174	13915	21901	18596	12457	20717	11982	11127
TERM_TAA	1831	1626	1323	1721	1481	1250	1621	1339	1209	1557	1384	1369	9949	11942	1509	1827	1442	1171	1194	1221	1191	1299	1180	1061	1165	1100	852	1012	994	861	861	957	1053
TERM_TGA	439	381	307	427	341	264	463	330	263	347	336	336	2839	3140	437	560	368	245	341	363	272	327	339	246	207	287	225	246	272	217	189	172	184
TERM_TAG	639	560	437	559	467	404	596	477	453	508	530	475	4167	5121	536	731	592	325	421	442	375	373	325	408	320	358	364	336	332	365	268	270	341
MET_ATG	31777	27796	22253	32171	28482	22281	32616	28236	22186	31669	27904	22838	27077	25754	22682	30987	26926	24278	31851	25522	22805	30369	26758	23079	33498	26411	22337	29767	24383	19377	40604	23770	17639
