	-27	-26	-25	-24	-23	-22	-21	-20	-19	-18	-17	-16	-15	-14	-13	-12	-11	-10	-9	-8	-7	-6	-5	-4	-3	-2	-1	0	1	2	3	4	5
ARG-ARG_CGACGA	44	40	18	61	42	37	84	82	24	255	180	32	387	459	45	81	94	17	52	53	26	25	43	26	35	35	37	34	27	42	33	21	26
ARG-PRO_CGGCCC	4	3	3	1	4	1	2	4	1	5	8	4	8	25	4	10	1	4	9	2	2	0	1	3	7	1	4	10	1	0	6	3	0
SER-ALA_AGCGCG	5	6	2	4	9	3	5	13	4	5	4	7	67	52	9	6	8	6	9	4	6	7	11	5	14	6	6	4	9	3	10	5	8
PRO-ALA_CCCGCG	8	5	4	3	3	4	9	9	2	4	3	3	34	36	2	5	2	5	11	3	11	8	2	5	5	2	6	7	6	3	6	4	3
LEU-ALA_CTAGCG	32	46	12	17	40	23	28	18	28	61	50	30	196	183	36	30	33	23	11	19	17	12	18	16	18	11	44	20	25	19	21	23	7
ARG-PRO_CGACCG	16	7	6	26	18	6	26	17	8	77	66	9	98	100	11	11	13	5	9	18	10	15	9	5	9	16	6	10	3	26	17	21	7
GLY-ALA_GGAGCG	5	9	11	11	12	11	26	16	10	20	12	16	109	92	19	18	25	9	19	16	11	23	11	9	26	19	17	14	4	10	9	36	11
LEU-TERM_CTTTAA	1	1	1	0	2	1	0	3	2	0	7	2	9	15	4	12	2	5	18	2	3	8	2	2	0	6	2	1	1	1	4	2	1
ARG-ALA_CGAGCG	27	17	13	35	21	27	21	15	28	81	53	62	125	140	76	39	26	28	26	11	16	29	37	24	25	19	29	45	10	6	14	11	8
ARG-LEU_CGACTA	36	16	19	19	22	23	16	17	17	80	77	29	133	135	20	48	34	14	22	18	27	29	42	40	24	24	20	22	16	17	17	18	22
ALA-ALA_GCAGCG	91	81	34	67	59	48	72	77	48	82	93	77	346	319	91	86	64	50	75	51	42	66	48	55	87	86	29	79	56	41	71	35	32
ARG-ARG_AGGCGT	9	11	8	10	9	16	11	12	5	25	14	14	20	51	8	12	8	5	12	26	18	15	9	14	9	6	6	16	6	9	12	9	8
ARG-GLY_CGGGGA	10	11	5	5	1	8	12	8	9	31	23	19	36	51	13	18	10	5	5	12	10	15	4	7	24	16	22	21	8	3	3	7	1
ARG-ALA_CGGGCG	8	6	6	23	7	8	8	13	7	11	16	4	26	39	23	26	12	7	6	2	4	8	6	2	9	5	7	15	5	1	5	4	3
PRO-ALA_CCGGCG	29	33	21	35	18	30	34	19	37	73	36	42	97	133	36	40	43	30	32	19	26	31	30	38	38	26	47	48	51	10	44	17	17
SER-ARG_AGCCGC	2	3	6	9	3	7	8	4	3	5	7	5	42	20	5	1	8	2	4	5	2	6	2	3	2	5	2	1	5	9	1	2	2
PRO-GLY_CCTGGG	124	104	82	147	140	99	123	122	88	166	106	117	391	577	126	255	227	90	116	95	88	171	160	158	217	155	217	296	422	153	78	55	86
ARG-ARG_AGGCGA	36	23	18	38	39	26	37	21	15	59	33	23	90	95	17	47	20	14	36	31	18	29	24	13	16	13	17	22	11	14	10	11	8
LEU-ARG_CTACGA	60	66	61	86	55	75	100	57	51	171	132	46	399	276	52	81	63	74	68	38	55	48	50	40	65	55	56	59	120	53	59	58	47
ALA-ALA_GCCGCG	9	12	11	11	9	4	15	7	11	7	10	7	42	37	15	10	7	8	17	10	6	6	10	7	11	13	6	15	10	6	11	13	4
CYS-VAL_TGCGTG	12	10	12	18	19	19	9	21	15	52	33	32	49	76	59	19	18	16	21	14	15	14	14	25	39	30	17	26	31	7	22	15	6
ARG-ILE_CGGATC	37	23	10	8	27	14	21	22	14	42	19	11	54	69	12	22	15	15	19	14	15	15	20	15	51	25	21	29	8	16	15	11	9
LEU-ARG_CTCCGA	14	17	7	7	7	9	8	8	4	15	16	9	48	42	6	17	25	12	4	6	4	13	15	11	13	12	10	21	23	11	8	10	7
GLY-ALA_GGGGCG	13	30	19	39	22	17	25	30	23	25	36	41	106	131	59	60	70	63	65	51	37	27	19	20	49	64	69	56	31	9	38	37	16
GLY-ARG_GGCCGG	32	27	5	6	9	7	13	10	4	4	3	9	29	28	6	5	6	5	9	4	5	6	7	2	6	14	8	4	4	13	6	2	2
LEU-ARG_CTTCGA	82	91	83	148	89	74	136	90	60	188	138	85	533	399	74	126	123	66	100	96	54	82	109	112	185	163	115	142	281	72	69	73	77
ARG-ARG_CGACGG	4	13	3	11	13	4	4	4	7	54	64	12	32	35	10	6	4	8	14	15	5	6	6	6	5	5	10	5	7	1	9	1	1
ILE-ALA_ATCGCG	19	12	5	12	8	8	11	9	5	9	5	7	61	42	10	7	6	7	14	13	11	15	18	26	18	3	5	22	12	6	26	18	11
GLY-CYS_GGATGC	31	35	22	51	50	32	48	21	18	44	34	20	101	109	22	19	37	33	34	44	21	33	26	46	40	42	22	20	32	37	29	30	15
GLN-CYS_CAGTGC	14	12	7	15	13	13	9	9	7	19	13	11	48	49	5	11	21	9	16	20	19	16	11	18	13	11	17	26	25	27	11	14	12
SER-ALA_TCGGCG	20	19	12	24	33	23	30	22	7	35	23	40	100	98	41	42	39	15	35	34	28	33	19	37	52	19	40	57	44	14	39	15	7
LEU-ARG_TTGCGA	137	148	104	136	136	105	168	138	128	196	165	130	594	470	99	231	147	86	120	143	106	155	181	135	164	198	114	149	104	98	105	90	80
VAL-ARG_GTGCGA	36	21	21	42	31	26	39	16	22	40	23	28	136	93	20	51	47	22	27	20	15	46	21	10	22	19	15	40	10	27	13	29	14
VAL-ARG_GTGCGG	7	5	11	18	13	6	7	6	1	7	7	13	34	36	4	16	27	28	21	8	8	15	7	1	12	13	6	10	8	11	40	2	4
GLY-ARG_GGACGC	34	18	31	27	10	9	19	10	17	39	18	19	78	71	20	19	30	11	21	10	43	15	20	16	23	19	22	13	21	42	28	25	19
VAL-ALA_GTAGCG	15	3	7	11	12	11	7	16	7	9	14	10	67	41	12	18	9	14	24	13	10	26	16	9	21	14	3	12	12	10	11	6	3
LEU-ALA_CTGGCG	7	9	26	12	9	14	11	8	16	35	35	14	67	50	5	14	14	7	7	18	4	23	6	16	19	12	16	37	26	13	8	17	7
ILE-ARG_ATTCGC	17	10	13	18	20	20	31	24	8	17	15	12	57	56	11	22	13	13	21	16	14	19	7	10	15	24	7	29	26	40	13	25	12
ARG-ASP_CGGGAC	15	19	17	27	16	22	49	39	13	30	25	21	38	69	15	25	11	11	12	9	7	33	26	16	33	34	33	51	29	10	17	20	23
ARG-PRO_AGGCCG	5	11	5	7	6	6	19	8	2	5	8	6	21	26	13	8	9	10	10	6	8	8	11	5	6	3	8	23	4	6	15	20	0
GLY-ARG_GGCCGA	29	28	25	36	40	36	59	35	19	32	40	22	126	111	35	65	53	12	43	25	30	29	25	23	67	78	51	16	44	28	18	21	30
VAL-ALA_GTGGCG	84	82	47	102	76	49	79	72	64	165	96	101	396	270	79	139	93	60	101	71	43	109	78	47	103	71	64	130	104	43	120	70	56
PHE-ARG_TTTCGA	93	75	63	79	59	46	73	79	72	59	78	80	357	237	68	116	142	67	77	100	54	78	86	39	75	89	50	87	117	49	70	66	56
GLY-THR_GGAACG	55	65	26	42	45	54	76	67	43	103	45	40	112	162	79	64	78	43	71	56	56	73	66	49	84	71	69	47	45	30	65	25	18
ILE-ARG_ATCCGA	36	55	34	33	34	40	46	28	25	18	23	30	140	120	27	44	41	37	54	37	33	46	26	31	47	45	44	106	62	45	43	34	41
PRO-GLY_CCCGGC	35	22	13	26	19	25	18	22	17	31	25	15	51	67	22	34	31	16	25	17	17	22	19	26	29	19	17	47	36	42	8	19	10
ALA-ALA_GCGGCG	11	11	6	23	13	9	15	15	17	65	54	40	93	58	22	31	12	10	16	17	12	17	13	17	13	16	6	29	31	7	9	9	12
ARG-ASP_CGGGAT	60	53	32	39	22	30	53	63	27	96	80	23	97	135	39	65	53	27	27	36	25	74	56	36	67	73	75	111	23	14	42	28	25
LEU-LEU_CTTCTA	66	28	28	59	40	24	52	27	34	69	40	25	127	107	18	70	34	18	39	33	12	37	38	34	42	35	32	37	44	20	34	33	18
CYS-ARG_TGCCGC	18	10	8	9	27	30	12	9	7	21	30	12	45	52	19	22	17	16	23	27	11	18	16	17	22	17	30	30	18	9	22	26	9
