	F0	F1	F2
0	266	320	314
1	2	0	3
2	211	177	140
3	693	806	668
4	190	187	147
5	466	421	410
6	68	57	57
7	121	170	98
8	133	168	111
9	37	29	47
10	372	329	238
11	712	574	459
12	888	639	438
13	1661	2252	1567
14	40	33	31
15	1866	1806	1533
16	0	0	2
17	4	4	4
18	1060	1004	842
19	105	130	99
20	196	171	101
21	35	35	36
22	0	0	0
23	42	41	43
24	30	30	24
25	139	126	80
26	46	44	41
27	1441	934	850
28	55	92	75
29	22	23	17
30	10	5	0
31	169	157	118
32	404	326	305
33	142	148	152
34	12	14	14
35	138	175	95
36	265	176	138
37	1873	1365	1181
38	109	99	70
39	64	50	39
40	123	86	70
41	1320	1207	1119
42	16	14	18
43	273	355	282
44	66	71	48
45	159	125	119
46	328	217	173
47	184	167	93
48	65	39	31
49	171	189	105
50	664	440	333
51	83	55	35
52	919	888	638
53	183	189	117
54	274	267	182
55	93	85	54
56	12	14	6
57	818	721	525
58	773	818	742
59	158	166	72
60	40	53	38
61	17	13	17
62	218	170	129
63	192	219	140
64	98	86	65
65	129	105	81
66	61	58	46
67	1505	1140	877
68	116	111	92
69	14	26	9
70	4	4	0
71	195	118	98
72	155	123	51
73	24	48	11
74	97	94	40
75	46	51	15
76	46	30	37
77	1	0	0
78	38	39	29
79	440	303	213
80	49	52	36
81	326	206	187
82	158	96	99
83	59	54	24
84	389	266	198
85	2541	2171	1923
86	85	96	57
87	85	85	55
88	1276	871	712
89	29	31	24
90	61	77	50
91	259	212	180
92	352	305	161
93	224	221	165
94	165	190	131
95	117	112	93
96	29	22	20
97	541	523	400
98	661	434	290
99	223	154	103
100	29	37	32
101	1566	1296	1006
102	231	212	167
103	1887	1414	866
104	579	496	327
105	74	55	64
106	171	135	83
107	51	46	26
108	2	0	0
109	171	193	110
110	44	49	33
111	148	111	71
112	45	73	34
113	20	12	11
114	338	339	264
115	4	3	8
116	364	242	171
117	12	8	10
118	221	162	103
119	160	129	126
120	2135	1761	1400
121	42	35	30
122	123	94	52
123	1465	1449	1328
124	2439	2102	1781
125	810	806	655
126	28	26	31
127	117	95	69
128	46	49	34
129	321	257	155
130	1	1	2
131	370	304	200
132	222	185	111
133	331	279	210
134	703	758	695
135	321	270	212
136	47	41	25
137	19	15	17
138	660	587	448
139	165	147	77
140	278	191	165
141	884	728	567
142	156	236	112
143	176	160	110
144	1561	1382	1231
145	860	646	493
146	4	2	2
147	5	3	1
148	128	122	84
149	907	1010	735
150	508	483	341
151	180	131	110
152	223	234	178
153	194	275	186
154	2845	2450	1865
155	3177	2268	1807
156	5	2	1
157	153	141	109
158	61	60	38
159	38	19	20
160	117	99	54
161	1913	1397	1083
162	692	414	385
163	10	16	8
164	311	219	132
165	49	36	40
166	117	136	122
167	449	325	253
168	328	258	184
169	156	142	117
170	59	48	33
171	323	256	141
172	182	139	85
173	378	320	223
174	1441	1231	901
175	50	46	60
176	285	191	111
177	56	44	35
178	0	0	0
179	8	3	2
180	0	0	0
181	35	18	19
182	223	211	171
183	97	102	53
184	19	22	11
185	495	409	312
186	503	400	384
187	269	301	209
188	1	0	2
189	25	20	10
190	63	55	49
191	44	46	29
192	2	0	1
193	4924	3839	2978
194	95	82	57
195	163	140	111
196	11	6	2
197	0	2	0
198	72	85	42
199	127	111	51
200	24	10	12
201	997	756	582
202	17	13	8
203	1172	932	604
204	416	335	240
205	125	135	118
206	138	175	95
207	0	0	0
208	408	284	183
209	99	58	46
210	47	42	35
211	14	16	7
212	111	96	95
213	507	466	477
214	1339	1315	749
215	10	2	16
216	248	190	159
217	15	24	9
218	448	315	240
219	272	229	132
220	249	180	122
221	1795	1612	1439
222	731	489	452
223	322	274	173
224	227	209	129
225	1244	1196	1012
226	56	41	33
227	303	255	206
228	395	290	204
229	82	50	25
230	128	101	65
231	0	0	0
232	186	147	107
233	2	5	9
234	3	2	1
235	277	297	205
236	968	756	521
237	209	220	180
238	42	57	48
239	36	19	7
240	218	223	137
241	128	88	91
242	98	90	41
243	0	2	2
244	27	25	21
245	0	0	0
246	8	7	3
247	432	344	266
248	182	175	115
249	1	5	4
250	89	115	38
251	295	291	249
252	123	116	70
253	63	72	41
254	278	397	283
255	461	428	375
256	22	10	11
257	1657	1406	1150
258	337	368	330
259	249	236	122
260	426	293	271
261	150	111	82
262	231	225	214
263	53	50	42
264	379	335	277
265	170	148	78
266	73	94	45
267	418	320	194
268	292	261	190
269	92	69	59
270	85	65	51
271	3	9	1
272	148	196	149
273	79	79	65
274	110	84	79
275	1	1	0
276	14	17	9
277	360	470	339
278	1850	1642	1433
279	988	910	737
280	42	27	25
281	143	124	75
282	264	240	193
283	578	423	384
284	161	150	91
285	845	888	698
286	598	566	472
287	207	176	167
288	904	685	608
289	515	542	401
290	33	43	40
291	38	39	28
292	362	323	184
293	32	29	20
294	36	45	25
295	501	409	296
296	77	60	48
297	720	644	521
298	629	649	575
299	128	117	75
300	12	18	14
301	211	135	104
302	103	124	61
303	73	46	38
304	359	347	227
305	1069	806	550
306	417	419	254
307	159	116	75
308	34	32	26
309	133	104	76
310	267	273	205
311	350	365	285
312	2847	2471	2017
313	2929	2866	2524
314	2190	2149	1730
315	98	102	79
316	232	204	160
317	451	383	184
318	63	84	29
319	118	72	72
320	806	624	501
321	224	181	113
322	2	0	0
323	341	266	218
324	353	322	197
325	169	194	128
326	250	302	228
327	1241	933	791
328	52	58	25
329	97	95	44
330	54	69	50
331	146	135	137
332	0	0	0
333	32	50	28
334	15	20	6
335	317	277	269
336	118	81	89
337	167	140	118
338	215	240	174
339	5	6	3
340	99	95	79
341	117	93	66
342	95	100	66
343	578	422	288
344	105	118	105
345	156	141	100
346	79	44	54
347	243	238	294
348	446	347	299
349	717	570	300
350	244	149	119
351	3218	3298	3408
352	87	90	34
353	10	6	6
354	99	80	64
355	87	63	57
356	73	72	53
357	917	679	567
358	17	27	10
359	0	0	0
360	1	2	0
361	4	12	4
362	541	507	319
363	39	31	17
364	536	435	258
365	605	520	427
366	19	14	14
367	648	472	333
368	94	133	34
369	186	125	69
370	397	320	187
371	7	2	4
372	14	20	24
373	118	104	76
374	794	644	501
375	0	0	0
376	7	9	5
377	43	32	17
378	25	23	23
379	186	111	94
380	68	68	60
381	13	23	12
382	907	941	736
383	1161	970	731
384	20	27	28
385	10	11	3
386	148	110	93
387	528	492	434
388	565	555	392
389	125	120	58
390	1148	847	628
391	1177	1005	908
392	135	155	78
393	869	847	634
394	542	479	374
395	930	904	699
396	4	3	7
397	158	101	51
398	1298	1232	927
399	1926	1852	1636
400	76	64	31
401	2224	1665	1443
402	1422	1406	776
403	30	20	25
404	24	23	12
405	134	156	98
406	50	54	27
407	154	129	98
408	1683	1306	1057
409	484	542	508
410	127	139	96
411	378	387	300
412	7	7	6
413	1	0	0
414	48	47	46
415	6	3	2
416	5	3	5
417	590	485	329
418	324	359	245
419	8	10	9
420	9	6	11
421	127	173	161
422	115	106	73
423	156	140	84
424	8	9	4
425	165	147	94
426	101	49	35
427	97	101	80
428	215	249	169
429	389	397	300
430	577	584	525
431	766	622	519
432	178	140	87
433	154	112	83
434	2	3	2
435	297	329	247
436	675	476	335
437	138	152	130
438	0	1	1
439	133	127	68
440	64	50	38
441	16	11	9
442	213	188	158
443	33	20	33
444	3	4	1
445	882	708	468
446	787	758	550
447	786	512	330
448	262	356	174
449	0	0	0
450	377	297	197
451	37	35	47
452	532	534	375
453	67	66	34
454	536	406	279
455	1	2	1
456	120	106	75
457	940	944	728
458	181	167	117
459	76	73	72
460	5	1	2
461	0	0	1
462	1023	761	537
463	2632	2213	1620
464	3490	3106	2901
465	195	161	107
466	680	684	541
467	2486	2064	1547
468	24	23	16
469	155	160	78
470	696	576	360
471	356	312	195
472	609	458	404
473	88	57	46
474	7	2	8
475	225	204	138
476	32	11	11
477	195	163	128
478	219	172	136
479	1860	1451	1155
480	0	0	0
481	530	412	292
482	462	434	364
483	65	80	29
484	37	48	19
485	241	179	105
486	366	320	221
487	7	3	4
488	54	60	33
489	637	634	429
490	3	0	1
491	96	71	57
492	852	717	560
493	88	65	39
494	673	744	616
495	1512	1527	1349
496	20	12	12
497	9	11	8
498	157	160	78
499	38	31	21
500	58	67	44
501	122	110	96
502	91	70	85
503	379	248	152
504	76	46	53
505	43	46	39
506	25	10	13
507	595	432	340
508	2	8	5
509	0	1	0
510	215	179	114
511	56	43	38
512	6	17	11
513	350	275	201
514	434	297	197
515	74	103	56
516	14	23	7
517	66	54	40
518	4734	4040	3519
519	89	76	78
520	38	30	20
521	174	98	90
522	0	0	0
523	356	297	250
524	524	454	248
525	30	24	23
526	242	237	187
527	130	130	99
528	41	65	37
529	1	0	0
530	8	6	6
531	1	0	1
532	286	266	231
533	29	38	24
534	631	496	392
535	0	0	2
536	48	35	34
537	334	239	215
538	16	21	13
539	48	44	27
540	36	34	27
541	49	59	30
542	0	0	0
543	22	28	18
544	934	593	596
545	33	32	24
546	22	30	18
547	132	97	93
548	0	0	0
549	282	240	185
550	1228	938	650
551	4	2	1
552	439	347	277
553	3365	2586	2051
554	188	145	86
555	231	196	154
556	0	0	0
557	74	61	29
558	50	30	34
559	0	0	0
560	136	118	83
561	57	51	38
562	83	51	39
563	111	71	47
564	121	156	102
565	519	510	347
566	136	110	91
567	169	147	114
568	128	115	88
569	2075	1844	1629
570	190	160	109
571	50	55	23
572	415	317	307
573	0	0	0
574	1	1	0
575	216	207	232
576	0	0	0
577	78	52	33
578	44	25	20
579	0	0	0
580	46	32	22
581	72	47	77
582	0	0	0
583	138	135	59
584	14	7	7
585	131	104	85
586	6	3	3
587	304	325	250
588	153	161	82
589	0	0	0
590	14	24	23
591	99	69	34
592	149	151	126
593	496	353	200
594	429	289	223
595	1	0	0
596	189	156	103
597	2507	2565	2416
598	471	473	493
599	519	449	356
600	333	292	198
601	33	42	27
602	22	27	13
603	886	790	698
604	1744	1328	1049
605	430	272	184
606	3208	3154	2836
607	426	307	277
608	40	17	9
609	3166	3154	3015
610	395	328	272
611	595	646	523
612	2	2	1
613	0	0	1
614	209	176	117
615	9	9	7
616	172	171	132
617	322	286	219
618	492	360	240
619	262	186	137
620	70	51	39
621	203	151	93
622	47	33	14
623	89	89	63
624	339	261	161
625	131	164	80
626	7	7	3
627	159	139	119
628	1276	973	752
629	65	64	68
630	135	117	78
631	71	69	48
632	660	457	334
633	56	52	47
634	1847	1530	1147
635	0	0	0
636	36	48	20
637	1	3	3
638	1613	1534	1292
639	286	273	244
640	408	337	214
641	47	62	35
642	1040	820	737
643	277	326	207
644	1520	1242	955
645	225	202	118
646	35	33	19
647	230	179	119
648	143	102	68
649	173	173	109
650	25	23	21
651	6	13	5
652	236	198	139
653	20	43	16
654	800	785	596
655	8	3	6
656	231	227	225
657	564	508	226
658	2598	2318	1612
659	73	60	35
660	589	592	321
661	581	415	365
662	8	9	3
663	10	33	6
664	27	23	17
665	74	79	59
666	181	144	99
667	84	71	48
668	287	224	198
669	28	30	20
670	272	289	224
671	244	249	206
672	74	56	43
673	588	472	275
674	167	152	101
675	4	2	2
676	143	90	83
677	1751	1524	1236
678	185	186	156
679	208	184	114
680	119	82	74
681	389	398	271
682	112	81	51
683	1029	731	577
684	82	79	70
685	19	16	18
686	0	0	0
687	788	587	477
688	46	61	37
689	346	266	189
690	4	0	1
691	54	43	20
692	1039	890	678
693	93	72	48
694	349	225	239
695	0	0	0
696	767	719	552
697	17	20	8
698	81	83	26
699	59	50	37
700	0	0	0
701	551	378	296
702	129	120	71
703	5	8	4
704	5	3	1
705	130	72	78
706	48	32	35
707	0	0	0
708	25	20	23
709	6	0	0
710	131	170	96
711	229	147	152
712	49	60	42
713	956	726	616
714	1560	1188	922
715	296	267	167
716	69	70	25
717	89	64	43
718	49	44	26
719	321	287	176
720	129	139	144
721	84	86	40
722	7	7	4
723	2222	1751	1785
724	108	90	60
725	755	650	599
726	47	34	24
727	166	183	143
728	650	668	482
729	144	150	69
730	224	159	113
731	208	175	129
732	1772	1248	811
733	50	31	34
734	29	15	9
735	563	586	388
736	163	176	115
737	476	350	314
738	30	44	30
739	3	2	0
740	1417	1158	955
741	137	144	175
742	2116	2211	1865
743	377	368	329
744	2890	2845	2347
745	89	76	48
746	601	505	470
747	1052	803	611
748	63	67	56
749	28	31	19
750	4	4	2
751	521	467	318
752	126	108	83
753	1318	1030	918
754	33	36	23
755	42	29	28
756	942	820	686
757	543	466	388
758	28	29	20
759	360	294	226
760	94	84	102
761	467	388	300
762	1160	951	590
763	598	561	454
764	91	81	59
765	432	485	435
766	36	50	34
767	70	66	46
768	406	385	226
769	1624	1690	1363
770	1202	974	729
771	1628	1721	1518
772	166	117	94
773	467	472	378
774	82	63	59
775	573	539	410
776	736	684	487
777	5	12	6
778	259	254	190
779	823	827	575
780	516	438	374
781	196	144	130
782	146	103	90
783	1496	1639	1597
784	538	496	338
785	64	32	33
786	6	1	4
787	391	342	265
788	779	619	493
789	145	127	108
790	33	33	29
791	91	90	50
792	932	1012	748
793	1345	1098	874
794	916	773	507
795	147	115	143
796	158	162	72
797	60	52	32
798	89	90	43
799	61	46	47
800	261	163	121
801	639	520	302
802	51	34	30
803	5122	3925	3131
804	623	525	320
805	481	314	231
806	461	335	316
807	8	7	9
808	830	661	433
809	13	6	9
810	218	239	188
811	2229	1713	1297
812	849	601	520
813	537	530	303
814	13	11	9
815	0	0	0
816	22	11	7
817	32	28	31
818	119	114	76
819	591	402	386
820	749	611	540
821	12	13	6
822	18	20	9
823	37	50	15
824	1007	728	615
825	92	78	50
826	663	639	538
827	1735	1324	932
828	343	336	248
829	413	367	227
830	311	204	183
831	588	459	285
832	62	73	59
833	293	263	179
834	736	744	403
835	46	76	15
836	189	153	131
837	305	382	274
838	747	668	368
839	246	228	109
840	142	107	85
841	8	8	5
842	229	182	99
843	57	74	47
844	71	71	35
845	17	11	14
846	341	247	191
847	44	34	29
848	4816	4600	3874
849	35	52	46
850	329	287	185
851	28	18	16
852	44	30	18
853	40	52	58
854	4112	4133	3329
855	113	118	77
856	37	38	30
857	434	317	260
858	78	73	64
859	0	0	0
860	14	8	4
861	241	200	181
862	31	29	21
863	77	45	35
864	216	224	135
865	756	584	412
866	545	414	302
867	248	189	146
868	100	74	36
869	7	5	5
870	0	0	0
871	114	100	70
872	30	29	19
873	445	373	285
874	622	527	384
875	130	100	70
876	1	3	0
877	333	415	297
878	1	0	0
879	76	53	50
880	81	82	63
881	62	41	20
882	207	140	162
883	19	16	20
884	46	48	16
885	0	0	0
886	0	0	0
887	13	18	18
888	385	307	259
889	24	8	11
890	849	788	636
891	708	715	644
892	71	103	55
893	251	252	174
894	13	4	11
895	242	278	153
896	147	131	126
897	0	0	0
898	585	552	374
899	506	608	497
900	129	111	66
901	9	7	3
902	29	64	17
903	103	57	22
904	21	25	39
905	57	39	33
906	162	146	106
907	156	100	105
908	330	420	256
909	1	0	0
910	438	356	307
911	68	40	35
912	962	784	693
913	614	446	401
914	79	53	47
915	11	9	1
916	0	2	1
917	36	31	34
918	306	311	210
919	1	1	2
920	0	0	0
921	26	19	12
922	167	155	80
923	131	135	63
924	23	29	24
925	266	231	185
926	118	102	76
927	775	590	400
928	840	474	382
929	218	166	100
930	636	671	412
931	2	3	1
932	0	1	0
933	180	133	104
934	308	233	198
935	866	700	604
936	138	115	107
937	16	14	11
938	427	382	257
939	44	39	28
940	1	1	3
941	287	326	239
942	0	0	0
943	487	327	245
944	295	212	106
945	84	92	54
946	228	203	146
947	1258	894	666
948	1175	839	578
949	5	4	6
950	43	16	17
951	985	791	643
952	148	151	72
953	154	127	121
954	10	7	18
955	318	238	102
956	10	16	5
957	13	12	5
958	51	48	33
959	10	14	6
960	835	703	710
961	1305	1130	721
962	1019	829	519
963	893	880	767
964	39	49	18
965	40	41	20
966	136	116	74
967	0	0	1
968	1521	1242	815
969	890	857	625
970	147	126	86
971	133	142	118
972	1149	864	626
973	219	187	168
974	28	22	30
975	0	0	1
976	5	8	3
977	109	82	102
978	479	372	284
979	3	2	3
980	22	23	15
981	1	1	0
982	10	8	4
983	242	208	113
984	3726	3329	3116
985	186	146	98
986	334	205	237
987	1097	697	552
988	120	125	91
989	1982	1570	1425
990	964	782	721
991	46	34	28
992	71	63	47
993	29	14	15
994	140	106	74
995	58	63	52
996	19	10	7
997	96	43	34
998	149	135	96
999	37	38	35
1000	78	58	40
1001	971	1047	809
1002	52	47	34
1003	0	0	0
1004	302	253	219
1005	58	82	71
1006	3027	2672	2248
1007	1	0	0
1008	178	155	110
1009	555	474	458
1010	44	40	25
1011	97	82	52
1012	352	298	247
1013	70	29	23
1014	142	133	122
1015	154	120	103
1016	790	621	498
1017	121	127	87
1018	1113	893	642
1019	1	0	1
1020	242	193	124
1021	329	365	251
1022	178	123	107
1023	0	1	0
1024	149	169	100
1025	52	75	54
1026	46	59	43
1027	757	711	558
1028	92	92	55
1029	1818	1522	1106
1030	129	123	80
1031	21	24	23
1032	228	176	128
1033	225	203	200
1034	87	127	46
1035	88	82	63
1036	80	73	60
1037	42	32	53
1038	73	55	49
1039	154	134	107
1040	1010	1050	957
1041	403	303	186
1042	434	362	272
1043	9	18	9
1044	32	28	29
1045	35	37	26
1046	0	0	0
1047	105	80	48
1048	271	228	173
1049	6	3	2
1050	154	106	94
1051	810	692	440
1052	33	41	21
1053	257	231	166
1054	5	3	7
1055	421	325	253
1056	370	332	244
1057	192	175	117
1058	169	169	79
1059	3	1	1
1060	2456	2065	1792
1061	23	14	12
1062	1526	1311	1021
1063	125	95	68
1064	728	575	450
1065	324	309	284
1066	95	111	56
1067	277	266	237
1068	1	2	2
1069	71	52	42
1070	207	185	175
1071	229	191	127
1072	4	8	4
1073	626	533	504
1074	796	849	603
1075	44	41	18
1076	27	45	19
1077	34	22	21
1078	1373	1150	975
1079	35	31	40
1080	16	20	7
1081	4	1	2
1082	2	7	1
1083	48	53	33
1084	400	409	339
1085	264	292	290
1086	362	386	274
1087	11	16	1
1088	60	55	31
1089	5	10	13
1090	2	0	0
1091	18	17	18
1092	896	679	580
1093	291	201	135
1094	35	28	13
1095	216	162	117
1096	722	611	488
1097	18	16	14
1098	116	139	59
1099	466	316	255
1100	1616	1387	879
1101	667	631	597
1102	716	716	535
1103	93	85	58
1104	23	18	28
1105	714	605	323
1106	62	29	16
1107	1166	864	741
1108	563	486	362
1109	16	10	11
1110	19	10	7
1111	3	7	2
1112	622	484	292
1113	85	58	17
1114	79	53	30
1115	1	1	0
1116	127	84	86
1117	71	45	49
1118	0	0	0
1119	1919	1427	1340
1120	6	10	10
1121	13	12	7
1122	34	28	24
1123	1	2	0
1124	59	48	27
1125	20	12	6
1126	294	225	175
1127	58	48	38
1128	2	3	1
1129	4	8	6
1130	89	176	75
1131	36	33	23
1132	98	69	66
1133	42	45	24
1134	133	102	90
1135	284	254	221
1136	120	71	46
1137	2795	2261	1623
1138	73	55	34
1139	117	112	63
1140	684	468	389
1141	10	11	12
1142	23	14	7
1143	243	206	153
1144	158	126	90
1145	372	317	256
1146	1	2	0
1147	268	236	192
1148	344	270	240
1149	1607	1449	1207
1150	24	11	19
1151	527	409	337
1152	1603	1628	1537
1153	101	68	29
1154	828	658	443
1155	348	297	184
1156	15	13	12
1157	2036	1944	1626
1158	2	6	4
1159	7	16	7
1160	876	693	664
1161	205	176	134
1162	358	279	138
1163	330	268	161
1164	61	60	58
1165	478	295	269
1166	0	1	0
1167	16	11	10
1168	235	248	161
1169	14	11	6
1170	624	540	459
1171	121	72	52
1172	3570	2716	2436
1173	31	38	30
1174	14	20	21
1175	6	4	7
1176	799	451	390
1177	103	70	51
1178	191	201	140
1179	2	5	0
1180	13	20	10
1181	320	259	152
1182	0	0	0
1183	297	261	187
1184	401	277	181
1185	20	28	12
1186	971	713	540
1187	5772	4969	4468
1188	181	137	163
1189	37	42	23
1190	2	11	3
1191	40	38	36
1192	114	64	63
1193	386	254	215
1194	36	38	15
1195	56	43	28
1196	64	101	51
1197	1	0	1
1198	38	23	25
1199	57	113	37
1200	1	4	1
1201	17	14	17
1202	6	4	5
1203	0	1	0
1204	169	127	98
1205	1288	1058	765
1206	685	569	537
1207	1046	805	543
1208	49	59	37
1209	829	707	450
1210	719	694	521
1211	626	529	389
1212	62	95	42
1213	0	0	0
1214	0	1	0
1215	1366	972	750
1216	273	275	217
1217	111	104	72
1218	3144	2410	1927
1219	4	8	5
1220	236	253	117
1221	2	0	1
1222	51	54	41
1223	48	31	32
1224	410	317	248
1225	96	95	65
1226	278	228	228
1227	464	446	397
1228	40	23	7
1229	95	97	81
1230	1	1	0
1231	2476	2171	1892
1232	147	86	63
1233	166	185	142
1234	145	164	169
1235	878	758	541
1236	22	24	23
1237	98	77	68
1238	90	49	45
1239	35	29	22
1240	192	185	107
1241	17	18	13
1242	2168	1952	1740
1243	8	16	2
1244	0	0	0
1245	2	5	1
1246	31	12	10
1247	1012	1063	752
1248	29	28	16
1249	228	216	123
1250	178	167	74
1251	353	338	184
1252	156	138	105
1253	114	75	40
1254	44	26	16
1255	541	455	317
1256	4	1	6
1257	39	25	24
1258	98	81	45
1259	7053	6357	6104
1260	208	230	179
1261	81	73	56
1262	138	118	92
1263	85	80	50
1264	100	137	82
1265	1718	1643	1590
1266	1259	958	699
1267	82	63	75
1268	19	23	20
1269	1989	1545	1197
1270	34	29	15
1271	70	51	53
1272	17	13	10
1273	169	123	117
1274	50	45	18
1275	1008	917	781
1276	28	31	27
1277	0	1	2
1278	1941	1456	940
1279	37	20	14
1280	547	515	421
1281	467	426	221
1282	1	2	0
1283	495	535	448
1284	11	12	7
1285	192	168	101
1286	121	113	97
1287	138	142	111
1288	760	588	522
1289	651	462	280
1290	27	39	29
1291	11	6	9
1292	67	51	44
1293	460	388	241
1294	20	22	30
1295	9	7	2
1296	189	200	86
1297	0	0	0
1298	0	0	3
1299	13	16	5
1300	268	238	175
1301	308	302	240
1302	272	305	208
1303	249	224	210
1304	153	134	89
1305	105	128	68
1306	421	512	438
1307	80	64	44
1308	43	55	38
1309	1714	1313	1120
1310	287	364	180
1311	274	181	189
1312	140	140	141
1313	16	8	1
1314	299	225	188
1315	80	83	50
1316	1240	1021	797
1317	86	121	108
1318	248	232	217
1319	669	487	467
1320	380	357	227
1321	1626	1682	1464
1322	16	41	24
1323	2575	2793	2410
1324	3164	2773	2515
1325	273	254	165
1326	93	92	67
1327	89	86	54
1328	85	76	53
1329	3116	2629	2174
1330	382	378	305
1331	1136	857	730
1332	61	48	24
1333	89	66	57
1334	125	117	86
1335	62	98	83
1336	185	192	123
1337	134	106	96
1338	131	130	116
1339	92	101	88
1340	320	279	309
1341	427	370	275
1342	160	122	108
1343	41	29	26
1344	186	167	164
1345	1805	1752	1505
1346	108	161	132
1347	38	61	59
1348	18	12	10
1349	0	0	0
1350	1	0	1
1351	19	14	8
1352	180	125	125
1353	14	15	15
1354	195	130	108
1355	0	0	0
1356	472	466	397
1357	1293	1227	823
1358	24	23	21
1359	48	60	34
1360	31	27	21
1361	55	39	43
1362	399	304	246
1363	780	762	509
1364	29	40	23
1365	90	57	44
1366	54	69	45
1367	15	5	7
1368	587	354	347
1369	161	148	146
1370	166	135	120
1371	565	469	355
1372	84	70	60
1373	49	55	48
1374	569	540	441
1375	1307	1148	1112
1376	28	41	26
1377	35	28	16
1378	441	353	239
1379	1131	1101	752
1380	0	0	0
1381	41	32	26
1382	640	412	321
1383	162	173	143
1384	257	219	165
1385	221	257	166
1386	272	177	185
1387	783	601	467
1388	84	98	44
1389	366	328	247
1390	528	487	393
1391	93	82	67
1392	1669	1152	975
1393	24	23	15
1394	182	160	108
1395	0	0	0
1396	567	420	353
1397	3	4	2
1398	823	670	605
1399	100	110	70
1400	66	52	31
1401	91	121	74
1402	247	232	140
1403	1	0	0
1404	0	0	0
1405	143	131	95
1406	261	214	169
1407	123	123	64
1408	257	228	130
1409	68	84	34
1410	23	19	20
1411	34	47	30
1412	6	11	6
1413	364	342	173
1414	0	0	0
1415	9	14	4
1416	14	16	15
1417	471	369	328
1418	1525	1667	939
1419	155	132	72
1420	314	251	210
1421	859	578	419
1422	0	2	1
1423	264	327	275
1424	115	135	91
1425	34	56	46
1426	19	11	9
1427	18	25	16
1428	10	7	4
1429	50	60	39
1430	1043	841	614
1431	223	206	129
1432	242	221	164
1433	0	0	0
1434	52	57	30
1435	116	109	70
1436	1	1	2
1437	0	0	0
1438	1	0	0
1439	0	0	0
1440	421	254	239
1441	21	16	22
1442	34	28	23
1443	139	134	69
1444	497	416	284
1445	3911	3673	3200
1446	337	329	240
1447	584	534	421
1448	129	137	95
1449	1	3	1
1450	0	0	0
1451	0	3	3
1452	91	75	54
1453	50	78	42
1454	328	241	226
1455	956	967	688
1456	227	209	157
1457	0	0	0
1458	625	398	351
1459	24	22	23
1460	177	144	89
1461	8	10	13
1462	52	38	39
1463	958	804	706
1464	160	153	88
1465	296	250	212
1466	12	15	16
1467	112	87	98
1468	87	68	59
1469	104	83	48
1470	115	128	91
1471	199	173	133
1472	412	305	228
1473	83	88	70
1474	38	26	16
1475	241	214	191
1476	163	191	109
1477	331	230	176
1478	2296	1788	1488
1479	115	100	55
1480	425	409	295
1481	398	311	228
1482	444	362	252
1483	469	373	223
1484	91	99	100
1485	19	18	13
1486	5	6	2
1487	0	0	0
1488	493	433	308
1489	2445	2460	1992
1490	76	68	37
1491	0	0	0
1492	52	57	55
1493	92	89	53
1494	204	170	132
1495	10	12	11
1496	896	658	598
1497	175	195	159
1498	7	1	1
1499	69	77	63
1500	91	111	60
1501	630	528	437
1502	1026	985	861
1503	139	151	89
1504	55	51	35
1505	1214	1051	968
1506	0	0	1
1507	3	1	0
1508	270	249	190
1509	778	661	474
1510	50	38	33
1511	319	178	122
1512	7	6	4
1513	149	173	86
1514	131	100	56
1515	223	213	144
1516	141	84	62
1517	53	59	21
1518	786	755	594
1519	0	0	1
1520	291	251	104
1521	95	58	66
1522	165	134	104
1523	448	389	300
1524	5	8	5
1525	15	12	7
1526	16	10	8
1527	277	255	206
1528	506	452	268
1529	17	22	13
1530	1320	1106	754
1531	751	664	379
1532	58	56	29
1533	186	177	115
1534	150	143	69
1535	928	853	728
1536	203	157	154
1537	25	22	20
1538	262	269	148
1539	469	413	287
1540	778	619	404
1541	421	249	178
1542	4	2	1
1543	0	1	0
1544	307	277	165
1545	3446	2768	2240
1546	2	3	2
1547	150	151	68
1548	0	0	1
1549	0	0	0
1550	471	477	432
1551	1501	1122	908
1552	339	311	161
1553	67	66	44
1554	119	105	66
1555	121	117	67
1556	479	409	247
1557	5	2	2
1558	1	1	0
1559	246	162	104
1560	761	511	432
1561	257	263	199
1562	209	138	98
1563	313	212	185
1564	11	6	8
1565	346	265	188
1566	860	750	487
1567	132	130	137
1568	0	0	0
1569	360	285	209
1570	265	259	180
1571	5	6	4
1572	764	725	600
1573	637	656	484
1574	13	13	14
1575	54	33	34
1576	56	59	36
1577	291	267	182
1578	38	39	32
1579	136	121	77
1580	763	651	574
1581	136	135	143
1582	0	0	0
1583	220	176	167
1584	2144	1581	1386
1585	63	70	54
1586	75	88	41
1587	0	0	0
1588	2861	2505	2161
1589	4	3	3
1590	0	0	1
1591	12	10	9
1592	412	444	292
1593	5	5	9
1594	41	41	15
1595	134	124	101
1596	19	19	11
1597	82	94	58
1598	109	89	46
1599	4	4	3
1600	117	82	65
1601	138	149	126
1602	70	63	50
1603	464	320	248
1604	765	595	500
1605	295	267	194
1606	79	69	43
1607	7	9	3
1608	1450	1127	965
1609	870	717	719
1610	6	4	2
1611	0	0	0
1612	29	61	22
1613	53	46	45
1614	18	24	5
1615	247	285	202
1616	108	93	76
1617	0	1	0
1618	2654	2263	1809
1619	346	244	206
1620	78	57	66
1621	772	535	363
1622	8	12	19
1623	0	0	1
1624	54	68	31
1625	1580	1311	1138
1626	72	70	55
1627	0	0	0
1628	24	16	12
1629	2276	1890	1445
1630	73	62	35
1631	276	338	284
1632	254	208	202
1633	369	386	281
1634	369	305	186
1635	285	226	202
1636	4	6	4
1637	263	159	189
1638	386	321	268
1639	21	14	12
1640	133	148	131
1641	473	440	312
1642	3712	3737	3501
1643	62	51	32
1644	43	63	33
1645	42	26	18
1646	649	541	472
1647	25	18	19
1648	383	379	284
1649	13	13	7
1650	8635	9174	7914
1651	172	117	79
1652	5	9	4
1653	1106	847	553
1654	180	127	79
1655	1344	1145	833
1656	35	27	19
1657	284	214	128
1658	1012	1038	968
1659	389	319	283
1660	19	23	11
1661	124	101	82
1662	696	431	387
1663	171	149	153
1664	102	92	71
1665	120	98	69
1666	0	0	0
1667	265	252	193
1668	12	17	10
1669	1323	1170	1035
1670	1069	827	586
1671	69	82	50
1672	331	224	190
1673	104	72	51
1674	162	148	78
1675	19	21	9
1676	216	178	89
1677	1086	936	684
1678	477	433	300
1679	85	47	34
1680	1148	854	707
1681	1535	1170	866
1682	390	273	225
1683	1263	1355	1028
1684	707	465	448
1685	335	333	258
1686	34	37	20
1687	45	47	32
1688	56	70	52
1689	3	0	1
1690	57	58	37
1691	2	0	1
1692	3	9	6
1693	0	3	3
1694	3	2	1
1695	35	25	14
1696	69	27	24
1697	1	1	0
1698	0	4	5
1699	48	62	45
1700	1588	1165	857
1701	219	186	134
1702	1311	1265	731
1703	27	41	41
1704	1444	1091	834
1705	697	696	614
1706	980	1097	936
1707	412	326	345
1708	32	40	30
1709	162	158	145
1710	15	14	10
1711	7	8	10
1712	1294	973	740
1713	326	233	144
1714	165	134	81
1715	551	363	222
1716	178	144	130
1717	375	379	274
1718	1647	1711	1461
1719	177	165	79
1720	93	91	62
1721	308	297	220
1722	0	0	0
1723	42	39	21
1724	131	124	77
1725	245	225	157
1726	62	65	69
1727	523	484	405
1728	903	956	621
1729	3377	2638	2318
1730	1	0	0
1731	215	172	113
1732	10	14	6
1733	850	625	441
1734	610	452	322
1735	747	575	568
1736	24	20	8
1737	107	78	48
1738	273	262	213
1739	231	198	145
1740	253	273	213
1741	966	821	638
1742	1	1	0
1743	116	97	74
1744	95	98	78
1745	316	252	154
1746	858	593	396
1747	159	135	55
1748	49	46	28
1749	154	155	107
1750	130	133	88
1751	667	494	293
1752	596	604	543
1753	430	350	258
1754	65	69	46
1755	10	12	5
1756	438	366	212
1757	626	465	333
1758	97	50	49
1759	230	199	179
1760	8	9	11
1761	288	280	250
1762	28	36	31
1763	20	20	14
1764	0	0	0
1765	2	2	1
1766	4	6	0
1767	143	119	73
1768	0	1	0
1769	4	4	2
1770	1526	1218	833
1771	2378	2276	1938
1772	124	97	61
1773	78	71	39
1774	426	276	224
1775	43	50	26
1776	764	824	627
1777	61	60	37
1778	1041	879	647
1779	623	614	528
1780	345	296	279
1781	1011	924	785
1782	4760	4108	3581
1783	126	124	64
1784	780	631	506
1785	629	572	275
1786	0	0	0
1787	1349	1306	866
1788	789	629	370
1789	278	233	130
1790	74	95	46
1791	63	52	55
1792	53	37	33
1793	10	4	5
1794	27	29	14
1795	336	250	191
1796	890	694	463
1797	4399	3066	2757
1798	129	130	103
1799	54	53	36
1800	6	5	0
1801	84	96	55
1802	24	22	16
1803	2116	1750	1222
1804	82	49	37
1805	3722	3131	2652
1806	178	158	113
1807	1255	791	593
1808	78	54	44
1809	749	650	493
1810	146	127	72
1811	7	3	2
1812	159	147	75
1813	40	29	14
1814	115	102	75
1815	88	76	66
1816	38	65	40
1817	93	104	29
1818	73	80	66
1819	32	32	36
1820	5	10	6
1821	16	10	10
1822	621	506	421
1823	822	685	633
1824	521	362	293
1825	37	31	16
1826	150	126	109
1827	201	158	152
1828	269	379	204
1829	49	66	60
1830	3	6	3
1831	51	49	35
1832	197	126	94
1833	11	19	14
1834	260	227	144
1835	526	404	273
1836	91	102	71
1837	509	433	291
1838	231	174	125
1839	112	95	58
1840	50	44	42
1841	399	296	243
1842	310	209	219
1843	849	562	466
1844	169	135	87
1845	108	115	35
1846	29	24	46
1847	888	616	571
1848	432	392	229
1849	3	4	2
1850	38	24	16
1851	987	848	734
1852	262	232	166
1853	110	105	75
1854	5977	6119	5623
1855	120	117	93
1856	15	11	13
1857	12	12	4
1858	183	161	129
1859	35	35	21
1860	13	13	8
1861	1158	928	791
1862	164	140	81
1863	60	55	60
1864	113	98	80
1865	59	56	37
1866	864	669	521
1867	48	32	23
1868	1050	1090	872
1869	25	27	17
1870	2263	1594	1294
1871	287	259	194
1872	368	413	396
1873	169	107	76
1874	545	473	316
1875	737	720	438
1876	1835	1848	1564
1877	488	483	409
1878	367	281	185
1879	187	172	108
1880	249	180	126
1881	623	499	332
1882	525	640	497
1883	145	133	134
1884	60	66	54
1885	560	505	403
1886	1107	875	618
1887	82	78	48
1888	80	63	49
1889	21	18	13
1890	18	14	12
1891	68	61	33
1892	43	27	23
1893	11	7	7
1894	493	412	366
1895	0	0	0
1896	309	300	208
1897	721	651	483
1898	36	24	19
1899	83	63	29
1900	26	34	28
1901	3	8	2
1902	60	36	28
1903	42	26	15
1904	0	4	2
1905	51	45	35
1906	439	368	246
1907	105	86	70
1908	283	267	146
1909	4	6	6
1910	24	13	15
1911	124	114	93
1912	363	273	204
1913	462	415	400
1914	297	274	244
1915	10	5	7
1916	70	61	34
1917	2	1	1
1918	1185	1086	823
1919	15	15	11
1920	177	186	134
1921	0	0	0
1922	653	546	422
1923	550	427	288
1924	121	116	85
1925	136	126	63
1926	499	396	319
1927	85	67	50
1928	304	251	200
1929	44	43	26
1930	1	4	7
1931	45	35	26
1932	176	192	121
1933	41	43	48
1934	237	206	198
1935	516	394	254
1936	55	37	35
1937	5	8	5
1938	0	0	0
1939	959	771	610
1940	11	7	7
1941	531	605	523
1942	1172	967	675
1943	98	124	54
1944	34	20	48
1945	80	69	46
1946	25	21	20
1947	59	83	33
1948	74	52	37
1949	102	76	42
1950	22	26	10
1951	26	19	11
1952	301	298	200
1953	9	6	3
1954	247	173	197
1955	50	73	61
1956	2473	1774	1275
1957	0	0	0
1958	242	246	93
1959	0	0	0
1960	1505	1139	1040
1961	202	140	130
1962	272	185	127
1963	183	113	82
1964	53	46	26
1965	220	293	90
1966	36	35	31
1967	3	6	4
1968	19	17	24
1969	627	690	556
1970	667	504	347
1971	22	8	11
1972	13	6	7
1973	72	85	53
1974	146	120	64
1975	7	6	3
1976	75	48	53
1977	506	531	399
1978	564	625	349
1979	560	485	274
1980	3	0	0
1981	109	96	68
1982	579	413	284
1983	54	52	45
1984	156	138	122
1985	58	56	45
1986	73	66	56
1987	26	27	22
1988	4	9	0
1989	304	226	149
1990	69	63	51
1991	51	56	44
1992	1970	1891	1856
1993	0	0	1
1994	1	1	1
1995	287	300	229
1996	468	424	335
1997	129	100	69
1998	300	222	169
1999	225	162	149
2000	707	514	379
2001	29	39	39
2002	86	73	45
2003	172	221	116
2004	480	333	282
2005	168	161	103
2006	88	62	53
2007	1084	807	609
2008	121	128	92
2009	368	300	184
2010	306	240	166
2011	9	10	3
2012	500	440	295
2013	57	94	55
2014	1042	1034	762
2015	58	69	45
2016	94	98	65
2017	5	2	5
2018	0	3	0
2019	68	76	72
2020	79	83	56
2021	13	5	4
2022	81	106	54
2023	13	16	7
2024	251	211	179
2025	132	166	132
2026	1119	1055	815
2027	116	114	82
2028	530	419	308
2029	543	385	299
2030	104	101	89
2031	1399	1259	1103
2032	660	536	445
2033	43	43	20
2034	41	48	27
2035	341	331	304
2036	286	222	150
2037	113	97	69
2038	99	63	54
2039	1159	1003	585
2040	288	272	221
2041	456	400	302
2042	631	540	456
2043	227	196	126
2044	37	46	43
2045	57	48	45
2046	2	1	2
2047	110	107	55
2048	284	277	226
2049	2089	1643	1195
2050	1355	1230	1035
2051	78	74	53
2052	146	217	107
2053	359	270	210
2054	863	752	625
2055	0	0	0
2056	257	198	216
2057	544	459	366
2058	311	289	234
2059	244	153	118
2060	857	840	559
2061	104	88	54
2062	30	33	23
2063	2	26	1
2064	0	0	0
2065	105	70	65
2066	99	78	67
2067	2765	2474	1893
2068	19	22	15
2069	14	6	9
2070	1	6	0
2071	0	0	5
2072	22	39	25
2073	158	145	104
2074	54	49	38
2075	509	304	245
2076	0	2	0
2077	120	81	57
2078	1	0	0
2079	80	65	42
2080	139	105	80
2081	1360	1131	849
2082	12	5	11
2083	18	10	12
2084	833	625	491
2085	93	67	52
2086	92	74	63
2087	578	376	321
2088	24	20	10
2089	551	518	392
2090	2078	1995	1764
2091	320	294	178
2092	1	1	0
2093	787	862	669
2094	9	7	14
2095	7	16	6
2096	33	40	18
2097	84	97	73
2098	0	0	0
2099	159	129	103
2100	134	177	103
2101	599	497	444
2102	294	320	267
2103	160	119	101
2104	0	0	0
2105	10	12	10
2106	1	3	2
2107	534	403	308
2108	67	59	47
2109	14	16	9
2110	0	0	0
2111	823	847	810
2112	0	0	0
2113	131	152	93
2114	144	117	81
2115	3037	2868	2284
2116	154	228	132
2117	119	93	46
2118	35	32	22
2119	1	1	1
2120	0	0	0
2121	1	0	0
2122	1105	1107	1011
2123	280	248	209
2124	471	446	315
2125	0	0	0
2126	56	65	37
2127	0	0	0
2128	1114	759	579
2129	2	2	5
2130	19	19	15
2131	780	613	396
2132	118	86	65
2133	2250	1736	1430
2134	7	9	1
2135	0	0	0
2136	184	115	91
2137	261	135	127
2138	315	229	152
2139	470	393	306
2140	73	63	58
2141	0	1	0
2142	2713	2398	2127
2143	164	173	66
2144	239	229	162
2145	258	191	147
2146	1641	1425	1077
2147	13	5	10
2148	738	707	480
2149	31	30	17
2150	163	129	111
2151	86	53	53
2152	4	3	4
2153	33	52	38
2154	492	489	224
2155	967	821	586
2156	1266	873	607
2157	55	64	48
2158	0	0	0
2159	5010	4939	4398
2160	20	29	13
2161	223	191	200
2162	367	358	202
2163	69	51	31
2164	145	160	147
2165	2	0	0
2166	46	37	18
2167	20	25	14
2168	123	174	109
2169	3930	3040	2401
2170	492	429	240
2171	1	0	0
2172	0	1	2
2173	28	54	18
2174	151	146	63
2175	766	577	416
2176	52	53	39
2177	91	98	54
2178	15	8	1
2179	99	110	67
2180	8	10	7
2181	72	108	74
2182	44	68	58
2183	5	7	3
2184	86	80	62
2185	578	434	352
2186	46	24	20
2187	1668	1500	1444
2188	116	103	52
2189	596	478	372
2190	41	29	33
2191	0	0	0
2192	176	143	101
2193	0	0	3
2194	0	9	5
2195	207	144	133
2196	128	106	60
2197	51	44	36
2198	328	281	175
2199	38	52	36
2200	0	0	1
2201	941	909	865
2202	40	24	29
2203	65	41	37
2204	4	5	5
2205	306	234	169
2206	27	35	16
2207	19	22	13
2208	225	143	151
2209	10	7	4
2210	2660	2250	1752
2211	0	0	0
2212	0	0	0
2213	32	26	29
2214	126	85	57
2215	155	142	83
2216	113	122	74
2217	77	79	84
2218	64	58	33
2219	153	122	83
2220	1465	1585	1268
2221	645	637	330
2222	74	80	49
2223	51	58	20
2224	39	36	23
2225	46	40	27
2226	234	241	159
2227	147	130	75
2228	36	48	38
2229	93	53	66
2230	170	136	106
2231	71	74	56
2232	17	15	10
2233	15	13	9
2234	133	151	65
2235	169	114	96
2236	2	1	1
2237	164	134	108
2238	778	780	578
2239	241	224	122
2240	119	115	58
2241	366	405	240
2242	193	127	98
2243	9	4	5
2244	1641	1465	1133
2245	909	1004	740
2246	107	80	69
2247	335	343	326
2248	521	458	381
2249	45	49	40
2250	77	93	58
2251	43	60	44
2252	200	148	94
2253	0	0	0
2254	7	15	10
2255	33	33	25
2256	113	123	105
2257	63	63	34
2258	0	1	0
2259	67	86	64
2260	339	309	268
2261	9	10	6
2262	10	9	2
2263	281	230	114
2264	73	45	25
2265	11	11	4
2266	318	292	218
2267	328	479	262
2268	652	739	473
2269	254	257	146
2270	180	136	88
2271	151	154	122
2272	1582	1366	974
2273	5	4	1
2274	95	104	85
2275	6	11	12
2276	125	145	115
2277	2551	1998	1681
2278	57	53	27
2279	1	0	1
2280	213	183	129
2281	443	368	267
2282	133	115	68
2283	578	485	333
2284	218	141	143
2285	25	13	50
2286	70	71	63
2287	0	0	0
2288	25	33	33
2289	34	32	13
2290	1	1	1
2291	515	503	244
2292	275	246	131
2293	459	520	271
2294	272	250	175
2295	121	82	62
2296	754	714	609
2297	697	543	432
2298	162	126	86
2299	584	470	326
2300	410	329	247
2301	761	853	698
2302	21	13	8
2303	44	20	21
2304	1	0	1
2305	10	12	8
2306	189	156	126
2307	246	300	211
2308	593	455	285
2309	6	5	4
2310	108	75	55
2311	817	817	545
2312	21	18	6
2313	157	169	129
2314	131	137	112
2315	388	389	312
2316	814	525	511
2317	70	64	40
2318	2775	2782	2367
2319	420	426	306
2320	997	716	551
2321	26	24	18
2322	428	428	335
2323	34	24	23
2324	96	78	72
2325	1955	1819	1689
2326	13	29	15
2327	123	108	87
2328	1	9	5
2329	557	491	336
2330	188	188	104
2331	1165	957	585
2332	490	445	379
2333	206	145	111
2334	1080	1082	719
2335	89	64	46
2336	0	0	0
2337	96	87	80
2338	282	261	171
2339	144	129	92
2340	23	32	15
2341	2	1	2
2342	53	49	28
2343	54	57	55
2344	111	128	97
2345	3	2	3
2346	24	24	26
2347	1032	809	640
2348	132	115	90
2349	334	350	247
2350	399	448	525
2351	699	731	754
2352	72	65	32
2353	6	0	2
2354	2238	2171	1847
2355	320	408	323
2356	828	783	612
2357	1	3	1
2358	904	835	719
2359	0	0	0
2360	0	0	0
2361	43	59	52
2362	96	77	75
2363	17	8	10
2364	11	15	8
2365	72	110	88
2366	3	1	1
2367	5	5	3
2368	1	0	0
2369	635	541	528
2370	1879	1565	1230
2371	554	468	349
2372	738	640	556
2373	377	298	207
2374	343	317	277
2375	41	60	25
2376	31	20	19
2377	3609	3435	3121
2378	207	173	130
2379	295	339	231
2380	153	100	70
2381	83	109	134
2382	145	300	161
2383	137	121	88
2384	4	10	6
2385	65	58	53
2386	0	0	0
2387	614	524	374
2388	6	5	6
2389	6	8	3
2390	1057	920	551
2391	437	412	311
2392	482	407	256
2393	95	105	78
2394	550	542	457
2395	11	10	8
2396	39	33	23
2397	19	28	9
2398	142	88	67
2399	100	89	53
2400	3039	2831	2626
2401	172	131	80
2402	775	730	689
2403	13	23	19
2404	8	7	2
2405	8	4	6
2406	48	38	37
2407	56	62	34
2408	195	141	107
2409	133	87	73
2410	11	8	9
2411	114	75	69
2412	132	88	40
2413	1076	840	607
2414	248	265	252
2415	91	60	42
2416	253	242	146
2417	4816	4785	4220
2418	149	171	123
2419	81	57	59
2420	143	111	82
2421	419	302	229
2422	85	55	24
2423	248	207	152
2424	286	207	176
2425	110	100	56
2426	283	261	190
2427	240	236	144
2428	105	109	60
2429	2470	2184	1939
2430	211	212	152
2431	808	782	626
2432	61	46	50
2433	38	41	20
2434	112	75	64
2435	0	2	0
2436	55	52	22
2437	345	296	197
2438	54	37	15
2439	45	33	30
2440	340	242	205
2441	0	0	0
2442	1811	1468	1065
2443	102	68	85
2444	306	253	174
2445	25	22	17
2446	7	9	8
2447	1	8	2
2448	80	43	45
2449	706	643	431
2450	357	297	203
2451	11	16	5
2452	25	23	16
2453	36	25	12
2454	11	6	9
2455	141	130	121
2456	9	6	7
2457	493	535	377
2458	447	368	249
2459	771	619	416
2460	942	752	471
2461	565	410	295
2462	360	296	168
2463	31	24	27
2464	0	0	0
2465	481	422	239
2466	73	154	102
2467	37	42	45
2468	47	33	60
2469	189	133	117
2470	190	174	87
2471	516	440	307
2472	5	6	3
2473	525	433	357
2474	107	114	122
2475	0	1	1
2476	596	512	410
2477	123	100	72
2478	118	95	89
2479	17	10	10
2480	188	204	95
2481	18	18	36
2482	793	609	509
2483	88	100	42
2484	4	7	3
2485	70	58	55
2486	1024	945	799
2487	873	709	541
2488	181	135	102
2489	508	453	329
2490	291	249	199
2491	572	551	514
2492	65	77	67
2493	235	178	139
2494	51	52	32
2495	37	37	29
2496	203	184	118
2497	132	99	99
2498	755	540	507
2499	15	13	21
2500	131	134	121
2501	3	0	1
2502	11	10	18
2503	36	63	40
2504	184	184	140
2505	475	441	251
2506	284	277	218
2507	366	254	211
2508	674	561	524
2509	27	28	25
2510	0	0	0
2511	277	208	166
2512	884	737	525
2513	198	141	111
2514	20	35	17
2515	410	290	258
2516	772	557	501
2517	484	501	384
2518	105	96	80
2519	88	77	52
2520	346	264	240
2521	670	679	547
2522	16	11	8
2523	2056	1806	1237
2524	139	111	77
2525	41	60	31
2526	3	1	1
2527	70	57	76
2528	1109	954	830
2529	84	51	27
2530	1	2	3
2531	56	57	39
2532	1299	1163	1039
2533	1021	840	761
2534	0	0	0
2535	455	341	300
2536	124	96	57
2537	540	448	319
2538	0	0	1
2539	1	0	0
2540	28	40	32
2541	41	38	38
2542	70	81	40
2543	1287	1261	1054
2544	110	140	96
2545	197	150	95
2546	51	39	21
2547	378	393	220
2548	1667	1308	1217
2549	96	86	72
2550	286	231	225
2551	2004	1945	1630
2552	0	0	0
2553	94	74	73
2554	155	156	72
2555	750	652	460
2556	107	97	58
2557	1	0	0
2558	782	689	538
2559	0	3	0
2560	604	561	346
2561	570	436	247
2562	20	22	26
2563	699	592	341
2564	281	219	165
2565	9	19	5
2566	9	13	3
2567	1581	1337	1071
2568	1	2	0
2569	273	292	209
2570	108	110	73
2571	594	731	451
2572	1323	1231	898
2573	158	152	117
2574	45	37	8
2575	5	9	2
2576	17	13	13
2577	1792	1662	1565
2578	561	566	395
2579	2175	1737	1395
2580	334	324	141
2581	5	5	3
2582	9	39	14
2583	81	81	40
2584	79	47	39
2585	151	115	59
2586	4	1	3
2587	44	36	26
2588	927	680	535
2589	166	148	117
2590	47	36	54
2591	61	83	29
2592	55	45	43
2593	191	225	188
2594	4	0	6
2595	163	171	108
2596	255	210	136
2597	23	27	14
2598	199	171	127
2599	45	47	15
2600	17	9	9
2601	0	0	0
2602	430	385	246
2603	44	44	31
2604	825	818	713
2605	5	2	1
2606	0	0	0
2607	7	7	7
2608	129	79	53
2609	608	586	393
2610	100	62	44
2611	5	4	5
2612	52	46	37
2613	8	7	4
2614	30	16	19
2615	11	6	9
2616	63	55	28
2617	12	14	17
2618	257	257	148
2619	0	3	0
2620	145	147	139
2621	654	482	399
2622	681	633	470
2623	51	31	29
2624	4	4	1
2625	0	0	0
2626	0	0	0
2627	30	36	20
2628	0	0	0
2629	160	183	110
2630	390	333	279
2631	7	15	14
2632	9	11	16
2633	61	64	39
2634	63	62	19
2635	121	84	64
2636	406	355	210
2637	16	18	12
2638	12	9	6
2639	38	32	41
2640	0	0	0
2641	634	607	405
2642	32	51	23
2643	495	420	305
2644	78	83	74
2645	57	54	33
2646	33	46	16
2647	7	10	5
2648	92	71	41
2649	457	422	288
2650	884	782	573
2651	207	241	146
2652	179	223	160
2653	87	59	39
2654	273	221	220
2655	36	22	17
2656	40	63	59
2657	542	438	324
2658	385	312	240
2659	191	236	156
2660	159	146	59
2661	28	11	9
2662	220	173	120
2663	106	91	60
2664	277	329	251
2665	1630	1515	1200
2666	98	156	57
2667	118	113	63
2668	32	37	19
2669	3	5	1
2670	86	104	63
2671	66	64	32
2672	100	113	71
2673	15	25	12
2674	262	225	152
2675	220	220	131
2676	5	2	3
2677	56	37	28
2678	70	68	56
2679	259	242	145
2680	0	0	0
2681	1	0	0
2682	115	100	69
2683	0	0	0
2684	7	2	3
2685	0	0	0
2686	0	0	0
2687	1	7	5
2688	145	175	113
2689	175	187	103
2690	668	580	377
2691	174	153	104
2692	4	4	3
2693	137	151	108
2694	15	18	18
2695	592	572	416
2696	18	22	23
2697	97	73	72
2698	139	137	85
2699	939	756	491
2700	0	0	0
2701	65	88	49
2702	857	738	503
2703	104	103	65
2704	105	71	48
2705	79	94	60
2706	89	100	79
2707	239	151	119
2708	26	32	30
2709	307	331	222
2710	145	171	99
2711	548	390	295
2712	244	191	123
2713	585	544	408
2714	66	56	54
2715	376	266	280
2716	0	0	1
2717	6	10	6
2718	4	6	3
2719	37	19	19
2720	109	71	61
2721	0	0	0
2722	5501	5638	5192
2723	864	774	610
2724	1214	1330	1113
2725	934	1026	958
2726	4	4	6
2727	685	542	366
2728	92	84	64
2729	641	609	463
2730	655	530	465
2731	1	0	0
2732	14	14	15
2733	94	94	56
2734	2	2	1
2735	5	6	4
2736	4	6	5
2737	223	162	126
2738	217	177	130
2739	59	66	42
2740	272	205	118
2741	62	72	55
2742	511	487	307
2743	717	577	427
2744	0	0	0
2745	58	61	49
2746	31	28	14
2747	53	49	54
2748	3	7	1
2749	377	325	178
2750	147	139	101
2751	8	15	17
2752	58	54	32
2753	102	68	71
2754	215	212	157
2755	284	232	190
2756	691	679	542
2757	1	0	0
2758	0	0	1
2759	106	114	80
2760	488	471	345
2761	266	173	139
2762	162	116	115
2763	1945	1686	1482
2764	146	157	96
2765	454	343	244
2766	36	42	36
2767	57	44	34
2768	1719	1345	1047
2769	3465	2431	2056
2770	0	0	1
2771	142	140	68
2772	703	611	457
2773	14	14	4
2774	105	90	74
2775	23	32	13
2776	252	229	168
2777	29	18	15
2778	7	6	5
2779	1615	1555	1307
2780	1017	1180	1037
2781	291	227	161
2782	119	68	61
2783	4	4	4
2784	51	40	37
2785	2	1	2
2786	71	36	33
2787	52	42	35
2788	410	352	278
2789	215	202	114
2790	63	79	61
2791	106	80	67
2792	129	111	63
2793	1700	1882	1655
2794	717	739	613
2795	6590	6640	5563
2796	2	0	1
2797	1171	1160	872
2798	0	0	0
2799	260	207	199
2800	113	110	69
2801	552	447	333
2802	75	104	47
2803	714	492	299
2804	223	140	105
2805	43	51	29
2806	310	263	219
2807	2091	1986	1886
2808	885	666	549
2809	1705	1528	1267
2810	128	117	119
2811	475	313	250
2812	70	33	29
2813	74	62	51
2814	130	115	83
2815	1	0	0
2816	24	16	8
2817	39	24	20
2818	3	0	1
2819	135	100	110
2820	1093	1199	971
2821	252	221	125
2822	302	292	202
2823	1	2	0
2824	131	110	100
2825	459	467	421
2826	740	466	387
2827	76	62	52
2828	12	12	9
2829	80	71	78
2830	2947	2883	2751
2831	2332	2348	2064
2832	1600	1305	875
2833	1	3	1
2834	357	367	310
2835	420	303	200
2836	109	123	56
2837	131	102	81
2838	80	54	57
2839	28	18	20
2840	3505	2368	2249
2841	118	89	92
2842	3	4	1
2843	9	8	2
2844	409	318	263
2845	515	427	349
2846	2742	2569	2437
2847	44	62	26
2848	188	176	92
2849	15	11	16
2850	578	369	289
2851	320	201	111
2852	96	115	51
2853	363	210	165
2854	993	817	585
2855	108	114	82
2856	356	367	137
2857	63	65	51
2858	794	650	554
2859	99	95	66
2860	4	3	0
2861	102	78	56
2862	193	158	126
2863	58	72	20
2864	1	3	0
2865	44	44	37
2866	5	3	1
2867	449	359	230
2868	1	2	2
2869	0	0	0
2870	0	0	0
2871	2151	2236	1782
2872	0	0	0
2873	575	411	276
2874	693	658	477
2875	650	948	632
2876	77	84	46
2877	444	380	245
2878	58	30	33
2879	8	0	0
2880	20	21	16
2881	47	55	43
2882	175	165	86
2883	79	88	34
2884	243	217	99
2885	27	22	15
2886	104	102	58
2887	0	1	0
2888	77	79	63
2889	52	66	40
2890	612	469	403
2891	202	183	160
2892	19	11	11
2893	17	16	12
2894	106	148	59
2895	15	20	24
2896	471	445	317
2897	62	54	44
2898	99	65	51
2899	289	197	110
2900	1059	797	622
2901	6	3	3
2902	180	175	110
2903	76	75	38
2904	1179	1200	970
2905	291	270	174
2906	758	600	421
2907	0	6	2
2908	41	34	17
2909	77	82	51
2910	342	242	205
2911	108	98	108
2912	88	65	56
2913	425	456	341
2914	90	83	50
2915	137	146	110
2916	1825	1448	960
2917	193	143	119
2918	3	7	5
2919	118	87	58
2920	0	0	0
2921	18	17	15
2922	82	42	21
2923	354	304	200
2924	2	6	0
2925	217	163	138
2926	75	75	47
2927	448	397	303
2928	15	21	10
2929	520	552	290
2930	259	231	183
2931	325	287	183
2932	697	593	425
2933	466	401	292
2934	86	73	69
2935	529	534	385
2936	52	72	58
2937	11	8	8
2938	220	261	205
2939	241	152	123
2940	236	207	176
2941	109	73	78
2942	39	43	29
2943	32	26	13
2944	129	151	95
2945	314	279	212
2946	998	987	860
2947	25	21	23
2948	328	227	198
2949	94	55	42
2950	45	63	55
2951	1537	1395	1309
2952	1	0	0
2953	143	132	48
2954	31	51	21
2955	32	65	17
2956	284	304	162
2957	1223	953	714
2958	20	24	14
2959	0	0	1
2960	49	40	32
2961	123	97	60
2962	1074	867	539
2963	543	405	281
2964	184	168	108
2965	30	13	15
2966	368	259	222
2967	0	0	0
2968	21	7	8
2969	136	102	75
2970	137	115	52
2971	1836	1714	1142
2972	1022	703	538
2973	285	258	224
2974	1	2	0
2975	492	399	272
2976	191	189	107
2977	73	97	60
2978	83	69	56
2979	1	0	1
2980	61	71	34
2981	68	51	42
2982	246	176	169
2983	720	494	487
2984	145	126	86
2985	123	101	86
2986	130	118	101
2987	2997	3199	2951
2988	8	3	5
2989	236	220	161
2990	104	103	74
2991	342	255	187
2992	219	202	216
2993	0	0	0
2994	29	20	14
2995	137	103	81
2996	87	87	56
2997	51	43	33
2998	2146	1573	1243
2999	282	279	130
3000	6397	4935	4709
3001	54	49	35
3002	15	18	10
3003	84	93	70
3004	634	487	342
3005	4	3	7
3006	34	27	9
3007	567	452	358
3008	131	139	104
3009	213	225	144
3010	20	32	14
3011	30	22	23
3012	261	189	118
3013	544	512	531
3014	3	2	1
3015	270	168	131
3016	476	396	245
3017	24	23	11
3018	30	21	20
3019	105	95	75
3020	279	218	162
3021	0	0	0
3022	294	206	178
3023	910	840	845
3024	861	863	787
3025	602	439	310
3026	135	135	90
3027	282	239	128
3028	7871	7588	6646
3029	369	299	220
3030	10	8	4
3031	15	20	16
3032	88	93	75
3033	30	18	29
3034	147	84	79
3035	175	155	138
3036	61	48	25
3037	130	99	53
3038	438	451	433
3039	660	624	516
3040	451	337	284
3041	1084	1106	1096
3042	30	29	19
3043	937	749	624
3044	17	10	8
3045	293	226	198
3046	320	308	230
3047	966	831	518
3048	58	58	37
3049	102	110	73
3050	1507	1326	1088
3051	29	29	14
3052	19	35	15
3053	2	5	8
3054	216	210	143
3055	315	256	234
3056	45	29	23
3057	694	558	445
3058	83	103	63
3059	49	42	26
3060	111	68	64
3061	368	375	264
3062	614	482	370
3063	24	16	18
3064	107	134	77
3065	270	279	215
3066	98	83	68
3067	408	362	338
3068	309	289	207
3069	1	1	0
3070	134	157	126
3071	411	368	351
3072	54	36	32
3073	43	18	13
3074	99	124	80
3075	70	61	60
3076	63	60	51
3077	0	0	0
3078	103	94	69
3079	233	199	128
3080	49	44	64
3081	27	54	38
3082	68	60	35
3083	79	98	72
3084	132	155	108
3085	0	0	0
3086	15	32	23
3087	805	781	665
3088	127	123	110
3089	173	175	145
3090	123	127	109
3091	184	129	144
3092	1274	1148	915
3093	121	87	74
3094	17	9	10
3095	356	388	264
3096	1	1	0
3097	0	0	0
3098	93	64	51
3099	7	2	1
3100	1	6	2
3101	0	0	1
3102	330	339	260
3103	954	698	558
3104	1163	1131	1112
3105	89	105	88
3106	70	74	58
3107	2	3	4
3108	27	33	24
3109	16	39	41
3110	336	351	291
3111	49	67	60
3112	60	56	56
3113	0	0	0
3114	181	128	112
3115	1368	1579	1232
3116	154	199	98
3117	0	1	0
3118	377	342	237
3119	261	257	167
3120	92	73	54
3121	115	215	124
3122	144	157	134
3123	124	105	91
3124	28	35	31
3125	434	321	227
3126	82	42	38
3127	239	182	153
3128	644	530	391
3129	152	139	124
3130	370	336	252
3131	0	0	0
3132	4	6	0
3133	6	6	3
3134	363	295	232
3135	683	567	389
3136	0	0	0
3137	31	36	40
3138	225	175	157
3139	604	626	381
3140	18	22	14
3141	0	1	1
3142	1080	716	568
3143	80	58	37
3144	855	688	492
3145	110	96	106
3146	771	636	480
3147	431	313	231
3148	4	5	3
3149	7	4	3
3150	192	171	96
3151	1	0	0
3152	124	144	79
3153	413	383	315
3154	63	75	77
3155	30	18	15
3156	76	49	46
3157	124	128	65
3158	284	213	192
3159	4	11	9
3160	2	6	1
3161	116	87	50
3162	74	65	50
3163	117	81	73
3164	282	238	174
3165	541	444	299
3166	8	17	10
3167	19	22	11
3168	119	126	58
3169	41	52	43
3170	3	2	1
3171	470	419	232
3172	0	0	0
3173	4	3	1
3174	63	52	60
3175	599	581	535
3176	155	136	130
3177	24	19	23
3178	19	12	17
3179	135	118	97
3180	641	604	385
3181	8346	8143	7127
3182	1	3	1
3183	7	3	1
3184	1	1	0
3185	18	33	15
3186	1412	1004	821
3187	144	174	138
3188	2085	1902	1755
3189	1	2	2
3190	569	553	447
3191	8	4	6
3192	270	254	160
3193	23	23	23
3194	11	9	12
3195	159	118	157
3196	708	455	277
3197	110	127	55
3198	1	2	1
3199	586	386	304
3200	176	199	129
3201	9	7	9
3202	39	50	14
3203	115	93	87
3204	338	297	279
3205	147	166	59
3206	4494	4571	4339
3207	474	371	276
3208	1221	996	843
3209	2345	2147	1701
3210	219	120	99
3211	9	5	4
3212	0	0	0
3213	71	92	76
3214	168	169	157
3215	357	348	298
3216	10	8	5
3217	31	53	31
3218	1380	1132	874
3219	631	608	451
3220	278	267	232
3221	63	47	40
3222	1114	867	700
3223	38	38	25
3224	44	31	17
3225	969	784	726
3226	53	46	34
3227	36	44	63
3228	648	604	540
3229	2059	1792	1302
3230	25	36	11
3231	84	78	34
3232	183	114	85
3233	1173	909	640
3234	215	168	106
3235	53	63	40
3236	120	113	107
3237	134	154	115
3238	413	342	334
3239	1729	1698	1448
3240	584	511	439
3241	22	22	11
3242	4232	4301	4152
3243	552	452	449
3244	60	70	63
3245	419	349	235
3246	494	382	243
3247	7	11	23
3248	148	127	86
3249	9	8	11
3250	49	38	31
3251	0	7	4
3252	118	108	67
3253	176	203	117
3254	179	172	127
3255	136	149	94
3256	313	270	235
3257	449	337	273
3258	56	40	37
3259	84	60	50
3260	1	0	1
3261	200	129	94
3262	537	400	288
3263	46	37	21
3264	854	887	641
3265	0	0	0
3266	658	510	326
3267	34	19	27
3268	35	46	35
3269	6	5	5
3270	40	17	20
3271	155	137	158
3272	1160	1145	1065
3273	29	20	11
3274	11	7	14
3275	71	50	28
3276	161	131	105
3277	244	229	165
3278	168	154	109
3279	129	120	97
3280	8	1	3
3281	7	9	7
3282	331	244	230
3283	55	60	30
3284	8	6	3
3285	1	0	0
3286	7	6	6
3287	0	0	0
3288	0	1	2
3289	0	0	0
3290	0	0	0
3291	9	14	10
3292	143	113	67
3293	1802	1695	1526
3294	158	124	88
3295	956	887	547
3296	874	654	520
3297	393	293	217
3298	66	69	33
3299	51	26	21
3300	37	33	39
3301	98	78	88
3302	659	728	648
3303	893	976	998
3304	189	170	110
3305	1152	1078	740
3306	233	164	135
3307	884	678	618
3308	102	84	80
3309	240	182	183
3310	42	55	28
3311	206	234	166
3312	16	32	10
3313	200	183	148
3314	80	60	30
3315	76	119	60
3316	378	296	179
3317	258	194	172
3318	120	77	52
3319	249	229	130
3320	1	1	0
3321	91	100	46
3322	5	2	3
3323	86	63	55
3324	338	357	320
3325	2	2	0
3326	120	81	84
3327	71	69	48
3328	74	78	50
3329	0	0	0
3330	70	49	44
3331	14	17	19
3332	486	522	307
3333	33	36	31
3334	53	42	38
3335	11	16	15
3336	126	81	63
3337	0	0	0
3338	341	238	194
3339	102	80	75
3340	787	671	557
3341	654	585	387
3342	86	54	51
3343	0	0	0
3344	999	835	548
3345	64	60	56
3346	113	108	110
3347	370	382	263
3348	1213	1086	1011
3349	137	123	100
3350	361	406	297
3351	89	68	43
3352	176	178	77
3353	1	1	0
3354	2941	2846	2546
3355	38	33	27
3356	167	161	129
3357	1052	1006	807
3358	608	518	410
3359	14	6	5
3360	76	92	44
3361	247	210	166
3362	147	118	112
3363	90	72	45
3364	23	25	18
3365	93	141	77
3366	1672	1159	947
3367	326	273	146
3368	16	17	11
3369	1951	1439	1148
3370	863	605	419
3371	158	146	89
3372	16	12	9
3373	233	258	178
3374	4	6	5
3375	46	98	33
3376	542	497	378
3377	57	48	50
3378	31	22	41
3379	1129	1232	1225
3380	82	116	98
3381	407	355	249
3382	2023	1575	1208
3383	339	330	248
3384	12	9	4
3385	0	0	0
3386	299	257	134
3387	22	23	10
3388	0	0	0
3389	199	132	98
3390	705	686	554
3391	76	49	34
3392	163	124	99
3393	855	803	686
3394	96	157	63
3395	302	205	154
3396	27	24	16
3397	569	493	487
3398	463	407	259
3399	0	0	0
3400	0	0	0
3401	0	0	0
3402	0	2	0
3403	0	0	0
3404	5	12	10
3405	11	7	22
3406	29	20	25
3407	13	15	8
3408	721	515	410
3409	741	588	441
3410	4	0	1
3411	240	224	123
3412	1343	875	810
3413	1544	1124	827
3414	13	11	9
3415	1	1	0
3416	39	38	40
3417	10	13	5
3418	130	84	68
3419	8	7	5
3420	144	147	116
3421	41	37	23
3422	278	196	157
3423	104	103	69
3424	0	0	1
3425	219	222	211
3426	592	408	278
3427	131	90	69
3428	650	542	389
3429	103	93	72
3430	14	18	7
3431	271	251	167
3432	33	26	25
3433	240	188	150
3434	213	160	92
3435	123	93	75
3436	355	251	148
3437	764	693	393
3438	19	15	14
3439	81	76	45
3440	242	187	122
3441	478	416	308
3442	0	1	1
3443	697	698	396
3444	3	2	0
3445	113	138	46
3446	169	114	98
3447	0	0	0
3448	0	0	0
3449	0	0	0
3450	66	54	42
3451	0	0	1
3452	0	0	0
3453	73	66	62
3454	404	376	317
3455	148	137	144
3456	215	207	123
3457	114	76	64
3458	3	0	2
3459	1532	1431	1028
3460	185	161	112
3461	95	78	71
3462	92	85	38
3463	1	1	1
3464	2	1	3
3465	119	92	82
3466	41	39	30
3467	15	11	9
3468	554	376	347
3469	24	11	10
3470	217	205	127
3471	6	3	5
3472	137	143	96
3473	167	112	95
3474	43	39	24
3475	134	108	57
3476	61	54	19
3477	393	437	323
3478	135	100	81
3479	678	672	443
3480	7	7	7
3481	411	360	230
3482	23	45	13
3483	228	328	233
3484	0	0	0
3485	279	227	242
3486	189	147	76
3487	161	160	82
3488	1908	1498	1352
3489	34	26	23
3490	680	551	442
3491	4	9	5
3492	998	1058	871
3493	247	210	186
3494	466	400	336
3495	804	701	544
3496	168	149	129
3497	57	59	30
3498	94	93	42
3499	43	49	50
3500	1692	1437	993
3501	465	501	425
3502	384	316	204
3503	95	128	85
3504	30	4	3
3505	23	21	10
3506	69	93	39
3507	762	682	402
3508	22	21	22
3509	730	659	732
3510	282	230	139
3511	1125	984	685
3512	542	509	427
3513	420	311	206
3514	56	64	31
3515	174	150	101
3516	293	260	201
3517	12	8	4
3518	29	36	38
3519	149	102	113
3520	492	464	279
3521	496	387	295
3522	38	32	24
3523	44	24	21
3524	14	16	12
3525	1023	824	686
3526	3	5	2
3527	617	517	433
3528	188	250	174
3529	123	110	74
3530	128	116	84
3531	17	28	28
3532	7	12	3
3533	40	47	45
3534	114	88	42
3535	44	43	33
3536	41	36	18
3537	44	40	23
3538	94	92	124
3539	624	579	433
3540	3	12	0
3541	177	157	119
3542	67	70	54
3543	25	24	19
3544	59	37	43
3545	409	329	264
3546	1118	951	828
3547	124	114	60
3548	4	7	7
3549	288	265	224
3550	217	157	132
3551	368	310	207
3552	327	251	251
3553	109	61	31
3554	0	0	0
3555	46	43	23
3556	85	52	49
3557	124	85	70
3558	498	398	316
3559	3	2	0
3560	200	113	111
3561	27	54	9
3562	3540	3079	2769
3563	464	409	301
3564	623	494	461
3565	52	34	20
3566	95	130	74
3567	261	185	158
3568	108	76	51
3569	108	81	47
3570	7	5	1
3571	419	384	297
3572	26	25	20
3573	616	464	365
3574	111	134	88
3575	112	107	67
3576	415	322	222
3577	782	732	418
3578	145	138	98
3579	3708	3304	2803
3580	5	2	1
3581	1474	1368	1155
3582	76	107	60
3583	8	6	4
3584	495	325	186
3585	0	0	0
3586	1155	1036	985
3587	247	204	135
3588	1573	1388	1200
3589	33	43	28
3590	160	154	104
3591	173	122	97
3592	506	453	338
3593	183	145	130
3594	2514	2026	1715
3595	1017	839	576
3596	229	236	182
3597	13	18	9
3598	16	18	13
3599	833	714	552
3600	94	86	50
3601	459	382	232
3602	13	12	12
3603	21	14	17
3604	125	105	85
3605	7	6	5
3606	1656	1402	1097
3607	8	12	9
3608	1	11	2
3609	13	16	11
3610	128	98	64
3611	154	169	101
3612	15	10	10
3613	222	133	104
3614	192	210	125
3615	234	234	159
3616	385	277	176
3617	0	0	1
3618	66	44	48
3619	178	139	148
3620	341	368	309
3621	15	14	6
3622	55	46	24
3623	39	37	32
3624	211	169	167
3625	159	164	117
3626	31	37	16
3627	67	47	31
3628	1115	1108	967
3629	77	58	49
3630	1	2	0
3631	49	45	26
3632	392	333	278
3633	388	301	256
3634	601	637	412
3635	4057	4291	3625
3636	40	35	20
3637	0	1	0
3638	11	4	4
3639	112	144	84
3640	334	260	198
3641	2	0	3
3642	618	588	347
3643	0	2	1
3644	190	171	108
3645	64	56	32
3646	1700	1411	1082
3647	44	49	43
3648	213	165	125
3649	12	27	18
3650	330	307	173
3651	0	0	0
3652	1	0	1
3653	400	296	291
3654	115	82	82
3655	0	0	0
3656	50	27	29
3657	0	0	0
3658	122	62	61
3659	564	428	369
3660	135	134	64
3661	1028	888	548
3662	151	147	94
3663	19	13	13
3664	26	21	20
3665	95	70	70
3666	103	72	48
3667	60	52	56
3668	66	60	22
3669	1613	1435	1144
3670	55	63	48
3671	8	3	8
3672	3227	2935	2783
3673	0	0	0
3674	0	0	0
3675	9459	9894	9579
3676	1825	1663	1298
3677	273	169	120
3678	1115	883	802
3679	1327	1149	885
3680	1	1	1
3681	0	0	0
3682	0	0	0
3683	704	616	399
3684	755	764	813
3685	6	5	0
3686	440	342	303
3687	110	114	80
3688	20	23	12
3689	650	679	435
3690	91	91	67
3691	879	697	542
3692	643	586	459
3693	75	73	52
3694	7	8	7
3695	89	61	72
3696	471	366	336
3697	153	160	105
3698	278	272	204
3699	470	486	330
3700	7	14	6
3701	198	189	191
3702	10	8	10
3703	215	205	142
3704	86	69	105
3705	11	4	7
3706	7	0	0
3707	0	1	0
3708	0	0	0
3709	160	168	108
3710	98	72	65
3711	26	28	21
3712	7	8	4
3713	0	0	0
3714	1	0	1
3715	36	26	18
3716	0	0	0
3717	29	20	24
3718	0	0	0
3719	39	59	27
3720	3	1	1
3721	162	126	80
3722	434	416	382
3723	35	33	12
3724	869	571	417
3725	124	103	92
3726	393	385	317
3727	849	895	715
3728	198	123	99
3729	292	236	221
3730	108	98	81
3731	6	14	10
3732	11	5	10
3733	16	9	11
3734	1225	1269	1197
3735	584	483	387
3736	26	18	19
3737	271	246	189
3738	54	44	28
3739	464	338	265
3740	333	375	316
3741	22	35	9
3742	62	62	65
3743	16	33	9
3744	181	161	85
3745	260	239	118
3746	96	76	33
3747	124	80	79
3748	258	198	138
3749	109	109	90
3750	236	190	201
3751	34	35	37
3752	870	802	701
3753	5	4	4
3754	131	106	74
3755	23	15	14
3756	250	213	185
3757	79	57	35
3758	264	232	195
3759	164	161	135
3760	4498	4764	4024
3761	4934	4324	3822
3762	862	865	697
3763	195	167	139
3764	10	9	4
3765	139	111	78
3766	10	9	8
3767	355	394	305
3768	40	36	40
3769	21	17	20
3770	37	35	22
3771	1346	1150	968
3772	659	650	452
3773	79	117	51
3774	523	477	404
3775	89	87	42
3776	124	104	97
3777	67	57	55
3778	442	426	205
3779	543	557	402
3780	344	243	166
3781	248	284	137
3782	48	85	42
3783	228	190	120
3784	81	74	61
3785	97	62	56
3786	1	1	1
3787	1442	1245	1066
3788	397	345	194
3789	456	323	196
3790	82	74	55
3791	0	0	0
3792	0	1	0
3793	39	30	27
3794	231	190	150
3795	688	607	475
3796	40	52	38
3797	367	345	330
3798	0	0	1
3799	537	303	237
3800	20	28	18
3801	141	95	73
3802	28	17	14
3803	237	204	103
3804	327	320	275
3805	1382	1048	755
3806	344	368	256
3807	89	75	48
3808	53	57	51
3809	0	1	0
3810	16	21	17
3811	24	27	23
3812	290	284	177
3813	236	214	139
3814	124	104	73
3815	230	151	117
3816	211	216	151
3817	190	198	102
3818	0	0	0
3819	445	379	297
3820	319	307	218
3821	54	32	51
3822	3	0	0
3823	143	145	127
3824	3	10	2
3825	799	716	596
3826	104	122	92
3827	84	75	38
3828	10	8	10
3829	32	25	18
3830	310	265	283
3831	930	620	545
3832	78	72	60
3833	204	192	131
3834	101	115	57
3835	0	0	0
3836	5	9	5
3837	0	3	2
3838	757	786	500
3839	83	107	61
3840	88	68	38
3841	2695	2233	1591
3842	631	648	496
3843	78	65	55
3844	200	195	119
3845	28	19	16
3846	339	242	223
3847	17	48	13
3848	115	89	101
3849	37	38	13
3850	18	18	13
3851	728	649	500
3852	72	65	24
3853	82	74	55
3854	233	146	113
3855	369	267	164
3856	2	0	0
3857	78	79	30
3858	564	433	261
3859	117	135	109
3860	1	0	0
3861	44	22	26
3862	593	503	352
3863	376	243	188
3864	153	119	89
3865	1	0	0
3866	0	0	0
3867	34	35	10
3868	83	84	33
3869	57	56	47
3870	20	22	20
3871	154	108	91
3872	37	57	28
3873	6	7	4
3874	281	249	192
3875	8	3	5
3876	58	37	28
3877	305	266	169
3878	278	213	171
3879	87	100	64
3880	222	201	150
3881	580	503	346
3882	1281	1230	1034
3883	0	0	0
3884	68	73	44
3885	9	4	5
3886	6150	6218	5826
3887	53	45	17
3888	116	84	60
3889	54	44	24
3890	28	37	24
3891	339	237	177
3892	3049	2668	2279
3893	23	15	14
3894	34	38	18
3895	173	167	126
3896	582	584	363
3897	69	92	38
3898	156	145	120
3899	45	43	26
3900	72	41	30
3901	1	2	0
3902	309	297	212
3903	148	125	155
3904	273	270	203
3905	110	130	89
3906	455	344	285
3907	1254	1111	751
3908	119	134	69
3909	72	56	44
3910	137	128	96
3911	863	740	647
3912	9	10	7
3913	67	81	43
3914	1	1	1
3915	88	80	71
3916	76	60	41
3917	147	137	91
3918	54	64	47
3919	80	63	54
3920	514	479	326
3921	1119	785	662
3922	535	507	293
3923	0	0	0
3924	76	77	60
3925	506	398	376
3926	335	235	196
3927	489	405	292
3928	89	75	55
3929	400	334	332
3930	153	128	58
3931	295	250	144
3932	201	211	220
3933	0	0	0
3934	129	127	85
3935	0	1	0
3936	54	55	49
3937	90	80	65
3938	8	11	8
3939	457	472	376
3940	1109	956	690
3941	146	142	81
3942	0	0	0
3943	607	536	401
3944	10	15	14
3945	333	265	214
3946	33	30	23
3947	69	79	59
3948	145	155	129
3949	145	105	59
3950	439	354	179
3951	452	326	314
3952	0	0	0
3953	71	72	47
3954	37	32	49
3955	912	718	519
3956	8	5	3
3957	5	12	6
3958	362	297	194
3959	2266	1837	1526
3960	168	133	94
3961	36	36	33
3962	5	7	6
3963	8	3	5
3964	93	108	48
3965	271	207	145
3966	6	1	0
3967	1097	799	614
3968	209	210	155
3969	1167	1013	764
3970	755	522	416
3971	243	216	192
3972	483	462	376
3973	240	185	146
3974	0	5	4
3975	394	315	260
3976	160	131	102
3977	55	61	38
3978	1371	1392	897
3979	158	158	81
3980	149	120	114
3981	940	687	522
3982	903	721	672
3983	92	76	52
3984	195	183	132
3985	1822	1586	1487
3986	216	268	139
3987	1358	1075	747
3988	43	36	31
3989	73	59	43
3990	419	307	202
3991	199	194	137
3992	103	88	69
3993	70	64	46
3994	47	37	24
3995	207	166	119
3996	333	399	223
3997	239	188	123
3998	101	95	60
3999	658	474	308
4000	3	0	2
4001	12	16	12
4002	63	39	41
4003	341	295	202
4004	1020	861	681
4005	180	153	120
4006	479	484	365
4007	2122	1964	1463
4008	198	129	100
4009	50	40	36
4010	103	101	85
4011	1457	1303	980
4012	324	261	189
4013	6	11	5
4014	332	255	204
4015	184	95	75
4016	569	397	302
4017	127	97	70
4018	561	772	733
4019	141	144	139
4020	20	19	27
4021	0	1	0
4022	2332	2198	2092
4023	223	172	108
4024	189	183	93
4025	1423	1134	834
4026	111	117	62
4027	248	220	163
4028	18	13	17
4029	1863	1633	1347
4030	789	579	397
4031	452	346	294
4032	197	181	88
4033	66	85	75
4034	403	341	230
4035	143	115	119
4036	137	96	67
4037	1	0	1
4038	997	880	766
4039	516	505	333
4040	170	172	128
4041	128	92	70
4042	56	37	22
4043	107	94	85
4044	132	109	88
4045	374	376	213
4046	26	32	12
4047	155	106	99
4048	61	79	72
4049	526	449	336
4050	109	139	66
4051	0	2	2
4052	16	17	3
4053	59	54	44
4054	71	62	33
4055	41	29	19
4056	94	110	57
4057	848	612	447
4058	1230	972	622
4059	2	0	0
4060	9	31	3
4061	191	245	160
4062	1096	943	711
4063	199	217	101
4064	152	139	96
4065	86	49	40
4066	54	40	31
4067	667	674	421
4068	12	9	10
4069	51	36	23
4070	0	2	1
4071	10	3	5
4072	9	7	2
4073	20	12	4
4074	128	106	64
4075	8	11	14
4076	237	286	177
4077	2	2	2
4078	0	0	0
4079	10	11	11
4080	0	0	0
4081	189	163	140
4082	0	1	4
4083	83	47	33
4084	132	60	74
4085	256	250	163
4086	6	4	4
4087	142	134	87
4088	140	99	57
4089	77	54	55
4090	434	447	309
4091	31	26	20
4092	78	83	53
4093	21	19	17
4094	1	0	0
4095	597	775	626
4096	0	1	0
4097	67	82	30
4098	68	63	26
4099	89	104	49
4100	102	85	75
4101	66	62	48
4102	70	63	56
4103	362	237	138
4104	154	109	65
4105	317	230	211
4106	0	0	0
4107	0	0	0
4108	114	102	69
4109	340	318	198
4110	266	264	184
4111	71	83	41
4112	131	115	51
4113	10	19	15
4114	56	66	27
4115	845	707	625
4116	27	18	24
4117	171	244	154
4118	0	3	0
4119	36	25	19
4120	50	57	43
4121	222	142	135
4122	14	10	10
4123	1	0	0
4124	0	0	0
4125	0	0	0
4126	2	1	2
4127	0	0	0
4128	0	0	0
4129	8	11	7
4130	182	204	184
4131	118	74	50
4132	1144	957	608
4133	431	387	273
4134	122	121	86
4135	160	125	54
4136	25	33	21
4137	66	58	44
4138	36	43	32
4139	76	55	42
4140	0	0	0
4141	0	0	0
4142	0	0	0
4143	0	0	0
4144	588	553	333
4145	201	148	106
4146	280	238	190
4147	5	3	0
4148	0	0	0
4149	23	17	32
4150	0	0	1
4151	83	65	66
4152	413	320	266
4153	126	92	72
4154	151	159	111
4155	32	28	10
4156	207	202	152
4157	6	11	6
4158	442	443	343
4159	57	61	26
4160	769	707	479
4161	2358	2093	1622
4162	206	176	118
4163	11	7	12
4164	46	34	14
4165	1633	1396	1277
4166	32	25	19
4167	81	64	35
4168	254	212	168
4169	242	201	126
4170	0	2	0
4171	465	498	455
4172	69	57	35
4173	221	202	164
4174	803	768	595
4175	108	106	94
4176	232	208	190
4177	453	302	193
4178	830	697	462
4179	13	10	14
4180	4	3	5
4181	9223	9389	8760
4182	166	153	160
4183	57	53	28
4184	3	2	1
4185	3	2	5
4186	187	182	98
4187	45	44	39
4188	49	42	26
4189	94	102	63
4190	267	197	128
4191	690	578	480
4192	2	0	0
4193	3	2	7
4194	76	82	56
4195	542	367	249
4196	36	40	14
4197	2	2	2
4198	155	140	154
4199	130	130	114
4200	15	9	12
4201	242	190	186
4202	97	94	46
4203	118	99	80
4204	4693	4712	4700
4205	10	5	8
4206	335	252	172
4207	164	138	87
4208	123	146	74
4209	44	45	41
4210	67	53	71
4211	1102	973	847
4212	76	75	39
4213	32	30	17
4214	48	32	29
4215	53	113	35
4216	118	121	49
4217	0	0	0
4218	3	1	3
4219	243	224	148
4220	104	111	46
4221	6	4	6
4222	645	565	457
4223	1	1	1
4224	239	176	186
4225	59	39	26
4226	637	560	473
4227	17	12	17
4228	46	67	47
4229	74	96	87
4230	198	178	176
4231	153	160	98
4232	407	306	235
4233	135	101	95
4234	291	322	195
4235	154	148	110
4236	207	186	157
4237	536	557	449
4238	54	61	50
4239	332	261	186
4240	374	327	282
4241	30	26	21
4242	1058	926	799
4243	146	135	122
4244	18	19	22
4245	476	426	363
4246	863	820	700
4247	435	399	317
4248	347	248	247
4249	21	47	32
4250	0	0	0
4251	7	14	9
4252	9	16	27
4253	7	11	6
4254	117	112	102
4255	56	73	64
4256	129	111	132
4257	4	7	4
4258	1085	985	801
4259	2	6	3
4260	146	107	76
4261	10	12	8
4262	1787	1425	1108
4263	9	3	2
4264	106	94	93
4265	115	136	73
4266	65	80	71
4267	3	2	3
4268	129	105	56
4269	196	151	142
4270	373	314	269
4271	20	8	13
4272	1534	1166	777
4273	1189	1009	734
4274	1120	1012	748
4275	325	278	171
4276	145	110	84
4277	1263	1026	877
4278	216	195	146
4279	971	641	497
4280	61	25	36
4281	4208	3925	3587
4282	78	65	48
4283	484	371	258
4284	236	161	123
4285	365	347	256
4286	205	217	121
4287	701	531	389
4288	184	182	151
4289	10	20	24
4290	3	5	2
4291	61	88	63
4292	270	210	170
4293	68	60	37
4294	287	240	192
4295	1	3	1
4296	17	13	11
4297	190	169	98
4298	1717	1532	1214
4299	147	148	125
4300	249	224	130
4301	67	61	56
4302	200	154	125
4303	143	151	118
4304	11	10	6
4305	16	17	14
4306	266	221	177
4307	66	87	104
4308	140	111	95
4309	66	87	29
4310	72	71	40
4311	535	350	335
4312	65	51	22
4313	424	387	294
4314	1	0	0
4315	1046	766	605
4316	2209	2137	2111
4317	65	66	59
4318	489	434	247
4319	539	575	364
4320	26	30	15
4321	107	104	65
4322	1	2	1
4323	91	126	88
4324	44	73	53
4325	37	44	30
4326	16	38	28
4327	10	9	10
4328	796	677	483
4329	168	141	106
4330	285	216	142
4331	91	64	39
4332	2323	1936	1684
4333	62	53	33
4334	13	18	6
4335	22	15	14
4336	1342	1338	811
4337	9	14	9
4338	45	48	28
4339	58	69	49
4340	21	21	20
4341	50	25	17
4342	10	8	11
4343	7	14	3
4344	65	48	54
4345	60	46	30
4346	146	150	82
4347	137	147	65
4348	0	0	0
4349	147	112	47
4350	20	32	14
4351	785	535	273
4352	150	152	108
4353	13	17	6
4354	0	1	0
4355	12	13	10
4356	425	365	241
4357	100	85	41
4358	45	55	48
4359	67	58	51
4360	162	83	68
4361	38	43	21
4362	7	1	3
4363	356	299	205
4364	587	492	373
4365	74	69	42
4366	469	346	270
4367	1	2	1
4368	1578	1406	1245
4369	11	5	7
4370	45	37	32
4371	521	440	279
4372	12	16	1
4373	48	43	30
4374	103	134	90
4375	97	86	65
4376	0	1	0
4377	98	135	86
4378	482	388	311
4379	48	48	24
4380	0	0	0
4381	40	57	24
4382	161	168	122
4383	17	8	4
4384	28	33	38
4385	10	2	5
4386	17	26	18
4387	46	92	56
4388	0	0	0
4389	308	371	306
4390	400	261	215
4391	745	792	623
4392	531	412	260
4393	776	737	580
4394	341	353	250
4395	207	200	140
4396	3089	2810	2258
4397	439	396	226
4398	2615	2418	2115
4399	1528	1250	905
4400	1	3	1
4401	71	66	63
4402	287	277	210
4403	426	362	263
4404	169	202	99
4405	0	0	0
4406	323	369	221
4407	48	49	44
4408	235	200	163
4409	214	159	118
4410	230	216	110
4411	82	77	51
4412	0	1	0
4413	304	275	276
4414	243	185	157
4415	116	69	74
4416	2344	1882	1382
4417	58	97	79
4418	17	10	4
4419	28	25	24
4420	185	146	125
4421	258	190	194
4422	524	480	415
4423	298	257	203
4424	30	26	23
4425	4	5	4
4426	199	238	198
4427	52	49	20
4428	360	360	353
4429	138	136	118
4430	56	50	50
4431	3	3	2
4432	741	760	578
4433	263	204	137
4434	113	88	60
4435	302	240	205
4436	105	71	54
4437	1033	712	620
4438	347	423	279
4439	158	138	72
4440	0	1	1
4441	28	25	33
4442	2612	2395	2149
4443	1	1	0
4444	209	159	152
4445	109	81	43
4446	207	143	104
4447	101	64	40
4448	67	71	39
4449	37	30	28
4450	9	6	4
4451	2	10	2
4452	82	94	59
4453	213	222	145
4454	284	303	226
4455	6	7	5
4456	3242	2542	2121
4457	46	49	28
4458	100	76	59
4459	335	251	194
4460	28	33	17
4461	71	72	46
4462	136	102	70
4463	80	64	45
4464	1345	1195	1132
4465	133	123	122
4466	55	67	40
4467	553	483	294
4468	283	259	229
4469	309	200	190
4470	43	44	32
4471	1521	1380	991
4472	172	171	95
4473	3	2	1
4474	76	83	61
4475	601	473	351
4476	24	19	23
4477	36	30	28
4478	459	387	319
4479	3	0	0
4480	361	341	178
4481	61	52	42
4482	59	60	38
4483	7	1	2
4484	163	179	172
4485	138	136	81
4486	408	352	226
4487	22	15	11
4488	411	499	322
4489	448	380	339
4490	0	0	0
4491	451	349	239
4492	695	545	349
4493	33	22	13
4494	3	0	0
4495	173	173	158
4496	29	25	12
4497	111	78	80
4498	0	1	0
4499	128	86	60
4500	201	207	171
4501	14	21	7
4502	17	27	18
4503	37	33	10
4504	112	90	75
4505	210	147	83
4506	111	84	58
4507	22	21	18
4508	578	403	359
4509	1	2	1
4510	1171	959	756
4511	51	49	42
4512	326	235	178
4513	74	61	46
4514	108	123	78
4515	0	0	0
4516	29	17	10
4517	87	74	40
4518	486	403	230
4519	1040	822	636
4520	67	48	25
4521	3	2	3
4522	156	145	63
4523	70	64	32
4524	195	153	128
4525	182	133	109
4526	4	6	6
4527	265	254	200
4528	46	32	35
4529	0	0	0
4530	72	87	58
4531	22	32	12
4532	0	0	0
4533	1	0	0
4534	22	36	19
4535	2	2	2
4536	299	300	257
4537	10	8	9
4538	807	644	461
4539	5	12	1
4540	1124	825	578
4541	106	60	60
4542	626	479	297
4543	4	3	1
4544	573	416	397
4545	306	222	148
4546	34	33	16
4547	78	54	48
4548	25	13	15
4549	3	3	1
4550	2083	1661	1356
4551	59	33	46
4552	169	244	138
4553	0	2	2
4554	2060	1824	1370
4555	176	119	66
4556	23	18	22
4557	10	10	11
4558	146	111	64
4559	174	218	138
4560	965	669	530
4561	35	32	29
4562	2810	2360	2267
4563	856	648	446
4564	336	307	177
4565	2386	2168	1949
4566	828	583	468
4567	106	122	57
4568	447	404	283
4569	166	141	107
4570	204	159	134
4571	862	741	570
4572	615	529	334
4573	23	24	18
4574	0	1	0
4575	0	0	0
4576	137	122	92
4577	4	11	3
4578	26	29	16
4579	993	1096	543
4580	97	77	79
4581	0	0	0
4582	57	55	34
4583	6	11	5
4584	0	0	0
4585	85	60	78
4586	47	42	44
4587	38	21	22
4588	1124	918	737
4589	157	136	116
4590	104	88	71
4591	54	51	39
4592	637	680	603
4593	111	135	126
4594	1182	1079	959
4595	119	79	64
4596	15	11	2
4597	358	417	269
4598	1374	1313	979
4599	45	39	22
4600	232	169	132
4601	137	87	69
4602	239	238	148
4603	453	327	268
4604	129	121	80
4605	109	87	45
4606	971	863	658
4607	13	12	4
4608	4	9	3
4609	1	4	4
4610	177	192	149
4611	887	628	542
4612	33	49	46
4613	410	344	275
4614	108	107	68
4615	451	474	342
4616	731	583	357
4617	564	495	400
4618	5	8	3
4619	140	79	63
4620	310	308	205
4621	12	27	15
4622	133	97	104
4623	0	0	0
4624	787	689	628
4625	46	36	32
4626	83	85	55
4627	923	726	520
4628	184	222	183
4629	315	245	117
4630	0	0	0
4631	687	658	407
4632	260	236	207
4633	159	135	123
4634	3	6	2
4635	418	347	218
4636	4	2	4
4637	158	152	134
4638	138	123	102
4639	31	24	27
4640	1494	1315	1152
4641	89	98	96
4642	1081	1041	754
4643	730	692	416
4644	50	55	33
4645	2	2	1
4646	528	379	353
4647	32	25	24
4648	657	592	418
4649	69	78	57
4650	175	154	105
4651	363	451	387
4652	0	0	0
4653	1	1	0
4654	11	16	15
4655	8	3	4
4656	81	90	64
4657	89	71	69
4658	152	113	103
4659	329	287	275
4660	0	1	0
4661	591	620	391
4662	24	17	10
4663	1773	1791	1628
4664	73	57	45
4665	106	115	62
4666	106	89	61
4667	1045	1022	839
4668	390	274	271
4669	199	194	143
4670	41	56	46
4671	35	38	25
4672	9	11	9
4673	1	0	0
4674	315	322	248
4675	473	365	295
4676	1047	1082	850
4677	132	176	166
4678	105	54	52
4679	557	444	342
4680	66	77	69
4681	1224	1030	869
4682	141	138	104
4683	30	27	11
4684	27	38	21
4685	9	4	4
4686	204	167	130
4687	25	30	23
4688	56	47	51
4689	44	43	68
4690	53	47	32
4691	34	37	26
4692	0	0	1
4693	183	133	108
4694	222	158	111
4695	56	40	43
4696	58	43	37
4697	39	27	19
4698	48	37	27
4699	158	280	121
4700	745	574	361
4701	34	36	27
4702	0	0	0
4703	5	4	3
4704	97	97	98
4705	32	36	26
4706	341	300	217
4707	83	51	52
4708	454	411	336
4709	1999	1535	1161
4710	372	301	247
4711	23	13	18
4712	56	53	38
4713	625	541	339
4714	150	119	106
4715	141	128	81
4716	67	58	40
4717	184	130	85
4718	413	409	401
4719	170	153	104
4720	3	0	1
4721	237	162	123
4722	0	0	0
4723	53	60	44
4724	0	0	0
4725	34	34	32
4726	4868	4027	3156
4727	7	7	3
4728	681	596	539
4729	52	32	42
4730	537	502	369
4731	55	44	23
4732	215	217	188
4733	102	123	84
4734	94	70	53
4735	1191	1151	1062
4736	13	8	13
4737	252	149	153
4738	241	210	142
4739	40	42	11
4740	611	429	359
4741	57	76	64
4742	1059	956	861
4743	2507	2156	1674
4744	751	750	505
4745	981	702	636
4746	27	38	42
4747	9	7	4
4748	233	222	137
4749	694	590	412
4750	214	225	112
4751	185	283	137
4752	191	207	102
4753	27	21	12
4754	892	823	710
4755	297	178	144
4756	76	35	30
4757	41	58	42
4758	1	2	3
4759	864	670	566
4760	53	73	46
4761	185	115	105
4762	191	151	87
4763	742	642	612
4764	189	163	115
4765	202	175	129
4766	911	1028	817
4767	73	63	37
4768	1092	852	733
4769	499	534	531
4770	0	0	0
4771	10	9	6
4772	124	124	93
4773	944	783	663
4774	50	35	41
4775	5	9	6
4776	0	0	0
4777	2780	1962	1399
4778	6	7	2
4779	3	0	0
4780	23	13	11
4781	128	153	71
4782	2	3	0
4783	307	274	205
4784	12	19	10
4785	156	150	106
4786	138	100	104
4787	35	43	45
4788	233	165	119
4789	261	277	206
4790	96	111	83
4791	70	56	64
4792	432	370	226
4793	26	27	17
4794	235	215	127
4795	411	368	256
4796	238	164	136
4797	66	82	56
4798	0	2	3
4799	65	68	35
4800	1	2	0
4801	7	19	5
4802	1179	856	541
4803	1950	1625	1280
4804	1172	809	758
4805	67	98	55
4806	3	5	0
4807	1177	987	749
4808	173	159	109
4809	859	777	606
4810	280	219	127
4811	219	162	115
4812	92	101	70
4813	85	69	48
4814	44	46	32
4815	4	9	2
4816	817	760	556
4817	12	4	7
4818	39	22	21
4819	1218	986	808
4820	61	43	29
4821	133	107	94
4822	61	64	35
4823	95	65	57
4824	55	58	37
4825	785	857	646
4826	3697	3349	3191
4827	250	185	150
4828	11	14	15
4829	71	77	59
4830	2	3	2
4831	50	49	25
4832	27	22	14
4833	400	307	244
4834	3	4	6
4835	414	297	193
4836	52	38	29
4837	29	36	13
4838	703	503	398
4839	1768	1809	1713
4840	4249	4268	3554
4841	916	853	652
4842	136	140	88
4843	129	155	46
4844	228	163	141
4845	1127	997	888
4846	149	109	62
4847	12	4	2
4848	122	111	105
4849	741	687	447
4850	6	8	1
4851	613	584	447
4852	351	312	155
4853	577	484	364
4854	51	42	26
4855	97	81	60
4856	160	139	119
4857	7	15	11
4858	2	0	1
4859	1	1	1
4860	399	318	193
4861	4946	4764	4373
4862	354	298	166
4863	167	159	77
4864	235	143	130
4865	1	0	0
4866	3	2	4
4867	14	25	13
4868	275	303	246
4869	682	657	448
4870	22	18	9
4871	0	0	0
4872	4	7	5
4873	12	15	9
4874	36	35	26
4875	253	221	158
4876	33	25	17
4877	181	132	104
4878	0	0	0
4879	20	18	7
4880	0	2	1
4881	0	0	0
4882	0	0	0
4883	0	0	0
4884	0	1	0
4885	6	9	3
4886	106	79	58
4887	49	49	24
4888	459	351	269
4889	2269	1942	1736
4890	371	230	171
4891	324	305	172
4892	0	0	0
4893	6	13	7
4894	425	415	363
4895	49	59	30
4896	100	121	118
4897	13	11	5
4898	74	74	42
4899	146	114	128
4900	52	53	35
4901	120	99	92
4902	274	226	200
4903	8	7	1
4904	992	1045	774
4905	1	0	0
4906	57	30	37
4907	182	185	102
4908	31	26	17
4909	279	172	128
4910	37	50	29
4911	2245	2406	2383
4912	427	392	401
4913	146	178	77
4914	829	811	616
4915	1	6	0
4916	48	27	40
4917	267	205	153
4918	112	80	78
4919	192	175	99
4920	209	158	128
4921	360	310	282
4922	735	504	484
4923	316	308	244
4924	20	32	20
4925	0	0	0
4926	448	318	293
4927	88	90	63
4928	311	418	282
4929	377	402	304
4930	0	0	0
4931	807	629	618
4932	1171	938	834
4933	3	5	2
4934	195	228	130
4935	447	254	185
4936	194	126	76
4937	34	31	20
4938	83	103	66
4939	218	162	108
4940	161	147	98
4941	65	79	50
4942	4227	3623	2918
4943	188	133	86
4944	13	11	14
4945	18	21	14
4946	26	19	9
4947	99	102	62
4948	437	375	243
4949	292	223	132
4950	8	5	4
4951	0	1	0
4952	314	305	237
4953	11	12	11
4954	2	3	5
4955	4	4	1
4956	241	223	151
4957	29	26	18
4958	37	42	18
4959	938	799	613
4960	76	71	53
4961	312	246	194
4962	27	46	45
4963	708	621	453
4964	3516	3379	3072
4965	115	101	76
4966	1254	1205	1019
4967	14	18	6
4968	17	7	14
4969	2	1	1
4970	1	0	0
4971	255	180	140
4972	466	423	318
4973	13	11	5
4974	10	12	11
4975	64	52	37
4976	284	238	172
4977	176	112	66
4978	215	180	166
4979	129	93	80
4980	218	137	104
4981	74	58	36
4982	116	182	51
4983	36	21	16
4984	4	2	2
4985	2	4	5
4986	126	76	57
4987	640	505	406
4988	38	25	19
4989	45	49	30
4990	178	195	81
4991	85	82	59
4992	0	1	1
4993	1	0	1
4994	40	51	37
4995	37	36	35
4996	39	18	24
4997	399	333	249
4998	216	174	111
4999	1739	978	878
5000	45	41	15
5001	206	178	124
5002	45	17	20
5003	1932	1901	1668
5004	517	463	391
5005	26	23	16
5006	4	4	3
5007	119	125	107
5008	26	24	17
5009	255	284	208
5010	375	267	149
5011	7	4	3
5012	91	93	56
5013	82	70	26
5014	262	331	211
5015	189	144	121
5016	1460	1135	1033
5017	8	7	7
5018	101	100	90
5019	211	175	137
5020	1128	1093	626
5021	75	69	42
5022	114	126	65
5023	370	298	220
5024	1707	1310	1135
5025	40	26	18
5026	235	277	184
5027	71	67	32
5028	412	405	389
5029	397	332	274
5030	28	32	19
5031	26	26	15
5032	90	97	51
5033	197	187	79
5034	854	627	449
5035	2122	1956	1677
5036	185	177	130
5037	762	707	750
5038	201	213	163
5039	25	31	31
5040	0	0	0
5041	0	0	0
5042	204	223	173
5043	539	385	277
5044	31	35	21
5045	27	28	19
5046	990	1046	701
5047	67	46	49
5048	120	102	63
5049	8	5	4
5050	31	17	10
5051	16	14	6
5052	134	135	121
5053	184	164	121
5054	124	220	123
5055	3459	2977	2551
5056	593	565	379
5057	6	1	1
5058	592	436	434
5059	73	68	57
5060	54	46	25
5061	36	59	66
5062	1357	1557	1413
5063	84	98	47
5064	0	5	1
5065	13	9	10
5066	9	6	4
5067	5	5	5
5068	8	4	4
5069	225	195	137
5070	7	19	15
5071	106	91	59
5072	1151	1151	892
5073	953	737	597
5074	177	145	151
5075	24	37	30
5076	1384	1351	1098
5077	715	625	475
5078	403	301	230
5079	18	21	19
5080	63	45	34
5081	28	46	24
5082	53	33	40
5083	15	12	17
5084	14	11	7
5085	144	92	78
5086	2714	2196	2074
5087	25	24	16
5088	13	7	4
5089	394	375	315
5090	143	150	104
5091	147	166	104
5092	709	573	464
5093	18	30	34
5094	442	345	230
5095	311	219	118
5096	0	1	0
5097	326	232	201
5098	2745	2262	1936
5099	658	407	308
5100	15	16	25
5101	741	767	517
5102	3914	3137	2607
5103	140	104	100
5104	9	2	5
5105	120	93	81
5106	3145	2316	2001
5107	44	58	34
5108	35	32	11
5109	190	190	114
5110	282	254	218
5111	273	206	108
5112	12	7	9
5113	49	52	40
5114	160	127	71
5115	201	207	175
5116	1458	1288	1095
5117	0	0	0
5118	34	24	28
5119	679	545	450
5120	309	255	152
5121	1394	1235	931
5122	174	125	101
5123	89	76	46
5124	4	3	2
5125	12	10	5
5126	54	48	50
5127	6382	6581	5723
5128	0	0	0
5129	1	3	1
5130	58	47	31
5131	411	318	213
5132	122	103	74
5133	35	21	11
5134	21	20	12
5135	0	0	0
5136	34	25	14
5137	166	126	80
5138	19	25	14
5139	2187	2260	2002
5140	319	257	202
5141	16	13	5
5142	180	193	108
5143	21	10	14
5144	1	0	0
5145	93	67	73
5146	356	427	325
5147	38	15	6
5148	7	9	6
5149	24	29	18
5150	142	127	85
5151	337	315	208
5152	44	54	38
5153	0	0	0
5154	6	3	4
5155	2368	1676	1535
5156	51	42	42
5157	361	236	201
5158	0	1	2
5159	162	105	90
5160	176	112	80
5161	681	563	379
5162	922	557	503
5163	140	112	88
5164	46	38	31
5165	583	503	424
5166	277	206	116
5167	101	87	75
5168	713	654	582
5169	47	33	27
5170	246	199	178
5171	287	248	188
5172	77	78	57
5173	960	876	815
5174	41	45	43
5175	12	9	5
5176	13	18	9
5177	319	307	211
5178	0	0	0
5179	494	349	199
5180	165	101	71
5181	0	0	0
5182	1282	972	824
5183	221	251	186
5184	168	153	114
5185	2023	1511	1224
5186	669	511	458
5187	205	248	152
5188	685	552	423
5189	118	130	107
5190	2	4	0
5191	199	193	110
5192	38	18	17
5193	197	161	126
5194	45	42	22
5195	192	217	101
5196	207	215	217
5197	224	190	156
5198	471	366	280
5199	19	16	14
5200	453	502	412
5201	1041	959	914
5202	67	76	30
5203	791	689	618
5204	975	802	613
5205	0	0	0
5206	2650	2399	2156
5207	0	0	0
5208	1604	1285	981
5209	88	58	42
5210	142	156	84
5211	100	75	42
5212	240	252	140
5213	507	418	321
5214	45	47	29
5215	553	585	368
5216	555	527	458
5217	1	1	1
5218	0	0	0
5219	31	24	30
5220	210	137	110
5221	92	76	47
5222	293	304	215
5223	886	879	721
5224	89	89	68
5225	226	197	121
5226	345	241	166
5227	160	141	89
5228	500	494	382
5229	442	463	331
5230	462	433	370
5231	835	671	471
5232	4	6	5
5233	31	21	20
5234	146	151	77
5235	3	6	4
5236	890	740	626
5237	1	0	0
5238	0	0	0
5239	0	0	0
5240	0	0	0
5241	9	10	12
5242	59	46	31
5243	209	165	92
5244	164	153	152
5245	7	6	8
5246	17	13	11
5247	110	96	71
5248	81	72	51
5249	144	88	71
5250	488	401	243
5251	1387	1352	777
5252	37	58	29
5253	292	274	231
5254	1113	906	695
5255	99	113	84
5256	167	145	130
5257	17	11	11
5258	105	107	108
5259	401	298	275
5260	471	449	291
5261	346	283	244
5262	236	243	158
5263	17	13	9
5264	85	81	56
5265	46	62	47
5266	1214	876	695
5267	70	67	61
5268	20	16	17
5269	112	112	65
5270	29	28	23
5271	97	138	62
5272	12	18	11
5273	0	0	0
5274	151	121	88
5275	0	0	0
5276	0	2	1
5277	143	147	88
5278	59	25	34
5279	100	90	105
5280	144	100	43
5281	889	523	476
5282	12	15	10
5283	830	543	412
5284	876	967	555
5285	52	53	51
5286	11	10	5
5287	397	294	201
5288	6	1	3
5289	261	202	141
5290	3282	2780	2051
5291	149	146	105
5292	2271	1987	1701
5293	107	119	94
5294	71	95	44
5295	2763	2341	1572
5296	8	1	3
5297	121	82	72
5298	370	348	207
5299	1	8	4
5300	580	427	359
5301	96	63	51
5302	175	138	82
5303	144	98	69
5304	1887	1433	1027
5305	1982	1681	1179
5306	497	373	248
5307	143	163	119
5308	62	55	35
5309	107	98	70
5310	233	227	172
5311	240	229	139
5312	0	0	0
5313	919	671	483
5314	208	127	82
5315	0	0	0
5316	235	163	107
5317	33	28	19
5318	472	398	324
5319	635	603	629
5320	362	352	240
5321	1542	1516	1294
5322	182	175	112
5323	52	44	59
5324	104	95	65
5325	283	252	195
5326	82	58	53
5327	6180	5387	4820
5328	9	9	4
5329	156	126	98
5330	110	118	72
5331	326	342	227
5332	930	945	591
5333	715	534	368
5334	72	80	53
5335	373	381	263
5336	216	207	197
5337	2587	2531	2299
5338	15	13	14
5339	184	168	82
5340	1826	1476	1274
5341	345	264	187
5342	7	12	2
5343	44	28	36
5344	452	322	286
5345	156	142	101
5346	168	138	102
5347	22	19	15
5348	63	75	39
5349	1844	1403	1051
5350	414	300	201
5351	578	562	550
5352	130	105	74
5353	100	91	43
5354	171	175	131
5355	121	98	90
5356	2208	1875	1325
5357	365	281	178
5358	371	295	158
5359	202	172	84
5360	3	1	2
5361	57	45	37
5362	0	0	0
5363	1	2	1
5364	731	727	456
5365	149	161	80
5366	363	223	163
5367	206	180	116
5368	134	112	90
5369	307	318	214
5370	22	13	10
5371	16	13	5
5372	46	41	29
5373	164	157	99
5374	86	75	58
5375	633	633	443
5376	19	29	16
5377	11	14	14
5378	2	2	0
5379	2148	1488	1101
5380	71	62	34
5381	0	1	0
5382	18	26	19
5383	134	134	78
5384	0	1	0
5385	169	182	162
5386	343	289	247
5387	15	18	15
5388	32	29	22
5389	46	38	16
5390	8	11	6
5391	52	62	30
5392	20	16	21
5393	449	406	273
5394	809	576	593
5395	63	70	64
5396	2	0	2
5397	136	129	91
5398	475	444	325
5399	37	23	12
5400	0	0	0
5401	756	642	456
5402	62	56	48
5403	486	377	232
5404	21	20	17
5405	154	141	117
5406	86	107	77
5407	130	129	77
5408	48	41	31
5409	316	311	202
5410	231	212	204
5411	2	1	0
5412	24	18	20
5413	85	91	60
5414	299	281	258
5415	212	157	107
5416	648	584	500
5417	3	6	1
5418	110	100	49
5419	261	183	134
5420	286	307	208
5421	2	1	1
5422	54	66	23
5423	883	653	413
5424	280	247	174
5425	28	40	19
5426	79	86	42
5427	84	68	42
5428	13	20	17
5429	171	108	103
5430	103	87	65
5431	32	34	16
5432	1347	965	1014
5433	670	601	447
5434	280	286	205
5435	74	63	38
5436	78	77	63
5437	77	67	47
5438	605	525	371
5439	504	419	305
5440	205	196	179
5441	2211	1657	1451
5442	839	773	654
5443	2428	2393	2272
5444	304	281	246
5445	242	184	171
5446	1316	1150	986
5447	821	614	489
5448	8	3	5
5449	177	193	107
5450	759	571	485
5451	1535	1294	949
5452	105	129	77
5453	942	973	725
5454	1305	1053	697
5455	3	2	1
5456	112	165	118
5457	1341	994	718
5458	0	0	0
5459	28	37	14
5460	12	3	6
5461	22	22	24
5462	20	16	15
5463	835	728	620
5464	58	93	86
5465	312	171	139
5466	3015	2464	2073
5467	155	158	129
5468	397	414	250
5469	22	9	7
5470	1287	1096	914
5471	473	315	218
5472	2	2	2
5473	6	12	3
5474	10	12	13
5475	0	0	0
5476	821	783	512
5477	138	110	85
5478	6	1	3
5479	41	40	25
5480	54	59	25
5481	57	62	32
5482	7497	7542	7216
5483	82	102	66
5484	42	53	33
5485	2	0	0
5486	353	292	239
5487	98	128	92
5488	440	361	320
5489	373	398	301
5490	1333	1236	931
5491	172	191	135
5492	0	2	0
5493	0	0	0
5494	5	6	4
5495	0	0	0
5496	36	24	8
5497	227	236	160
5498	11	10	17
5499	21	33	11
5500	1927	1604	1288
5501	7	4	2
5502	1088	1077	1022
5503	244	279	179
5504	34	16	11
5505	16	12	12
5506	558	489	422
5507	169	130	129
5508	7	22	0
5509	1218	1204	1017
5510	6	0	2
5511	17	15	14
5512	464	430	341
5513	34	36	23
5514	45	84	35
5515	193	163	120
5516	162	103	99
5517	7	13	8
5518	0	0	0
5519	271	224	96
5520	107	78	70
5521	441	311	249
5522	22	20	23
5523	68	54	27
5524	613	616	429
5525	0	1	1
5526	0	0	0
5527	0	0	0
5528	242	148	112
5529	22	29	10
5530	2423	1699	1459
5531	4154	3729	3008
5532	38	45	32
5533	0	0	0
5534	1060	727	487
5535	1009	802	550
5536	159	104	85
5537	32	33	17
5538	9	4	2
5539	17	17	14
5540	5	13	6
5541	1947	1632	1225
5542	1	1	0
5543	24	32	19
5544	125	101	98
5545	986	726	474
5546	186	202	189
5547	79	92	80
5548	413	374	215
5549	17	18	15
5550	1070	973	793
5551	127	96	91
5552	148	104	129
5553	296	337	297
5554	733	359	366
5555	27	27	20
5556	26	37	26
5557	5	6	11
5558	753	579	450
5559	3	9	4
5560	61	50	35
5561	71	90	61
5562	13	14	12
5563	145	114	98
5564	99	77	50
5565	2768	2287	2085
5566	200	188	88
5567	39	25	20
5568	260	216	189
5569	435	287	224
5570	33	5	5
5571	0	0	0
5572	92	87	37
5573	156	123	98
5574	88	64	45
5575	22	18	13
5576	438	344	255
5577	1748	1239	972
5578	1775	1787	1391
5579	59	83	48
5580	104	97	92
5581	66	88	42
5582	26	19	10
5583	790	723	588
5584	1038	721	532
5585	588	464	281
5586	86	57	51
5587	120	89	48
5588	37	14	18
5589	1265	1041	898
5590	248	239	141
5591	60	59	52
5592	58	66	33
5593	42	34	21
5594	27	29	24
5595	43	41	41
5596	851	664	460
5597	23	17	26
5598	139	143	90
5599	1040	811	522
5600	0	0	0
5601	315	251	194
5602	57	69	39
5603	305	316	207
5604	450	371	326
5605	591	481	388
5606	576	453	396
5607	369	228	181
5608	36	34	31
5609	1	0	0
5610	1026	807	651
5611	113	143	91
5612	147	180	140
5613	148	109	88
5614	1941	1884	1378
5615	143	94	85
5616	0	2	1
5617	166	139	130
5618	108	81	51
5619	1609	1207	800
5620	550	459	433
5621	279	231	215
5622	137	119	72
5623	50	55	27
5624	20	22	15
5625	3	2	3
5626	6	6	7
5627	26	48	30
5628	12	5	6
5629	725	498	346
5630	275	269	156
5631	2	2	0
5632	83	72	49
5633	186	159	122
5634	703	704	584
5635	5	7	3
5636	777	553	418
5637	286	258	136
5638	185	195	104
5639	68	59	40
5640	0	1	0
5641	713	565	382
5642	151	93	140
5643	821	734	577
5644	9	12	1
5645	6	6	2
5646	52	41	23
5647	30	63	22
5648	36	41	34
5649	3	5	8
5650	42	38	22
5651	174	161	130
5652	2	2	0
5653	110	120	72
5654	0	1	1
5655	35	30	16
5656	171	114	80
5657	44	21	11
5658	70	81	36
5659	0	0	0
5660	851	592	444
5661	119	73	74
5662	155	139	129
5663	205	227	142
5664	606	451	348
5665	71	44	31
5666	92	97	64
5667	642	555	484
5668	764	781	614
5669	67	54	49
5670	632	578	343
5671	32	51	15
5672	488	523	385
5673	798	715	573
5674	12	20	5
5675	101	123	54
5676	161	155	121
5677	11	6	6
5678	154	154	112
5679	3	2	3
5680	69	50	50
5681	623	544	439
5682	99	65	29
5683	53	42	27
5684	173	132	128
5685	96	141	123
5686	329	290	170
5687	123	185	110
5688	14	12	7
5689	0	1	0
5690	1325	1329	1076
5691	762	728	621
5692	20	26	13
5693	135	108	74
5694	286	200	117
5695	3230	2956	2576
5696	40	29	29
5697	109	130	102
5698	119	67	71
5699	397	387	302
5700	158	131	81
5701	6	4	0
5702	27	34	22
5703	0	0	0
5704	23	32	19
5705	1028	1009	953
5706	11	13	15
5707	12	20	11
5708	963	741	639
5709	1156	906	773
5710	122	91	69
5711	568	454	353
5712	27	34	29
5713	1459	1325	1129
5714	44	56	44
5715	10	9	12
5716	0	0	0
5717	13	5	6
5718	15	10	3
5719	77	82	43
5720	1	0	3
5721	35	36	18
5722	1253	908	700
5723	49	69	46
5724	131	104	106
5725	194	129	80
5726	187	134	122
5727	65	43	54
5728	75	77	36
5729	396	344	230
5730	611	589	528
5731	2070	2018	1724
5732	769	545	399
5733	845	738	466
5734	291	343	139
5735	26	27	29
5736	178	167	87
5737	146	127	99
5738	25	33	27
5739	44	44	32
5740	134	94	79
5741	114	142	103
5742	0	0	0
5743	178	125	111
5744	65	46	27
5745	168	100	68
5746	132	111	74
5747	359	298	230
5748	85	70	42
5749	1973	1876	1827
5750	131	156	119
5751	942	837	680
5752	263	287	191
5753	91	72	64
5754	18	26	19
5755	213	216	103
5756	20	18	9
5757	342	304	260
5758	284	385	222
5759	7	1	7
5760	0	0	0
5761	474	633	432
5762	83	119	69
5763	454	304	236
5764	195	230	150
5765	4804	4857	4529
5766	0	0	0
5767	3	5	3
5768	0	0	2
5769	61	59	34
5770	24	27	57
5771	209	240	116
5772	293	262	216
5773	46	28	37
5774	321	285	197
5775	651	546	340
5776	277	172	133
5777	0	0	1
5778	90	90	38
5779	257	211	121
5780	344	235	209
5781	20	33	12
5782	19	34	11
5783	1162	1000	687
5784	110	70	68
5785	56	57	65
5786	241	332	214
5787	92	63	84
5788	0	1	0
5789	4343	4425	3976
5790	1211	1022	887
5791	5	20	7
5792	3839	2807	2272
5793	182	177	115
5794	1106	1046	879
5795	248	198	176
5796	148	131	100
5797	146	150	101
5798	15	17	10
5799	97	85	67
5800	976	968	764
5801	1740	1570	1175
5802	144	79	145
5803	1	1	1
5804	18	18	23
5805	230	258	157
5806	459	439	385
5807	2	3	1
5808	43	54	35
5809	19	7	9
5810	327	318	201
5811	844	701	547
5812	702	916	790
5813	288	288	246
5814	0	0	0
5815	150	181	123
5816	837	692	542
5817	247	169	155
5818	207	198	161
5819	275	213	124
5820	240	202	136
5821	559	546	464
5822	2	4	8
5823	40	65	58
5824	936	889	650
5825	97	83	52
5826	3	1	1
5827	21	30	18
5828	313	245	182
5829	62	38	32
5830	177	261	266
5831	977	874	736
5832	27	15	12
5833	110	91	68
5834	83	87	66
5835	567	581	416
5836	199	93	101
5837	89	67	41
5838	269	227	195
5839	600	612	407
5840	886	774	618
5841	4	2	2
5842	187	137	143
5843	15	15	19
5844	40	49	42
5845	602	499	399
5846	1	9	9
5847	0	0	0
5848	3	4	8
5849	1	1	0
5850	81	58	41
5851	103	89	79
5852	166	131	95
5853	0	0	0
5854	227	263	220
5855	94	82	80
5856	272	328	219
5857	7	7	1
5858	508	381	327
5859	299	216	196
5860	344	288	256
5861	125	98	50
5862	130	93	67
5863	144	130	81
5864	209	199	174
5865	172	172	132
5866	6	3	0
5867	43	45	38
5868	0	0	0
5869	455	405	244
5870	20	18	14
5871	3	1	3
5872	9	11	9
5873	188	222	167
5874	27	23	30
5875	13	7	19
5876	222	251	189
5877	30	29	19
5878	79	102	51
5879	11	15	15
5880	127	87	44
5881	85	78	34
5882	0	0	0
5883	577	474	406
5884	130	113	113
5885	291	310	257
5886	19	30	29
5887	309	254	197
5888	297	241	194
5889	310	403	239
5890	689	745	577
5891	230	194	156
5892	0	2	0
5893	21	24	15
5894	1526	1109	816
5895	124	120	74
5896	0	0	0
5897	206	117	96
5898	3	2	5
5899	313	218	130
5900	3	7	5
5901	21	20	23
5902	274	241	152
5903	258	237	136
5904	60	53	58
5905	177	158	97
5906	285	252	139
5907	904	859	675
5908	193	178	130
5909	12	7	5
5910	47	19	30
5911	7	7	8
5912	78	82	35
5913	106	118	131
5914	507	473	378
5915	1121	1155	620
5916	987	986	734
5917	1221	997	892
5918	506	400	307
5919	32	16	23
5920	39	28	21
5921	380	430	248
5922	2	12	6
5923	220	128	82
5924	14	11	4
5925	868	715	471
5926	217	161	121
5927	158	123	83
5928	63	62	30
5929	371	346	181
5930	52	41	29
5931	851	841	655
5932	1192	928	790
5933	269	273	95
5934	20	10	17
5935	21	29	22
5936	0	0	0
5937	446	365	235
5938	3447	2674	1924
5939	86	75	41
5940	65	67	56
5941	38	56	37
5942	26	35	19
5943	184	164	124
5944	1	1	3
5945	3588	3431	3221
5946	432	353	276
5947	75	77	65
5948	2998	2317	1928
5949	301	232	194
5950	11	16	39
5951	71	72	71
5952	31	33	17
5953	190	120	95
5954	83	91	55
5955	1171	772	659
5956	114	119	101
5957	1	2	0
5958	73	76	34
5959	24	17	8
5960	344	256	179
5961	1165	896	624
5962	2226	1926	1378
5963	14	15	11
5964	2	3	4
5965	27	13	14
5966	17	17	17
5967	0	0	0
5968	1412	914	767
5969	725	511	418
5970	395	474	364
5971	19	20	3
5972	128	82	87
5973	22	28	16
5974	576	493	318
5975	418	307	273
5976	4	6	6
5977	0	0	0
5978	3	1	2
5979	572	453	302
5980	397	345	278
5981	497	365	305
5982	624	541	389
5983	1	0	0
5984	31	20	14
5985	252	241	189
5986	44	27	19
5987	125	106	52
5988	35	33	17
5989	64	45	37
5990	164	159	73
5991	337	375	278
5992	95	110	82
5993	236	169	255
5994	58	39	31
5995	206	175	117
5996	6	7	5
5997	25	26	19
5998	134	130	88
5999	171	159	125
6000	279	315	245
6001	152	166	95
6002	119	70	68
6003	90	98	80
6004	43	88	84
6005	125	123	144
6006	2	4	1
6007	9	8	6
6008	265	234	168
6009	170	187	123
6010	89	79	65
6011	1412	1320	1160
6012	28	25	22
6013	180	152	107
6014	65	36	23
6015	47	56	32
6016	184	171	154
6017	85	99	80
6018	41	53	40
6019	35	33	30
6020	0	2	0
6021	70	75	60
6022	25	48	44
6023	125	94	90
6024	20	22	5
6025	42	38	34
6026	88	86	64
6027	273	331	268
6028	155	173	179
6029	217	251	149
