	-24	-23	-22	-21	-20	-19	-18	-17	-16	-15	-14	-13	-12	-11	-10	-9	-8	-7	-6	-5	-4	-3	-2	-1	0	1	2	3	4	5	6	7	8
ARG-LEU-TERM (RL*)	0	1	1	0	0	1	0	1	2	0	7	2	9	15	4	12	2	5	18	2	3	8	2	2	0	5	1	1	0	1	4	1	1
HIS-TRP-TYR (HWY)	3	6	8	7	5	3	8	4	0	8	9	2	7	32	5	30	10	6	3	6	0	8	3	7	9	7	6	8	3	7	4	12	3
GLN-PRO-TYR (QPY)	125	91	60	119	118	87	102	62	78	102	136	90	410	505	113	126	110	66	100	101	74	113	94	96	117	134	98	104	102	87	110	138	82
ARG-LEU-LYS (RLK)	877	780	616	846	721	632	982	865	707	919	846	702	3353	3239	629	714	703	639	782	744	512	724	826	527	610	648	477	658	489	330	684	693	456
ILE-PRO-GLY (IPG)	356	362	281	367	329	243	332	324	251	378	305	237	1113	1540	316	511	465	289	411	308	248	395	297	298	581	382	496	695	752	273	248	235	201
TYR-TRP-PRO (YWP)	7	6	7	13	13	15	17	16	7	15	12	3	16	40	11	18	16	12	8	10	7	6	5	7	2	5	15	15	5	7	9	11	6
THR-ASN-ARG (TNR)	194	175	144	191	180	115	158	97	120	170	128	118	564	607	167	163	126	120	224	163	104	145	123	113	241	95	77	180	155	101	146	191	138
SER-LYS-GLU (SKE)	818	782	549	848	784	641	768	677	522	727	666	539	1685	2501	678	877	668	546	806	692	621	950	780	623	888	609	377	818	664	426	788	564	702
THR-TRP-CYS (TWC)	8	12	14	6	12	8	9	3	11	26	12	22	35	40	11	10	10	5	12	7	7	14	17	9	21	9	12	10	6	12	15	9	4
MET-HIS-HIS (MHH)	8	6	2	9	5	11	5	13	15	21	15	4	20	32	7	19	24	9	10	9	9	9	4	13	12	1	2	9	2	6	17	7	4
VAL-PRO-GLY (VPG)	352	331	310	360	325	316	356	304	303	479	342	274	913	1273	305	593	481	262	359	342	269	412	388	345	575	391	490	650	766	311	217	246	249
GLY-ARG-TRP (GRW)	42	31	18	21	17	24	27	23	15	54	41	43	50	84	30	36	37	14	22	24	19	35	39	15	12	23	11	21	19	27	21	13	9
LEU-TRP-HIS (LWH)	14	18	11	10	8	8	16	14	6	27	13	10	2	39	13	13	7	13	5	5	12	9	16	10	13	40	19	13	3	14	13	19	5
ASP-LYS-GLY (DKG)	263	265	214	262	267	161	233	240	205	315	241	218	526	708	199	345	250	185	233	228	156	305	228	113	242	150	167	259	322	236	143	125	109
ILE-CYS-TRP (ICW)	6	8	3	9	8	6	8	6	10	4	13	4	15	27	2	9	10	13	14	8	5	9	8	5	23	9	10	13	11	16	11	10	4
ARG-TYR-ARG (RYR)	100	81	45	138	82	75	179	102	69	130	108	95	244	290	81	77	104	75	107	104	65	106	168	64	66	66	58	115	136	50	96	93	46
ARG-TRP-LYS (RWK)	44	28	37	61	66	14	43	42	27	36	42	36	119	139	51	49	41	40	53	42	56	78	84	43	40	66	57	51	22	30	53	33	30
TRP-GLN-MET (WQM)	7	6	4	10	6	4	25	7	1	4	5	1	9	17	8	5	15	2	1	2	4	1	4	8	13	1	2	3	10	1	11	4	3
ARG-TRP-MET (RWM)	8	6	2	3	10	10	14	9	17	13	15	10	19	22	3	1	4	6	16	7	6	6	9	13	3	6	6	6	3	3	5	6	3
ILE-GLY-CYS (IGC)	117	102	63	96	96	87	120	124	104	159	113	83	226	282	82	77	74	89	123	110	79	94	96	45	113	137	108	67	119	87	67	81	51
ARG-HIS-LYS (RHK)	133	98	78	99	89	75	194	152	86	116	110	94	395	313	72	105	101	73	133	97	82	93	121	92	111	128	79	99	113	61	100	104	109
PRO-PRO-GLY (PPG)	246	206	153	220	204	225	306	204	196	350	328	178	812	771	196	343	259	222	270	216	241	325	292	429	397	312	282	360	475	179	135	139	161
GLY-PRO-GLY (GPG)	234	228	166	185	201	148	271	275	192	238	276	162	394	665	199	350	285	188	243	294	173	274	307	254	197	214	294	352	384	158	173	213	152
GLN-HIS-TRP (QHW)	14	15	6	18	7	15	5	11	9	28	8	10	20	35	9	12	34	8	10	16	5	7	9	15	12	14	6	11	13	31	11	7	9
HIS-TRP-ASP (HWD)	10	4	9	15	20	5	5	3	30	10	7	3	3	24	6	3	9	13	7	0	16	19	14	7	6	12	20	7	3	2	9	2	4
ARG-TRP-ARG (RWR)	76	63	39	56	66	10	45	34	31	71	71	52	122	133	30	54	40	35	70	39	28	50	71	28	34	77	39	52	13	25	71	59	21
ARG-ILE-LYS (RIK)	398	383	295	464	377	294	499	402	294	313	367	324	1170	979	284	314	368	276	416	378	273	318	377	241	337	389	239	508	247	214	382	385	256
HIS-PRO-CYS (HPC)	5	0	9	2	4	4	6	3	8	8	3	7	12	19	14	6	3	3	7	9	3	9	5	11	10	16	11	7	5	13	5	17	4
CYS-TRP-SER (CWS)	4	1	5	3	2	1	1	5	3	4	1	2	3	9	5	4	2	2	5	3	3	10	5	2	4	2	0	9	2	1	5	8	3
SER-PRO-GLY (SPG)	198	145	109	182	144	131	207	153	98	183	167	118	523	520	146	285	223	140	184	144	154	236	196	207	350	221	214	390	397	148	132	116	148
GLN-PRO-VAL (QPV)	266	274	181	248	216	202	229	295	204	295	271	193	658	706	249	261	192	177	255	264	221	298	250	296	355	303	332	382	405	168	301	182	269
LYS-LEU-LYS (KLK)	1688	1403	1023	1629	1453	1157	1696	1474	1098	1829	1519	1456	5225	3625	1054	1374	1235	1073	1523	1128	879	1259	1065	829	1326	1457	1160	1297	1209	758	1419	1487	1001
ARG-ILE-ARG (RIR)	247	220	174	261	206	149	293	253	175	229	210	172	642	554	164	198	210	186	249	236	181	215	214	149	199	194	167	254	186	184	218	170	136
ILE-GLY-ARG (IGR)	499	428	358	445	370	328	357	331	358	457	396	325	815	1069	363	458	509	421	535	483	388	421	414	280	651	619	411	274	404	332	390	396	252
TRP-ASN-TRP (WNW)	21	12	5	16	16	10	33	22	14	9	14	11	20	44	8	20	18	18	26	24	29	39	32	16	23	12	8	16	21	15	14	8	5
CYS-ARG-GLU (CRE)	64	64	49	73	82	53	114	73	32	99	62	35	86	159	38	65	67	55	44	72	59	105	117	67	73	24	35	75	75	27	35	45	56
SER-HIS-CYS (SHC)	8	14	9	12	10	11	13	9	9	17	5	11	13	34	7	19	39	11	16	11	9	21	12	12	20	19	14	26	19	8	12	8	8
GLN-PRO-CYS (QPC)	10	10	8	13	10	12	13	14	3	18	13	9	24	33	8	10	14	13	10	26	13	14	13	19	15	12	11	20	16	22	13	5	14
GLU-LYS-GLY (EKG)	457	469	365	481	403	350	453	428	342	471	388	342	860	1032	392	508	454	351	486	393	263	495	466	341	430	327	416	433	515	395	348	371	278
TRP-LYS-GLU (WKE)	152	176	111	158	142	117	169	126	107	183	136	116	205	315	147	163	129	104	116	131	107	185	140	106	132	65	86	113	94	69	110	103	114
ARG-TYR-LYS (RYK)	155	160	110	171	144	140	172	172	139	128	145	125	365	334	121	119	170	135	146	125	97	109	171	97	128	95	83	127	106	80	127	124	131
CYS-GLU-TRP (CEW)	22	16	8	9	21	8	24	20	7	11	9	4	14	26	9	7	8	5	12	16	4	8	20	14	8	7	4	11	4	10	15	6	7
SER-ARG-GLU (SRE)	364	331	281	349	297	271	338	359	285	431	407	255	650	773	302	395	324	309	333	329	257	394	335	289	511	354	180	361	231	149	285	244	249
ARG-CYS-ARG (RCR)	19	22	17	22	21	21	51	37	26	35	31	26	42	68	29	26	31	17	24	30	26	52	50	17	20	18	26	37	22	26	40	30	31
ARG-HIS-ARG (RHR)	141	99	105	119	118	86	180	188	89	144	150	101	303	308	121	154	138	112	139	159	81	89	105	85	149	151	120	143	194	98	117	128	82
GLU-ALA-CYS (EAC)	23	22	23	35	56	28	37	33	26	16	25	18	28	58	27	20	24	16	29	19	17	17	22	18	28	40	11	20	21	22	18	26	29
LYS-LEU-ARG (KLR)	808	705	580	871	698	567	870	756	590	990	822	716	2561	1811	610	809	723	620	809	656	481	688	670	498	686	892	668	768	905	609	812	879	500
TRP-GLY-ARG (WGR)	40	17	19	24	33	22	45	24	27	31	30	18	64	66	23	20	35	27	53	45	16	33	35	35	46	26	19	22	23	15	19	14	11
THR-LYS-GLU (TKE)	963	732	618	1027	737	626	859	654	634	863	655	648	1502	1687	739	864	688	599	758	578	639	884	586	604	948	508	410	858	730	492	793	592	833
LYS-TRP-LYS (KWK)	94	102	60	102	95	55	87	100	70	98	95	67	304	208	69	94	85	67	109	84	53	91	65	61	125	170	124	110	58	79	97	54	38
